# seed = 1254829604

param N := 1000;

param M := 2;

param Umax := 100.000000;

param: C :=
1	1432910.471079
2	1109559.629493
;

param: a :=
1	0.197796
2	0.131555
3	0.194545
4	0.190920
5	0.157475
6	0.121741
7	0.134747
8	0.101794
9	0.188126
10	0.150983
11	0.147497
12	0.121874
13	0.117469
14	0.165749
15	0.188057
16	0.165762
17	0.166433
18	0.166928
19	0.188037
20	0.177700
21	0.141707
22	0.123781
23	0.190587
24	0.160511
25	0.109904
26	0.102093
27	0.107596
28	0.189462
29	0.103618
30	0.131720
31	0.102361
32	0.144152
33	0.101298
34	0.115902
35	0.191959
36	0.159018
37	0.158287
38	0.134827
39	0.183082
40	0.105154
41	0.139612
42	0.128180
43	0.145421
44	0.163977
45	0.106123
46	0.114103
47	0.124660
48	0.158122
49	0.174179
50	0.145031
51	0.137061
52	0.151179
53	0.125199
54	0.196219
55	0.175888
56	0.152817
57	0.189089
58	0.139257
59	0.198096
60	0.171902
61	0.187582
62	0.152445
63	0.120652
64	0.138269
65	0.169689
66	0.134891
67	0.168860
68	0.166927
69	0.171714
70	0.159615
71	0.171624
72	0.193149
73	0.195750
74	0.129409
75	0.163654
76	0.139769
77	0.193427
78	0.134835
79	0.130465
80	0.177653
81	0.193253
82	0.173142
83	0.145177
84	0.175418
85	0.102242
86	0.173990
87	0.127605
88	0.197866
89	0.178359
90	0.158547
91	0.169825
92	0.195356
93	0.110466
94	0.126697
95	0.137360
96	0.195368
97	0.130474
98	0.110166
99	0.181374
100	0.116990
101	0.111438
102	0.178277
103	0.189676
104	0.133157
105	0.136833
106	0.156486
107	0.113281
108	0.102012
109	0.125353
110	0.187502
111	0.178873
112	0.191265
113	0.129763
114	0.163669
115	0.124478
116	0.190447
117	0.130210
118	0.173758
119	0.165108
120	0.131302
121	0.191181
122	0.180042
123	0.186554
124	0.148245
125	0.114113
126	0.141517
127	0.187498
128	0.123486
129	0.159820
130	0.120130
131	0.142033
132	0.138023
133	0.125483
134	0.195198
135	0.108880
136	0.112514
137	0.192008
138	0.193376
139	0.132278
140	0.144964
141	0.125723
142	0.186240
143	0.181279
144	0.128224
145	0.100063
146	0.100051
147	0.156051
148	0.199493
149	0.164995
150	0.112400
151	0.104067
152	0.158684
153	0.117577
154	0.119489
155	0.118387
156	0.135550
157	0.127099
158	0.168199
159	0.179627
160	0.160596
161	0.173679
162	0.144080
163	0.152553
164	0.197251
165	0.168198
166	0.190309
167	0.105346
168	0.155119
169	0.129832
170	0.193521
171	0.103840
172	0.139941
173	0.123730
174	0.105060
175	0.115296
176	0.162152
177	0.140522
178	0.179941
179	0.132393
180	0.131953
181	0.186585
182	0.110919
183	0.134725
184	0.134122
185	0.132726
186	0.171467
187	0.156937
188	0.196072
189	0.183349
190	0.193772
191	0.130000
192	0.189602
193	0.161247
194	0.172812
195	0.126135
196	0.183432
197	0.150479
198	0.163968
199	0.145883
200	0.113003
201	0.144083
202	0.130533
203	0.152476
204	0.134972
205	0.135995
206	0.193845
207	0.190601
208	0.172207
209	0.111363
210	0.128053
211	0.186383
212	0.102225
213	0.183963
214	0.110753
215	0.142019
216	0.140108
217	0.113896
218	0.119195
219	0.137324
220	0.161377
221	0.193818
222	0.177905
223	0.101341
224	0.187520
225	0.131324
226	0.143266
227	0.111336
228	0.198785
229	0.176864
230	0.116227
231	0.114469
232	0.145168
233	0.110265
234	0.152364
235	0.126347
236	0.146889
237	0.168133
238	0.154701
239	0.107771
240	0.162017
241	0.128005
242	0.140297
243	0.177108
244	0.118761
245	0.117555
246	0.143959
247	0.159545
248	0.173269
249	0.137627
250	0.139016
251	0.193690
252	0.164103
253	0.114779
254	0.154852
255	0.150828
256	0.197989
257	0.180057
258	0.145016
259	0.185019
260	0.175157
261	0.101482
262	0.161884
263	0.169546
264	0.170143
265	0.135045
266	0.194866
267	0.116387
268	0.133107
269	0.146922
270	0.133859
271	0.167934
272	0.150736
273	0.125166
274	0.126784
275	0.160851
276	0.155986
277	0.156065
278	0.164912
279	0.143257
280	0.129308
281	0.195293
282	0.105476
283	0.166960
284	0.129673
285	0.194334
286	0.168179
287	0.177868
288	0.125186
289	0.169588
290	0.170595
291	0.159704
292	0.135724
293	0.150686
294	0.146607
295	0.122586
296	0.146462
297	0.137780
298	0.163616
299	0.118983
300	0.152659
301	0.176837
302	0.167894
303	0.169299
304	0.132832
305	0.162194
306	0.101664
307	0.116769
308	0.194485
309	0.183070
310	0.188394
311	0.188370
312	0.137439
313	0.168138
314	0.147834
315	0.190429
316	0.181394
317	0.195525
318	0.121240
319	0.156749
320	0.136156
321	0.104953
322	0.170974
323	0.165997
324	0.104459
325	0.182403
326	0.135474
327	0.173835
328	0.153107
329	0.130822
330	0.125313
331	0.141950
332	0.113697
333	0.185999
334	0.113382
335	0.170573
336	0.143711
337	0.191450
338	0.125918
339	0.125317
340	0.112181
341	0.109841
342	0.134710
343	0.129048
344	0.106287
345	0.108283
346	0.179063
347	0.181180
348	0.117579
349	0.168064
350	0.168732
351	0.128565
352	0.131041
353	0.142028
354	0.139083
355	0.114954
356	0.157565
357	0.146315
358	0.173865
359	0.148814
360	0.138243
361	0.197214
362	0.126499
363	0.170371
364	0.113864
365	0.126658
366	0.120409
367	0.197059
368	0.184092
369	0.120224
370	0.186446
371	0.117456
372	0.143455
373	0.145662
374	0.134621
375	0.167534
376	0.126262
377	0.184123
378	0.114235
379	0.133168
380	0.154758
381	0.131739
382	0.135957
383	0.155699
384	0.192359
385	0.112929
386	0.170139
387	0.188870
388	0.170705
389	0.134012
390	0.138085
391	0.158615
392	0.158860
393	0.103020
394	0.138377
395	0.196860
396	0.161695
397	0.190640
398	0.148991
399	0.189557
400	0.149514
401	0.104059
402	0.168958
403	0.167696
404	0.151274
405	0.151081
406	0.195286
407	0.117204
408	0.167076
409	0.138293
410	0.148362
411	0.105268
412	0.174185
413	0.187298
414	0.157693
415	0.197352
416	0.174084
417	0.175665
418	0.183438
419	0.147559
420	0.166621
421	0.193391
422	0.186104
423	0.154050
424	0.193172
425	0.173731
426	0.104588
427	0.181125
428	0.184237
429	0.190955
430	0.179527
431	0.121189
432	0.198669
433	0.150248
434	0.178781
435	0.186088
436	0.192763
437	0.194704
438	0.169582
439	0.188725
440	0.131969
441	0.190370
442	0.142675
443	0.134229
444	0.147428
445	0.167232
446	0.130732
447	0.159043
448	0.133182
449	0.129833
450	0.193493
451	0.118858
452	0.103988
453	0.175602
454	0.178416
455	0.105748
456	0.186387
457	0.169307
458	0.190501
459	0.118573
460	0.175418
461	0.113947
462	0.181006
463	0.170294
464	0.190420
465	0.126264
466	0.186896
467	0.168129
468	0.126797
469	0.158148
470	0.108422
471	0.162742
472	0.193488
473	0.159504
474	0.101186
475	0.186591
476	0.112191
477	0.174762
478	0.119061
479	0.193561
480	0.112678
481	0.144059
482	0.109090
483	0.191728
484	0.194326
485	0.128756
486	0.190301
487	0.154447
488	0.194406
489	0.162053
490	0.192282
491	0.123769
492	0.115434
493	0.180459
494	0.165864
495	0.123540
496	0.137394
497	0.134654
498	0.196858
499	0.134544
500	0.142209
501	0.179605
502	0.136871
503	0.114807
504	0.144926
505	0.188500
506	0.187978
507	0.159157
508	0.192007
509	0.192033
510	0.110346
511	0.163006
512	0.133442
513	0.172982
514	0.192645
515	0.107909
516	0.135807
517	0.167743
518	0.156587
519	0.185131
520	0.192790
521	0.173813
522	0.132291
523	0.199499
524	0.148335
525	0.104079
526	0.170882
527	0.174609
528	0.142227
529	0.115839
530	0.109322
531	0.164866
532	0.162772
533	0.130534
534	0.103149
535	0.142199
536	0.127664
537	0.111995
538	0.168361
539	0.198410
540	0.190936
541	0.142511
542	0.156355
543	0.181986
544	0.178142
545	0.122837
546	0.184372
547	0.121740
548	0.156254
549	0.191836
550	0.148621
551	0.100779
552	0.148409
553	0.149774
554	0.134695
555	0.187217
556	0.145054
557	0.155467
558	0.119117
559	0.113036
560	0.122052
561	0.158583
562	0.110555
563	0.164018
564	0.118281
565	0.133086
566	0.150676
567	0.184598
568	0.191430
569	0.137221
570	0.113119
571	0.198043
572	0.136314
573	0.145166
574	0.126323
575	0.190221
576	0.145244
577	0.188203
578	0.142989
579	0.145091
580	0.184600
581	0.174590
582	0.163588
583	0.149713
584	0.140797
585	0.120871
586	0.177704
587	0.142921
588	0.150443
589	0.195990
590	0.114914
591	0.136004
592	0.184013
593	0.152823
594	0.161492
595	0.134839
596	0.186690
597	0.196104
598	0.198363
599	0.146658
600	0.167991
601	0.127812
602	0.132114
603	0.153069
604	0.186447
605	0.159018
606	0.199217
607	0.172442
608	0.161367
609	0.114715
610	0.158622
611	0.103127
612	0.154830
613	0.157253
614	0.187986
615	0.118406
616	0.150306
617	0.171499
618	0.149525
619	0.112472
620	0.103846
621	0.157540
622	0.161980
623	0.172996
624	0.177529
625	0.155118
626	0.141722
627	0.166508
628	0.162483
629	0.179314
630	0.180565
631	0.143075
632	0.157132
633	0.107502
634	0.192454
635	0.186019
636	0.143913
637	0.175887
638	0.136876
639	0.129267
640	0.108800
641	0.145421
642	0.191233
643	0.196551
644	0.137614
645	0.144314
646	0.136847
647	0.196523
648	0.189908
649	0.133040
650	0.144595
651	0.160888
652	0.124983
653	0.172142
654	0.145225
655	0.141288
656	0.159554
657	0.140216
658	0.152336
659	0.110714
660	0.127058
661	0.143150
662	0.145117
663	0.113600
664	0.152863
665	0.163565
666	0.122008
667	0.176474
668	0.181179
669	0.172404
670	0.132406
671	0.119658
672	0.135710
673	0.176753
674	0.141999
675	0.181278
676	0.194959
677	0.105180
678	0.157657
679	0.193193
680	0.199138
681	0.191911
682	0.126096
683	0.192542
684	0.137134
685	0.175771
686	0.105882
687	0.172646
688	0.118066
689	0.192566
690	0.139742
691	0.196122
692	0.187350
693	0.159402
694	0.198686
695	0.133920
696	0.176008
697	0.169193
698	0.187957
699	0.167205
700	0.141573
701	0.107702
702	0.143126
703	0.145592
704	0.145102
705	0.167839
706	0.163664
707	0.169518
708	0.150487
709	0.139869
710	0.124308
711	0.117370
712	0.193315
713	0.197468
714	0.166741
715	0.193671
716	0.153633
717	0.197479
718	0.127055
719	0.176868
720	0.104213
721	0.106570
722	0.106040
723	0.181460
724	0.120986
725	0.158695
726	0.137992
727	0.115040
728	0.117309
729	0.126965
730	0.199837
731	0.101457
732	0.123941
733	0.157504
734	0.169862
735	0.174443
736	0.119188
737	0.173284
738	0.136623
739	0.166925
740	0.108059
741	0.134993
742	0.168430
743	0.172772
744	0.135689
745	0.121297
746	0.137077
747	0.173254
748	0.131282
749	0.135039
750	0.158697
751	0.182470
752	0.154676
753	0.111512
754	0.124282
755	0.184084
756	0.190477
757	0.115911
758	0.199091
759	0.105520
760	0.182524
761	0.112898
762	0.103579
763	0.120369
764	0.135139
765	0.126373
766	0.147830
767	0.103337
768	0.132700
769	0.101331
770	0.167712
771	0.138062
772	0.139621
773	0.180629
774	0.114477
775	0.109891
776	0.167274
777	0.133905
778	0.153571
779	0.128017
780	0.183732
781	0.178914
782	0.189528
783	0.126424
784	0.117105
785	0.181438
786	0.181508
787	0.120053
788	0.165464
789	0.111535
790	0.142736
791	0.147964
792	0.150046
793	0.172164
794	0.170439
795	0.133087
796	0.157979
797	0.161473
798	0.157290
799	0.138035
800	0.113298
801	0.113144
802	0.185969
803	0.132032
804	0.123486
805	0.158044
806	0.189195
807	0.133130
808	0.123876
809	0.198381
810	0.198359
811	0.154220
812	0.184900
813	0.144600
814	0.192338
815	0.197500
816	0.105579
817	0.183182
818	0.199569
819	0.188114
820	0.184865
821	0.184684
822	0.189676
823	0.114210
824	0.155841
825	0.100522
826	0.168143
827	0.116083
828	0.173825
829	0.176748
830	0.118405
831	0.156021
832	0.109669
833	0.131311
834	0.152190
835	0.161948
836	0.129530
837	0.104328
838	0.189714
839	0.174226
840	0.131468
841	0.113751
842	0.173135
843	0.118134
844	0.186103
845	0.135457
846	0.120759
847	0.123764
848	0.185716
849	0.136731
850	0.199195
851	0.109821
852	0.123063
853	0.123492
854	0.196580
855	0.163400
856	0.143261
857	0.178892
858	0.152742
859	0.169985
860	0.189774
861	0.117187
862	0.192557
863	0.112417
864	0.113910
865	0.154522
866	0.155537
867	0.176262
868	0.124718
869	0.147491
870	0.107732
871	0.181982
872	0.180717
873	0.102349
874	0.163734
875	0.110914
876	0.123482
877	0.191500
878	0.145950
879	0.196792
880	0.113126
881	0.180482
882	0.162742
883	0.129420
884	0.131291
885	0.120407
886	0.134316
887	0.177185
888	0.119497
889	0.106875
890	0.118379
891	0.186122
892	0.164479
893	0.178598
894	0.172527
895	0.178021
896	0.177703
897	0.118897
898	0.148213
899	0.104611
900	0.174706
901	0.146417
902	0.183603
903	0.137427
904	0.167892
905	0.164217
906	0.182393
907	0.177064
908	0.119354
909	0.148943
910	0.186356
911	0.160677
912	0.191942
913	0.143714
914	0.134149
915	0.126568
916	0.148022
917	0.152640
918	0.156620
919	0.182871
920	0.104544
921	0.190335
922	0.184453
923	0.133642
924	0.112428
925	0.179891
926	0.113330
927	0.175232
928	0.154345
929	0.153327
930	0.165310
931	0.180360
932	0.176240
933	0.171087
934	0.136112
935	0.142557
936	0.175242
937	0.147280
938	0.145622
939	0.163045
940	0.153581
941	0.159139
942	0.170918
943	0.184855
944	0.180862
945	0.122665
946	0.194967
947	0.124668
948	0.155995
949	0.123490
950	0.198528
951	0.112926
952	0.133361
953	0.164213
954	0.117100
955	0.123717
956	0.148354
957	0.152191
958	0.104916
959	0.142168
960	0.195663
961	0.171266
962	0.125480
963	0.183128
964	0.148754
965	0.189353
966	0.171330
967	0.120335
968	0.133534
969	0.115052
970	0.171738
971	0.127336
972	0.128798
973	0.167736
974	0.125170
975	0.138735
976	0.173715
977	0.139164
978	0.168856
979	0.123040
980	0.108316
981	0.173738
982	0.137075
983	0.194043
984	0.143207
985	0.193983
986	0.100721
987	0.132611
988	0.181433
989	0.142903
990	0.155972
991	0.191593
992	0.145406
993	0.192951
994	0.147019
995	0.142587
996	0.159687
997	0.148901
998	0.112699
999	0.154796
1000	0.154035
;

param: b :=
1	13.166839
2	28.682009
3	86.354119
4	30.582288
5	17.711009
6	47.393169
7	4.816413
8	10.462221
9	96.812426
10	24.930695
11	76.965800
12	98.567767
13	52.644051
14	3.469061
15	37.901736
16	71.436024
17	7.054397
18	75.608014
19	30.826175
20	64.191283
21	7.770610
22	10.017791
23	87.057557
24	25.407776
25	30.996157
26	33.753510
27	79.769224
28	83.245992
29	79.708933
30	40.758489
31	58.023896
32	74.045527
33	45.377695
34	51.998614
35	53.562888
36	14.606451
37	24.975329
38	17.152529
39	83.955702
40	90.861509
41	85.201660
42	19.459238
43	61.036158
44	0.997449
45	18.032579
46	11.589014
47	52.205054
48	47.208961
49	86.237584
50	5.204066
51	2.343677
52	18.773950
53	59.692297
54	73.354602
55	2.503188
56	31.914048
57	43.283278
58	98.455636
59	84.823493
60	77.887231
61	73.720414
62	40.808320
63	90.469027
64	90.386734
65	3.093071
66	34.771583
67	95.883661
68	30.020496
69	80.096424
70	0.297351
71	65.505320
72	41.349218
73	24.658101
74	69.001465
75	25.806571
76	45.138291
77	33.006269
78	94.963739
79	93.731764
80	5.408245
81	73.560788
82	41.564883
83	54.701808
84	86.471136
85	86.696918
86	55.314197
87	32.051327
88	86.054274
89	47.265225
90	89.730577
91	12.269240
92	22.000139
93	91.064709
94	47.113188
95	80.467922
96	97.938190
97	50.566576
98	58.489058
99	65.875869
100	0.920330
101	44.381325
102	3.273254
103	93.262045
104	20.076575
105	35.108297
106	66.837449
107	30.160154
108	75.055823
109	73.398763
110	93.091068
111	39.219580
112	76.721772
113	14.799082
114	50.015259
115	30.359945
116	43.085338
117	72.706145
118	3.408094
119	59.424760
120	54.381000
121	42.413197
122	88.764107
123	93.636202
124	45.002498
125	83.016882
126	65.140004
127	90.140781
128	57.288180
129	51.121737
130	63.367911
131	43.429987
132	17.639351
133	53.630571
134	74.458035
135	32.240367
136	43.360779
137	21.916657
138	94.324484
139	61.266557
140	34.216081
141	42.009311
142	28.384996
143	88.979242
144	90.762226
145	76.180295
146	59.114462
147	12.470525
148	81.168682
149	89.373006
150	23.403550
151	52.068311
152	91.930119
153	64.149539
154	51.323378
155	41.210225
156	97.906042
157	17.139542
158	29.270231
159	11.108090
160	90.264502
161	19.229247
162	58.019996
163	30.972728
164	22.731586
165	77.826339
166	30.311945
167	78.249703
168	57.116632
169	10.312877
170	15.313951
171	92.547508
172	21.520567
173	84.153151
174	29.232711
175	93.631287
176	0.780249
177	53.569489
178	71.803260
179	96.246195
180	41.793846
181	1.555726
182	46.042446
183	78.450156
184	32.344048
185	72.816108
186	99.442438
187	57.644624
188	67.081316
189	40.392543
190	66.812392
191	8.612897
192	2.573009
193	97.882159
194	44.576447
195	43.739946
196	3.365856
197	38.571350
198	20.132150
199	0.759161
200	49.972388
201	60.263474
202	18.151619
203	24.254644
204	4.310388
205	53.106120
206	7.957475
207	31.768678
208	75.237277
209	97.907384
210	11.629715
211	38.965095
212	24.810859
213	73.064702
214	58.519997
215	6.756389
216	43.340415
217	69.051294
218	88.080189
219	45.034581
220	92.341520
221	96.402472
222	35.784379
223	86.845049
224	5.812177
225	49.671589
226	36.309445
227	26.950919
228	83.732486
229	55.156027
230	51.888443
231	8.331061
232	69.653288
233	80.105608
234	96.145289
235	87.640166
236	86.099404
237	8.943783
238	27.209004
239	84.539212
240	89.872203
241	58.029187
242	80.010888
243	12.326107
244	3.246215
245	31.516241
246	55.655552
247	50.009136
248	88.129380
249	64.378698
250	39.817074
251	78.146452
252	99.708305
253	82.543671
254	33.415200
255	55.620600
256	34.492693
257	7.849207
258	39.238096
259	87.235201
260	11.592436
261	44.491793
262	84.535748
263	58.434095
264	87.793128
265	18.468595
266	54.983096
267	77.144533
268	63.477557
269	77.114533
270	23.608519
271	41.710714
272	10.285361
273	53.924559
274	51.411268
275	21.932979
276	94.999063
277	31.605122
278	82.327685
279	66.597495
280	33.133291
281	9.155342
282	87.372951
283	60.549089
284	75.247899
285	30.240568
286	97.430911
287	99.784408
288	13.421126
289	57.441030
290	81.909975
291	39.397431
292	11.159796
293	83.315016
294	30.762791
295	34.739721
296	71.634685
297	49.190536
298	72.636969
299	19.253954
300	81.026089
301	79.926199
302	1.983776
303	74.559932
304	89.011339
305	55.146702
306	76.252835
307	34.094127
308	65.580874
309	16.384941
310	56.563181
311	34.698669
312	66.866749
313	24.800087
314	76.142927
315	22.504162
316	55.744686
317	0.555239
318	80.837986
319	23.923330
320	62.800650
321	14.652767
322	25.960099
323	69.297161
324	50.184557
325	93.832829
326	32.227244
327	22.150524
328	69.547425
329	56.851480
330	73.981164
331	1.249246
332	7.317112
333	59.132334
334	10.209235
335	36.881563
336	8.501967
337	21.642256
338	10.045656
339	41.465291
340	85.365375
341	10.007634
342	11.467538
343	6.545759
344	83.563784
345	32.407305
346	74.939872
347	97.681103
348	44.197232
349	48.325863
350	87.153406
351	89.954956
352	88.124005
353	1.976904
354	83.989646
355	84.051770
356	49.524688
357	75.665124
358	4.005847
359	43.546250
360	61.542147
361	8.857692
362	6.373041
363	24.885135
364	65.388244
365	35.527925
366	91.680452
367	11.569694
368	85.139764
369	93.638007
370	63.225813
371	14.960045
372	48.318114
373	60.043711
374	24.196526
375	21.595577
376	42.575508
377	94.267651
378	13.045373
379	19.975227
380	42.032558
381	26.116154
382	99.102845
383	54.263518
384	15.770825
385	96.021319
386	3.760709
387	86.154277
388	89.827121
389	51.224864
390	96.553008
391	87.913720
392	38.812817
393	93.195436
394	62.183166
395	30.486670
396	49.176554
397	88.842065
398	4.927999
399	92.688463
400	7.315540
401	83.266595
402	74.688660
403	90.832043
404	28.761680
405	37.159593
406	3.044791
407	45.695331
408	20.438296
409	78.305912
410	83.324183
411	41.271061
412	11.672781
413	4.802695
414	27.091509
415	29.363563
416	57.175708
417	66.190180
418	17.936723
419	68.582088
420	4.255606
421	40.694686
422	83.482915
423	6.507154
424	26.123964
425	34.980884
426	50.690916
427	53.668505
428	91.918793
429	44.970883
430	94.722440
431	21.453720
432	1.767740
433	65.593547
434	69.213771
435	16.286520
436	94.882877
437	27.732800
438	10.498469
439	76.044348
440	83.219936
441	81.384354
442	88.238678
443	49.937518
444	67.870029
445	62.832884
446	59.761163
447	51.336330
448	26.555346
449	59.034038
450	99.775806
451	32.990888
452	19.300611
453	13.522819
454	45.225627
455	43.299614
456	30.968022
457	30.436879
458	10.011566
459	86.647071
460	28.592467
461	5.124830
462	29.399112
463	45.737306
464	90.512927
465	47.300331
466	79.695750
467	44.759289
468	34.493535
469	70.658479
470	19.983592
471	96.457829
472	37.842821
473	87.686256
474	70.498247
475	76.504859
476	51.673344
477	36.116440
478	64.260802
479	58.996583
480	8.161027
481	74.935564
482	97.771101
483	9.903891
484	29.114246
485	12.793029
486	12.938798
487	7.556417
488	66.559334
489	55.994905
490	63.641192
491	65.975266
492	1.673880
493	97.810581
494	51.084381
495	18.824396
496	27.427034
497	56.325886
498	45.754786
499	56.490886
500	73.135848
501	87.587949
502	88.345142
503	23.306607
504	42.285704
505	48.842217
506	17.638298
507	31.835384
508	44.759876
509	56.974015
510	14.187107
511	98.227867
512	25.792532
513	21.848532
514	34.262992
515	55.809411
516	74.973976
517	43.500386
518	78.512446
519	20.864133
520	87.634872
521	75.195679
522	43.024433
523	39.291340
524	39.015473
525	40.573405
526	59.920629
527	42.078134
528	14.120708
529	56.523691
530	31.193116
531	76.275489
532	43.509673
533	60.579647
534	75.163637
535	11.308210
536	76.482106
537	70.497756
538	1.976200
539	2.222571
540	55.410804
541	89.665084
542	58.887078
543	93.709965
544	75.301591
545	63.187214
546	62.298610
547	37.206609
548	40.282673
549	71.547007
550	4.994908
551	6.348368
552	34.363498
553	41.009432
554	5.458179
555	53.847404
556	51.546028
557	99.621797
558	36.836148
559	8.901627
560	13.996023
561	74.489790
562	70.203045
563	51.717256
564	24.541415
565	15.293159
566	52.253367
567	72.822553
568	25.008047
569	84.408654
570	24.169336
571	23.185873
572	41.288949
573	29.502322
574	50.611622
575	31.718532
576	76.316054
577	57.660577
578	66.237614
579	93.794925
580	99.765094
581	43.784369
582	75.244676
583	13.567932
584	82.303434
585	75.450485
586	46.115015
587	55.882198
588	32.490411
589	83.453278
590	29.310095
591	45.514162
592	38.434863
593	75.591034
594	46.728337
595	18.610651
596	21.175909
597	27.765265
598	15.236104
599	4.329841
600	83.759226
601	79.812669
602	78.423790
603	64.651903
604	42.765348
605	60.036050
606	50.506126
607	74.372294
608	29.546011
609	21.686630
610	99.112492
611	28.751137
612	0.946946
613	93.333545
614	93.913044
615	47.230801
616	39.773597
617	62.287949
618	98.855708
619	68.550326
620	22.337427
621	42.563582
622	92.062855
623	92.488752
624	60.778284
625	54.965667
626	72.045668
627	94.271040
628	30.572070
629	98.967664
630	70.354902
631	71.053595
632	25.423382
633	35.294162
634	8.751749
635	99.858207
636	10.634324
637	57.987618
638	0.833344
639	55.676653
640	78.146362
641	29.276998
642	23.024857
643	30.158850
644	31.050139
645	33.992903
646	58.027183
647	92.965749
648	86.303695
649	56.439500
650	66.578449
651	63.602093
652	32.637045
653	19.337628
654	92.611748
655	73.368356
656	56.616022
657	2.105611
658	70.496155
659	95.334469
660	29.087241
661	69.057672
662	11.644304
663	54.244646
664	5.442407
665	94.109334
666	3.271768
667	55.807816
668	64.374938
669	32.473579
670	80.234047
671	66.225306
672	65.634955
673	19.241780
674	58.031355
675	33.945696
676	46.332604
677	5.638465
678	98.628348
679	80.121669
680	69.291821
681	83.290388
682	96.248431
683	72.827579
684	65.417564
685	45.227281
686	35.546577
687	12.798702
688	63.520477
689	54.157688
690	17.567653
691	49.887357
692	50.911522
693	1.807470
694	98.316825
695	1.589592
696	77.657088
697	99.464853
698	71.372078
699	69.201696
700	50.489550
701	78.245862
702	97.799568
703	11.910726
704	35.209870
705	7.712797
706	11.754162
707	19.135078
708	73.746970
709	89.897262
710	85.578850
711	59.452814
712	95.245478
713	72.839016
714	82.280512
715	45.336270
716	46.354782
717	43.362746
718	24.593209
719	65.910137
720	69.423213
721	75.090795
722	76.686362
723	74.910338
724	5.936245
725	68.044308
726	63.661053
727	24.546575
728	41.306578
729	42.261016
730	93.993813
731	89.313859
732	79.738784
733	79.130986
734	94.983825
735	21.113340
736	67.928361
737	47.724292
738	50.439022
739	6.549891
740	59.048348
741	38.205691
742	52.226913
743	29.829593
744	97.255806
745	71.822804
746	23.015900
747	51.279168
748	15.993990
749	78.279368
750	16.945329
751	86.760276
752	72.398644
753	47.987450
754	67.778569
755	95.865293
756	45.149672
757	9.115489
758	64.252531
759	35.337130
760	69.765565
761	78.153543
762	54.940674
763	13.557456
764	16.834266
765	57.495168
766	95.870697
767	0.341126
768	33.373749
769	62.825794
770	27.171836
771	81.472030
772	61.888469
773	15.702417
774	81.422824
775	35.553278
776	22.181244
777	2.739026
778	10.167469
779	24.888869
780	92.166371
781	72.493625
782	32.892231
783	78.190586
784	38.747446
785	23.808277
786	3.405306
787	15.455579
788	71.522008
789	41.032185
790	28.948996
791	83.077845
792	37.367304
793	63.762907
794	76.129959
795	95.940624
796	69.821044
797	70.898812
798	60.068112
799	35.610548
800	97.839022
801	63.664524
802	2.893297
803	84.175591
804	43.861385
805	25.646701
806	38.883965
807	24.745164
808	97.283958
809	16.479274
810	18.594579
811	10.668846
812	86.332566
813	68.915428
814	1.601875
815	63.272318
816	0.021450
817	6.710479
818	99.934300
819	19.307512
820	3.131316
821	59.880224
822	92.791104
823	49.833107
824	77.094612
825	34.136292
826	90.022367
827	51.462593
828	37.053277
829	49.598851
830	84.581057
831	83.729332
832	95.273998
833	73.812397
834	17.417877
835	60.403869
836	33.891017
837	89.769158
838	78.735778
839	99.933469
840	39.931389
841	51.658727
842	45.685955
843	51.188582
844	8.675899
845	72.503610
846	77.201777
847	95.454079
848	80.890375
849	4.884799
850	92.037158
851	33.643494
852	7.811859
853	47.003256
854	27.779123
855	90.606641
856	41.534335
857	85.604976
858	64.773073
859	32.813965
860	51.533515
861	88.822285
862	79.862905
863	60.026503
864	38.523828
865	64.364958
866	79.312018
867	75.380286
868	64.834893
869	9.830901
870	2.653160
871	28.764165
872	18.178594
873	27.831479
874	20.624265
875	3.070448
876	24.642069
877	39.599684
878	33.615119
879	45.913360
880	12.278884
881	88.984135
882	31.832682
883	48.708786
884	3.018562
885	48.503196
886	46.548420
887	77.241024
888	10.854834
889	79.452514
890	67.216821
891	74.007877
892	12.934409
893	50.990127
894	11.697154
895	96.826766
896	13.173187
897	3.364549
898	50.807139
899	80.789562
900	64.072615
901	62.685105
902	65.302065
903	2.469143
904	26.421904
905	67.421122
906	14.525920
907	13.497550
908	11.517708
909	27.432500
910	2.743979
911	90.178003
912	52.473962
913	92.045346
914	24.941916
915	49.490596
916	10.482801
917	40.762353
918	77.557126
919	44.857249
920	50.072425
921	62.589221
922	80.737204
923	24.179710
924	16.883365
925	58.615930
926	69.018839
927	79.052377
928	59.795586
929	85.186087
930	67.339722
931	32.552384
932	56.574263
933	76.083560
934	93.061828
935	81.944072
936	63.381161
937	17.935009
938	25.219879
939	82.754985
940	23.500712
941	7.359583
942	64.172563
943	22.393644
944	79.072655
945	61.660842
946	78.401431
947	68.639520
948	29.647116
949	9.662280
950	24.034630
951	17.787154
952	81.389699
953	30.579602
954	70.771936
955	62.333478
956	49.399329
957	83.465450
958	69.863215
959	90.137839
960	18.797628
961	38.336524
962	24.861302
963	7.212434
964	50.352498
965	42.198870
966	91.370588
967	18.282533
968	65.789411
969	55.269731
970	42.671275
971	74.668365
972	65.081000
973	11.826329
974	45.597569
975	59.872829
976	38.496394
977	52.110147
978	52.863074
979	98.338276
980	78.590093
981	64.976404
982	20.461931
983	72.700311
984	61.379799
985	77.189601
986	58.480805
987	30.458354
988	52.969659
989	45.708006
990	83.456582
991	99.584210
992	82.634907
993	87.216351
994	24.082686
995	87.588831
996	57.765071
997	50.892300
998	9.102277
999	13.879557
1000	71.628338
;

param: c :=
1	44.160138
2	0.473257
3	45.884620
4	68.508058
5	29.329602
6	96.022865
7	84.206261
8	84.026300
9	32.396850
10	93.795472
11	87.300991
12	46.429128
13	10.404964
14	42.013787
15	2.548995
16	96.843232
17	67.892539
18	82.448511
19	46.148739
20	35.970047
21	51.868575
22	99.660002
23	76.629838
24	16.399777
25	69.591576
26	93.629467
27	61.238212
28	34.042626
29	90.927893
30	63.595988
31	14.713740
32	47.830610
33	91.877359
34	88.088568
35	20.829740
36	74.569282
37	20.749779
38	70.973821
39	0.311614
40	98.490740
41	94.369217
42	82.694907
43	67.048507
44	51.189292
45	67.610641
46	83.853403
47	90.033431
48	32.105579
49	10.994412
50	53.405603
51	58.187268
52	20.367515
53	83.572511
54	25.930208
55	0.408980
56	48.934518
57	30.478192
58	66.728410
59	93.180499
60	73.410811
61	8.714850
62	92.517336
63	90.314334
64	36.201138
65	34.834434
66	62.648681
67	6.323951
68	24.683168
69	21.869342
70	21.613200
71	8.387627
72	63.146740
73	45.534332
74	32.253790
75	8.542462
76	88.132480
77	6.459591
78	80.814062
79	75.419598
80	64.807455
81	85.307163
82	4.222526
83	35.953279
84	51.480209
85	78.184388
86	68.104227
87	38.781666
88	75.412165
89	2.030854
90	85.372749
91	32.659680
92	45.244741
93	92.849299
94	90.030966
95	96.466840
96	84.510954
97	20.234963
98	20.576477
99	13.013656
100	62.236344
101	83.496998
102	81.710381
103	34.581033
104	14.884498
105	41.362694
106	10.252375
107	18.240087
108	41.338207
109	31.106196
110	3.386405
111	81.933212
112	55.904131
113	25.604120
114	86.633354
115	7.136680
116	83.384710
117	84.691053
118	69.663840
119	19.724808
120	57.442999
121	89.748225
122	41.082236
123	55.303168
124	9.187132
125	34.089125
126	28.109807
127	25.488892
128	77.222485
129	14.350959
130	67.368997
131	64.293868
132	42.407656
133	6.739997
134	88.165065
135	90.147799
136	10.730953
137	16.107896
138	15.678494
139	14.087539
140	86.696836
141	38.877308
142	8.600872
143	30.184948
144	39.605533
145	87.811989
146	49.414083
147	34.253261
148	56.726220
149	67.119227
150	77.521909
151	43.486430
152	25.332812
153	91.148271
154	40.246553
155	48.790609
156	59.793234
157	1.980164
158	0.948991
159	1.518285
160	14.261492
161	7.690441
162	2.641055
163	88.231740
164	30.828758
165	27.371003
166	38.865849
167	50.383902
168	58.739403
169	91.962720
170	87.577535
171	91.339892
172	92.575242
173	4.340878
174	54.306290
175	97.305557
176	27.008578
177	17.677761
178	6.301508
179	34.763498
180	99.592704
181	99.224820
182	9.594976
183	49.340977
184	82.115438
185	1.106543
186	51.343515
187	87.257609
188	87.578011
189	83.459497
190	25.139582
191	80.051925
192	75.544617
193	31.276872
194	21.125343
195	90.636304
196	43.242813
197	87.865865
198	72.250831
199	58.959419
200	93.839718
201	54.102781
202	73.223511
203	65.294388
204	74.917350
205	44.582211
206	80.238459
207	2.349739
208	84.640078
209	73.267935
210	42.560116
211	71.958876
212	41.876599
213	44.264736
214	93.006053
215	1.858285
216	95.043608
217	85.275994
218	24.827530
219	43.608297
220	89.867180
221	94.491183
222	55.030166
223	87.503800
224	60.780478
225	11.918474
226	23.601434
227	87.095044
228	58.411664
229	43.526220
230	47.585263
231	13.908033
232	19.572877
233	29.737045
234	69.665504
235	5.116278
236	3.896581
237	71.437453
238	4.984701
239	76.083992
240	78.044995
241	88.288364
242	14.001486
243	83.429299
244	21.576167
245	62.059190
246	58.896316
247	45.367253
248	63.141548
249	44.648569
250	16.170242
251	95.078729
252	27.440547
253	71.721330
254	18.505929
255	85.064718
256	16.494036
257	73.231046
258	63.306921
259	44.780925
260	80.796265
261	85.206573
262	74.461447
263	6.543942
264	72.807444
265	47.484916
266	86.801476
267	93.138292
268	48.227283
269	0.289224
270	7.684747
271	75.526593
272	76.519433
273	63.092142
274	18.996139
275	36.094293
276	99.007459
277	43.375794
278	57.309863
279	73.789355
280	36.312986
281	30.077231
282	65.294895
283	82.648733
284	74.468825
285	83.276958
286	69.723472
287	54.890328
288	18.544399
289	78.453846
290	43.024698
291	99.133639
292	4.951317
293	15.435866
294	4.681097
295	78.684877
296	68.886438
297	56.095927
298	3.331451
299	61.399277
300	55.593376
301	80.917522
302	52.600584
303	40.660686
304	84.110049
305	76.832944
306	70.591566
307	13.519379
308	91.600002
309	76.921229
310	30.791286
311	47.873676
312	34.545090
313	58.217781
314	88.067851
315	39.613729
316	2.798182
317	62.947713
318	32.625208
319	13.668792
320	81.723906
321	24.738822
322	37.747830
323	38.700300
324	93.533978
325	29.892946
326	71.600122
327	71.103631
328	92.677045
329	12.616591
330	35.980625
331	4.897960
332	29.547966
333	46.665466
334	27.253362
335	57.915321
336	80.385133
337	28.597775
338	0.802555
339	54.475543
340	8.776987
341	28.306394
342	1.698984
343	12.801809
344	12.939639
345	80.495537
346	89.755643
347	24.382348
348	76.904790
349	65.838486
350	89.534935
351	26.650519
352	27.653219
353	73.645384
354	55.661005
355	51.593859
356	52.071328
357	21.151752
358	72.849847
359	26.779181
360	93.946177
361	61.581343
362	39.174598
363	29.138109
364	1.856041
365	10.452812
366	19.529583
367	94.442104
368	66.750768
369	88.595492
370	50.549396
371	85.467536
372	60.077996
373	74.243330
374	3.823974
375	41.101145
376	34.183253
377	45.837281
378	70.494536
379	36.073640
380	84.276264
381	64.999960
382	24.821484
383	70.182189
384	36.899291
385	10.058872
386	45.465379
387	88.458685
388	58.097670
389	14.231292
390	68.531690
391	55.427474
392	40.677288
393	79.381968
394	36.892278
395	8.934175
396	31.234074
397	12.074776
398	96.329088
399	2.449108
400	46.350134
401	34.276673
402	43.534494
403	93.757455
404	41.827745
405	11.118786
406	13.413880
407	72.717929
408	33.377611
409	11.462152
410	86.837918
411	68.086591
412	97.846378
413	99.003999
414	76.721547
415	16.007784
416	44.738203
417	88.636412
418	94.249988
419	10.338230
420	55.689238
421	24.689731
422	6.684203
423	10.595033
424	68.195669
425	75.990428
426	85.799145
427	34.728631
428	46.550314
429	29.267901
430	13.780813
431	17.125551
432	56.214069
433	15.713640
434	63.327383
435	5.105983
436	12.559160
437	64.059112
438	26.680122
439	60.560251
440	30.234763
441	24.837810
442	91.623260
443	22.515123
444	72.265366
445	69.710712
446	50.491717
447	36.441741
448	35.050853
449	31.726554
450	25.191831
451	36.716316
452	20.544373
453	31.603408
454	23.958981
455	29.065050
456	95.423720
457	29.717727
458	38.306396
459	78.014198
460	43.916199
461	85.358518
462	73.567423
463	71.414674
464	61.772341
465	88.205308
466	26.069680
467	84.197394
468	17.170662
469	56.660994
470	61.183395
471	96.010779
472	80.431496
473	13.414189
474	75.666893
475	41.520943
476	26.051583
477	18.325282
478	24.906201
479	71.504731
480	73.196282
481	3.022286
482	69.860484
483	7.262348
484	44.937503
485	87.603352
486	27.929344
487	76.219345
488	90.907207
489	11.605084
490	95.162370
491	95.666149
492	79.174772
493	72.727967
494	21.838971
495	71.346253
496	51.781051
497	30.621588
498	69.372258
499	86.929176
500	64.253164
501	48.731524
502	50.160232
503	77.227774
504	99.381713
505	74.808925
506	29.249839
507	69.274031
508	71.131292
509	56.718918
510	44.687862
511	77.327733
512	91.295649
513	9.858788
514	74.496900
515	33.404468
516	39.257472
517	82.929401
518	7.107743
519	63.052543
520	97.382888
521	7.220514
522	14.797786
523	67.019305
524	62.874508
525	7.762008
526	23.198212
527	2.402776
528	92.320375
529	24.960400
530	77.967885
531	27.208780
532	3.327180
533	53.852600
534	56.530184
535	88.711699
536	25.359925
537	24.954565
538	86.635197
539	48.526179
540	10.323260
541	62.187931
542	33.306834
543	35.016829
544	34.890244
545	49.212458
546	70.860281
547	99.429534
548	27.316653
549	15.707303
550	53.789073
551	32.959672
552	40.009933
553	66.265448
554	65.220038
555	66.566282
556	85.694868
557	41.405987
558	83.976713
559	97.115011
560	63.563724
561	29.855104
562	28.960497
563	68.667680
564	76.980403
565	92.570286
566	8.590181
567	14.015571
568	68.174880
569	72.975234
570	14.374173
571	41.720102
572	5.640231
573	28.351056
574	68.963354
575	55.410814
576	61.776310
577	89.601818
578	89.562644
579	40.644377
580	3.588130
581	25.981396
582	83.296988
583	92.522999
584	9.728900
585	24.727272
586	48.657782
587	43.462421
588	61.127978
589	71.423023
590	5.071464
591	35.119919
592	53.144508
593	75.608970
594	76.983487
595	63.921959
596	36.434146
597	91.333280
598	26.931211
599	23.497527
600	47.343160
601	24.990127
602	7.250179
603	97.950508
604	11.111504
605	98.602470
606	66.062229
607	75.292885
608	44.529885
609	62.746237
610	8.854554
611	72.526609
612	61.772787
613	21.879693
614	20.311388
615	84.217007
616	59.008928
617	38.257874
618	64.964548
619	13.081093
620	95.009258
621	2.083900
622	63.489138
623	13.511570
624	35.370556
625	40.625932
626	11.654734
627	38.767109
628	28.090538
629	44.050087
630	70.999698
631	67.814289
632	11.298461
633	56.425827
634	34.457966
635	33.691202
636	63.038838
637	97.623410
638	67.112237
639	4.913835
640	10.697501
641	98.548617
642	69.980710
643	95.924789
644	74.693943
645	34.901457
646	97.832116
647	30.561878
648	95.102846
649	70.733936
650	81.663575
651	5.297231
652	70.856727
653	73.147503
654	0.712466
655	8.940222
656	68.911610
657	39.506592
658	30.532492
659	12.648885
660	90.649701
661	42.783936
662	37.695181
663	54.967148
664	70.253971
665	23.969738
666	7.058324
667	0.099560
668	19.542766
669	32.648292
670	91.022256
671	57.738468
672	45.711187
673	34.100164
674	2.874559
675	9.378834
676	41.551194
677	15.217988
678	14.900684
679	60.638004
680	15.005659
681	64.778909
682	43.549488
683	87.867836
684	34.374725
685	48.907826
686	41.812298
687	20.849147
688	10.336880
689	3.995308
690	27.335409
691	14.829184
692	21.842886
693	84.598012
694	2.752368
695	14.090032
696	99.591332
697	1.660854
698	95.405767
699	2.341506
700	47.769314
701	61.102482
702	93.818355
703	0.607707
704	67.305222
705	14.211616
706	10.005436
707	34.325789
708	38.726336
709	28.375189
710	72.359837
711	33.799367
712	41.387740
713	25.813975
714	77.206796
715	16.483184
716	71.392018
717	97.421151
718	70.189597
719	0.752914
720	79.984105
721	20.226563
722	43.492026
723	46.042097
724	30.781501
725	40.288851
726	40.149991
727	20.171384
728	24.286148
729	93.648665
730	27.078776
731	53.213934
732	12.423225
733	22.261907
734	55.704411
735	98.045495
736	88.114750
737	87.860679
738	69.209416
739	93.660709
740	79.208914
741	74.309529
742	74.225455
743	46.218007
744	6.766925
745	52.851773
746	20.057807
747	24.984544
748	36.544968
749	2.368799
750	36.168128
751	93.666188
752	24.733534
753	39.963587
754	11.544964
755	51.565030
756	94.067311
757	97.373575
758	16.835916
759	86.973434
760	39.612631
761	26.457467
762	9.756185
763	90.701643
764	87.386870
765	75.996140
766	72.744657
767	68.093613
768	19.745123
769	44.577965
770	97.403118
771	36.641837
772	90.689016
773	49.672428
774	78.870465
775	86.704928
776	54.758035
777	58.752450
778	78.685763
779	38.235471
780	55.034390
781	61.941649
782	49.143809
783	0.308155
784	58.904595
785	7.896099
786	93.664141
787	38.501583
788	13.966262
789	93.998476
790	64.956309
791	48.548484
792	6.156270
793	89.364939
794	17.279076
795	31.770100
796	36.733167
797	54.539085
798	64.125755
799	67.541414
800	22.406318
801	78.184878
802	60.571010
803	96.727382
804	54.265562
805	42.918253
806	50.885776
807	33.126046
808	72.552795
809	4.161766
810	46.911996
811	31.852868
812	75.138294
813	22.678661
814	77.514294
815	2.528173
816	76.975644
817	63.315073
818	90.181000
819	4.635125
820	98.635250
821	31.294588
822	61.563909
823	51.992362
824	64.802085
825	71.109821
826	48.060766
827	12.282346
828	31.466018
829	53.537680
830	4.218673
831	64.739144
832	78.908605
833	13.515036
834	58.243298
835	2.405442
836	73.725187
837	0.827899
838	12.173959
839	10.277536
840	60.944418
841	83.991226
842	1.035296
843	69.203290
844	98.991544
845	77.232109
846	0.176437
847	18.571360
848	57.296486
849	78.939500
850	32.522459
851	62.817977
852	56.579490
853	84.969006
854	35.648651
855	19.414857
856	88.577705
857	73.364640
858	80.470044
859	35.015791
860	2.656572
861	96.016178
862	72.695690
863	41.251758
864	66.509625
865	80.659636
866	70.852450
867	93.557020
868	91.844678
869	5.995827
870	34.136204
871	61.398105
872	97.614135
873	51.752536
874	64.944538
875	27.869230
876	94.466826
877	27.648239
878	20.419788
879	13.016090
880	62.443515
881	70.928321
882	30.535894
883	29.050177
884	35.221984
885	92.496413
886	9.326654
887	13.602828
888	17.424781
889	16.772433
890	39.539282
891	67.431176
892	53.978981
893	86.934611
894	9.957809
895	41.182214
896	99.969038
897	40.782346
898	94.917705
899	75.602866
900	84.687217
901	50.850872
902	70.652181
903	85.908829
904	39.604475
905	9.403354
906	23.039641
907	61.874675
908	66.398745
909	97.558978
910	32.063400
911	32.974931
912	44.524003
913	33.052145
914	31.477674
915	42.380265
916	87.086429
917	26.621592
918	63.316860
919	84.584071
920	75.387412
921	0.110592
922	97.198509
923	1.584718
924	87.352006
925	62.884291
926	24.611954
927	67.629772
928	92.505024
929	55.514768
930	62.333143
931	1.700126
932	66.046025
933	24.343840
934	11.221688
935	29.791904
936	4.195900
937	48.595198
938	17.753748
939	2.155047
940	14.533161
941	34.061468
942	68.812259
943	19.682397
944	96.593746
945	73.496048
946	72.550605
947	50.563852
948	21.742964
949	27.154306
950	22.185206
951	84.311102
952	21.008866
953	59.529760
954	18.956187
955	5.241423
956	29.540857
957	62.308403
958	51.277465
959	6.354417
960	75.686761
961	19.974232
962	38.607008
963	78.865932
964	13.577868
965	66.415041
966	62.693965
967	44.326787
968	19.651162
969	28.023161
970	51.058889
971	84.901309
972	61.746054
973	30.380162
974	17.924691
975	73.008774
976	96.461680
977	98.480441
978	10.942280
979	56.181014
980	55.998948
981	83.284106
982	70.231377
983	97.346133
984	49.628813
985	90.320035
986	9.199764
987	49.698193
988	97.667051
989	59.206162
990	99.611699
991	14.795874
992	8.229526
993	69.813624
994	56.081158
995	21.455245
996	11.294583
997	62.949995
998	15.440700
999	50.923936
1000	80.611751
;

param: d :=
1	-49.472122
2	-64.419490
3	-33.599241
4	-55.340713
5	-77.929842
6	-92.979215
7	-21.092485
8	-97.732492
9	-65.989200
10	-80.509286
11	-23.173652
12	-82.103326
13	-98.325189
14	-50.224444
15	-79.546632
16	-40.442349
17	-46.265795
18	-86.642375
19	-1.557973
20	-80.285908
21	-55.744389
22	-79.375656
23	-41.520721
24	-57.040906
25	-43.946796
26	-61.937392
27	-40.535120
28	-10.877808
29	-19.752094
30	-51.880568
31	-28.047035
32	-62.218610
33	-37.463576
34	-50.055180
35	-17.113204
36	-77.386060
37	-26.999395
38	-17.342510
39	-25.040685
40	-6.757243
41	-39.558713
42	-97.250707
43	-33.829431
44	-65.049377
45	-93.565176
46	-87.406493
47	-80.971050
48	-59.183206
49	-58.772736
50	-3.779533
51	-95.328817
52	-64.967435
53	-84.767284
54	-71.675569
55	-13.117127
56	-93.777264
57	-52.723525
58	-40.375793
59	-18.331621
60	-2.168047
61	-12.008813
62	-98.620180
63	-48.869958
64	-95.002796
65	-37.130163
66	-91.698547
67	-22.424807
68	-40.555426
69	-37.971443
70	-4.184019
71	-93.541425
72	-44.202242
73	-97.925773
74	-45.907653
75	-14.476552
76	-38.617873
77	-98.185338
78	-2.018512
79	-24.000935
80	-90.093318
81	-98.204044
82	-38.725228
83	-48.363612
84	-43.767815
85	-22.338695
86	-61.202167
87	-87.088017
88	-97.911573
89	-85.687545
90	-89.972467
91	-51.990239
92	-36.540111
93	-50.752713
94	-97.891254
95	-60.609134
96	-19.258797
97	-36.866604
98	-44.589751
99	-25.776252
100	-92.978687
101	-92.095200
102	-37.211671
103	-90.088933
104	-46.266153
105	-50.152898
106	-81.277806
107	-3.221552
108	-16.277341
109	-40.066303
110	-97.613865
111	-79.764077
112	-98.482368
113	-51.997020
114	-94.992719
115	-44.416299
116	-6.167084
117	-87.857163
118	-70.338133
119	-9.288074
120	-82.064308
121	-1.682403
122	-36.573423
123	-28.755238
124	-82.090924
125	-66.162335
126	-1.040136
127	-22.753687
128	-35.431973
129	-84.877325
130	-70.682870
131	-23.877514
132	-33.867516
133	-49.027756
134	-27.579141
135	-76.769218
136	-20.116705
137	-43.698193
138	-64.216795
139	-60.982293
140	-66.870512
141	-84.129302
142	-3.028697
143	-2.613323
144	-56.097415
145	-85.849961
146	-13.252374
147	-5.071668
148	-91.905775
149	-4.820541
150	-47.994189
151	-8.120671
152	-91.901485
153	-48.169976
154	-23.784286
155	-14.494235
156	-86.927799
157	-29.414201
158	-6.468673
159	-29.224992
160	-99.157291
161	-77.530296
162	-96.126640
163	-45.466928
164	-1.800398
165	-30.284211
166	-95.429392
167	-86.963494
168	-42.240031
169	-81.936660
170	-75.649995
171	-68.788549
172	-21.192914
173	-25.886203
174	-36.200313
175	-92.740999
176	-50.270959
177	-68.137978
178	-27.483701
179	-63.266439
180	-13.740555
181	-16.109059
182	-62.071975
183	-47.597009
184	-59.576575
185	-32.510718
186	-28.940760
187	-43.838131
188	-94.332686
189	-67.309525
190	-24.112888
191	-68.893527
192	-59.054890
193	-51.495891
194	-39.609553
195	-90.405819
196	-91.428580
197	-69.469445
198	-60.487339
199	-22.840049
200	-65.871210
201	-65.280219
202	-26.223986
203	-59.657656
204	-92.776959
205	-5.045971
206	-12.314800
207	-55.295925
208	-54.569095
209	-23.342496
210	-97.029515
211	-69.034623
212	-17.536593
213	-13.687397
214	-4.606727
215	-84.712720
216	-17.331872
217	-14.144759
218	-38.928283
219	-18.411675
220	-45.616873
221	-4.323634
222	-27.051315
223	-13.382941
224	-87.651999
225	-25.067629
226	-66.867162
227	-94.172590
228	-46.185038
229	-35.632028
230	-22.993012
231	-73.612370
232	-31.230619
233	-2.639506
234	-89.224005
235	-30.127106
236	-5.525373
237	-17.958943
238	-25.726238
239	-62.492128
240	-68.317487
241	-66.878476
242	-55.806917
243	-51.454670
244	-76.254586
245	-6.361457
246	-77.996110
247	-52.167122
248	-12.729180
249	-78.943638
250	-39.408099
251	-44.250591
252	-77.000842
253	-39.854135
254	-82.006463
255	-4.523040
256	-85.841013
257	-24.864747
258	-27.543412
259	-43.259554
260	-6.336598
261	-13.452997
262	-21.622429
263	-57.222913
264	-66.550521
265	-20.174377
266	-24.337752
267	-98.405978
268	-92.431508
269	-46.534039
270	-93.333983
271	-84.580621
272	-62.462890
273	-81.695777
274	-24.989039
275	-38.859509
276	-36.329341
277	-68.407949
278	-58.568436
279	-93.650387
280	-51.695925
281	-68.612961
282	-95.516369
283	-89.664231
284	-13.016904
285	-31.877025
286	-95.508338
287	-92.055045
288	-9.518944
289	-47.763259
290	-54.936189
291	-57.018881
292	-94.552708
293	-94.423369
294	-34.848288
295	-98.960300
296	-10.513625
297	-63.086852
298	-31.432349
299	-65.581225
300	-42.659655
301	-44.477901
302	-63.219577
303	-74.604994
304	-63.836207
305	-76.406413
306	-42.743095
307	-2.313110
308	-52.914139
309	-76.269161
310	-27.495642
311	-34.796780
312	-91.969280
313	-18.342351
314	-60.565990
315	-32.649623
316	-87.815038
317	-56.601168
318	-44.214941
319	-85.033357
320	-75.776381
321	-55.433577
322	-26.227995
323	-71.055412
324	-62.916033
325	-3.928524
326	-82.802170
327	-1.426397
328	-9.145395
329	-30.477594
330	-81.153438
331	-28.156813
332	-14.702447
333	-42.897540
334	-93.940543
335	-16.810617
336	-20.307985
337	-3.651776
338	-44.533538
339	-28.017037
340	-60.565158
341	-32.243851
342	-84.904505
343	-42.354712
344	-92.910192
345	-37.241609
346	-12.159725
347	-90.513131
348	-80.721650
349	-19.133847
350	-18.327892
351	-90.939283
352	-79.203570
353	-33.589719
354	-84.012574
355	-19.207781
356	-52.900056
357	-27.034940
358	-98.481682
359	-77.540489
360	-6.096040
361	-51.191968
362	-21.429407
363	-8.476855
364	-13.286202
365	-46.562502
366	-85.644479
367	-41.359501
368	-76.733387
369	-50.638137
370	-11.698272
371	-72.091229
372	-37.015445
373	-59.895489
374	-98.628176
375	-43.870178
376	-23.188307
377	-30.409600
378	-25.687180
379	-92.588498
380	-41.418177
381	-27.159452
382	-29.859347
383	-98.463999
384	-37.146853
385	-50.997141
386	-45.585126
387	-46.130279
388	-4.473855
389	-95.805604
390	-25.015499
391	-31.325794
392	-95.674326
393	-8.521495
394	-3.525537
395	-88.908656
396	-69.773270
397	-53.932297
398	-10.331357
399	-31.061253
400	-13.593457
401	-87.006380
402	-99.808186
403	-20.229675
404	-52.397186
405	-46.469474
406	-58.364113
407	-48.519444
408	-89.389638
409	-67.949543
410	-9.810357
411	-83.612973
412	-12.401188
413	-39.984359
414	-8.929438
415	-91.186191
416	-39.078061
417	-56.248208
418	-18.715624
419	-53.437345
420	-56.656971
421	-90.601106
422	-69.158047
423	-57.314034
424	-12.577772
425	-15.930566
426	-39.722605
427	-94.184957
428	-9.078671
429	-98.449800
430	-52.277484
431	-2.820418
432	-15.531765
433	-15.023356
434	-74.668647
435	-84.643970
436	-93.456354
437	-88.170621
438	-74.203666
439	-95.561103
440	-4.703776
441	-4.524154
442	-44.766310
443	-1.712236
444	-25.892373
445	-72.207678
446	-39.033533
447	-16.119184
448	-75.194615
449	-47.651700
450	-34.241182
451	-11.431093
452	-45.520187
453	-87.956499
454	-86.533563
455	-62.525429
456	-88.421317
457	-93.976531
458	-88.954690
459	-49.823117
460	-0.623186
461	-56.987740
462	-23.569847
463	-99.988010
464	-71.273144
465	-95.722083
466	-69.187921
467	-46.512898
468	-99.635783
469	-70.436868
470	-29.805891
471	-49.053059
472	-80.442328
473	-56.298547
474	-81.643599
475	-56.748425
476	-26.625193
477	-29.227190
478	-0.507477
479	-93.024712
480	-11.655017
481	-14.420310
482	-64.858140
483	-89.946781
484	-80.768071
485	-99.739292
486	-36.502330
487	-42.530943
488	-35.733032
489	-30.684536
490	-62.780712
491	-88.627508
492	-56.636190
493	-43.322103
494	-43.228719
495	-64.854751
496	-67.443254
497	-69.679680
498	-23.967666
499	-92.728225
500	-35.952216
501	-49.049234
502	-11.347565
503	-54.571858
504	-85.701591
505	-24.570515
506	-47.769128
507	-92.111508
508	-57.832539
509	-30.739045
510	-90.272442
511	-62.185175
512	-37.308436
513	-57.744237
514	-36.223770
515	-35.371870
516	-19.505514
517	-54.929278
518	-52.117598
519	-5.010066
520	-32.713533
521	-92.782192
522	-28.451648
523	-17.571279
524	-44.557741
525	-32.868938
526	-31.735207
527	-18.170171
528	-42.975629
529	-17.141401
530	-27.803030
531	-27.372231
532	-14.029668
533	-67.062948
534	-4.531084
535	-32.840356
536	-94.368004
537	-60.795920
538	-28.311705
539	-47.737737
540	-52.534160
541	-68.777033
542	-18.285335
543	-93.059525
544	-35.222450
545	-28.637045
546	-5.304659
547	-16.072067
548	-10.438904
549	-73.147445
550	-16.488408
551	-50.008582
552	-80.730570
553	-50.796083
554	-37.988323
555	-97.075320
556	-1.157163
557	-11.573001
558	-40.872756
559	-20.699001
560	-12.727586
561	-74.850719
562	-3.750070
563	-94.575896
564	-97.742393
565	-69.799008
566	-85.760446
567	-85.547015
568	-79.609463
569	-94.111558
570	-9.900108
571	-9.386882
572	-55.095559
573	-40.818418
574	-5.502230
575	-36.803435
576	-40.382254
577	-70.076646
578	-51.371087
579	-26.557797
580	-46.436962
581	-69.998896
582	-74.635321
583	-60.685248
584	-69.640661
585	-38.484669
586	-18.708091
587	-31.097958
588	-66.259656
589	-11.486600
590	-75.356792
591	-39.268916
592	-67.329611
593	-3.715018
594	-77.379749
595	-93.738399
596	-8.238547
597	-68.776503
598	-48.492719
599	-77.733047
600	-55.025910
601	-8.266199
602	-31.451676
603	-55.597424
604	-86.621933
605	-17.484476
606	-53.439547
607	-2.568168
608	-31.382666
609	-87.334364
610	-30.266859
611	-98.270347
612	-79.108160
613	-67.454111
614	-67.484327
615	-18.848040
616	-40.839234
617	-55.973904
618	-88.702678
619	-65.648361
620	-75.842141
621	-58.243357
622	-79.010735
623	-88.746251
624	-57.506280
625	-31.800802
626	-63.268595
627	-31.408267
628	-74.028211
629	-7.174271
630	-84.064509
631	-16.298764
632	-31.213671
633	-53.730902
634	-79.455952
635	-69.930612
636	-85.087686
637	-56.298251
638	-51.825335
639	-14.307149
640	-56.742303
641	-20.887759
642	-45.728610
643	-5.826064
644	-95.274121
645	-50.772549
646	-52.455290
647	-4.928857
648	-40.111026
649	-71.035194
650	-80.711523
651	-4.210164
652	-77.184898
653	-97.296516
654	-59.671661
655	-87.978513
656	-58.782767
657	-54.486830
658	-76.807137
659	-16.138251
660	-72.229879
661	-47.909354
662	-85.971292
663	-46.893729
664	-16.604913
665	-23.785887
666	-87.342608
667	-80.742159
668	-81.126100
669	-72.628548
670	-97.339922
671	-56.372736
672	-57.232124
673	-23.147365
674	-38.458608
675	-86.073504
676	-14.019060
677	-37.081203
678	-96.631407
679	-72.706805
680	-97.987817
681	-98.710253
682	-32.352749
683	-92.239843
684	-47.965750
685	-63.591048
686	-79.112212
687	-62.575579
688	-38.384481
689	-19.565913
690	-25.883591
691	-54.970608
692	-70.838042
693	-19.749206
694	-90.976659
695	-62.084596
696	-96.656713
697	-15.977582
698	-90.199950
699	-48.196911
700	-55.674234
701	-78.208310
702	-57.282507
703	-52.747294
704	-59.492280
705	-29.819236
706	-88.566580
707	-69.379191
708	-55.694590
709	-59.523102
710	-8.386444
711	-68.418627
712	-96.679311
713	-68.206544
714	-94.532920
715	-77.953551
716	-74.007011
717	-68.722045
718	-31.557530
719	-97.317530
720	-18.580464
721	-76.946789
722	-22.568251
723	-21.118485
724	-8.824187
725	-40.551687
726	-82.023452
727	-64.733153
728	-39.199347
729	-26.992403
730	-69.381541
731	-58.253660
732	-35.909298
733	-22.324802
734	-5.852159
735	-31.908597
736	-53.733198
737	-73.501689
738	-50.953923
739	-10.813345
740	-36.237047
741	-66.961113
742	-43.454784
743	-39.367046
744	-95.101945
745	-85.042642
746	-83.714225
747	-52.436475
748	-94.492907
749	-18.743310
750	-34.536373
751	-64.678217
752	-25.266546
753	-63.503068
754	-39.173390
755	-13.547030
756	-73.354520
757	-90.423116
758	-76.175257
759	-54.516077
760	-5.930627
761	-35.536677
762	-2.353239
763	-82.256942
764	-48.025168
765	-86.653711
766	-12.557167
767	-70.205701
768	-57.543690
769	-7.967079
770	-44.900825
771	-85.941732
772	-87.634415
773	-51.277302
774	-65.778000
775	-45.531061
776	-35.323102
777	-29.453460
778	-55.740216
779	-22.310506
780	-37.397348
781	-34.381548
782	-55.714118
783	-14.823322
784	-4.208789
785	-80.326881
786	-63.457945
787	-18.005839
788	-85.392044
789	-88.156453
790	-98.359804
791	-44.140362
792	-56.289605
793	-89.334189
794	-15.594768
795	-72.914558
796	-77.064727
797	-89.978142
798	-36.553680
799	-72.599947
800	-69.422442
801	-55.085666
802	-77.297783
803	-13.428664
804	-12.388413
805	-74.414517
806	-88.399070
807	-88.685091
808	-15.552977
809	-4.891253
810	-47.375223
811	-2.862046
812	-64.214603
813	-22.274138
814	-35.109047
815	-98.337765
816	-47.509221
817	-84.965322
818	-25.292304
819	-89.206842
820	-37.620245
821	-12.787679
822	-33.348704
823	-22.474790
824	-53.978205
825	-94.843094
826	-33.221555
827	-52.622376
828	-64.611286
829	-71.259738
830	-16.792450
831	-72.869197
832	-42.270639
833	-56.406927
834	-16.344032
835	-84.514448
836	-66.251824
837	-30.932816
838	-31.377258
839	-12.258562
840	-10.289144
841	-83.843548
842	-53.139457
843	-81.038238
844	-1.722791
845	-54.265781
846	-18.296931
847	-92.244981
848	-13.249064
849	-94.066093
850	-1.813189
851	-12.946791
852	-76.760538
853	-57.936517
854	-46.123977
855	-57.660931
856	-24.216123
857	-58.289952
858	-90.678158
859	-45.046022
860	-74.577283
861	-63.398513
862	-18.865568
863	-14.218525
864	-5.620013
865	-10.462048
866	-41.806344
867	-27.721834
868	-2.585935
869	-11.256782
870	-25.757995
871	-37.358490
872	-48.430509
873	-4.094110
874	-44.421012
875	-83.090310
876	-42.382190
877	-47.101921
878	-56.435509
879	-51.455426
880	-21.929727
881	-91.648924
882	-42.791187
883	-42.931794
884	-48.288842
885	-66.577316
886	-3.240822
887	-51.887152
888	-49.967454
889	-64.074549
890	-46.398718
891	-21.381254
892	-26.194400
893	-7.799499
894	-10.048508
895	-5.206111
896	-82.757785
897	-13.671807
898	-97.808112
899	-8.454096
900	-15.336351
901	-12.400869
902	-16.427874
903	-21.791004
904	-37.190170
905	-60.179920
906	-32.919367
907	-72.085380
908	-9.994150
909	-65.148146
910	-74.039211
911	-29.919455
912	-85.018401
913	-94.411753
914	-99.452429
915	-75.873513
916	-19.914839
917	-14.384831
918	-98.856323
919	-84.076401
920	-63.978288
921	-67.284557
922	-28.460528
923	-39.736309
924	-24.255525
925	-35.525198
926	-11.282800
927	-24.657457
928	-48.456011
929	-45.087894
930	-47.338347
931	-56.755524
932	-99.148391
933	-61.283652
934	-71.383316
935	-1.928486
936	-62.425176
937	-51.019777
938	-88.331591
939	-12.610948
940	-35.197163
941	-11.069118
942	-24.886453
943	-66.549729
944	-1.384370
945	-75.179719
946	-90.499458
947	-41.270531
948	-75.192793
949	-56.827251
950	-4.878080
951	-13.577683
952	-94.088399
953	-85.223013
954	-61.156874
955	-49.128845
956	-29.460820
957	-63.497781
958	-74.075296
959	-98.302534
960	-85.380325
961	-23.492673
962	-44.978683
963	-54.563340
964	-99.968836
965	-4.292900
966	-52.983371
967	-59.691049
968	-27.858526
969	-6.082424
970	-14.684318
971	-6.248867
972	-8.508390
973	-87.936897
974	-55.178815
975	-33.241420
976	-75.225945
977	-75.934572
978	-69.398040
979	-46.579929
980	-73.759015
981	-53.253234
982	-66.463808
983	-7.476107
984	-45.850308
985	-49.835489
986	-43.279637
987	-84.104852
988	-48.335447
989	-59.750830
990	-94.399287
991	-18.086507
992	-45.394691
993	-57.350491
994	-55.314206
995	-98.206830
996	-40.701157
997	-36.303269
998	-79.071759
999	-75.390405
1000	-89.883408
;

param: weight :=
1	18.412110
2	5.058881
3	19.399948
4	54.164262
5	35.227090
6	71.329028
7	55.790848
8	46.582304
9	63.581052
10	69.894082
11	99.045599
12	6.532666
13	32.236051
14	6.679204
15	72.193411
16	91.017471
17	84.041937
18	93.569641
19	33.175975
20	14.827170
21	28.941738
22	69.879687
23	41.383845
24	39.377747
25	30.143802
26	53.932926
27	24.784587
28	4.831632
29	38.806330
30	83.880407
31	14.936329
32	12.987053
33	5.794150
34	41.709599
35	34.472686
36	63.098624
37	96.959012
38	55.384579
39	47.027205
40	41.398266
41	68.407571
42	42.652446
43	34.696395
44	83.818390
45	93.061975
46	5.783453
47	13.519878
48	50.458671
49	52.884072
50	40.753142
51	9.690716
52	32.053782
53	78.934035
54	15.029682
55	44.293147
56	28.853169
57	48.474916
58	34.153319
59	1.055646
60	7.149546
61	60.997255
62	47.560745
63	38.368046
64	50.510832
65	84.913836
66	33.277501
67	84.036099
68	32.086312
69	31.914201
70	6.241610
71	29.091405
72	50.154165
73	3.210961
74	29.161578
75	87.956777
76	41.544729
77	40.070195
78	51.253882
79	95.847931
80	59.905586
81	59.493393
82	3.917540
83	56.951305
84	84.608098
85	63.069023
86	65.568670
87	34.508809
88	47.855756
89	98.912597
90	46.503134
91	90.031239
92	61.189993
93	4.936924
94	49.709599
95	94.832573
96	8.886066
97	98.590574
98	22.729458
99	15.971924
100	3.998785
101	83.934469
102	84.174312
103	56.831486
104	75.731956
105	10.238725
106	74.120174
107	38.684304
108	38.465710
109	83.476732
110	47.356666
111	89.176015
112	95.489527
113	12.461755
114	34.400538
115	90.390706
116	46.016758
117	93.012647
118	5.876468
119	8.353463
120	59.794398
121	98.016930
122	82.771053
123	6.721248
124	74.917721
125	73.991520
126	83.244939
127	88.573794
128	21.507610
129	23.142834
130	81.464216
131	77.494976
132	17.433224
133	31.568116
134	39.635802
135	47.889412
136	72.951130
137	98.058751
138	60.852397
139	13.116413
140	7.570571
141	65.587691
142	9.185608
143	45.828239
144	27.279977
145	16.046022
146	92.321511
147	29.057811
148	78.358585
149	86.892086
150	67.633073
151	66.556167
152	78.890968
153	59.487092
154	59.823427
155	37.025787
156	50.412735
157	9.928683
158	37.995058
159	63.308733
160	66.815414
161	5.687662
162	71.381275
163	2.542942
164	17.100284
165	49.115333
166	31.843108
167	1.712212
168	61.380092
169	65.197489
170	14.378417
171	62.640664
172	26.830264
173	97.217761
174	87.122753
175	12.577681
176	25.878951
177	84.933131
178	51.104243
179	70.656393
180	6.537598
181	9.726581
182	95.813772
183	11.209056
184	5.811744
185	10.454173
186	85.844864
187	42.120209
188	5.959248
189	92.867579
190	8.163459
191	76.341157
192	73.895926
193	54.503587
194	50.741323
195	76.666117
196	79.460439
197	69.981044
198	61.466488
199	49.770638
200	11.259207
201	70.159078
202	27.455808
203	55.237348
204	44.384819
205	30.963411
206	42.665402
207	66.823574
208	49.523158
209	38.867230
210	19.664228
211	34.579932
212	13.371098
213	18.591089
214	4.911392
215	83.579755
216	46.847790
217	1.016504
218	70.838160
219	32.033712
220	87.857445
221	12.572854
222	19.267982
223	72.973287
224	67.215054
225	31.947315
226	90.785647
227	23.401013
228	57.114359
229	42.355355
230	64.594079
231	83.430798
232	3.758264
233	86.073687
234	50.460648
235	52.488057
236	63.475327
237	35.978100
238	96.018600
239	82.080709
240	1.641716
241	28.623061
242	74.740660
243	94.423492
244	77.744778
245	69.333872
246	87.464685
247	83.299353
248	32.999238
249	13.794787
250	63.926863
251	72.067145
252	22.495073
253	31.072783
254	21.479160
255	76.910192
256	95.133748
257	63.962630
258	62.614881
259	47.907255
260	30.290113
261	40.569066
262	98.707788
263	34.233655
264	60.647219
265	75.456950
266	49.160033
267	64.054620
268	42.436577
269	20.692703
270	57.487419
271	22.320973
272	86.088133
273	55.963396
274	59.389962
275	75.644951
276	2.648429
277	47.554256
278	20.666147
279	85.052701
280	9.062809
281	70.592874
282	51.533174
283	92.219729
284	17.512668
285	37.224279
286	46.277636
287	31.859733
288	18.725709
289	68.099031
290	69.204141
291	8.445202
292	16.494943
293	91.347371
294	22.031408
295	87.106698
296	17.531511
297	92.249939
298	78.303418
299	25.582279
300	46.716023
301	81.156240
302	91.555449
303	12.358350
304	58.003200
305	89.669823
306	34.257248
307	89.720064
308	3.337684
309	42.362148
310	92.799704
311	58.709333
312	24.882417
313	23.262107
314	23.996500
315	46.772651
316	28.966554
317	66.100875
318	88.980018
319	6.525169
320	3.212313
321	82.183113
322	38.763610
323	13.569033
324	6.909920
325	9.711477
326	56.886355
327	67.049777
328	43.886236
329	85.938108
330	11.954480
331	97.347514
332	25.269793
333	58.128877
334	2.053202
335	7.339928
336	28.075044
337	93.550589
338	95.389777
339	98.582074
340	91.510584
341	93.265047
342	91.247958
343	3.865043
344	39.639943
345	5.346365
346	15.230967
347	65.782879
348	59.699800
349	6.911439
350	94.300781
351	53.186214
352	76.204638
353	12.349136
354	4.235316
355	65.268743
356	31.884828
357	84.878583
358	25.554253
359	10.856966
360	77.754277
361	89.753412
362	53.938255
363	97.871693
364	67.237496
365	58.407562
366	85.728568
367	60.773949
368	64.073253
369	85.309540
370	50.440215
371	68.713568
372	63.046899
373	19.497368
374	47.988507
375	71.247866
376	31.568463
377	22.954658
378	76.269629
379	60.478941
380	43.970339
381	82.423516
382	76.155392
383	24.615379
384	90.182808
385	4.398493
386	62.719106
387	59.404877
388	60.368097
389	53.233256
390	59.812093
391	37.547413
392	93.295414
393	47.594505
394	58.132218
395	35.334256
396	24.919445
397	57.941109
398	10.161136
399	84.325298
400	4.752103
401	94.414360
402	5.866236
403	37.530749
404	19.246020
405	7.037357
406	89.556821
407	59.102062
408	21.423808
409	58.495475
410	31.617728
411	94.853571
412	53.775581
413	56.720419
414	38.324853
415	61.799880
416	47.891697
417	82.751435
418	6.480180
419	29.311751
420	95.372906
421	50.013410
422	44.960805
423	50.756356
424	8.334257
425	81.728104
426	94.093605
427	63.436725
428	23.533139
429	87.780281
430	82.323221
431	6.467922
432	62.424684
433	71.694504
434	60.533749
435	18.658353
436	43.179338
437	25.663258
438	95.017037
439	61.410783
440	9.465777
441	96.772980
442	94.834500
443	62.149228
444	93.729700
445	67.599063
446	55.506814
447	47.344054
448	81.971146
449	57.748584
450	74.144598
451	61.175378
452	80.464407
453	97.429599
454	70.330702
455	95.691435
456	96.759571
457	19.815727
458	64.846465
459	98.703666
460	42.638315
461	43.173407
462	41.568018
463	52.243167
464	2.542655
465	97.502441
466	79.281838
467	87.893834
468	11.814451
469	70.963764
470	49.223344
471	1.728388
472	68.968350
473	41.761625
474	71.153839
475	7.007311
476	22.648779
477	87.192746
478	83.980290
479	3.671055
480	27.252253
481	19.005268
482	71.434449
483	80.869934
484	29.320702
485	20.570634
486	2.270943
487	93.204745
488	2.684182
489	66.387642
490	83.044389
491	66.573614
492	65.519835
493	55.726841
494	16.197835
495	88.258461
496	64.999859
497	68.021394
498	89.227410
499	14.037095
500	30.608057
501	23.505866
502	21.692870
503	54.090658
504	19.134858
505	56.552852
506	81.869222
507	82.958289
508	34.078188
509	3.378136
510	29.200661
511	73.920778
512	78.243170
513	30.439654
514	76.666148
515	25.819662
516	84.854519
517	81.502059
518	41.791971
519	63.488697
520	51.896992
521	40.425572
522	24.283730
523	84.518441
524	87.028896
525	36.207707
526	27.935025
527	49.802982
528	85.812369
529	39.562888
530	86.769021
531	43.972485
532	12.656721
533	42.985381
534	32.866128
535	94.225141
536	49.192285
537	43.694269
538	88.067067
539	35.808027
540	51.370923
541	57.256481
542	64.873883
543	33.584904
544	47.519988
545	16.294982
546	10.666805
547	68.745280
548	22.777365
549	78.702607
550	70.074734
551	77.934210
552	29.768251
553	25.687991
554	95.069083
555	80.892960
556	35.707043
557	50.117082
558	56.544522
559	58.524489
560	76.247623
561	77.640325
562	69.355424
563	40.742812
564	83.831972
565	94.648217
566	40.130523
567	97.992116
568	22.045398
569	89.934431
570	27.162673
571	53.852995
572	55.973218
573	44.515754
574	71.292138
575	38.230904
576	66.751786
577	48.790958
578	12.030634
579	53.446742
580	94.320235
581	7.911125
582	35.513798
583	44.056373
584	31.623024
585	49.403761
586	99.681272
587	86.024469
588	58.276540
589	23.540350
590	60.072739
591	7.959198
592	20.529504
593	45.048145
594	80.663995
595	8.052810
596	46.360926
597	88.611385
598	48.427428
599	1.608674
600	7.315682
601	86.213527
602	70.483391
603	95.916646
604	94.329903
605	82.479973
606	95.525415
607	66.445034
608	98.113391
609	66.428313
610	13.365653
611	12.153994
612	48.032325
613	90.857724
614	62.905074
615	60.297472
616	10.411670
617	64.377426
618	20.550073
619	2.085252
620	55.304569
621	24.478386
622	51.711385
623	37.149700
624	72.354850
625	89.424133
626	96.241492
627	36.667406
628	52.045722
629	11.119199
630	13.720136
631	39.860265
632	62.533239
633	4.847037
634	35.376303
635	92.757097
636	27.304117
637	42.271966
638	69.923476
639	2.926294
640	98.703506
641	59.752923
642	38.557799
643	74.121993
644	79.432556
645	20.488897
646	2.272031
647	72.357210
648	41.169335
649	51.107301
650	71.591285
651	13.701249
652	80.379937
653	15.264683
654	52.975715
655	3.309830
656	76.145454
657	97.916493
658	93.378145
659	98.057574
660	69.721424
661	81.268368
662	53.332922
663	99.760237
664	29.348916
665	78.191372
666	31.731470
667	8.819478
668	78.619609
669	85.724051
670	63.992843
671	43.015025
672	78.509424
673	39.114624
674	77.136202
675	61.703976
676	49.502755
677	49.773072
678	41.982261
679	57.404561
680	31.524882
681	97.244715
682	82.407077
683	36.388913
684	69.098296
685	72.795272
686	38.183172
687	14.947564
688	31.856051
689	62.298667
690	69.905883
691	86.433346
692	72.081317
693	39.839572
694	60.333020
695	82.203442
696	52.255762
697	45.049303
698	1.528696
699	49.957965
700	59.917762
701	16.999654
702	2.131426
703	95.973813
704	45.559820
705	59.920727
706	56.519128
707	41.517501
708	17.299818
709	37.778468
710	26.825704
711	30.337242
712	7.612109
713	4.425227
714	27.320063
715	85.955036
716	38.588654
717	75.194678
718	28.634759
719	97.726557
720	75.141390
721	97.165871
722	3.652558
723	7.126410
724	74.634927
725	71.019510
726	45.629783
727	48.123788
728	19.550944
729	21.931106
730	85.317930
731	49.274550
732	97.738179
733	15.253854
734	56.226634
735	94.179728
736	98.561352
737	89.575926
738	15.384427
739	84.382838
740	53.664227
741	7.234123
742	98.508778
743	56.764624
744	46.838863
745	61.399364
746	86.911065
747	84.474874
748	72.813814
749	39.523199
750	22.624951
751	2.700458
752	88.797575
753	95.595464
754	73.552805
755	77.350762
756	11.507166
757	44.992900
758	39.596125
759	72.115721
760	31.286253
761	64.960448
762	81.770292
763	23.902996
764	41.252419
765	3.949301
766	90.040669
767	65.156404
768	31.710304
769	80.763163
770	79.355202
771	94.870136
772	49.837989
773	46.041749
774	24.640343
775	28.310336
776	77.507615
777	17.629320
778	23.307723
779	73.875451
780	27.124487
781	27.692939
782	97.593438
783	49.249755
784	83.177158
785	2.482792
786	66.347878
787	81.263291
788	16.649811
789	26.946774
790	25.492805
791	3.723454
792	74.170266
793	46.299497
794	90.830536
795	8.706330
796	71.746628
797	27.490866
798	4.740722
799	46.813596
800	82.421812
801	90.842467
802	26.570284
803	94.255475
804	8.234628
805	53.516286
806	69.766907
807	69.962903
808	20.786313
809	4.020104
810	7.144105
811	36.891786
812	97.954162
813	80.428033
814	86.188409
815	58.797254
816	53.119765
817	4.809949
818	36.362500
819	97.063041
820	68.342047
821	61.927034
822	45.829063
823	65.219107
824	52.284285
825	45.480156
826	52.878101
827	39.288165
828	4.667527
829	27.852820
830	31.296824
831	88.997376
832	62.431919
833	21.978121
834	53.278526
835	89.252689
836	17.927581
837	17.730961
838	37.100488
839	44.091276
840	24.351483
841	67.472836
842	79.639790
843	21.053208
844	77.525654
845	60.642598
846	67.243507
847	12.494426
848	28.473409
849	24.608095
850	90.411223
851	79.583936
852	89.619778
853	55.210693
854	15.384758
855	96.575142
856	40.323934
857	72.931603
858	88.132410
859	75.128674
860	6.355442
861	31.849741
862	56.090314
863	2.719186
864	48.367213
865	20.125746
866	5.687388
867	12.861956
868	46.509631
869	95.656252
870	97.062816
871	19.119096
872	76.608528
873	1.108549
874	18.857947
875	91.895529
876	98.895233
877	3.218782
878	85.332764
879	42.401058
880	68.179294
881	6.834887
882	89.555988
883	2.590796
884	47.117222
885	97.077293
886	25.372506
887	85.736178
888	68.383011
889	37.155513
890	19.738700
891	8.356256
892	10.596652
893	99.111945
894	62.112403
895	33.424694
896	67.106725
897	82.163463
898	25.366612
899	73.260162
900	54.483865
901	57.904204
902	82.718837
903	88.909363
904	29.327654
905	59.377356
906	99.197674
907	2.085714
908	95.138936
909	6.585081
910	65.898270
911	30.698101
912	20.359049
913	20.760366
914	15.798288
915	84.499026
916	37.079154
917	11.734469
918	92.613338
919	50.941041
920	51.113796
921	86.848551
922	61.214141
923	10.696930
924	18.846772
925	74.794134
926	5.990146
927	12.650142
928	32.021707
929	45.995280
930	43.653355
931	97.056914
932	45.838549
933	51.911841
934	45.159759
935	37.487617
936	16.882386
937	61.567690
938	26.810773
939	22.256620
940	52.596222
941	6.376786
942	2.729914
943	71.660129
944	90.833653
945	49.559395
946	43.772226
947	57.994697
948	5.713056
949	43.681426
950	23.423758
951	43.181361
952	90.981338
953	89.415980
954	95.623351
955	6.451165
956	45.076036
957	70.188889
958	76.017067
959	5.865678
960	58.064347
961	89.315602
962	95.446477
963	44.277507
964	76.514430
965	44.457373
966	6.930360
967	94.841962
968	21.602620
969	1.699327
970	43.275415
971	70.671711
972	12.976653
973	52.613928
974	18.561652
975	54.252501
976	24.573955
977	46.402667
978	44.911137
979	11.297366
980	24.177165
981	32.417633
982	45.783626
983	96.798081
984	92.061941
985	31.303574
986	84.874572
987	77.433068
988	86.640793
989	38.849580
990	38.230211
991	50.251234
992	39.961718
993	4.080383
994	75.989767
995	28.559621
996	63.732126
997	33.477735
998	64.070510
999	56.963775
1000	17.150991
;

param: U :=
1	100.000000
2	100.000000
3	100.000000
4	100.000000
5	100.000000
6	100.000000
7	100.000000
8	100.000000
9	100.000000
10	100.000000
11	100.000000
12	100.000000
13	100.000000
14	100.000000
15	100.000000
16	100.000000
17	100.000000
18	100.000000
19	100.000000
20	100.000000
21	100.000000
22	100.000000
23	100.000000
24	100.000000
25	100.000000
26	100.000000
27	100.000000
28	100.000000
29	100.000000
30	100.000000
31	100.000000
32	100.000000
33	100.000000
34	100.000000
35	100.000000
36	100.000000
37	100.000000
38	100.000000
39	100.000000
40	100.000000
41	100.000000
42	100.000000
43	100.000000
44	100.000000
45	100.000000
46	100.000000
47	100.000000
48	100.000000
49	100.000000
50	100.000000
51	100.000000
52	100.000000
53	100.000000
54	100.000000
55	100.000000
56	100.000000
57	100.000000
58	100.000000
59	100.000000
60	100.000000
61	100.000000
62	100.000000
63	100.000000
64	100.000000
65	100.000000
66	100.000000
67	100.000000
68	100.000000
69	100.000000
70	100.000000
71	100.000000
72	100.000000
73	100.000000
74	100.000000
75	100.000000
76	100.000000
77	100.000000
78	100.000000
79	100.000000
80	100.000000
81	100.000000
82	100.000000
83	100.000000
84	100.000000
85	100.000000
86	100.000000
87	100.000000
88	100.000000
89	100.000000
90	100.000000
91	100.000000
92	100.000000
93	100.000000
94	100.000000
95	100.000000
96	100.000000
97	100.000000
98	100.000000
99	100.000000
100	100.000000
101	100.000000
102	100.000000
103	100.000000
104	100.000000
105	100.000000
106	100.000000
107	100.000000
108	100.000000
109	100.000000
110	100.000000
111	100.000000
112	100.000000
113	100.000000
114	100.000000
115	100.000000
116	100.000000
117	100.000000
118	100.000000
119	100.000000
120	100.000000
121	100.000000
122	100.000000
123	100.000000
124	100.000000
125	100.000000
126	100.000000
127	100.000000
128	100.000000
129	100.000000
130	100.000000
131	100.000000
132	100.000000
133	100.000000
134	100.000000
135	100.000000
136	100.000000
137	100.000000
138	100.000000
139	100.000000
140	100.000000
141	100.000000
142	100.000000
143	100.000000
144	100.000000
145	100.000000
146	100.000000
147	100.000000
148	100.000000
149	100.000000
150	100.000000
151	100.000000
152	100.000000
153	100.000000
154	100.000000
155	100.000000
156	100.000000
157	100.000000
158	100.000000
159	100.000000
160	100.000000
161	100.000000
162	100.000000
163	100.000000
164	100.000000
165	100.000000
166	100.000000
167	100.000000
168	100.000000
169	100.000000
170	100.000000
171	100.000000
172	100.000000
173	100.000000
174	100.000000
175	100.000000
176	100.000000
177	100.000000
178	100.000000
179	100.000000
180	100.000000
181	100.000000
182	100.000000
183	100.000000
184	100.000000
185	100.000000
186	100.000000
187	100.000000
188	100.000000
189	100.000000
190	100.000000
191	100.000000
192	100.000000
193	100.000000
194	100.000000
195	100.000000
196	100.000000
197	100.000000
198	100.000000
199	100.000000
200	100.000000
201	100.000000
202	100.000000
203	100.000000
204	100.000000
205	100.000000
206	100.000000
207	100.000000
208	100.000000
209	100.000000
210	100.000000
211	100.000000
212	100.000000
213	100.000000
214	100.000000
215	100.000000
216	100.000000
217	100.000000
218	100.000000
219	100.000000
220	100.000000
221	100.000000
222	100.000000
223	100.000000
224	100.000000
225	100.000000
226	100.000000
227	100.000000
228	100.000000
229	100.000000
230	100.000000
231	100.000000
232	100.000000
233	100.000000
234	100.000000
235	100.000000
236	100.000000
237	100.000000
238	100.000000
239	100.000000
240	100.000000
241	100.000000
242	100.000000
243	100.000000
244	100.000000
245	100.000000
246	100.000000
247	100.000000
248	100.000000
249	100.000000
250	100.000000
251	100.000000
252	100.000000
253	100.000000
254	100.000000
255	100.000000
256	100.000000
257	100.000000
258	100.000000
259	100.000000
260	100.000000
261	100.000000
262	100.000000
263	100.000000
264	100.000000
265	100.000000
266	100.000000
267	100.000000
268	100.000000
269	100.000000
270	100.000000
271	100.000000
272	100.000000
273	100.000000
274	100.000000
275	100.000000
276	100.000000
277	100.000000
278	100.000000
279	100.000000
280	100.000000
281	100.000000
282	100.000000
283	100.000000
284	100.000000
285	100.000000
286	100.000000
287	100.000000
288	100.000000
289	100.000000
290	100.000000
291	100.000000
292	100.000000
293	100.000000
294	100.000000
295	100.000000
296	100.000000
297	100.000000
298	100.000000
299	100.000000
300	100.000000
301	100.000000
302	100.000000
303	100.000000
304	100.000000
305	100.000000
306	100.000000
307	100.000000
308	100.000000
309	100.000000
310	100.000000
311	100.000000
312	100.000000
313	100.000000
314	100.000000
315	100.000000
316	100.000000
317	100.000000
318	100.000000
319	100.000000
320	100.000000
321	100.000000
322	100.000000
323	100.000000
324	100.000000
325	100.000000
326	100.000000
327	100.000000
328	100.000000
329	100.000000
330	100.000000
331	100.000000
332	100.000000
333	100.000000
334	100.000000
335	100.000000
336	100.000000
337	100.000000
338	100.000000
339	100.000000
340	100.000000
341	100.000000
342	100.000000
343	100.000000
344	100.000000
345	100.000000
346	100.000000
347	100.000000
348	100.000000
349	100.000000
350	100.000000
351	100.000000
352	100.000000
353	100.000000
354	100.000000
355	100.000000
356	100.000000
357	100.000000
358	100.000000
359	100.000000
360	100.000000
361	100.000000
362	100.000000
363	100.000000
364	100.000000
365	100.000000
366	100.000000
367	100.000000
368	100.000000
369	100.000000
370	100.000000
371	100.000000
372	100.000000
373	100.000000
374	100.000000
375	100.000000
376	100.000000
377	100.000000
378	100.000000
379	100.000000
380	100.000000
381	100.000000
382	100.000000
383	100.000000
384	100.000000
385	100.000000
386	100.000000
387	100.000000
388	100.000000
389	100.000000
390	100.000000
391	100.000000
392	100.000000
393	100.000000
394	100.000000
395	100.000000
396	100.000000
397	100.000000
398	100.000000
399	100.000000
400	100.000000
401	100.000000
402	100.000000
403	100.000000
404	100.000000
405	100.000000
406	100.000000
407	100.000000
408	100.000000
409	100.000000
410	100.000000
411	100.000000
412	100.000000
413	100.000000
414	100.000000
415	100.000000
416	100.000000
417	100.000000
418	100.000000
419	100.000000
420	100.000000
421	100.000000
422	100.000000
423	100.000000
424	100.000000
425	100.000000
426	100.000000
427	100.000000
428	100.000000
429	100.000000
430	100.000000
431	100.000000
432	100.000000
433	100.000000
434	100.000000
435	100.000000
436	100.000000
437	100.000000
438	100.000000
439	100.000000
440	100.000000
441	100.000000
442	100.000000
443	100.000000
444	100.000000
445	100.000000
446	100.000000
447	100.000000
448	100.000000
449	100.000000
450	100.000000
451	100.000000
452	100.000000
453	100.000000
454	100.000000
455	100.000000
456	100.000000
457	100.000000
458	100.000000
459	100.000000
460	100.000000
461	100.000000
462	100.000000
463	100.000000
464	100.000000
465	100.000000
466	100.000000
467	100.000000
468	100.000000
469	100.000000
470	100.000000
471	100.000000
472	100.000000
473	100.000000
474	100.000000
475	100.000000
476	100.000000
477	100.000000
478	100.000000
479	100.000000
480	100.000000
481	100.000000
482	100.000000
483	100.000000
484	100.000000
485	100.000000
486	100.000000
487	100.000000
488	100.000000
489	100.000000
490	100.000000
491	100.000000
492	100.000000
493	100.000000
494	100.000000
495	100.000000
496	100.000000
497	100.000000
498	100.000000
499	100.000000
500	100.000000
501	100.000000
502	100.000000
503	100.000000
504	100.000000
505	100.000000
506	100.000000
507	100.000000
508	100.000000
509	100.000000
510	100.000000
511	100.000000
512	100.000000
513	100.000000
514	100.000000
515	100.000000
516	100.000000
517	100.000000
518	100.000000
519	100.000000
520	100.000000
521	100.000000
522	100.000000
523	100.000000
524	100.000000
525	100.000000
526	100.000000
527	100.000000
528	100.000000
529	100.000000
530	100.000000
531	100.000000
532	100.000000
533	100.000000
534	100.000000
535	100.000000
536	100.000000
537	100.000000
538	100.000000
539	100.000000
540	100.000000
541	100.000000
542	100.000000
543	100.000000
544	100.000000
545	100.000000
546	100.000000
547	100.000000
548	100.000000
549	100.000000
550	100.000000
551	100.000000
552	100.000000
553	100.000000
554	100.000000
555	100.000000
556	100.000000
557	100.000000
558	100.000000
559	100.000000
560	100.000000
561	100.000000
562	100.000000
563	100.000000
564	100.000000
565	100.000000
566	100.000000
567	100.000000
568	100.000000
569	100.000000
570	100.000000
571	100.000000
572	100.000000
573	100.000000
574	100.000000
575	100.000000
576	100.000000
577	100.000000
578	100.000000
579	100.000000
580	100.000000
581	100.000000
582	100.000000
583	100.000000
584	100.000000
585	100.000000
586	100.000000
587	100.000000
588	100.000000
589	100.000000
590	100.000000
591	100.000000
592	100.000000
593	100.000000
594	100.000000
595	100.000000
596	100.000000
597	100.000000
598	100.000000
599	100.000000
600	100.000000
601	100.000000
602	100.000000
603	100.000000
604	100.000000
605	100.000000
606	100.000000
607	100.000000
608	100.000000
609	100.000000
610	100.000000
611	100.000000
612	100.000000
613	100.000000
614	100.000000
615	100.000000
616	100.000000
617	100.000000
618	100.000000
619	100.000000
620	100.000000
621	100.000000
622	100.000000
623	100.000000
624	100.000000
625	100.000000
626	100.000000
627	100.000000
628	100.000000
629	100.000000
630	100.000000
631	100.000000
632	100.000000
633	100.000000
634	100.000000
635	100.000000
636	100.000000
637	100.000000
638	100.000000
639	100.000000
640	100.000000
641	100.000000
642	100.000000
643	100.000000
644	100.000000
645	100.000000
646	100.000000
647	100.000000
648	100.000000
649	100.000000
650	100.000000
651	100.000000
652	100.000000
653	100.000000
654	100.000000
655	100.000000
656	100.000000
657	100.000000
658	100.000000
659	100.000000
660	100.000000
661	100.000000
662	100.000000
663	100.000000
664	100.000000
665	100.000000
666	100.000000
667	100.000000
668	100.000000
669	100.000000
670	100.000000
671	100.000000
672	100.000000
673	100.000000
674	100.000000
675	100.000000
676	100.000000
677	100.000000
678	100.000000
679	100.000000
680	100.000000
681	100.000000
682	100.000000
683	100.000000
684	100.000000
685	100.000000
686	100.000000
687	100.000000
688	100.000000
689	100.000000
690	100.000000
691	100.000000
692	100.000000
693	100.000000
694	100.000000
695	100.000000
696	100.000000
697	100.000000
698	100.000000
699	100.000000
700	100.000000
701	100.000000
702	100.000000
703	100.000000
704	100.000000
705	100.000000
706	100.000000
707	100.000000
708	100.000000
709	100.000000
710	100.000000
711	100.000000
712	100.000000
713	100.000000
714	100.000000
715	100.000000
716	100.000000
717	100.000000
718	100.000000
719	100.000000
720	100.000000
721	100.000000
722	100.000000
723	100.000000
724	100.000000
725	100.000000
726	100.000000
727	100.000000
728	100.000000
729	100.000000
730	100.000000
731	100.000000
732	100.000000
733	100.000000
734	100.000000
735	100.000000
736	100.000000
737	100.000000
738	100.000000
739	100.000000
740	100.000000
741	100.000000
742	100.000000
743	100.000000
744	100.000000
745	100.000000
746	100.000000
747	100.000000
748	100.000000
749	100.000000
750	100.000000
751	100.000000
752	100.000000
753	100.000000
754	100.000000
755	100.000000
756	100.000000
757	100.000000
758	100.000000
759	100.000000
760	100.000000
761	100.000000
762	100.000000
763	100.000000
764	100.000000
765	100.000000
766	100.000000
767	100.000000
768	100.000000
769	100.000000
770	100.000000
771	100.000000
772	100.000000
773	100.000000
774	100.000000
775	100.000000
776	100.000000
777	100.000000
778	100.000000
779	100.000000
780	100.000000
781	100.000000
782	100.000000
783	100.000000
784	100.000000
785	100.000000
786	100.000000
787	100.000000
788	100.000000
789	100.000000
790	100.000000
791	100.000000
792	100.000000
793	100.000000
794	100.000000
795	100.000000
796	100.000000
797	100.000000
798	100.000000
799	100.000000
800	100.000000
801	100.000000
802	100.000000
803	100.000000
804	100.000000
805	100.000000
806	100.000000
807	100.000000
808	100.000000
809	100.000000
810	100.000000
811	100.000000
812	100.000000
813	100.000000
814	100.000000
815	100.000000
816	100.000000
817	100.000000
818	100.000000
819	100.000000
820	100.000000
821	100.000000
822	100.000000
823	100.000000
824	100.000000
825	100.000000
826	100.000000
827	100.000000
828	100.000000
829	100.000000
830	100.000000
831	100.000000
832	100.000000
833	100.000000
834	100.000000
835	100.000000
836	100.000000
837	100.000000
838	100.000000
839	100.000000
840	100.000000
841	100.000000
842	100.000000
843	100.000000
844	100.000000
845	100.000000
846	100.000000
847	100.000000
848	100.000000
849	100.000000
850	100.000000
851	100.000000
852	100.000000
853	100.000000
854	100.000000
855	100.000000
856	100.000000
857	100.000000
858	100.000000
859	100.000000
860	100.000000
861	100.000000
862	100.000000
863	100.000000
864	100.000000
865	100.000000
866	100.000000
867	100.000000
868	100.000000
869	100.000000
870	100.000000
871	100.000000
872	100.000000
873	100.000000
874	100.000000
875	100.000000
876	100.000000
877	100.000000
878	100.000000
879	100.000000
880	100.000000
881	100.000000
882	100.000000
883	100.000000
884	100.000000
885	100.000000
886	100.000000
887	100.000000
888	100.000000
889	100.000000
890	100.000000
891	100.000000
892	100.000000
893	100.000000
894	100.000000
895	100.000000
896	100.000000
897	100.000000
898	100.000000
899	100.000000
900	100.000000
901	100.000000
902	100.000000
903	100.000000
904	100.000000
905	100.000000
906	100.000000
907	100.000000
908	100.000000
909	100.000000
910	100.000000
911	100.000000
912	100.000000
913	100.000000
914	100.000000
915	100.000000
916	100.000000
917	100.000000
918	100.000000
919	100.000000
920	100.000000
921	100.000000
922	100.000000
923	100.000000
924	100.000000
925	100.000000
926	100.000000
927	100.000000
928	100.000000
929	100.000000
930	100.000000
931	100.000000
932	100.000000
933	100.000000
934	100.000000
935	100.000000
936	100.000000
937	100.000000
938	100.000000
939	100.000000
940	100.000000
941	100.000000
942	100.000000
943	100.000000
944	100.000000
945	100.000000
946	100.000000
947	100.000000
948	100.000000
949	100.000000
950	100.000000
951	100.000000
952	100.000000
953	100.000000
954	100.000000
955	100.000000
956	100.000000
957	100.000000
958	100.000000
959	100.000000
960	100.000000
961	100.000000
962	100.000000
963	100.000000
964	100.000000
965	100.000000
966	100.000000
967	100.000000
968	100.000000
969	100.000000
970	100.000000
971	100.000000
972	100.000000
973	100.000000
974	100.000000
975	100.000000
976	100.000000
977	100.000000
978	100.000000
979	100.000000
980	100.000000
981	100.000000
982	100.000000
983	100.000000
984	100.000000
985	100.000000
986	100.000000
987	100.000000
988	100.000000
989	100.000000
990	100.000000
991	100.000000
992	100.000000
993	100.000000
994	100.000000
995	100.000000
996	100.000000
997	100.000000
998	100.000000
999	100.000000
1000	100.000000
;

