# seed = 1254829604

param N := 500;

param M := 5;

param Umax := 100.000000;

param: C :=
1	227051.000000
2	304311.000000
3	249477.000000
4	291059.000000
5	248152.000000
;

param: a :=
1	0.125660
2	0.109737
3	0.102724
4	0.186238
5	0.183992
6	0.162013
7	0.141341
8	0.190904
9	0.148438
10	0.151967
11	0.126247
12	0.174682
13	0.190640
14	0.159747
15	0.186745
16	0.196336
17	0.144461
18	0.144307
19	0.172967
20	0.130958
21	0.156362
22	0.125353
23	0.146240
24	0.136467
25	0.189951
26	0.163055
27	0.180157
28	0.131371
29	0.116330
30	0.153849
31	0.113258
32	0.189160
33	0.168134
34	0.113066
35	0.102949
36	0.140179
37	0.139062
38	0.163290
39	0.112648
40	0.134087
41	0.112778
42	0.185874
43	0.192758
44	0.170602
45	0.186731
46	0.136623
47	0.195507
48	0.116372
49	0.145713
50	0.193152
51	0.127575
52	0.118324
53	0.122597
54	0.120817
55	0.161694
56	0.158202
57	0.165447
58	0.141265
59	0.110559
60	0.150933
61	0.189962
62	0.156465
63	0.114319
64	0.186980
65	0.188387
66	0.136580
67	0.184036
68	0.190581
69	0.140693
70	0.106243
71	0.102591
72	0.141163
73	0.188715
74	0.128062
75	0.114268
76	0.199949
77	0.103047
78	0.182923
79	0.112176
80	0.174751
81	0.172556
82	0.183525
83	0.195626
84	0.107850
85	0.125390
86	0.115509
87	0.167242
88	0.135930
89	0.119299
90	0.110660
91	0.179608
92	0.109392
93	0.167830
94	0.134255
95	0.150204
96	0.114000
97	0.106579
98	0.114487
99	0.180166
100	0.130441
101	0.139530
102	0.150524
103	0.175921
104	0.196281
105	0.158443
106	0.101774
107	0.168332
108	0.164714
109	0.152344
110	0.166027
111	0.191506
112	0.107135
113	0.193969
114	0.193651
115	0.109269
116	0.122537
117	0.152288
118	0.198858
119	0.124866
120	0.148922
121	0.102936
122	0.134450
123	0.134792
124	0.140980
125	0.165821
126	0.149133
127	0.147564
128	0.163354
129	0.190983
130	0.161420
131	0.162045
132	0.159743
133	0.185658
134	0.198312
135	0.166091
136	0.134829
137	0.159901
138	0.170628
139	0.155435
140	0.148781
141	0.181715
142	0.193415
143	0.193473
144	0.160055
145	0.185290
146	0.184171
147	0.151326
148	0.111937
149	0.165749
150	0.142775
151	0.181360
152	0.146134
153	0.147576
154	0.145580
155	0.110821
156	0.140444
157	0.123732
158	0.198708
159	0.131451
160	0.102017
161	0.157694
162	0.150141
163	0.129743
164	0.152371
165	0.197785
166	0.127257
167	0.172356
168	0.121879
169	0.188573
170	0.197157
171	0.112915
172	0.189399
173	0.189584
174	0.131141
175	0.161940
176	0.132981
177	0.120031
178	0.187978
179	0.145779
180	0.194556
181	0.188068
182	0.125708
183	0.136174
184	0.165126
185	0.118437
186	0.134808
187	0.190171
188	0.124646
189	0.138763
190	0.150317
191	0.147423
192	0.150983
193	0.165420
194	0.191546
195	0.182752
196	0.167302
197	0.138248
198	0.198877
199	0.100334
200	0.132591
201	0.146361
202	0.164791
203	0.187335
204	0.109568
205	0.142088
206	0.170758
207	0.101947
208	0.138832
209	0.127049
210	0.162924
211	0.164446
212	0.164628
213	0.162029
214	0.186215
215	0.163446
216	0.111298
217	0.104110
218	0.178678
219	0.111967
220	0.175748
221	0.133298
222	0.125713
223	0.158578
224	0.177439
225	0.160948
226	0.144864
227	0.135650
228	0.195166
229	0.166718
230	0.185099
231	0.114038
232	0.160107
233	0.133370
234	0.192178
235	0.176488
236	0.144179
237	0.183720
238	0.108668
239	0.177520
240	0.189553
241	0.114270
242	0.136446
243	0.162112
244	0.167383
245	0.141797
246	0.135746
247	0.127170
248	0.176110
249	0.106666
250	0.139967
251	0.105758
252	0.164475
253	0.122428
254	0.114417
255	0.159993
256	0.174487
257	0.129526
258	0.104463
259	0.177175
260	0.154470
261	0.182252
262	0.196630
263	0.114378
264	0.116849
265	0.158814
266	0.125322
267	0.118986
268	0.114847
269	0.117687
270	0.127283
271	0.198605
272	0.102077
273	0.130147
274	0.198587
275	0.147537
276	0.118066
277	0.107017
278	0.105193
279	0.113809
280	0.118996
281	0.170126
282	0.100940
283	0.157572
284	0.175908
285	0.160826
286	0.194264
287	0.112377
288	0.123014
289	0.139689
290	0.129338
291	0.191310
292	0.170527
293	0.125074
294	0.127639
295	0.153964
296	0.186817
297	0.130945
298	0.123767
299	0.129535
300	0.163152
301	0.191487
302	0.164778
303	0.181739
304	0.112272
305	0.170723
306	0.173481
307	0.116207
308	0.163323
309	0.170197
310	0.108630
311	0.109852
312	0.149357
313	0.178948
314	0.192264
315	0.130190
316	0.165084
317	0.198872
318	0.139332
319	0.104761
320	0.166380
321	0.180024
322	0.108374
323	0.131008
324	0.179779
325	0.177155
326	0.176372
327	0.151721
328	0.190954
329	0.125681
330	0.117483
331	0.105806
332	0.139870
333	0.199937
334	0.169526
335	0.152614
336	0.180469
337	0.170309
338	0.142009
339	0.154681
340	0.198460
341	0.105094
342	0.140568
343	0.198302
344	0.115416
345	0.183727
346	0.138224
347	0.101533
348	0.137969
349	0.105372
350	0.160679
351	0.105906
352	0.135881
353	0.179985
354	0.153506
355	0.126166
356	0.138495
357	0.133819
358	0.199913
359	0.150099
360	0.146571
361	0.107168
362	0.150296
363	0.120664
364	0.129110
365	0.168323
366	0.172770
367	0.127604
368	0.102318
369	0.143097
370	0.102861
371	0.103664
372	0.144236
373	0.117902
374	0.101656
375	0.149149
376	0.116537
377	0.100913
378	0.106605
379	0.136676
380	0.165481
381	0.168381
382	0.166345
383	0.161413
384	0.149369
385	0.145593
386	0.110113
387	0.179524
388	0.152560
389	0.134616
390	0.165911
391	0.139222
392	0.172007
393	0.171574
394	0.152357
395	0.130460
396	0.109762
397	0.145050
398	0.115583
399	0.158755
400	0.145802
401	0.139115
402	0.197282
403	0.171891
404	0.101938
405	0.184223
406	0.156827
407	0.174033
408	0.166444
409	0.107820
410	0.122366
411	0.169296
412	0.179666
413	0.138836
414	0.110422
415	0.185608
416	0.176105
417	0.169326
418	0.198078
419	0.159282
420	0.172438
421	0.190388
422	0.189713
423	0.184314
424	0.188968
425	0.187031
426	0.199342
427	0.147250
428	0.122309
429	0.147388
430	0.101196
431	0.180070
432	0.127753
433	0.195821
434	0.100608
435	0.114503
436	0.113160
437	0.139218
438	0.129671
439	0.176662
440	0.122052
441	0.142687
442	0.185943
443	0.180216
444	0.147674
445	0.131220
446	0.193284
447	0.110132
448	0.183323
449	0.170596
450	0.195216
451	0.105194
452	0.182664
453	0.151289
454	0.169362
455	0.152005
456	0.156013
457	0.160055
458	0.131432
459	0.170712
460	0.171425
461	0.105689
462	0.150576
463	0.135283
464	0.107544
465	0.164784
466	0.163392
467	0.121078
468	0.121151
469	0.101569
470	0.150899
471	0.176778
472	0.135539
473	0.117888
474	0.102395
475	0.141485
476	0.131278
477	0.141248
478	0.130036
479	0.115451
480	0.194930
481	0.120447
482	0.140469
483	0.139515
484	0.112016
485	0.193769
486	0.131137
487	0.157260
488	0.135898
489	0.121193
490	0.136560
491	0.155076
492	0.164218
493	0.130630
494	0.148279
495	0.160409
496	0.172480
497	0.177718
498	0.133128
499	0.124697
500	0.186677
;

param: b :=
1	49.528362
2	0.620124
3	13.925390
4	44.519360
5	22.435378
6	28.608447
7	39.371561
8	35.642387
9	59.064704
10	21.402026
11	26.513449
12	46.789282
13	28.533473
14	67.132153
15	68.679815
16	49.300600
17	80.900460
18	60.793496
19	89.527995
20	32.587312
21	7.784241
22	35.235699
23	95.059718
24	8.882922
25	21.900484
26	97.429047
27	52.305382
28	27.019225
29	32.028814
30	23.586277
31	85.765130
32	73.611762
33	96.645379
34	25.756960
35	55.836532
36	29.475472
37	58.924088
38	22.641895
39	81.088742
40	47.574515
41	62.366940
42	96.531061
43	91.477840
44	67.103419
45	26.342465
46	56.594027
47	50.632526
48	24.298160
49	76.599581
50	17.436266
51	27.484147
52	25.344624
53	22.256865
54	17.348701
55	70.045483
56	23.037347
57	33.292747
58	41.244518
59	70.447443
60	45.207313
61	97.605918
62	25.953982
63	56.227820
64	46.858770
65	44.897799
66	29.571264
67	15.314963
68	80.085867
69	55.429485
70	92.637350
71	15.022070
72	4.327490
73	39.693971
74	42.385818
75	77.775633
76	47.604869
77	10.421117
78	16.083905
79	94.869694
80	85.232963
81	32.419357
82	11.430353
83	62.642504
84	67.810912
85	2.522089
86	11.577364
87	77.125819
88	50.857815
89	52.943009
90	56.830611
91	89.697171
92	63.951961
93	21.559849
94	65.908595
95	53.591590
96	33.959241
97	99.249466
98	65.670050
99	20.417780
100	60.067849
101	20.395720
102	29.697869
103	16.506345
104	78.371747
105	88.090820
106	30.431472
107	57.608492
108	66.809135
109	18.290178
110	97.214863
111	62.924070
112	44.657172
113	49.438561
114	79.702533
115	48.999894
116	68.538048
117	74.589520
118	52.654125
119	86.173573
120	38.860853
121	90.723217
122	65.834295
123	33.886596
124	69.593653
125	27.976352
126	97.941620
127	32.933421
128	66.529549
129	59.917992
130	55.470277
131	59.301004
132	59.149841
133	19.354168
134	19.131531
135	31.360169
136	9.525710
137	97.121231
138	6.201804
139	62.547960
140	75.827720
141	32.835251
142	20.719648
143	54.637120
144	26.407380
145	81.777543
146	31.416876
147	3.342884
148	92.306508
149	95.875806
150	78.720851
151	35.361980
152	31.375722
153	32.581461
154	90.509210
155	21.282034
156	95.275952
157	99.866757
158	56.707425
159	95.699780
160	33.377777
161	36.617546
162	86.925863
163	92.542044
164	9.161376
165	62.269786
166	70.346642
167	49.732036
168	32.690069
169	36.015936
170	46.243095
171	54.765132
172	93.156969
173	45.200557
174	44.223192
175	2.853842
176	53.138663
177	1.526631
178	48.761132
179	71.004039
180	11.847461
181	16.935115
182	7.561661
183	88.707867
184	89.035550
185	71.488870
186	79.798348
187	60.447658
188	44.862143
189	86.874664
190	1.588895
191	65.584917
192	23.690158
193	5.196415
194	41.794278
195	72.898125
196	35.316254
197	91.691993
198	88.018987
199	94.922651
200	48.397007
201	84.554871
202	93.032496
203	13.989077
204	34.261287
205	14.166442
206	82.919926
207	70.984595
208	22.168734
209	31.036685
210	65.611080
211	44.056516
212	93.891487
213	85.989985
214	70.138367
215	3.012495
216	38.267913
217	76.426573
218	62.347763
219	18.012264
220	87.681650
221	4.730251
222	89.472440
223	54.489681
224	21.548807
225	82.857018
226	69.076543
227	97.618215
228	28.019735
229	72.086348
230	22.035930
231	60.603961
232	54.446574
233	67.761765
234	43.627008
235	24.161135
236	94.475290
237	94.722711
238	19.610468
239	65.046544
240	86.083339
241	64.129050
242	87.669840
243	10.960151
244	25.515291
245	3.654632
246	50.833809
247	7.150964
248	31.303573
249	6.203270
250	37.125984
251	71.838316
252	63.742695
253	75.288275
254	1.142292
255	59.395526
256	69.463911
257	28.811636
258	60.916820
259	10.844271
260	55.366284
261	15.911991
262	8.176040
263	92.420411
264	90.184891
265	14.574706
266	97.607025
267	44.592996
268	83.106468
269	44.097003
270	94.577923
271	35.875964
272	13.371864
273	31.952711
274	14.431192
275	2.732336
276	13.241737
277	36.674470
278	55.646444
279	11.960252
280	32.702039
281	68.068322
282	76.439539
283	82.996030
284	88.945100
285	27.813500
286	80.387333
287	90.366231
288	33.797013
289	47.854446
290	66.780545
291	82.375668
292	68.293196
293	77.534282
294	17.074352
295	92.506934
296	76.074204
297	98.679103
298	10.070154
299	72.995676
300	36.073238
301	61.304553
302	33.515630
303	45.882495
304	85.506625
305	82.808314
306	86.637011
307	49.098502
308	62.383642
309	29.177240
310	22.032416
311	74.848925
312	89.757066
313	92.879713
314	97.552772
315	91.772825
316	62.023895
317	51.359432
318	6.342707
319	3.250585
320	93.491719
321	49.440028
322	19.276314
323	30.811119
324	11.338408
325	41.933155
326	19.430155
327	91.429397
328	66.934974
329	86.819923
330	17.603801
331	88.777343
332	21.069440
333	28.243798
334	79.010753
335	60.104619
336	99.782578
337	56.439416
338	6.887902
339	3.203713
340	48.110839
341	4.814176
342	7.206014
343	26.410006
344	40.493493
345	92.303065
346	93.841328
347	13.589714
348	84.739787
349	23.167801
350	35.067450
351	44.721045
352	91.093858
353	56.413283
354	68.809683
355	6.410906
356	54.095404
357	6.546309
358	34.692877
359	13.842245
360	16.784089
361	58.062026
362	62.507008
363	45.245308
364	80.388073
365	29.718591
366	60.880723
367	93.430292
368	2.132981
369	28.555777
370	41.900586
371	49.934743
372	4.521542
373	81.620002
374	71.058495
375	24.701534
376	10.814512
377	9.619070
378	96.387133
379	49.631630
380	22.546041
381	50.219499
382	92.424035
383	46.650496
384	10.379056
385	31.936776
386	43.097074
387	67.925089
388	74.720958
389	82.960005
390	91.982854
391	6.693191
392	41.075465
393	26.903945
394	18.521363
395	23.209153
396	63.479809
397	46.097392
398	36.237595
399	14.564114
400	19.655937
401	86.262698
402	71.905693
403	0.137515
404	18.747697
405	78.828475
406	40.546749
407	94.989591
408	2.772995
409	85.646417
410	34.636650
411	7.194586
412	2.424971
413	19.482745
414	87.892318
415	47.280451
416	65.972072
417	52.959962
418	82.531166
419	79.399707
420	22.992779
421	85.792718
422	53.786570
423	73.653752
424	78.529956
425	49.232598
426	6.932458
427	78.469887
428	46.696143
429	1.994002
430	26.766661
431	47.276667
432	77.905012
433	59.799239
434	11.040062
435	57.934996
436	40.377185
437	54.206602
438	32.920879
439	14.195807
440	21.727517
441	0.034439
442	86.560715
443	47.660771
444	57.786448
445	35.011106
446	58.541815
447	49.937864
448	86.283633
449	43.131105
450	33.174157
451	12.184664
452	88.835095
453	70.653843
454	78.719686
455	49.857946
456	89.608461
457	90.239905
458	69.254150
459	89.936999
460	86.098703
461	80.708190
462	46.467618
463	79.164229
464	49.473058
465	52.882683
466	36.639190
467	33.133667
468	86.872528
469	21.143327
470	30.867090
471	50.691941
472	18.228051
473	12.334735
474	85.089611
475	74.020925
476	77.529629
477	96.713349
478	42.707654
479	0.468915
480	96.653045
481	71.918127
482	43.818268
483	9.928217
484	83.679820
485	97.244955
486	34.998106
487	1.080911
488	40.854711
489	51.491038
490	93.675998
491	90.132766
492	52.942903
493	9.633614
494	3.878163
495	26.911858
496	16.430933
497	16.371643
498	14.650288
499	28.957824
500	7.634042
;

param: c :=
1	84.564497
2	65.437304
3	86.726130
4	90.554093
5	58.529627
6	12.510865
7	85.588174
8	60.494763
9	10.588739
10	58.317456
11	41.650695
12	54.580405
13	99.872626
14	90.081239
15	82.537922
16	25.245757
17	18.335414
18	12.466356
19	76.519562
20	32.888541
21	21.509155
22	54.418170
23	70.789633
24	41.964983
25	97.298695
26	27.327843
27	26.252940
28	26.440763
29	72.677587
30	5.487285
31	94.419823
32	49.664810
33	21.860768
34	25.330942
35	43.574454
36	66.542378
37	11.054659
38	43.092530
39	35.775471
40	1.232151
41	42.917642
42	67.468809
43	1.121251
44	47.601276
45	61.147392
46	8.425663
47	78.379097
48	3.515832
49	68.192122
50	47.515997
51	57.473279
52	6.585013
53	13.831886
54	84.979441
55	77.789525
56	34.315996
57	91.274274
58	47.359412
59	90.251473
60	88.772411
61	39.585284
62	50.529110
63	64.964829
64	20.392428
65	65.156486
66	14.495769
67	63.089377
68	9.020824
69	27.094696
70	7.881764
71	71.874177
72	23.231842
73	44.995061
74	43.400690
75	38.925551
76	76.070718
77	89.261972
78	82.495900
79	11.436277
80	89.060190
81	0.091323
82	21.386488
83	29.681779
84	53.647681
85	68.835000
86	44.926111
87	62.148511
88	0.037979
89	73.095727
90	5.642283
91	49.698789
92	38.100798
93	45.647342
94	39.750788
95	76.168223
96	59.402622
97	87.963595
98	11.644015
99	41.547947
100	16.304839
101	47.952388
102	77.654698
103	48.589212
104	38.454507
105	51.377355
106	73.971550
107	21.018900
108	3.004638
109	93.242501
110	60.546642
111	93.230964
112	93.346094
113	20.344104
114	32.532432
115	40.361766
116	47.148353
117	35.943582
118	62.130265
119	83.198901
120	80.864281
121	84.516256
122	61.772354
123	23.507118
124	32.060182
125	47.971524
126	12.047185
127	70.119466
128	42.065350
129	82.014243
130	0.247095
131	86.557104
132	6.262045
133	22.080815
134	17.963520
135	4.175649
136	1.320512
137	62.307196
138	66.287642
139	97.346594
140	37.457251
141	47.565109
142	90.466371
143	52.917064
144	7.297292
145	65.845006
146	35.121113
147	30.996211
148	9.953089
149	41.679484
150	78.062944
151	86.840901
152	49.415167
153	56.346582
154	23.779132
155	88.788259
156	18.668872
157	80.710196
158	78.447474
159	70.544293
160	64.781328
161	10.192922
162	84.394478
163	5.299387
164	59.822599
165	52.984810
166	83.445317
167	32.760238
168	83.139938
169	94.041926
170	55.630202
171	39.331495
172	93.441498
173	34.927260
174	60.439753
175	86.512371
176	42.968892
177	64.883495
178	60.583642
179	66.806042
180	37.571659
181	28.982577
182	26.055340
183	97.699690
184	96.831096
185	41.459439
186	64.042457
187	51.728943
188	42.589782
189	2.247277
190	76.967413
191	98.787770
192	30.625888
193	56.517380
194	69.212327
195	79.369903
196	10.949552
197	48.049508
198	4.264403
199	8.240624
200	53.865587
201	55.430416
202	4.870139
203	28.993669
204	39.044285
205	58.686873
206	19.414954
207	69.277931
208	89.747821
209	11.898437
210	0.682210
211	93.609839
212	77.305560
213	89.499852
214	65.536379
215	44.877007
216	24.666741
217	84.292450
218	93.451365
219	32.380487
220	19.457182
221	66.657143
222	18.342340
223	77.879153
224	14.557420
225	95.544715
226	72.005141
227	15.091306
228	65.265165
229	32.888960
230	36.505879
231	75.783343
232	23.008914
233	16.385500
234	98.088433
235	29.221430
236	90.793964
237	54.735290
238	58.752329
239	19.484208
240	57.134827
241	67.687863
242	67.981011
243	63.076932
244	90.074252
245	22.238410
246	83.643084
247	2.604197
248	38.312143
249	69.503585
250	48.566190
251	66.915633
252	83.953028
253	63.774716
254	1.449524
255	51.436492
256	66.264807
257	71.343848
258	20.550798
259	84.323559
260	37.018936
261	67.490972
262	14.872444
263	60.041257
264	49.778673
265	89.445258
266	10.890254
267	69.438048
268	86.457686
269	38.421481
270	20.003718
271	46.552786
272	76.620504
273	20.305698
274	1.535851
275	88.247220
276	75.038823
277	26.179708
278	38.096296
279	0.566166
280	25.976054
281	20.479405
282	67.268461
283	51.183774
284	92.212162
285	82.719043
286	94.630235
287	68.987055
288	25.179261
289	92.772171
290	20.551458
291	8.598547
292	24.154784
293	78.899386
294	44.188004
295	55.211039
296	50.159817
297	79.999923
298	41.001589
299	52.761414
300	84.130601
301	81.398541
302	84.115073
303	39.563587
304	95.496060
305	6.424459
306	27.315681
307	55.281972
308	29.312364
309	23.203767
310	76.423116
311	58.114300
312	84.970542
313	96.466877
314	52.869184
315	74.167925
316	23.565677
317	40.998552
318	57.392856
319	75.894846
320	35.033289
321	6.840519
322	64.858145
323	12.143278
324	94.139790
325	38.891617
326	36.652980
327	88.119755
328	64.897609
329	29.685550
330	70.164655
331	96.708880
332	61.257266
333	23.904260
334	53.739966
335	21.642826
336	15.533153
337	0.182342
338	22.206161
339	11.654822
340	70.271213
341	42.638622
342	86.896699
343	14.279159
344	0.315667
345	46.963925
346	18.999188
347	50.855283
348	47.532669
349	67.250921
350	62.145334
351	64.992556
352	33.943887
353	13.179170
354	85.324882
355	16.843587
356	61.129926
357	59.810804
358	50.509638
359	45.986251
360	13.492207
361	24.233489
362	5.574148
363	69.694078
364	78.750157
365	28.087568
366	9.780945
367	50.838978
368	79.948880
369	58.804180
370	89.418559
371	51.238674
372	25.124843
373	84.214133
374	35.590000
375	7.506142
376	79.392847
377	42.360872
378	45.892062
379	32.023609
380	89.430899
381	28.852460
382	68.987063
383	7.998292
384	95.189232
385	91.740522
386	75.372853
387	94.387200
388	36.236529
389	67.109021
390	97.113126
391	19.180503
392	27.406712
393	8.544378
394	10.001141
395	23.028180
396	57.806050
397	31.273352
398	18.135397
399	10.521707
400	99.047089
401	31.458492
402	47.311195
403	24.878461
404	0.605390
405	76.301512
406	65.783476
407	82.612479
408	29.038729
409	57.998248
410	7.558822
411	33.538914
412	42.486194
413	53.288890
414	27.747046
415	87.293795
416	14.615359
417	96.138093
418	0.982666
419	47.463840
420	88.740477
421	9.733885
422	95.370818
423	90.410273
424	59.049630
425	98.493395
426	84.796231
427	92.910114
428	9.938108
429	24.677847
430	60.976376
431	65.949892
432	88.703691
433	44.456931
434	63.478931
435	30.713742
436	22.500349
437	47.899794
438	10.675073
439	5.269693
440	13.967071
441	90.209090
442	79.592499
443	14.903856
444	85.749186
445	90.356974
446	77.857671
447	44.107666
448	9.899132
449	42.387532
450	29.032972
451	26.534253
452	7.215812
453	46.024012
454	57.278330
455	84.766269
456	68.532344
457	82.758150
458	74.626114
459	0.430071
460	64.053391
461	15.218209
462	64.709275
463	21.753289
464	35.008122
465	78.058017
466	55.717660
467	46.050479
468	70.056110
469	85.145497
470	88.657295
471	65.920194
472	52.545552
473	78.806830
474	35.503396
475	92.093504
476	28.210798
477	14.129161
478	69.777729
479	46.299200
480	49.496845
481	43.125402
482	76.077917
483	60.466654
484	59.804373
485	66.729810
486	88.155723
487	37.349697
488	57.439706
489	19.462835
490	88.815156
491	72.715015
492	65.198911
493	34.657703
494	50.873925
495	67.345102
496	2.247521
497	2.927627
498	91.120406
499	76.657317
500	0.816165
;

param: d :=
1	-79.496922
2	-38.979037
3	-45.266608
4	-2.186709
5	-0.541491
6	-86.288217
7	-74.094622
8	-43.658935
9	-64.836083
10	-57.478635
11	-15.223387
12	-12.807408
13	-23.771608
14	-79.757972
15	-2.666672
16	-45.346526
17	-13.888231
18	-1.112222
19	-27.159953
20	-78.960348
21	-61.100318
22	-49.401356
23	-35.424451
24	-51.066937
25	-33.529366
26	-4.056377
27	-98.333662
28	-14.211321
29	-12.880430
30	-4.185942
31	-89.443320
32	-83.511803
33	-5.613550
34	-60.493405
35	-24.373603
36	-54.333898
37	-66.518459
38	-87.044768
39	-65.491317
40	-40.581870
41	-43.647756
42	-47.583878
43	-96.187003
44	-86.305451
45	-77.493161
46	-62.145265
47	-61.575584
48	-16.158757
49	-53.165753
50	-59.247221
51	-11.277960
52	-73.249909
53	-99.023733
54	-75.667512
55	-70.114156
56	-94.281901
57	-77.079910
58	-52.149727
59	-75.609343
60	-64.087805
61	-32.248121
62	-9.218991
63	-94.406490
64	-65.660972
65	-21.361491
66	-74.647392
67	-76.379147
68	-58.889751
69	-94.342266
70	-73.364966
71	-32.252707
72	-44.341599
73	-48.195322
74	-62.917273
75	-58.637738
76	-92.169690
77	-25.078728
78	-93.845607
79	-42.828940
80	-81.848209
81	-88.518193
82	-40.404592
83	-15.111638
84	-9.653910
85	-63.173736
86	-95.430437
87	-32.666876
88	-42.683381
89	-51.019579
90	-35.692816
91	-51.557412
92	-45.681952
93	-70.021536
94	-65.707052
95	-76.700262
96	-80.358123
97	-43.721888
98	-47.412172
99	-74.187119
100	-29.808291
101	-84.301724
102	-90.072978
103	-36.115283
104	-92.074719
105	-0.009448
106	-81.921561
107	-83.715265
108	-57.630945
109	-99.066404
110	-95.518535
111	-57.116427
112	-18.893786
113	-85.011825
114	-3.344490
115	-97.488911
116	-16.916697
117	-54.480539
118	-7.795702
119	-54.790019
120	-18.545371
121	-56.702366
122	-18.401901
123	-29.264551
124	-96.889525
125	-50.980578
126	-70.002448
127	-67.920197
128	-74.873874
129	-85.509934
130	-6.519518
131	-89.983430
132	-28.209379
133	-44.222241
134	-59.622780
135	-51.894590
136	-64.923815
137	-53.541632
138	-23.110334
139	-22.484150
140	-33.255916
141	-14.109443
142	-5.264144
143	-44.220242
144	-73.657493
145	-17.363689
146	-78.372024
147	-1.108837
148	-97.596757
149	-81.334014
150	-49.927737
151	-52.795004
152	-18.744593
153	-21.427662
154	-44.466888
155	-47.499020
156	-81.493233
157	-89.426869
158	-51.876347
159	-12.202246
160	-74.203950
161	-53.517960
162	-31.190186
163	-89.547110
164	-69.181386
165	-31.670275
166	-7.961745
167	-17.450873
168	-93.726757
169	-6.128045
170	-43.020300
171	-34.099958
172	-27.155648
173	-77.655572
174	-85.718726
175	-44.018438
176	-11.388601
177	-40.637904
178	-18.580151
179	-19.293874
180	-45.004521
181	-25.419536
182	-31.322734
183	-98.942801
184	-74.289996
185	-14.757378
186	-27.620435
187	-80.846231
188	-49.299039
189	-63.537468
190	-52.851663
191	-11.117748
192	-84.974777
193	-82.851342
194	-65.864716
195	-15.000986
196	-55.730820
197	-62.963779
198	-70.497064
199	-43.148495
200	-98.196866
201	-74.269271
202	-24.259374
203	-64.615761
204	-86.167683
205	-49.670882
206	-75.376231
207	-42.622339
208	-56.298045
209	-43.956834
210	-98.031979
211	-76.866695
212	-15.957260
213	-68.693449
214	-24.037002
215	-24.655823
216	-88.019860
217	-2.280023
218	-44.016356
219	-98.533526
220	-58.715488
221	-21.825490
222	-49.620456
223	-57.129276
224	-29.109604
225	-6.671590
226	-35.679289
227	-97.693068
228	-86.491926
229	-55.403101
230	-0.343962
231	-90.416955
232	-67.888024
233	-51.538726
234	-42.556611
235	-90.623328
236	-19.315619
237	-40.496367
238	-68.323424
239	-6.094886
240	-12.358662
241	-56.508662
242	-72.760139
243	-83.152371
244	-73.864983
245	-38.719097
246	-7.118944
247	-5.142324
248	-55.909070
249	-30.256703
250	-69.958379
251	-72.003534
252	-51.881537
253	-74.967627
254	-47.270838
255	-70.503458
256	-76.946420
257	-3.558558
258	-11.583905
259	-59.050735
260	-44.080967
261	-66.311350
262	-37.105397
263	-14.278176
264	-62.599843
265	-56.862485
266	-37.659162
267	-13.523328
268	-70.280974
269	-22.271436
270	-22.937993
271	-11.950038
272	-87.032989
273	-0.415390
274	-14.954971
275	-14.041597
276	-61.930235
277	-46.430312
278	-18.186309
279	-65.885304
280	-79.468599
281	-41.626508
282	-24.020872
283	-16.248087
284	-85.995498
285	-38.608217
286	-79.760041
287	-67.143291
288	-9.717759
289	-9.127661
290	-78.449949
291	-25.970709
292	-34.843022
293	-5.939427
294	-47.181631
295	-53.263684
296	-92.631145
297	-60.456589
298	-52.077842
299	-91.565870
300	-92.659592
301	-53.301767
302	-85.062370
303	-38.260749
304	-46.726430
305	-76.515394
306	-42.388692
307	-2.394171
308	-52.562087
309	-90.239564
310	-95.874268
311	-83.723641
312	-23.327575
313	-65.770068
314	-78.424024
315	-46.605777
316	-58.492468
317	-43.014037
318	-75.697375
319	-98.771893
320	-80.750428
321	-45.808102
322	-68.060544
323	-27.993675
324	-62.828076
325	-46.950232
326	-88.594577
327	-41.438806
328	-44.187850
329	-62.175267
330	-88.377578
331	-55.302695
332	-23.476877
333	-11.943252
334	-65.576836
335	-17.700055
336	-49.366272
337	-32.982241
338	-96.733281
339	-21.414716
340	-47.800220
341	-73.263059
342	-43.898872
343	-1.515960
344	-62.377959
345	-4.618486
346	-91.504402
347	-55.828187
348	-75.133897
349	-80.348430
350	-39.005646
351	-47.130528
352	-45.119908
353	-69.159721
354	-98.961506
355	-6.583282
356	-99.359238
357	-1.188027
358	-66.142750
359	-36.721736
360	-68.103771
361	-75.988420
362	-88.574109
363	-19.525290
364	-20.380503
365	-85.690623
366	-13.737701
367	-48.162983
368	-92.108130
369	-87.209273
370	-18.388383
371	-68.248550
372	-45.983526
373	-31.259227
374	-18.395115
375	-92.046948
376	-94.044812
377	-47.848397
378	-68.270165
379	-79.109964
380	-98.929373
381	-24.112594
382	-54.262433
383	-96.225936
384	-4.739127
385	-22.383553
386	-0.456176
387	-91.623762
388	-78.453187
389	-57.385957
390	-38.899648
391	-69.037461
392	-52.619833
393	-34.038388
394	-11.406598
395	-2.431312
396	-93.124625
397	-35.769720
398	-57.010299
399	-32.700936
400	-44.196968
401	-37.856556
402	-44.912262
403	-96.835292
404	-79.926211
405	-5.255141
406	-44.125673
407	-94.508693
408	-86.244940
409	-67.301742
410	-77.028566
411	-54.402267
412	-54.550070
413	-78.551547
414	-60.539346
415	-56.393972
416	-16.336259
417	-97.135287
418	-59.436268
419	-87.429146
420	-99.815062
421	-22.318349
422	-95.672047
423	-19.547582
424	-10.049366
425	-65.505434
426	-11.917969
427	-43.016451
428	-82.320322
429	-62.201307
430	-39.754058
431	-21.436542
432	-87.450425
433	-11.268798
434	-89.453423
435	-60.819126
436	-25.863462
437	-94.832465
438	-81.625281
439	-78.880952
440	-14.468587
441	-26.599447
442	-91.556872
443	-71.884580
444	-41.651011
445	-63.510667
446	-92.748947
447	-99.659146
448	-37.084521
449	-14.499759
450	-19.034976
451	-4.448887
452	-39.477922
453	-4.603294
454	-20.738440
455	-5.607377
456	-14.954234
457	-13.410257
458	-61.352040
459	-83.263726
460	-71.296901
461	-9.545176
462	-80.891261
463	-81.959090
464	-17.829579
465	-34.785579
466	-72.554888
467	-63.703867
468	-14.139434
469	-76.677217
470	-14.092409
471	-45.163671
472	-8.743189
473	-36.061681
474	-27.548568
475	-73.369840
476	-80.064963
477	-92.831497
478	-17.418926
479	-5.742277
480	-69.566536
481	-87.459473
482	-31.320092
483	-46.355703
484	-18.205938
485	-59.931961
486	-19.366111
487	-99.614399
488	-88.024099
489	-18.340335
490	-3.636072
491	-78.194140
492	-47.626585
493	-32.019822
494	-94.281153
495	-20.128621
496	-38.704407
497	-49.567404
498	-1.672657
499	-40.645099
500	-62.449542
;

param: weight :=
1	6.000000
2	88.000000
3	41.000000
4	68.000000
5	33.000000
6	36.000000
7	60.000000
8	96.000000
9	14.000000
10	20.000000
11	26.000000
12	60.000000
13	54.000000
14	24.000000
15	4.000000
16	91.000000
17	66.000000
18	48.000000
19	66.000000
20	53.000000
21	6.000000
22	89.000000
23	81.000000
24	8.000000
25	94.000000
26	19.000000
27	91.000000
28	77.000000
29	96.000000
30	72.000000
31	52.000000
32	69.000000
33	98.000000
34	12.000000
35	43.000000
36	26.000000
37	69.000000
38	39.000000
39	75.000000
40	87.000000
41	38.000000
42	42.000000
43	25.000000
44	80.000000
45	61.000000
46	16.000000
47	7.000000
48	76.000000
49	80.000000
50	31.000000
51	50.000000
52	63.000000
53	61.000000
54	2.000000
55	17.000000
56	64.000000
57	22.000000
58	68.000000
59	71.000000
60	69.000000
61	28.000000
62	32.000000
63	79.000000
64	94.000000
65	69.000000
66	65.000000
67	83.000000
68	71.000000
69	61.000000
70	27.000000
71	93.000000
72	30.000000
73	63.000000
74	83.000000
75	83.000000
76	74.000000
77	78.000000
78	72.000000
79	47.000000
80	23.000000
81	74.000000
82	20.000000
83	38.000000
84	74.000000
85	60.000000
86	30.000000
87	88.000000
88	11.000000
89	38.000000
90	47.000000
91	27.000000
92	68.000000
93	89.000000
94	23.000000
95	3.000000
96	98.000000
97	48.000000
98	20.000000
99	50.000000
100	94.000000
101	44.000000
102	49.000000
103	73.000000
104	31.000000
105	14.000000
106	1.000000
107	73.000000
108	76.000000
109	82.000000
110	6.000000
111	63.000000
112	63.000000
113	66.000000
114	22.000000
115	50.000000
116	73.000000
117	18.000000
118	34.000000
119	2.000000
120	36.000000
121	93.000000
122	49.000000
123	79.000000
124	62.000000
125	73.000000
126	79.000000
127	76.000000
128	48.000000
129	31.000000
130	58.000000
131	9.000000
132	89.000000
133	51.000000
134	44.000000
135	46.000000
136	3.000000
137	8.000000
138	78.000000
139	19.000000
140	17.000000
141	81.000000
142	56.000000
143	2.000000
144	4.000000
145	59.000000
146	98.000000
147	89.000000
148	87.000000
149	52.000000
150	6.000000
151	18.000000
152	53.000000
153	32.000000
154	92.000000
155	40.000000
156	45.000000
157	47.000000
158	38.000000
159	74.000000
160	89.000000
161	89.000000
162	6.000000
163	4.000000
164	57.000000
165	50.000000
166	96.000000
167	96.000000
168	2.000000
169	47.000000
170	77.000000
171	23.000000
172	85.000000
173	28.000000
174	50.000000
175	96.000000
176	11.000000
177	67.000000
178	22.000000
179	93.000000
180	26.000000
181	73.000000
182	96.000000
183	48.000000
184	70.000000
185	52.000000
186	35.000000
187	35.000000
188	14.000000
189	88.000000
190	28.000000
191	51.000000
192	96.000000
193	25.000000
194	92.000000
195	10.000000
196	82.000000
197	80.000000
198	4.000000
199	12.000000
200	82.000000
201	69.000000
202	37.000000
203	51.000000
204	64.000000
205	71.000000
206	84.000000
207	96.000000
208	97.000000
209	66.000000
210	79.000000
211	94.000000
212	19.000000
213	43.000000
214	14.000000
215	59.000000
216	40.000000
217	99.000000
218	46.000000
219	49.000000
220	64.000000
221	80.000000
222	2.000000
223	52.000000
224	77.000000
225	84.000000
226	11.000000
227	76.000000
228	78.000000
229	15.000000
230	92.000000
231	54.000000
232	19.000000
233	70.000000
234	57.000000
235	69.000000
236	94.000000
237	5.000000
238	52.000000
239	14.000000
240	44.000000
241	73.000000
242	68.000000
243	70.000000
244	57.000000
245	97.000000
246	39.000000
247	51.000000
248	58.000000
249	23.000000
250	63.000000
251	33.000000
252	57.000000
253	70.000000
254	45.000000
255	29.000000
256	99.000000
257	57.000000
258	9.000000
259	36.000000
260	9.000000
261	45.000000
262	31.000000
263	88.000000
264	78.000000
265	55.000000
266	53.000000
267	78.000000
268	46.000000
269	30.000000
270	32.000000
271	79.000000
272	75.000000
273	19.000000
274	44.000000
275	80.000000
276	90.000000
277	25.000000
278	68.000000
279	12.000000
280	18.000000
281	54.000000
282	15.000000
283	37.000000
284	71.000000
285	62.000000
286	1.000000
287	49.000000
288	10.000000
289	32.000000
290	80.000000
291	44.000000
292	88.000000
293	11.000000
294	8.000000
295	83.000000
296	97.000000
297	72.000000
298	75.000000
299	67.000000
300	89.000000
301	8.000000
302	41.000000
303	85.000000
304	34.000000
305	91.000000
306	94.000000
307	95.000000
308	77.000000
309	91.000000
310	75.000000
311	98.000000
312	47.000000
313	90.000000
314	45.000000
315	2.000000
316	66.000000
317	67.000000
318	83.000000
319	38.000000
320	15.000000
321	3.000000
322	61.000000
323	87.000000
324	36.000000
325	43.000000
326	39.000000
327	46.000000
328	98.000000
329	59.000000
330	55.000000
331	42.000000
332	33.000000
333	86.000000
334	35.000000
335	97.000000
336	12.000000
337	2.000000
338	83.000000
339	91.000000
340	82.000000
341	87.000000
342	58.000000
343	93.000000
344	44.000000
345	71.000000
346	46.000000
347	40.000000
348	41.000000
349	22.000000
350	72.000000
351	40.000000
352	99.000000
353	1.000000
354	93.000000
355	26.000000
356	15.000000
357	59.000000
358	89.000000
359	45.000000
360	18.000000
361	51.000000
362	63.000000
363	44.000000
364	15.000000
365	93.000000
366	92.000000
367	18.000000
368	14.000000
369	9.000000
370	22.000000
371	64.000000
372	90.000000
373	34.000000
374	79.000000
375	38.000000
376	92.000000
377	41.000000
378	50.000000
379	19.000000
380	5.000000
381	58.000000
382	98.000000
383	98.000000
384	42.000000
385	53.000000
386	44.000000
387	44.000000
388	21.000000
389	86.000000
390	87.000000
391	84.000000
392	41.000000
393	35.000000
394	40.000000
395	66.000000
396	25.000000
397	77.000000
398	83.000000
399	80.000000
400	9.000000
401	83.000000
402	78.000000
403	64.000000
404	62.000000
405	46.000000
406	96.000000
407	57.000000
408	58.000000
409	88.000000
410	55.000000
411	2.000000
412	58.000000
413	25.000000
414	2.000000
415	80.000000
416	89.000000
417	98.000000
418	28.000000
419	1.000000
420	62.000000
421	30.000000
422	38.000000
423	76.000000
424	19.000000
425	62.000000
426	8.000000
427	56.000000
428	51.000000
429	82.000000
430	17.000000
431	81.000000
432	66.000000
433	17.000000
434	29.000000
435	95.000000
436	1.000000
437	33.000000
438	46.000000
439	3.000000
440	32.000000
441	39.000000
442	61.000000
443	53.000000
444	76.000000
445	56.000000
446	44.000000
447	24.000000
448	94.000000
449	71.000000
450	91.000000
451	49.000000
452	96.000000
453	71.000000
454	42.000000
455	36.000000
456	70.000000
457	85.000000
458	30.000000
459	85.000000
460	65.000000
461	75.000000
462	32.000000
463	66.000000
464	88.000000
465	69.000000
466	65.000000
467	24.000000
468	6.000000
469	39.000000
470	13.000000
471	16.000000
472	46.000000
473	49.000000
474	71.000000
475	97.000000
476	63.000000
477	52.000000
478	34.000000
479	64.000000
480	69.000000
481	98.000000
482	64.000000
483	17.000000
484	66.000000
485	91.000000
486	65.000000
487	14.000000
488	10.000000
489	6.000000
490	75.000000
491	30.000000
492	34.000000
493	10.000000
494	16.000000
495	9.000000
496	13.000000
497	38.000000
498	67.000000
499	96.000000
500	14.000000
;

param: U :=
1	100.000000
2	100.000000
3	100.000000
4	100.000000
5	100.000000
6	100.000000
7	100.000000
8	100.000000
9	100.000000
10	100.000000
11	100.000000
12	100.000000
13	100.000000
14	100.000000
15	100.000000
16	100.000000
17	100.000000
18	100.000000
19	100.000000
20	100.000000
21	100.000000
22	100.000000
23	100.000000
24	100.000000
25	100.000000
26	100.000000
27	100.000000
28	100.000000
29	100.000000
30	100.000000
31	100.000000
32	100.000000
33	100.000000
34	100.000000
35	100.000000
36	100.000000
37	100.000000
38	100.000000
39	100.000000
40	100.000000
41	100.000000
42	100.000000
43	100.000000
44	100.000000
45	100.000000
46	100.000000
47	100.000000
48	100.000000
49	100.000000
50	100.000000
51	100.000000
52	100.000000
53	100.000000
54	100.000000
55	100.000000
56	100.000000
57	100.000000
58	100.000000
59	100.000000
60	100.000000
61	100.000000
62	100.000000
63	100.000000
64	100.000000
65	100.000000
66	100.000000
67	100.000000
68	100.000000
69	100.000000
70	100.000000
71	100.000000
72	100.000000
73	100.000000
74	100.000000
75	100.000000
76	100.000000
77	100.000000
78	100.000000
79	100.000000
80	100.000000
81	100.000000
82	100.000000
83	100.000000
84	100.000000
85	100.000000
86	100.000000
87	100.000000
88	100.000000
89	100.000000
90	100.000000
91	100.000000
92	100.000000
93	100.000000
94	100.000000
95	100.000000
96	100.000000
97	100.000000
98	100.000000
99	100.000000
100	100.000000
101	100.000000
102	100.000000
103	100.000000
104	100.000000
105	100.000000
106	100.000000
107	100.000000
108	100.000000
109	100.000000
110	100.000000
111	100.000000
112	100.000000
113	100.000000
114	100.000000
115	100.000000
116	100.000000
117	100.000000
118	100.000000
119	100.000000
120	100.000000
121	100.000000
122	100.000000
123	100.000000
124	100.000000
125	100.000000
126	100.000000
127	100.000000
128	100.000000
129	100.000000
130	100.000000
131	100.000000
132	100.000000
133	100.000000
134	100.000000
135	100.000000
136	100.000000
137	100.000000
138	100.000000
139	100.000000
140	100.000000
141	100.000000
142	100.000000
143	100.000000
144	100.000000
145	100.000000
146	100.000000
147	100.000000
148	100.000000
149	100.000000
150	100.000000
151	100.000000
152	100.000000
153	100.000000
154	100.000000
155	100.000000
156	100.000000
157	100.000000
158	100.000000
159	100.000000
160	100.000000
161	100.000000
162	100.000000
163	100.000000
164	100.000000
165	100.000000
166	100.000000
167	100.000000
168	100.000000
169	100.000000
170	100.000000
171	100.000000
172	100.000000
173	100.000000
174	100.000000
175	100.000000
176	100.000000
177	100.000000
178	100.000000
179	100.000000
180	100.000000
181	100.000000
182	100.000000
183	100.000000
184	100.000000
185	100.000000
186	100.000000
187	100.000000
188	100.000000
189	100.000000
190	100.000000
191	100.000000
192	100.000000
193	100.000000
194	100.000000
195	100.000000
196	100.000000
197	100.000000
198	100.000000
199	100.000000
200	100.000000
201	100.000000
202	100.000000
203	100.000000
204	100.000000
205	100.000000
206	100.000000
207	100.000000
208	100.000000
209	100.000000
210	100.000000
211	100.000000
212	100.000000
213	100.000000
214	100.000000
215	100.000000
216	100.000000
217	100.000000
218	100.000000
219	100.000000
220	100.000000
221	100.000000
222	100.000000
223	100.000000
224	100.000000
225	100.000000
226	100.000000
227	100.000000
228	100.000000
229	100.000000
230	100.000000
231	100.000000
232	100.000000
233	100.000000
234	100.000000
235	100.000000
236	100.000000
237	100.000000
238	100.000000
239	100.000000
240	100.000000
241	100.000000
242	100.000000
243	100.000000
244	100.000000
245	100.000000
246	100.000000
247	100.000000
248	100.000000
249	100.000000
250	100.000000
251	100.000000
252	100.000000
253	100.000000
254	100.000000
255	100.000000
256	100.000000
257	100.000000
258	100.000000
259	100.000000
260	100.000000
261	100.000000
262	100.000000
263	100.000000
264	100.000000
265	100.000000
266	100.000000
267	100.000000
268	100.000000
269	100.000000
270	100.000000
271	100.000000
272	100.000000
273	100.000000
274	100.000000
275	100.000000
276	100.000000
277	100.000000
278	100.000000
279	100.000000
280	100.000000
281	100.000000
282	100.000000
283	100.000000
284	100.000000
285	100.000000
286	100.000000
287	100.000000
288	100.000000
289	100.000000
290	100.000000
291	100.000000
292	100.000000
293	100.000000
294	100.000000
295	100.000000
296	100.000000
297	100.000000
298	100.000000
299	100.000000
300	100.000000
301	100.000000
302	100.000000
303	100.000000
304	100.000000
305	100.000000
306	100.000000
307	100.000000
308	100.000000
309	100.000000
310	100.000000
311	100.000000
312	100.000000
313	100.000000
314	100.000000
315	100.000000
316	100.000000
317	100.000000
318	100.000000
319	100.000000
320	100.000000
321	100.000000
322	100.000000
323	100.000000
324	100.000000
325	100.000000
326	100.000000
327	100.000000
328	100.000000
329	100.000000
330	100.000000
331	100.000000
332	100.000000
333	100.000000
334	100.000000
335	100.000000
336	100.000000
337	100.000000
338	100.000000
339	100.000000
340	100.000000
341	100.000000
342	100.000000
343	100.000000
344	100.000000
345	100.000000
346	100.000000
347	100.000000
348	100.000000
349	100.000000
350	100.000000
351	100.000000
352	100.000000
353	100.000000
354	100.000000
355	100.000000
356	100.000000
357	100.000000
358	100.000000
359	100.000000
360	100.000000
361	100.000000
362	100.000000
363	100.000000
364	100.000000
365	100.000000
366	100.000000
367	100.000000
368	100.000000
369	100.000000
370	100.000000
371	100.000000
372	100.000000
373	100.000000
374	100.000000
375	100.000000
376	100.000000
377	100.000000
378	100.000000
379	100.000000
380	100.000000
381	100.000000
382	100.000000
383	100.000000
384	100.000000
385	100.000000
386	100.000000
387	100.000000
388	100.000000
389	100.000000
390	100.000000
391	100.000000
392	100.000000
393	100.000000
394	100.000000
395	100.000000
396	100.000000
397	100.000000
398	100.000000
399	100.000000
400	100.000000
401	100.000000
402	100.000000
403	100.000000
404	100.000000
405	100.000000
406	100.000000
407	100.000000
408	100.000000
409	100.000000
410	100.000000
411	100.000000
412	100.000000
413	100.000000
414	100.000000
415	100.000000
416	100.000000
417	100.000000
418	100.000000
419	100.000000
420	100.000000
421	100.000000
422	100.000000
423	100.000000
424	100.000000
425	100.000000
426	100.000000
427	100.000000
428	100.000000
429	100.000000
430	100.000000
431	100.000000
432	100.000000
433	100.000000
434	100.000000
435	100.000000
436	100.000000
437	100.000000
438	100.000000
439	100.000000
440	100.000000
441	100.000000
442	100.000000
443	100.000000
444	100.000000
445	100.000000
446	100.000000
447	100.000000
448	100.000000
449	100.000000
450	100.000000
451	100.000000
452	100.000000
453	100.000000
454	100.000000
455	100.000000
456	100.000000
457	100.000000
458	100.000000
459	100.000000
460	100.000000
461	100.000000
462	100.000000
463	100.000000
464	100.000000
465	100.000000
466	100.000000
467	100.000000
468	100.000000
469	100.000000
470	100.000000
471	100.000000
472	100.000000
473	100.000000
474	100.000000
475	100.000000
476	100.000000
477	100.000000
478	100.000000
479	100.000000
480	100.000000
481	100.000000
482	100.000000
483	100.000000
484	100.000000
485	100.000000
486	100.000000
487	100.000000
488	100.000000
489	100.000000
490	100.000000
491	100.000000
492	100.000000
493	100.000000
494	100.000000
495	100.000000
496	100.000000
497	100.000000
498	100.000000
499	100.000000
500	100.000000
;

