# seed = 1254829604

param N := 500;

param M := 5;

param Umax := 100.000000;

param: C :=
1	209610.000000
2	232560.000000
3	276747.000000
4	277482.000000
5	230401.000000
;

param: a :=
1	0.177761
2	0.152543
3	0.107691
4	0.171436
5	0.170384
6	0.115702
7	0.167824
8	0.195474
9	0.144206
10	0.118472
11	0.110683
12	0.171875
13	0.143975
14	0.188955
15	0.106624
16	0.173266
17	0.164940
18	0.180450
19	0.172175
20	0.141333
21	0.188490
22	0.177017
23	0.192261
24	0.197089
25	0.107792
26	0.145984
27	0.137044
28	0.175072
29	0.141294
30	0.162522
31	0.165620
32	0.165372
33	0.160692
34	0.145683
35	0.107115
36	0.167740
37	0.153299
38	0.126513
39	0.121236
40	0.109587
41	0.123802
42	0.166802
43	0.129648
44	0.134579
45	0.149112
46	0.172296
47	0.142435
48	0.197561
49	0.110456
50	0.115114
51	0.119702
52	0.178018
53	0.185627
54	0.192451
55	0.121291
56	0.129469
57	0.163608
58	0.179468
59	0.164530
60	0.107167
61	0.157933
62	0.144684
63	0.154566
64	0.164481
65	0.198495
66	0.187159
67	0.117127
68	0.194086
69	0.150683
70	0.179820
71	0.173846
72	0.119539
73	0.174931
74	0.128955
75	0.163171
76	0.167302
77	0.177070
78	0.197180
79	0.169888
80	0.170858
81	0.157375
82	0.187783
83	0.163830
84	0.148745
85	0.163283
86	0.145674
87	0.172432
88	0.197034
89	0.148529
90	0.161230
91	0.109249
92	0.199631
93	0.176619
94	0.179058
95	0.165188
96	0.179432
97	0.152587
98	0.104883
99	0.148131
100	0.163585
101	0.152968
102	0.159912
103	0.115218
104	0.171301
105	0.149955
106	0.185898
107	0.174549
108	0.170892
109	0.145076
110	0.106933
111	0.142254
112	0.199612
113	0.162416
114	0.100415
115	0.120665
116	0.156249
117	0.127978
118	0.177535
119	0.194044
120	0.147312
121	0.105306
122	0.130750
123	0.184929
124	0.174438
125	0.147757
126	0.149871
127	0.126163
128	0.140227
129	0.162528
130	0.167932
131	0.116133
132	0.157905
133	0.103190
134	0.107233
135	0.113770
136	0.178927
137	0.177962
138	0.166767
139	0.179837
140	0.143377
141	0.190788
142	0.170896
143	0.151502
144	0.128504
145	0.150645
146	0.121953
147	0.120103
148	0.164359
149	0.148065
150	0.158436
151	0.103014
152	0.195076
153	0.159294
154	0.151650
155	0.124506
156	0.186356
157	0.184366
158	0.196071
159	0.151421
160	0.122788
161	0.182273
162	0.166124
163	0.195402
164	0.132314
165	0.170567
166	0.186001
167	0.126593
168	0.185001
169	0.195913
170	0.158878
171	0.185745
172	0.105376
173	0.196551
174	0.178614
175	0.197465
176	0.149213
177	0.141705
178	0.164795
179	0.172301
180	0.149613
181	0.130994
182	0.147951
183	0.126405
184	0.165079
185	0.135005
186	0.157641
187	0.106011
188	0.154761
189	0.154746
190	0.105709
191	0.133546
192	0.123917
193	0.194928
194	0.172121
195	0.126040
196	0.171322
197	0.157245
198	0.156206
199	0.112258
200	0.102799
201	0.163528
202	0.132338
203	0.166920
204	0.184416
205	0.116763
206	0.120055
207	0.155524
208	0.102659
209	0.159096
210	0.175738
211	0.167905
212	0.173460
213	0.121494
214	0.112224
215	0.177846
216	0.104395
217	0.187425
218	0.146360
219	0.198957
220	0.187090
221	0.172835
222	0.189103
223	0.178929
224	0.129261
225	0.165649
226	0.144242
227	0.156489
228	0.147574
229	0.186598
230	0.151387
231	0.176817
232	0.191214
233	0.147417
234	0.129123
235	0.103591
236	0.196694
237	0.128472
238	0.144294
239	0.104647
240	0.126081
241	0.194988
242	0.151158
243	0.174432
244	0.184036
245	0.161809
246	0.110832
247	0.157282
248	0.197596
249	0.115598
250	0.154387
251	0.178312
252	0.131851
253	0.182943
254	0.186341
255	0.103311
256	0.108729
257	0.128755
258	0.140783
259	0.102026
260	0.161019
261	0.194867
262	0.188537
263	0.140722
264	0.177491
265	0.120691
266	0.162948
267	0.116018
268	0.170809
269	0.125222
270	0.107127
271	0.104419
272	0.117795
273	0.166833
274	0.167924
275	0.124610
276	0.186300
277	0.192322
278	0.120980
279	0.120730
280	0.176985
281	0.163575
282	0.164773
283	0.167521
284	0.100114
285	0.101696
286	0.109894
287	0.152114
288	0.138426
289	0.100053
290	0.139614
291	0.141950
292	0.199141
293	0.121555
294	0.150020
295	0.161066
296	0.171982
297	0.113801
298	0.183635
299	0.102010
300	0.195298
301	0.190670
302	0.156792
303	0.116493
304	0.127162
305	0.189426
306	0.167057
307	0.173610
308	0.163568
309	0.101299
310	0.147303
311	0.141194
312	0.110733
313	0.135696
314	0.197353
315	0.162858
316	0.137695
317	0.149549
318	0.198616
319	0.117380
320	0.171319
321	0.134549
322	0.152585
323	0.121268
324	0.150552
325	0.104015
326	0.153895
327	0.196197
328	0.188700
329	0.198752
330	0.108877
331	0.183420
332	0.129083
333	0.142337
334	0.142133
335	0.100155
336	0.181602
337	0.155710
338	0.138227
339	0.131746
340	0.183408
341	0.140716
342	0.177364
343	0.139302
344	0.101522
345	0.198683
346	0.104979
347	0.108611
348	0.166045
349	0.115185
350	0.191363
351	0.125009
352	0.116070
353	0.154400
354	0.174753
355	0.196497
356	0.185154
357	0.112183
358	0.142922
359	0.123795
360	0.134339
361	0.154025
362	0.156906
363	0.102721
364	0.147174
365	0.140303
366	0.189485
367	0.121515
368	0.150192
369	0.123604
370	0.198703
371	0.161812
372	0.119166
373	0.149275
374	0.118663
375	0.112794
376	0.112523
377	0.177535
378	0.116434
379	0.135054
380	0.196128
381	0.105135
382	0.171399
383	0.169686
384	0.131210
385	0.129657
386	0.194731
387	0.184949
388	0.186454
389	0.125942
390	0.153415
391	0.151394
392	0.111287
393	0.139249
394	0.153444
395	0.140205
396	0.160251
397	0.128691
398	0.177083
399	0.141065
400	0.133477
401	0.104298
402	0.199810
403	0.120746
404	0.111796
405	0.118367
406	0.115198
407	0.196867
408	0.164315
409	0.154374
410	0.174429
411	0.149588
412	0.123817
413	0.105049
414	0.116754
415	0.138412
416	0.160013
417	0.142338
418	0.187341
419	0.170399
420	0.171698
421	0.187577
422	0.177437
423	0.147190
424	0.174832
425	0.161656
426	0.149344
427	0.170850
428	0.140895
429	0.164378
430	0.110788
431	0.147027
432	0.194830
433	0.177368
434	0.152378
435	0.148062
436	0.136162
437	0.163624
438	0.107149
439	0.182331
440	0.146402
441	0.172894
442	0.115697
443	0.164469
444	0.193889
445	0.124724
446	0.125463
447	0.127446
448	0.139382
449	0.158085
450	0.194453
451	0.169167
452	0.126762
453	0.127523
454	0.108142
455	0.117311
456	0.108434
457	0.117357
458	0.184048
459	0.122479
460	0.152775
461	0.129363
462	0.100645
463	0.106428
464	0.194736
465	0.173618
466	0.112344
467	0.184005
468	0.187676
469	0.108476
470	0.156349
471	0.186457
472	0.167446
473	0.104013
474	0.159458
475	0.184588
476	0.199256
477	0.100981
478	0.161872
479	0.132644
480	0.116322
481	0.114770
482	0.141479
483	0.147772
484	0.170858
485	0.191756
486	0.194507
487	0.139800
488	0.113663
489	0.148683
490	0.174579
491	0.114656
492	0.195557
493	0.115611
494	0.167468
495	0.196687
496	0.196403
497	0.177521
498	0.112365
499	0.129895
500	0.162782
;

param: b :=
1	36.136533
2	53.036095
3	23.795830
4	99.779280
5	28.097471
6	34.932993
7	24.106474
8	12.816630
9	17.549384
10	98.312629
11	61.628301
12	75.667588
13	24.417009
14	15.059595
15	29.032191
16	58.008445
17	14.527953
18	75.631714
19	28.927241
20	7.249545
21	45.464086
22	4.222958
23	96.178852
24	83.592277
25	19.424551
26	5.767252
27	98.046695
28	35.169493
29	10.341429
30	60.978338
31	45.882340
32	9.075550
33	47.384916
34	25.834862
35	20.203094
36	32.224113
37	30.436383
38	46.324014
39	3.288705
40	83.596990
41	57.408690
42	45.798459
43	65.171737
44	72.357967
45	58.417715
46	62.748581
47	75.984248
48	91.946085
49	86.544311
50	86.085697
51	56.674389
52	10.241759
53	0.382179
54	53.639595
55	2.747572
56	5.395842
57	53.918238
58	23.311327
59	37.680183
60	95.389703
61	45.930985
62	84.482053
63	48.631598
64	3.667054
65	31.116900
66	87.302220
67	92.490055
68	52.239661
69	90.260372
70	87.780213
71	95.551276
72	54.405247
73	66.111691
74	26.889039
75	11.623752
76	28.885701
77	59.274751
78	82.093568
79	35.099264
80	80.295571
81	59.936023
82	77.520706
83	87.557154
84	82.503084
85	99.560291
86	31.331021
87	97.840441
88	13.075142
89	98.750968
90	19.497910
91	56.718455
92	32.693693
93	3.259272
94	61.685276
95	13.166482
96	37.537654
97	55.257756
98	0.947541
99	30.024697
100	98.188797
101	70.399825
102	27.757192
103	15.916006
104	7.792061
105	94.403479
106	48.573821
107	95.227626
108	10.454628
109	70.354781
110	45.401630
111	75.067934
112	19.374591
113	85.883717
114	57.493316
115	16.801764
116	17.297182
117	79.558547
118	13.667751
119	48.581098
120	51.320601
121	14.857389
122	44.540042
123	95.031267
124	79.942240
125	0.891010
126	5.955089
127	47.851966
128	96.760592
129	67.675486
130	98.369609
131	38.444477
132	80.691999
133	87.184855
134	58.422878
135	50.444100
136	40.547630
137	45.085325
138	41.974820
139	73.000091
140	58.159932
141	7.103686
142	78.559842
143	21.603067
144	87.947938
145	64.939778
146	84.203205
147	62.359965
148	87.518486
149	36.127533
150	29.166896
151	56.728519
152	55.725069
153	89.205489
154	8.294238
155	40.266341
156	35.704263
157	34.626682
158	58.651680
159	37.123472
160	92.727337
161	40.641162
162	97.676805
163	20.585522
164	89.989927
165	7.858440
166	10.315464
167	57.626109
168	17.912154
169	34.017408
170	92.143638
171	72.258091
172	76.688092
173	73.632363
174	48.644287
175	41.150602
176	31.060518
177	52.884169
178	3.520956
179	31.446780
180	60.582706
181	90.410437
182	1.483777
183	82.778975
184	96.208972
185	57.639318
186	8.811913
187	32.368572
188	0.932539
189	74.818369
190	41.331772
191	25.159533
192	53.738292
193	30.118696
194	41.856808
195	12.989961
196	56.534706
197	7.308980
198	65.471522
199	44.304092
200	71.860705
201	12.871332
202	99.938073
203	20.157466
204	94.974890
205	53.818719
206	39.259157
207	56.839912
208	30.956221
209	89.810302
210	24.521957
211	19.683867
212	76.615651
213	54.402853
214	63.115288
215	56.714547
216	67.610607
217	95.853161
218	80.786496
219	63.258265
220	37.949343
221	48.913640
222	53.045749
223	97.870152
224	15.504705
225	57.246617
226	86.806858
227	3.907176
228	37.875048
229	34.899613
230	92.705821
231	3.018991
232	41.585793
233	68.623697
234	1.778944
235	21.325307
236	1.168416
237	93.059686
238	27.927411
239	81.253878
240	10.334831
241	84.943094
242	84.330527
243	57.106122
244	60.282981
245	20.673211
246	96.576208
247	43.057698
248	74.827064
249	7.920256
250	93.267028
251	37.944069
252	64.518192
253	1.352991
254	43.410734
255	16.964022
256	18.265536
257	71.233775
258	90.572396
259	28.741968
260	44.012841
261	64.178491
262	88.415908
263	36.753886
264	13.850211
265	68.954687
266	17.706126
267	75.782140
268	66.898687
269	57.853672
270	55.284432
271	13.864925
272	55.757663
273	4.452595
274	80.394131
275	37.030883
276	43.388669
277	35.489753
278	1.284175
279	76.070987
280	1.109024
281	51.307613
282	5.254068
283	27.203793
284	38.928573
285	4.901885
286	72.851667
287	39.519695
288	66.835197
289	36.905469
290	71.980769
291	53.287879
292	76.081757
293	90.451222
294	10.838162
295	13.800782
296	29.600859
297	7.714499
298	73.996190
299	27.197276
300	43.575429
301	15.712716
302	79.780360
303	28.240849
304	34.609001
305	79.155767
306	87.508793
307	68.174861
308	1.526578
309	15.360841
310	81.720138
311	13.820799
312	75.699839
313	0.630187
314	57.132135
315	54.404515
316	54.369206
317	79.833011
318	98.303734
319	27.852358
320	36.111981
321	81.068327
322	43.605114
323	92.817000
324	12.469572
325	32.107526
326	1.287386
327	66.992895
328	92.404501
329	52.471244
330	11.380796
331	91.583597
332	69.793613
333	32.258688
334	31.603013
335	57.392661
336	37.521959
337	43.815886
338	43.009131
339	3.403454
340	43.109267
341	48.045217
342	37.595535
343	62.676392
344	94.203186
345	62.775164
346	93.420004
347	23.604726
348	45.117814
349	19.559617
350	58.514187
351	9.657409
352	88.661144
353	31.541458
354	9.800511
355	7.132020
356	2.620012
357	79.901914
358	80.571673
359	10.411579
360	93.702507
361	75.248829
362	48.795817
363	91.727159
364	68.894625
365	23.214120
366	9.685475
367	7.477035
368	71.202642
369	42.038813
370	54.369142
371	75.806070
372	86.615050
373	76.547812
374	63.153983
375	62.182492
376	53.971982
377	11.241177
378	73.703527
379	26.547521
380	1.261216
381	70.969984
382	62.168914
383	72.680526
384	51.401704
385	61.250560
386	31.069241
387	2.529239
388	58.371013
389	36.350745
390	79.991274
391	83.993784
392	1.345699
393	41.345970
394	85.917068
395	93.731088
396	19.817785
397	34.364788
398	7.417291
399	66.335550
400	95.778290
401	60.371347
402	53.480688
403	51.005150
404	55.977002
405	95.187104
406	57.003945
407	71.212076
408	53.975169
409	31.653130
410	36.986975
411	47.348588
412	14.185875
413	53.982859
414	6.905574
415	89.051398
416	40.135011
417	76.125477
418	52.451034
419	20.268688
420	39.465979
421	72.232448
422	97.055997
423	71.003542
424	50.996412
425	34.529827
426	96.904096
427	6.685511
428	11.481499
429	66.158680
430	38.928430
431	24.532671
432	82.855527
433	62.388150
434	21.220536
435	57.540067
436	70.000462
437	63.999941
438	96.043429
439	31.159465
440	43.358262
441	2.378650
442	15.404134
443	39.886622
444	29.027175
445	56.587052
446	21.095916
447	31.062191
448	37.204173
449	35.442512
450	48.351255
451	56.320411
452	8.608161
453	45.133820
454	44.696784
455	91.936195
456	65.117626
457	63.949317
458	23.313236
459	63.680759
460	28.459755
461	73.931633
462	88.909910
463	12.752528
464	43.509968
465	72.917835
466	12.527875
467	55.398145
468	38.897526
469	3.817598
470	50.853741
471	62.584608
472	42.149882
473	73.145828
474	34.768767
475	92.717328
476	87.983148
477	92.502510
478	42.637402
479	0.749734
480	15.685156
481	51.205426
482	50.001967
483	42.148664
484	49.178024
485	67.960714
486	13.001007
487	91.888155
488	73.922451
489	32.257111
490	68.091302
491	26.312533
492	55.827536
493	75.230563
494	60.097224
495	8.788114
496	28.503970
497	79.800773
498	44.446337
499	63.969195
500	22.196823
;

param: c :=
1	92.450089
2	14.383985
3	82.670824
4	72.771850
5	49.282100
6	84.718430
7	75.610183
8	95.871269
9	32.912162
10	30.578443
11	38.816433
12	4.501833
13	46.119917
14	97.507462
15	42.466892
16	54.221475
17	10.881084
18	50.161096
19	56.641998
20	63.572502
21	21.108095
22	43.008487
23	22.595409
24	75.567435
25	97.471275
26	44.968552
27	90.071630
28	33.226555
29	62.586761
30	97.076058
31	27.652902
32	16.084014
33	16.678929
34	40.706961
35	54.256450
36	45.070853
37	16.196370
38	2.603300
39	4.049391
40	79.886757
41	82.709165
42	59.334435
43	41.051132
44	92.447858
45	18.243819
46	79.929168
47	70.451090
48	99.840935
49	68.990356
50	4.747113
51	81.685593
52	72.584692
53	38.408478
54	17.472669
55	97.079753
56	40.340084
57	69.632287
58	2.106043
59	81.640445
60	47.397960
61	90.429164
62	41.608471
63	72.616302
64	17.236481
65	93.400327
66	29.445354
67	57.872903
68	31.985262
69	85.894895
70	18.126083
71	85.483742
72	62.988687
73	81.451955
74	25.907461
75	52.843413
76	22.703592
77	21.493506
78	80.926552
79	97.190005
80	94.791810
81	52.859748
82	37.887376
83	22.223981
84	32.204898
85	77.771007
86	31.196269
87	88.032310
88	85.579412
89	11.119016
90	66.577164
91	48.730039
92	48.522693
93	70.999723
94	41.626429
95	95.357606
96	3.417016
97	87.691353
98	74.971364
99	35.033819
100	56.361263
101	75.993120
102	84.244786
103	29.023797
104	18.180350
105	91.222474
106	11.722645
107	24.185179
108	71.310325
109	89.699877
110	81.055878
111	86.077942
112	8.630471
113	56.861942
114	46.880748
115	82.985196
116	36.303557
117	17.478153
118	32.409268
119	10.885903
120	92.675419
121	39.847764
122	42.519066
123	61.403481
124	22.754979
125	14.688611
126	3.117137
127	15.005250
128	80.683037
129	58.845107
130	50.025163
131	6.108045
132	3.042633
133	71.090098
134	49.956349
135	8.844564
136	72.745160
137	69.679420
138	56.598610
139	90.181393
140	49.618712
141	96.520162
142	20.266610
143	52.597816
144	47.648125
145	30.757627
146	74.026549
147	84.640388
148	40.552161
149	52.762426
150	45.256445
151	79.209711
152	81.757779
153	89.657208
154	93.346748
155	29.047751
156	70.095706
157	98.516638
158	24.123359
159	16.960046
160	89.352580
161	25.195366
162	53.613957
163	63.916189
164	42.812552
165	4.942391
166	41.663586
167	67.091681
168	66.623463
169	74.717558
170	17.926050
171	56.439916
172	70.100711
173	9.667513
174	43.332495
175	21.277028
176	93.123399
177	5.009591
178	20.259620
179	24.193071
180	43.733980
181	46.970940
182	93.653043
183	21.507146
184	84.444722
185	62.551301
186	0.190560
187	92.168258
188	86.122975
189	24.785614
190	2.441476
191	84.309385
192	93.169948
193	87.481836
194	84.033072
195	65.089004
196	30.574832
197	71.848342
198	57.144570
199	19.698016
200	73.256926
201	43.094676
202	20.231363
203	81.010036
204	27.183271
205	88.655307
206	25.419095
207	38.962110
208	85.394550
209	14.026255
210	23.553705
211	19.901560
212	95.403632
213	26.767913
214	83.977560
215	75.815721
216	21.342146
217	90.215749
218	29.029038
219	34.068393
220	86.830073
221	92.282831
222	8.396849
223	76.847152
224	85.983194
225	20.526825
226	20.920913
227	6.787789
228	5.604138
229	46.190365
230	19.548798
231	8.242016
232	89.542974
233	76.564652
234	55.270774
235	92.649437
236	77.476409
237	41.557664
238	31.989662
239	8.685608
240	37.237734
241	66.387316
242	35.892863
243	93.632542
244	21.747357
245	75.373614
246	12.219833
247	62.871410
248	15.025221
249	60.567499
250	84.192437
251	29.966312
252	5.015152
253	55.646030
254	99.849214
255	84.819709
256	19.461668
257	32.344406
258	89.437754
259	35.996534
260	17.967580
261	62.342809
262	46.322118
263	52.571285
264	86.047363
265	88.390681
266	70.639643
267	42.752516
268	43.884791
269	11.651689
270	44.770744
271	91.167720
272	88.258492
273	12.454909
274	49.712520
275	55.379019
276	70.108901
277	50.427613
278	84.057554
279	94.170936
280	66.050150
281	49.948490
282	30.958294
283	71.814118
284	11.977622
285	24.238029
286	39.196141
287	50.856569
288	63.728279
289	28.920849
290	93.782636
291	61.054215
292	22.006444
293	91.545650
294	59.348657
295	17.128120
296	57.648312
297	34.480655
298	49.983964
299	2.784886
300	10.447407
301	71.124351
302	35.300137
303	53.259678
304	77.091897
305	67.448153
306	16.286765
307	57.868511
308	55.753397
309	44.207633
310	0.943410
311	38.021753
312	93.540038
313	21.379505
314	46.891449
315	71.360903
316	90.682906
317	92.585242
318	64.175291
319	25.953775
320	78.548837
321	43.622434
322	42.503399
323	62.076848
324	78.691378
325	32.478456
326	6.978946
327	0.565808
328	16.507811
329	28.489609
330	78.793901
331	58.215913
332	22.839724
333	69.230504
334	64.482489
335	15.277657
336	29.601954
337	16.674188
338	29.507954
339	11.329643
340	77.909479
341	59.142940
342	14.211882
343	41.807308
344	19.611777
345	58.672889
346	6.860498
347	89.355339
348	17.193810
349	14.760256
350	69.739464
351	52.318953
352	13.089787
353	95.154703
354	44.412989
355	9.617272
356	22.638747
357	23.252100
358	52.244847
359	35.043812
360	63.967339
361	92.781316
362	89.125952
363	83.590745
364	36.800322
365	35.317874
366	35.866155
367	63.686280
368	19.915117
369	42.474424
370	36.906180
371	77.002557
372	60.838033
373	47.544125
374	62.047220
375	44.510968
376	23.746326
377	65.281447
378	94.986575
379	5.283700
380	2.663268
381	2.022251
382	80.210876
383	22.838794
384	0.921374
385	55.221263
386	45.109566
387	60.214724
388	14.344544
389	26.197301
390	22.720148
391	67.438728
392	50.003987
393	1.268753
394	86.688560
395	88.932307
396	22.503317
397	58.148091
398	42.325638
399	5.159905
400	51.716069
401	57.298305
402	46.591768
403	70.816374
404	54.552654
405	49.399376
406	33.299300
407	37.541304
408	17.922701
409	27.293983
410	66.524298
411	86.296031
412	27.879026
413	52.312397
414	62.122849
415	49.465761
416	51.229034
417	16.465598
418	89.298851
419	63.550235
420	69.764550
421	63.194487
422	78.073125
423	99.718828
424	52.088569
425	86.484805
426	96.707376
427	2.957308
428	40.784448
429	11.150623
430	80.810825
431	37.588912
432	46.642947
433	8.649369
434	7.914602
435	6.347762
436	60.565124
437	57.409859
438	80.367215
439	49.969264
440	32.705116
441	94.060597
442	31.591417
443	96.377075
444	37.143172
445	13.978298
446	90.925756
447	77.791534
448	25.708283
449	53.353210
450	86.348152
451	79.194285
452	52.109876
453	97.838345
454	3.844876
455	51.113202
456	94.749941
457	53.034162
458	55.702761
459	86.134590
460	13.691837
461	54.246728
462	9.713932
463	47.641558
464	32.617222
465	43.348726
466	21.694851
467	43.079676
468	24.783784
469	47.045408
470	6.789411
471	74.210496
472	34.865065
473	23.583643
474	50.295466
475	35.976279
476	99.688653
477	39.534372
478	64.458496
479	4.923673
480	82.611285
481	92.643786
482	70.822328
483	48.549610
484	59.977875
485	46.664384
486	39.873508
487	30.823512
488	92.636367
489	57.238465
490	68.741598
491	71.368735
492	35.992933
493	24.833879
494	81.596767
495	76.839354
496	74.112493
497	89.373316
498	96.948941
499	55.107496
500	70.500950
;

param: d :=
1	-81.271300
2	-3.700298
3	-86.750220
4	-87.593667
5	-92.059461
6	-53.654145
7	-39.726177
8	-90.142087
9	-73.123344
10	-8.755662
11	-40.034445
12	-43.406725
13	-80.414333
14	-15.173641
15	-60.464044
16	-96.155501
17	-96.243131
18	-15.048243
19	-81.705545
20	-61.159708
21	-69.043097
22	-68.761584
23	-96.857647
24	-52.749987
25	-35.565578
26	-90.443316
27	-41.847448
28	-81.919841
29	-36.110579
30	-61.910083
31	-36.908632
32	-89.659540
33	-49.236811
34	-21.090918
35	-30.298369
36	-35.183710
37	-19.047894
38	-57.402853
39	-62.085537
40	-49.706180
41	-21.941772
42	-88.127467
43	-54.155165
44	-62.817819
45	-46.838278
46	-47.817530
47	-74.855595
48	-43.104153
49	-48.493185
50	-92.437943
51	-62.053954
52	-42.053061
53	-43.921817
54	-7.708112
55	-9.718357
56	-65.783989
57	-54.706444
58	-47.946910
59	-97.061250
60	-75.360302
61	-44.986846
62	-14.976364
63	-75.801344
64	-33.413372
65	-19.864809
66	-65.443347
67	-92.443891
68	-64.305998
69	-76.700372
70	-2.943471
71	-32.753446
72	-51.015254
73	-67.196493
74	-39.059574
75	-50.934348
76	-14.571476
77	-37.445824
78	-39.831341
79	-48.659593
80	-3.234734
81	-89.781735
82	-89.513280
83	-14.676888
84	-70.328161
85	-39.526784
86	-59.534411
87	-74.707986
88	-65.078638
89	-29.247376
90	-6.564756
91	-12.980085
92	-69.172994
93	-35.348710
94	-35.362160
95	-23.692693
96	-53.991151
97	-98.683196
98	-46.594283
99	-80.869631
100	-94.788466
101	-51.674493
102	-36.670758
103	-97.090964
104	-53.727168
105	-15.011284
106	-57.740275
107	-49.457597
108	-44.862902
109	-25.899838
110	-74.886963
111	-66.523870
112	-88.665565
113	-13.398995
114	-28.274601
115	-89.635505
116	-62.695109
117	-85.944039
118	-13.834727
119	-49.094474
120	-5.807229
121	-11.708971
122	-32.946752
123	-97.592563
124	-93.152574
125	-41.356933
126	-57.453867
127	-33.989099
128	-17.253799
129	-76.068549
130	-9.312687
131	-69.178714
132	-38.978282
133	-81.804257
134	-12.083870
135	-27.384705
136	-71.047350
137	-15.929761
138	-30.190402
139	-49.073161
140	-6.666502
141	-0.367645
142	-56.359127
143	-78.819026
144	-14.896963
145	-59.173945
146	-28.427826
147	-83.377227
148	-15.374020
149	-99.337531
150	-93.916144
151	-66.228393
152	-30.897122
153	-56.065131
154	-7.798312
155	-22.731468
156	-68.387298
157	-36.424649
158	-22.171009
159	-58.922190
160	-83.864944
161	-88.679452
162	-63.780118
163	-6.081285
164	-43.562162
165	-12.472844
166	-24.646688
167	-48.212022
168	-61.384668
169	-40.170841
170	-98.309018
171	-9.312641
172	-52.960248
173	-36.357088
174	-54.762368
175	-27.817912
176	-32.860800
177	-1.855209
178	-65.104451
179	-18.031464
180	-7.054093
181	-47.729374
182	-58.925900
183	-68.585866
184	-14.661706
185	-40.801499
186	-98.625027
187	-47.018162
188	-51.586174
189	-23.746902
190	-9.845897
191	-3.902702
192	-75.892202
193	-12.903974
194	-41.755991
195	-49.174675
196	-26.237017
197	-58.445717
198	-50.623676
199	-0.260329
200	-13.168379
201	-71.383435
202	-37.087433
203	-61.231487
204	-58.439116
205	-63.539392
206	-6.687649
207	-1.381514
208	-77.109869
209	-59.894358
210	-97.078725
211	-43.439774
212	-1.120956
213	-39.543480
214	-2.381059
215	-8.127397
216	-72.051758
217	-92.673454
218	-58.236145
219	-74.275047
220	-28.932709
221	-51.348787
222	-89.554835
223	-30.855519
224	-41.710422
225	-0.282874
226	-68.928316
227	-51.227972
228	-44.029119
229	-36.554719
230	-62.629743
231	-2.655817
232	-87.865500
233	-45.795088
234	-65.272822
235	-50.218648
236	-83.757671
237	-63.286176
238	-66.163245
239	-18.788209
240	-18.647893
241	-12.363004
242	-71.365686
243	-84.010800
244	-83.973927
245	-29.505125
246	-51.929860
247	-76.330840
248	-66.511280
249	-90.769382
250	-23.865198
251	-46.314213
252	-55.928852
253	-54.185123
254	-98.634054
255	-36.121909
256	-7.078398
257	-41.278919
258	-54.201499
259	-42.327884
260	-39.132101
261	-20.313257
262	-92.000883
263	-26.933138
264	-33.071399
265	-43.312559
266	-19.084894
267	-21.638762
268	-82.868784
269	-22.206415
270	-6.825981
271	-7.189863
272	-11.565835
273	-90.414967
274	-88.191418
275	-63.737987
276	-68.929703
277	-16.510347
278	-90.761530
279	-66.814768
280	-73.302711
281	-81.045484
282	-65.118141
283	-82.051406
284	-15.828438
285	-4.133102
286	-24.055802
287	-97.937762
288	-30.615512
289	-28.133239
290	-48.408083
291	-33.812292
292	-61.662526
293	-27.588032
294	-86.251861
295	-10.013437
296	-34.235181
297	-25.145142
298	-94.358124
299	-6.444431
300	-45.352997
301	-92.201824
302	-85.559794
303	-49.026431
304	-22.854152
305	-7.789553
306	-22.495196
307	-55.265316
308	-1.132072
309	-45.441747
310	-75.604763
311	-91.357559
312	-72.980146
313	-6.435656
314	-46.894061
315	-92.934134
316	-61.361277
317	-12.429355
318	-7.843475
319	-61.240561
320	-81.789906
321	-94.090198
322	-56.731892
323	-86.146915
324	-85.272409
325	-70.031260
326	-67.556004
327	-60.180701
328	-68.796600
329	-39.171504
330	-12.431369
331	-84.101545
332	-63.938177
333	-57.096988
334	-41.358988
335	-71.355294
336	-39.604113
337	-86.073746
338	-38.933751
339	-99.023934
340	-52.109881
341	-44.006451
342	-93.033949
343	-44.023339
344	-68.970398
345	-89.987626
346	-17.111166
347	-32.246283
348	-19.742856
349	-43.007461
350	-89.025322
351	-16.318211
352	-77.069319
353	-56.244751
354	-8.053211
355	-88.742890
356	-45.106986
357	-35.498511
358	-43.988330
359	-81.050472
360	-21.248024
361	-36.357734
362	-20.455377
363	-74.027258
364	-0.580704
365	-24.653512
366	-46.547959
367	-85.703234
368	-60.681829
369	-92.805307
370	-64.496606
371	-2.869652
372	-44.967639
373	-87.038236
374	-61.421457
375	-44.731091
376	-50.571297
377	-45.462679
378	-22.727962
379	-17.402210
380	-41.824501
381	-50.353609
382	-4.854238
383	-65.032301
384	-73.803106
385	-65.059038
386	-2.606184
387	-13.028423
388	-33.335507
389	-51.219045
390	-45.663478
391	-93.384848
392	-43.603356
393	-0.536549
394	-32.211073
395	-33.597363
396	-17.029101
397	-3.869787
398	-72.913176
399	-57.666094
400	-79.833988
401	-6.770063
402	-77.686336
403	-21.105835
404	-45.878048
405	-76.473507
406	-33.085554
407	-45.835179
408	-89.092944
409	-74.809338
410	-71.018001
411	-1.012501
412	-42.883658
413	-57.409713
414	-65.322890
415	-34.294334
416	-73.462646
417	-71.366008
418	-84.780295
419	-77.288431
420	-66.179235
421	-62.957059
422	-71.334419
423	-36.344267
424	-35.869345
425	-74.793820
426	-80.891669
427	-65.955047
428	-81.031455
429	-35.903373
430	-37.123274
431	-66.488253
432	-8.462315
433	-19.674885
434	-6.837732
435	-40.787695
436	-83.027000
437	-98.786880
438	-46.208342
439	-9.019558
440	-45.683032
441	-20.758041
442	-23.737586
443	-78.121535
444	-25.744022
445	-25.306450
446	-41.832007
447	-78.493117
448	-29.026093
449	-45.537508
450	-68.403875
451	-16.854717
452	-82.312466
453	-94.685706
454	-66.149222
455	-29.335326
456	-5.217668
457	-3.448542
458	-63.842001
459	-79.682739
460	-43.379831
461	-19.524270
462	-4.604646
463	-40.538155
464	-49.561081
465	-40.247418
466	-73.964383
467	-61.747888
468	-2.610085
469	-43.882417
470	-11.033384
471	-70.193897
472	-10.859556
473	-52.907216
474	-15.758698
475	-68.366246
476	-93.954867
477	-24.808190
478	-3.263374
479	-43.772362
480	-33.382921
481	-49.253755
482	-58.832650
483	-12.693537
484	-64.683281
485	-3.320606
486	-22.881812
487	-67.556247
488	-15.514980
489	-2.766922
490	-65.443187
491	-38.679368
492	-64.569404
493	-53.565468
494	-39.895354
495	-46.074967
496	-34.855475
497	-51.110750
498	-51.641825
499	-45.271456
500	-55.621422
;

param: weight :=
1	20.000000
2	48.000000
3	85.000000
4	80.000000
5	33.000000
6	40.000000
7	43.000000
8	10.000000
9	31.000000
10	11.000000
11	69.000000
12	22.000000
13	84.000000
14	25.000000
15	56.000000
16	49.000000
17	74.000000
18	32.000000
19	49.000000
20	92.000000
21	85.000000
22	8.000000
23	99.000000
24	68.000000
25	38.000000
26	45.000000
27	29.000000
28	66.000000
29	14.000000
30	9.000000
31	11.000000
32	19.000000
33	6.000000
34	44.000000
35	84.000000
36	70.000000
37	93.000000
38	57.000000
39	54.000000
40	62.000000
41	27.000000
42	11.000000
43	46.000000
44	15.000000
45	96.000000
46	13.000000
47	54.000000
48	4.000000
49	33.000000
50	24.000000
51	10.000000
52	62.000000
53	26.000000
54	11.000000
55	54.000000
56	13.000000
57	91.000000
58	81.000000
59	93.000000
60	87.000000
61	36.000000
62	19.000000
63	93.000000
64	56.000000
65	34.000000
66	12.000000
67	48.000000
68	37.000000
69	15.000000
70	54.000000
71	75.000000
72	89.000000
73	73.000000
74	62.000000
75	35.000000
76	26.000000
77	27.000000
78	31.000000
79	68.000000
80	41.000000
81	9.000000
82	63.000000
83	50.000000
84	43.000000
85	51.000000
86	28.000000
87	8.000000
88	24.000000
89	84.000000
90	49.000000
91	18.000000
92	73.000000
93	29.000000
94	96.000000
95	84.000000
96	31.000000
97	42.000000
98	32.000000
99	94.000000
100	63.000000
101	47.000000
102	74.000000
103	18.000000
104	61.000000
105	14.000000
106	54.000000
107	44.000000
108	74.000000
109	73.000000
110	91.000000
111	60.000000
112	62.000000
113	37.000000
114	13.000000
115	90.000000
116	42.000000
117	13.000000
118	25.000000
119	35.000000
120	23.000000
121	25.000000
122	82.000000
123	9.000000
124	66.000000
125	52.000000
126	1.000000
127	36.000000
128	64.000000
129	70.000000
130	6.000000
131	97.000000
132	24.000000
133	53.000000
134	41.000000
135	74.000000
136	31.000000
137	76.000000
138	3.000000
139	91.000000
140	46.000000
141	79.000000
142	8.000000
143	6.000000
144	58.000000
145	16.000000
146	77.000000
147	62.000000
148	31.000000
149	57.000000
150	15.000000
151	97.000000
152	28.000000
153	6.000000
154	92.000000
155	41.000000
156	42.000000
157	68.000000
158	28.000000
159	81.000000
160	85.000000
161	18.000000
162	29.000000
163	84.000000
164	68.000000
165	49.000000
166	27.000000
167	69.000000
168	54.000000
169	28.000000
170	49.000000
171	60.000000
172	52.000000
173	26.000000
174	87.000000
175	1.000000
176	33.000000
177	44.000000
178	51.000000
179	95.000000
180	6.000000
181	62.000000
182	68.000000
183	81.000000
184	31.000000
185	40.000000
186	2.000000
187	84.000000
188	42.000000
189	7.000000
190	27.000000
191	84.000000
192	55.000000
193	83.000000
194	90.000000
195	89.000000
196	47.000000
197	4.000000
198	89.000000
199	32.000000
200	30.000000
201	64.000000
202	73.000000
203	62.000000
204	44.000000
205	54.000000
206	26.000000
207	85.000000
208	93.000000
209	29.000000
210	66.000000
211	56.000000
212	70.000000
213	53.000000
214	86.000000
215	96.000000
216	70.000000
217	52.000000
218	79.000000
219	24.000000
220	36.000000
221	41.000000
222	81.000000
223	6.000000
224	57.000000
225	83.000000
226	58.000000
227	53.000000
228	48.000000
229	5.000000
230	51.000000
231	3.000000
232	72.000000
233	18.000000
234	58.000000
235	84.000000
236	39.000000
237	90.000000
238	40.000000
239	36.000000
240	45.000000
241	35.000000
242	1.000000
243	93.000000
244	94.000000
245	2.000000
246	78.000000
247	31.000000
248	4.000000
249	24.000000
250	10.000000
251	9.000000
252	13.000000
253	25.000000
254	77.000000
255	26.000000
256	94.000000
257	25.000000
258	35.000000
259	74.000000
260	45.000000
261	28.000000
262	81.000000
263	95.000000
264	60.000000
265	27.000000
266	78.000000
267	55.000000
268	75.000000
269	31.000000
270	22.000000
271	70.000000
272	37.000000
273	82.000000
274	97.000000
275	15.000000
276	37.000000
277	29.000000
278	89.000000
279	85.000000
280	13.000000
281	87.000000
282	36.000000
283	11.000000
284	48.000000
285	38.000000
286	99.000000
287	58.000000
288	2.000000
289	55.000000
290	56.000000
291	49.000000
292	52.000000
293	92.000000
294	80.000000
295	85.000000
296	81.000000
297	74.000000
298	13.000000
299	99.000000
300	57.000000
301	6.000000
302	46.000000
303	4.000000
304	40.000000
305	72.000000
306	42.000000
307	76.000000
308	16.000000
309	66.000000
310	59.000000
311	6.000000
312	53.000000
313	45.000000
314	56.000000
315	9.000000
316	78.000000
317	88.000000
318	26.000000
319	22.000000
320	89.000000
321	88.000000
322	82.000000
323	80.000000
324	5.000000
325	71.000000
326	20.000000
327	73.000000
328	36.000000
329	66.000000
330	26.000000
331	22.000000
332	3.000000
333	72.000000
334	63.000000
335	19.000000
336	25.000000
337	60.000000
338	79.000000
339	46.000000
340	2.000000
341	76.000000
342	98.000000
343	76.000000
344	55.000000
345	64.000000
346	41.000000
347	79.000000
348	52.000000
349	75.000000
350	89.000000
351	20.000000
352	71.000000
353	99.000000
354	90.000000
355	64.000000
356	14.000000
357	63.000000
358	4.000000
359	54.000000
360	85.000000
361	86.000000
362	4.000000
363	56.000000
364	25.000000
365	42.000000
366	88.000000
367	71.000000
368	51.000000
369	68.000000
370	54.000000
371	51.000000
372	40.000000
373	90.000000
374	3.000000
375	69.000000
376	89.000000
377	9.000000
378	29.000000
379	40.000000
380	40.000000
381	26.000000
382	12.000000
383	27.000000
384	29.000000
385	44.000000
386	89.000000
387	52.000000
388	53.000000
389	71.000000
390	7.000000
391	19.000000
392	98.000000
393	29.000000
394	53.000000
395	43.000000
396	74.000000
397	41.000000
398	64.000000
399	66.000000
400	63.000000
401	27.000000
402	37.000000
403	47.000000
404	83.000000
405	38.000000
406	77.000000
407	64.000000
408	76.000000
409	11.000000
410	91.000000
411	71.000000
412	81.000000
413	9.000000
414	18.000000
415	15.000000
416	69.000000
417	75.000000
418	10.000000
419	63.000000
420	74.000000
421	38.000000
422	24.000000
423	99.000000
424	66.000000
425	57.000000
426	31.000000
427	44.000000
428	40.000000
429	30.000000
430	4.000000
431	50.000000
432	2.000000
433	96.000000
434	40.000000
435	22.000000
436	33.000000
437	97.000000
438	87.000000
439	12.000000
440	37.000000
441	61.000000
442	33.000000
443	41.000000
444	82.000000
445	48.000000
446	75.000000
447	11.000000
448	14.000000
449	57.000000
450	23.000000
451	31.000000
452	67.000000
453	66.000000
454	16.000000
455	46.000000
456	96.000000
457	47.000000
458	41.000000
459	69.000000
460	62.000000
461	45.000000
462	83.000000
463	10.000000
464	79.000000
465	93.000000
466	69.000000
467	36.000000
468	34.000000
469	63.000000
470	2.000000
471	23.000000
472	68.000000
473	12.000000
474	32.000000
475	49.000000
476	77.000000
477	23.000000
478	32.000000
479	48.000000
480	99.000000
481	83.000000
482	56.000000
483	18.000000
484	46.000000
485	24.000000
486	79.000000
487	43.000000
488	15.000000
489	20.000000
490	4.000000
491	23.000000
492	33.000000
493	8.000000
494	45.000000
495	6.000000
496	63.000000
497	41.000000
498	80.000000
499	11.000000
500	82.000000
;

param: U :=
1	100.000000
2	100.000000
3	100.000000
4	100.000000
5	100.000000
6	100.000000
7	100.000000
8	100.000000
9	100.000000
10	100.000000
11	100.000000
12	100.000000
13	100.000000
14	100.000000
15	100.000000
16	100.000000
17	100.000000
18	100.000000
19	100.000000
20	100.000000
21	100.000000
22	100.000000
23	100.000000
24	100.000000
25	100.000000
26	100.000000
27	100.000000
28	100.000000
29	100.000000
30	100.000000
31	100.000000
32	100.000000
33	100.000000
34	100.000000
35	100.000000
36	100.000000
37	100.000000
38	100.000000
39	100.000000
40	100.000000
41	100.000000
42	100.000000
43	100.000000
44	100.000000
45	100.000000
46	100.000000
47	100.000000
48	100.000000
49	100.000000
50	100.000000
51	100.000000
52	100.000000
53	100.000000
54	100.000000
55	100.000000
56	100.000000
57	100.000000
58	100.000000
59	100.000000
60	100.000000
61	100.000000
62	100.000000
63	100.000000
64	100.000000
65	100.000000
66	100.000000
67	100.000000
68	100.000000
69	100.000000
70	100.000000
71	100.000000
72	100.000000
73	100.000000
74	100.000000
75	100.000000
76	100.000000
77	100.000000
78	100.000000
79	100.000000
80	100.000000
81	100.000000
82	100.000000
83	100.000000
84	100.000000
85	100.000000
86	100.000000
87	100.000000
88	100.000000
89	100.000000
90	100.000000
91	100.000000
92	100.000000
93	100.000000
94	100.000000
95	100.000000
96	100.000000
97	100.000000
98	100.000000
99	100.000000
100	100.000000
101	100.000000
102	100.000000
103	100.000000
104	100.000000
105	100.000000
106	100.000000
107	100.000000
108	100.000000
109	100.000000
110	100.000000
111	100.000000
112	100.000000
113	100.000000
114	100.000000
115	100.000000
116	100.000000
117	100.000000
118	100.000000
119	100.000000
120	100.000000
121	100.000000
122	100.000000
123	100.000000
124	100.000000
125	100.000000
126	100.000000
127	100.000000
128	100.000000
129	100.000000
130	100.000000
131	100.000000
132	100.000000
133	100.000000
134	100.000000
135	100.000000
136	100.000000
137	100.000000
138	100.000000
139	100.000000
140	100.000000
141	100.000000
142	100.000000
143	100.000000
144	100.000000
145	100.000000
146	100.000000
147	100.000000
148	100.000000
149	100.000000
150	100.000000
151	100.000000
152	100.000000
153	100.000000
154	100.000000
155	100.000000
156	100.000000
157	100.000000
158	100.000000
159	100.000000
160	100.000000
161	100.000000
162	100.000000
163	100.000000
164	100.000000
165	100.000000
166	100.000000
167	100.000000
168	100.000000
169	100.000000
170	100.000000
171	100.000000
172	100.000000
173	100.000000
174	100.000000
175	100.000000
176	100.000000
177	100.000000
178	100.000000
179	100.000000
180	100.000000
181	100.000000
182	100.000000
183	100.000000
184	100.000000
185	100.000000
186	100.000000
187	100.000000
188	100.000000
189	100.000000
190	100.000000
191	100.000000
192	100.000000
193	100.000000
194	100.000000
195	100.000000
196	100.000000
197	100.000000
198	100.000000
199	100.000000
200	100.000000
201	100.000000
202	100.000000
203	100.000000
204	100.000000
205	100.000000
206	100.000000
207	100.000000
208	100.000000
209	100.000000
210	100.000000
211	100.000000
212	100.000000
213	100.000000
214	100.000000
215	100.000000
216	100.000000
217	100.000000
218	100.000000
219	100.000000
220	100.000000
221	100.000000
222	100.000000
223	100.000000
224	100.000000
225	100.000000
226	100.000000
227	100.000000
228	100.000000
229	100.000000
230	100.000000
231	100.000000
232	100.000000
233	100.000000
234	100.000000
235	100.000000
236	100.000000
237	100.000000
238	100.000000
239	100.000000
240	100.000000
241	100.000000
242	100.000000
243	100.000000
244	100.000000
245	100.000000
246	100.000000
247	100.000000
248	100.000000
249	100.000000
250	100.000000
251	100.000000
252	100.000000
253	100.000000
254	100.000000
255	100.000000
256	100.000000
257	100.000000
258	100.000000
259	100.000000
260	100.000000
261	100.000000
262	100.000000
263	100.000000
264	100.000000
265	100.000000
266	100.000000
267	100.000000
268	100.000000
269	100.000000
270	100.000000
271	100.000000
272	100.000000
273	100.000000
274	100.000000
275	100.000000
276	100.000000
277	100.000000
278	100.000000
279	100.000000
280	100.000000
281	100.000000
282	100.000000
283	100.000000
284	100.000000
285	100.000000
286	100.000000
287	100.000000
288	100.000000
289	100.000000
290	100.000000
291	100.000000
292	100.000000
293	100.000000
294	100.000000
295	100.000000
296	100.000000
297	100.000000
298	100.000000
299	100.000000
300	100.000000
301	100.000000
302	100.000000
303	100.000000
304	100.000000
305	100.000000
306	100.000000
307	100.000000
308	100.000000
309	100.000000
310	100.000000
311	100.000000
312	100.000000
313	100.000000
314	100.000000
315	100.000000
316	100.000000
317	100.000000
318	100.000000
319	100.000000
320	100.000000
321	100.000000
322	100.000000
323	100.000000
324	100.000000
325	100.000000
326	100.000000
327	100.000000
328	100.000000
329	100.000000
330	100.000000
331	100.000000
332	100.000000
333	100.000000
334	100.000000
335	100.000000
336	100.000000
337	100.000000
338	100.000000
339	100.000000
340	100.000000
341	100.000000
342	100.000000
343	100.000000
344	100.000000
345	100.000000
346	100.000000
347	100.000000
348	100.000000
349	100.000000
350	100.000000
351	100.000000
352	100.000000
353	100.000000
354	100.000000
355	100.000000
356	100.000000
357	100.000000
358	100.000000
359	100.000000
360	100.000000
361	100.000000
362	100.000000
363	100.000000
364	100.000000
365	100.000000
366	100.000000
367	100.000000
368	100.000000
369	100.000000
370	100.000000
371	100.000000
372	100.000000
373	100.000000
374	100.000000
375	100.000000
376	100.000000
377	100.000000
378	100.000000
379	100.000000
380	100.000000
381	100.000000
382	100.000000
383	100.000000
384	100.000000
385	100.000000
386	100.000000
387	100.000000
388	100.000000
389	100.000000
390	100.000000
391	100.000000
392	100.000000
393	100.000000
394	100.000000
395	100.000000
396	100.000000
397	100.000000
398	100.000000
399	100.000000
400	100.000000
401	100.000000
402	100.000000
403	100.000000
404	100.000000
405	100.000000
406	100.000000
407	100.000000
408	100.000000
409	100.000000
410	100.000000
411	100.000000
412	100.000000
413	100.000000
414	100.000000
415	100.000000
416	100.000000
417	100.000000
418	100.000000
419	100.000000
420	100.000000
421	100.000000
422	100.000000
423	100.000000
424	100.000000
425	100.000000
426	100.000000
427	100.000000
428	100.000000
429	100.000000
430	100.000000
431	100.000000
432	100.000000
433	100.000000
434	100.000000
435	100.000000
436	100.000000
437	100.000000
438	100.000000
439	100.000000
440	100.000000
441	100.000000
442	100.000000
443	100.000000
444	100.000000
445	100.000000
446	100.000000
447	100.000000
448	100.000000
449	100.000000
450	100.000000
451	100.000000
452	100.000000
453	100.000000
454	100.000000
455	100.000000
456	100.000000
457	100.000000
458	100.000000
459	100.000000
460	100.000000
461	100.000000
462	100.000000
463	100.000000
464	100.000000
465	100.000000
466	100.000000
467	100.000000
468	100.000000
469	100.000000
470	100.000000
471	100.000000
472	100.000000
473	100.000000
474	100.000000
475	100.000000
476	100.000000
477	100.000000
478	100.000000
479	100.000000
480	100.000000
481	100.000000
482	100.000000
483	100.000000
484	100.000000
485	100.000000
486	100.000000
487	100.000000
488	100.000000
489	100.000000
490	100.000000
491	100.000000
492	100.000000
493	100.000000
494	100.000000
495	100.000000
496	100.000000
497	100.000000
498	100.000000
499	100.000000
500	100.000000
;

