# seed = 1254829604

param N := 500;

param M := 5;

param Umax := 100.000000;

param: C :=
1	254531.000000
2	219478.000000
3	209241.000000
4	225152.000000
5	366298.000000
;

param: a :=
1	0.198534
2	0.178863
3	0.161617
4	0.129161
5	0.112891
6	0.120435
7	0.151511
8	0.126861
9	0.176956
10	0.105019
11	0.162637
12	0.180445
13	0.132579
14	0.174321
15	0.133244
16	0.127454
17	0.180370
18	0.197160
19	0.189430
20	0.181107
21	0.110180
22	0.183316
23	0.198976
24	0.168367
25	0.169408
26	0.181570
27	0.120865
28	0.147093
29	0.131615
30	0.128854
31	0.189485
32	0.119131
33	0.160293
34	0.109851
35	0.169196
36	0.103531
37	0.130193
38	0.112020
39	0.185666
40	0.107130
41	0.153968
42	0.155634
43	0.177828
44	0.151630
45	0.176573
46	0.172635
47	0.156673
48	0.138573
49	0.157291
50	0.175239
51	0.168920
52	0.153955
53	0.177070
54	0.100912
55	0.183857
56	0.128482
57	0.127089
58	0.163785
59	0.183353
60	0.111842
61	0.170851
62	0.163856
63	0.126454
64	0.118153
65	0.178924
66	0.199924
67	0.143011
68	0.187613
69	0.108605
70	0.183401
71	0.145939
72	0.170103
73	0.192866
74	0.177639
75	0.156067
76	0.139776
77	0.184063
78	0.124368
79	0.107663
80	0.106922
81	0.102002
82	0.107800
83	0.158218
84	0.107648
85	0.179542
86	0.128244
87	0.162637
88	0.121576
89	0.100918
90	0.105304
91	0.146348
92	0.148322
93	0.101481
94	0.124032
95	0.118658
96	0.179377
97	0.166783
98	0.185898
99	0.139952
100	0.130181
101	0.184587
102	0.110642
103	0.120092
104	0.106080
105	0.163803
106	0.113058
107	0.165777
108	0.192062
109	0.157248
110	0.160565
111	0.128934
112	0.189411
113	0.138287
114	0.175378
115	0.179155
116	0.178597
117	0.120265
118	0.163632
119	0.110133
120	0.197123
121	0.120680
122	0.119614
123	0.144044
124	0.159816
125	0.192024
126	0.172298
127	0.166748
128	0.140198
129	0.154580
130	0.106092
131	0.108760
132	0.188911
133	0.162471
134	0.193740
135	0.126800
136	0.147484
137	0.178779
138	0.183160
139	0.144836
140	0.114324
141	0.157069
142	0.115370
143	0.168197
144	0.176577
145	0.129199
146	0.175504
147	0.148052
148	0.155085
149	0.161901
150	0.128928
151	0.108992
152	0.189643
153	0.166158
154	0.115903
155	0.166569
156	0.174590
157	0.180585
158	0.123953
159	0.137272
160	0.123641
161	0.136257
162	0.135047
163	0.190038
164	0.116641
165	0.179928
166	0.167393
167	0.129995
168	0.109758
169	0.104790
170	0.152994
171	0.194036
172	0.131424
173	0.186208
174	0.180484
175	0.133213
176	0.114383
177	0.163145
178	0.145873
179	0.176615
180	0.132142
181	0.154629
182	0.111977
183	0.152819
184	0.162884
185	0.100722
186	0.179794
187	0.122970
188	0.108082
189	0.148806
190	0.135850
191	0.125185
192	0.182558
193	0.135217
194	0.187336
195	0.173935
196	0.119650
197	0.113178
198	0.186791
199	0.154302
200	0.145609
201	0.156280
202	0.129051
203	0.125955
204	0.166664
205	0.188216
206	0.169209
207	0.189239
208	0.149079
209	0.194733
210	0.177002
211	0.144950
212	0.154192
213	0.158105
214	0.125214
215	0.108524
216	0.133997
217	0.111994
218	0.157587
219	0.112873
220	0.177953
221	0.129358
222	0.137795
223	0.188144
224	0.159307
225	0.156064
226	0.140541
227	0.169394
228	0.101631
229	0.144106
230	0.172645
231	0.175895
232	0.161287
233	0.171782
234	0.151345
235	0.163896
236	0.108872
237	0.137619
238	0.196680
239	0.140131
240	0.185754
241	0.140747
242	0.162334
243	0.122654
244	0.122688
245	0.182076
246	0.173492
247	0.114066
248	0.142322
249	0.179173
250	0.126706
251	0.116949
252	0.122630
253	0.103653
254	0.176288
255	0.163941
256	0.184599
257	0.126136
258	0.177247
259	0.138436
260	0.153724
261	0.179767
262	0.191637
263	0.168246
264	0.159293
265	0.186813
266	0.136640
267	0.141786
268	0.112758
269	0.155155
270	0.170784
271	0.125975
272	0.184550
273	0.135803
274	0.130668
275	0.174354
276	0.122901
277	0.176402
278	0.176403
279	0.178301
280	0.187254
281	0.145918
282	0.124365
283	0.135574
284	0.193953
285	0.105411
286	0.160548
287	0.123397
288	0.139589
289	0.181889
290	0.165669
291	0.153200
292	0.122925
293	0.120632
294	0.153776
295	0.121033
296	0.183263
297	0.169626
298	0.118217
299	0.164764
300	0.156394
301	0.190107
302	0.169068
303	0.174449
304	0.108225
305	0.162494
306	0.143050
307	0.123828
308	0.126027
309	0.186299
310	0.195601
311	0.176615
312	0.197160
313	0.114404
314	0.177971
315	0.155593
316	0.122199
317	0.111137
318	0.169462
319	0.160112
320	0.197965
321	0.137289
322	0.134662
323	0.176857
324	0.151991
325	0.129919
326	0.117222
327	0.125669
328	0.167335
329	0.132878
330	0.119425
331	0.155327
332	0.183501
333	0.127915
334	0.102331
335	0.193378
336	0.111370
337	0.169727
338	0.163928
339	0.100145
340	0.101873
341	0.135779
342	0.152807
343	0.163048
344	0.183670
345	0.196916
346	0.177857
347	0.118252
348	0.184306
349	0.183067
350	0.191034
351	0.117152
352	0.139433
353	0.119637
354	0.162190
355	0.146718
356	0.186327
357	0.113100
358	0.112135
359	0.128707
360	0.134399
361	0.151274
362	0.110319
363	0.106659
364	0.196587
365	0.175310
366	0.158897
367	0.162441
368	0.150620
369	0.110833
370	0.179677
371	0.146463
372	0.173085
373	0.181029
374	0.160366
375	0.120553
376	0.164340
377	0.175326
378	0.113741
379	0.175442
380	0.136022
381	0.163021
382	0.148590
383	0.176605
384	0.136673
385	0.152834
386	0.197173
387	0.102041
388	0.148811
389	0.146116
390	0.150328
391	0.134939
392	0.157965
393	0.104928
394	0.142567
395	0.107707
396	0.107317
397	0.115407
398	0.185956
399	0.118498
400	0.126271
401	0.134328
402	0.108375
403	0.189531
404	0.126640
405	0.135603
406	0.164504
407	0.196306
408	0.180820
409	0.186471
410	0.190659
411	0.194277
412	0.175180
413	0.148618
414	0.165041
415	0.135259
416	0.153207
417	0.127769
418	0.168606
419	0.195923
420	0.131315
421	0.166125
422	0.188422
423	0.118866
424	0.108474
425	0.145738
426	0.112694
427	0.120612
428	0.194013
429	0.195310
430	0.120065
431	0.157647
432	0.151626
433	0.113705
434	0.141271
435	0.123434
436	0.113706
437	0.124696
438	0.148755
439	0.146230
440	0.172355
441	0.178006
442	0.123413
443	0.165030
444	0.183390
445	0.170060
446	0.112592
447	0.174104
448	0.176771
449	0.139761
450	0.110569
451	0.177014
452	0.153985
453	0.111062
454	0.148870
455	0.150044
456	0.165804
457	0.177317
458	0.173797
459	0.107846
460	0.113074
461	0.133025
462	0.108648
463	0.167761
464	0.160821
465	0.106432
466	0.115490
467	0.158109
468	0.146715
469	0.158392
470	0.134167
471	0.126860
472	0.179734
473	0.155109
474	0.134467
475	0.196911
476	0.197550
477	0.143125
478	0.174009
479	0.186072
480	0.172103
481	0.193701
482	0.127383
483	0.181479
484	0.126813
485	0.190548
486	0.177113
487	0.195314
488	0.112936
489	0.107165
490	0.155698
491	0.103451
492	0.104614
493	0.177601
494	0.125283
495	0.178918
496	0.156110
497	0.110664
498	0.168260
499	0.105645
500	0.168695
;

param: b :=
1	73.438250
2	17.634223
3	68.900581
4	99.690493
5	94.423903
6	99.413441
7	55.739174
8	32.676732
9	59.808668
10	65.376626
11	56.513657
12	21.750199
13	51.108102
14	71.827416
15	8.537138
16	2.807618
17	87.408682
18	25.480344
19	23.367002
20	98.444768
21	51.949125
22	67.462275
23	73.815336
24	99.080400
25	68.270797
26	26.700250
27	31.910947
28	42.743642
29	98.615404
30	79.623788
31	42.593391
32	84.290665
33	30.835833
34	4.740847
35	80.847268
36	8.054625
37	92.633306
38	76.059364
39	87.199561
40	33.450033
41	9.333364
42	60.494472
43	57.555511
44	13.681546
45	16.941740
46	0.568633
47	76.191203
48	75.836926
49	12.988922
50	65.197093
51	42.356068
52	69.343581
53	84.618234
54	65.681391
55	51.852356
56	19.851213
57	25.733983
58	94.457468
59	77.218363
60	52.023309
61	76.357056
62	13.163322
63	21.561216
64	18.229295
65	93.291988
66	97.786995
67	40.782693
68	5.303617
69	54.887706
70	22.468777
71	18.847071
72	41.459363
73	9.539734
74	47.122839
75	24.870983
76	60.805638
77	13.276477
78	79.866011
79	19.812894
80	37.475679
81	19.279857
82	72.221688
83	43.518056
84	2.161637
85	11.582281
86	42.399137
87	56.691520
88	49.049570
89	37.284081
90	61.400710
91	17.993213
92	23.513796
93	19.853829
94	47.949400
95	86.309131
96	75.983946
97	42.964988
98	92.006777
99	83.249315
100	98.879273
101	58.992548
102	28.263791
103	78.887840
104	38.418078
105	7.780551
106	63.061853
107	55.217292
108	46.999047
109	17.810334
110	31.174079
111	38.947810
112	45.427159
113	36.694886
114	92.737869
115	64.994208
116	77.711604
117	16.279067
118	16.458874
119	36.809484
120	56.785401
121	96.329253
122	7.543713
123	61.140629
124	99.480149
125	64.024244
126	13.218563
127	23.200860
128	15.887277
129	75.429621
130	25.564079
131	2.764065
132	15.870331
133	57.876094
134	29.390981
135	8.011277
136	50.796172
137	67.001683
138	11.170179
139	77.708355
140	80.167972
141	11.161113
142	40.759175
143	93.471907
144	15.657180
145	47.857114
146	3.697484
147	28.865463
148	5.032426
149	29.942780
150	4.479235
151	85.028261
152	93.099710
153	52.148381
154	20.461871
155	40.703050
156	8.694290
157	61.680235
158	25.585657
159	68.210287
160	46.935725
161	37.053768
162	22.997607
163	88.717486
164	63.542613
165	26.288313
166	85.398951
167	57.699575
168	31.483872
169	25.309418
170	58.797142
171	83.167560
172	95.235030
173	65.676506
174	88.903063
175	14.378125
176	14.540409
177	36.860699
178	68.670861
179	62.405389
180	31.476505
181	58.951986
182	18.496051
183	90.452546
184	99.640207
185	99.436567
186	2.892429
187	64.876757
188	90.389951
189	95.940059
190	9.870793
191	32.942711
192	43.221810
193	87.433762
194	30.882271
195	23.628462
196	17.934564
197	94.182555
198	27.864838
199	28.594138
200	59.984808
201	75.780546
202	45.873348
203	22.716113
204	95.843427
205	21.798235
206	13.587235
207	7.765882
208	76.725284
209	50.833643
210	70.450783
211	61.106542
212	31.973456
213	97.862049
214	98.397995
215	99.809814
216	94.505598
217	34.675776
218	25.931660
219	58.364440
220	29.312527
221	8.739114
222	37.465344
223	23.837323
224	74.233581
225	1.593776
226	66.434330
227	75.980319
228	41.388037
229	10.522731
230	65.280059
231	50.217765
232	49.293378
233	65.684924
234	48.801100
235	12.365118
236	13.609962
237	86.169892
238	54.500175
239	73.595724
240	63.372017
241	60.315762
242	31.321421
243	83.571358
244	77.316448
245	7.035766
246	84.306664
247	83.806165
248	20.397217
249	79.866946
250	29.627171
251	40.067408
252	43.166917
253	19.131427
254	87.016860
255	93.038428
256	40.568078
257	39.368158
258	52.333431
259	3.826472
260	84.756299
261	15.256710
262	88.463268
263	47.377675
264	84.119062
265	49.939744
266	17.067081
267	51.945688
268	25.083273
269	50.691195
270	64.698542
271	87.010817
272	50.734629
273	69.500176
274	32.201125
275	30.095854
276	38.840680
277	90.559075
278	87.093448
279	79.627383
280	83.827603
281	89.637866
282	34.156393
283	0.966500
284	38.026777
285	27.641774
286	76.973049
287	37.737399
288	36.627217
289	71.699210
290	65.141214
291	61.683258
292	75.226721
293	10.951365
294	42.115508
295	18.814747
296	48.859698
297	7.812521
298	34.675371
299	67.224507
300	23.324319
301	37.266828
302	23.308910
303	93.838752
304	59.481784
305	70.706245
306	52.068288
307	45.022539
308	71.960651
309	69.794366
310	80.257075
311	98.358870
312	92.963689
313	84.566287
314	46.000951
315	72.647711
316	41.205078
317	69.354752
318	65.201711
319	29.968088
320	30.985101
321	12.977616
322	70.627934
323	70.735755
324	21.748726
325	24.335646
326	38.390491
327	50.453620
328	50.312229
329	43.979336
330	17.591556
331	53.323876
332	39.830234
333	17.504201
334	4.003164
335	4.719786
336	93.450364
337	84.711761
338	59.378334
339	23.982848
340	5.925396
341	78.717557
342	62.254218
343	10.445795
344	97.155042
345	30.965141
346	67.506178
347	78.290179
348	53.545801
349	93.547493
350	43.088161
351	33.651544
352	12.214557
353	98.168778
354	35.505974
355	36.685268
356	42.462403
357	27.409142
358	57.405399
359	98.563243
360	23.912158
361	33.569851
362	97.154456
363	62.609539
364	31.643787
365	99.276113
366	45.200211
367	95.440236
368	86.975005
369	84.739814
370	42.241073
371	92.975093
372	14.492518
373	20.436644
374	97.271200
375	74.621022
376	99.324506
377	46.695379
378	60.497129
379	43.746831
380	89.906645
381	40.643535
382	87.453444
383	86.431676
384	0.310310
385	28.898906
386	27.785810
387	47.862868
388	78.946381
389	85.031416
390	17.170227
391	37.502563
392	38.886973
393	8.352435
394	42.258827
395	47.112318
396	34.518833
397	14.167669
398	72.898219
399	47.935702
400	32.656687
401	51.633374
402	77.362009
403	68.561932
404	32.176998
405	39.906419
406	49.436228
407	82.474149
408	85.446825
409	40.694394
410	83.869369
411	82.654228
412	81.901428
413	34.138344
414	74.433914
415	81.392528
416	33.081037
417	66.576686
418	48.134336
419	72.479694
420	73.485988
421	63.230410
422	85.623798
423	38.682446
424	50.259167
425	70.273196
426	97.158163
427	19.346042
428	58.833446
429	51.613615
430	28.284165
431	25.574039
432	16.941298
433	24.442096
434	96.078832
435	73.967500
436	51.927974
437	54.878970
438	49.228455
439	51.035806
440	77.010066
441	49.475532
442	72.152269
443	70.169817
444	71.123938
445	5.687526
446	19.915096
447	39.778166
448	27.152040
449	75.066961
450	47.414059
451	97.629386
452	49.096090
453	46.525816
454	83.264973
455	59.007432
456	3.408295
457	11.377630
458	43.861397
459	49.964153
460	7.362522
461	40.534841
462	67.197861
463	56.411276
464	70.165344
465	65.645291
466	82.314842
467	88.238947
468	52.374033
469	51.258978
470	32.152206
471	30.747462
472	1.381992
473	69.343540
474	15.165693
475	49.689972
476	18.957610
477	42.202399
478	78.455622
479	11.421168
480	65.374055
481	34.457546
482	41.173909
483	23.681037
484	29.508721
485	42.360835
486	21.684279
487	65.851318
488	29.058602
489	32.621453
490	32.697009
491	47.104421
492	77.805738
493	38.569323
494	84.224820
495	83.097219
496	67.912808
497	77.190531
498	46.625388
499	64.230341
500	46.734793
;

param: c :=
1	2.302393
2	71.330985
3	59.259351
4	38.604476
5	38.678273
6	19.151634
7	12.388129
8	57.260283
9	64.545532
10	97.317077
11	64.664844
12	93.628748
13	34.694477
14	37.598566
15	29.827728
16	10.129431
17	2.944319
18	10.474449
19	76.185207
20	40.161175
21	38.562727
22	52.545792
23	79.642345
24	44.330896
25	13.235777
26	90.839794
27	97.354983
28	39.381185
29	10.003941
30	99.616577
31	26.735628
32	14.886849
33	37.932324
34	33.007585
35	2.995200
36	71.728249
37	23.833406
38	79.645099
39	16.865646
40	49.588098
41	63.529720
42	96.588121
43	56.275732
44	90.543584
45	27.787961
46	73.990572
47	50.039171
48	93.648769
49	60.754866
50	28.332009
51	13.414098
52	36.363746
53	67.758094
54	80.657905
55	13.831101
56	30.616375
57	27.989952
58	91.785934
59	7.020912
60	70.008479
61	98.436825
62	40.820396
63	95.710878
64	56.521515
65	95.596469
66	96.426215
67	66.643848
68	38.627773
69	21.337316
70	27.561232
71	25.699929
72	2.579170
73	52.174091
74	56.290859
75	30.443971
76	51.655305
77	19.575588
78	96.271647
79	55.934795
80	26.445543
81	78.612976
82	57.489770
83	52.835305
84	33.147243
85	48.921465
86	8.895096
87	24.891892
88	61.358988
89	52.022435
90	17.239593
91	76.902226
92	95.869450
93	34.895027
94	10.153464
95	64.299275
96	1.462962
97	32.428069
98	61.748412
99	69.077346
100	57.572091
101	70.579719
102	5.656773
103	67.845603
104	14.579750
105	3.435225
106	81.506770
107	62.389105
108	32.367642
109	37.991820
110	8.748109
111	6.783261
112	34.890274
113	71.274458
114	20.051010
115	8.266909
116	21.262146
117	91.803956
118	94.075469
119	24.071289
120	30.223290
121	29.525560
122	91.187667
123	11.167830
124	4.647619
125	34.812285
126	2.216738
127	26.722077
128	59.691347
129	17.903678
130	10.757540
131	43.479931
132	32.077938
133	41.592186
134	70.037021
135	36.206410
136	99.323294
137	64.300279
138	26.444640
139	60.174278
140	96.292176
141	41.610416
142	6.661033
143	66.002199
144	26.900999
145	8.603128
146	14.453239
147	99.219639
148	62.900012
149	13.197259
150	78.097486
151	55.357497
152	78.099205
153	93.761673
154	46.843601
155	12.150184
156	73.085014
157	49.551628
158	72.375332
159	81.830040
160	54.049529
161	66.441297
162	25.514268
163	37.365818
164	50.246037
165	33.805455
166	4.257253
167	92.937535
168	29.104301
169	28.333447
170	28.441294
171	74.102226
172	30.324248
173	74.377247
174	93.597175
175	49.484262
176	15.330968
177	0.947831
178	59.937646
179	70.028373
180	30.454001
181	55.442871
182	35.038977
183	98.180987
184	96.370514
185	38.242972
186	81.905637
187	87.583265
188	87.485916
189	8.150163
190	49.347347
191	32.128609
192	6.585894
193	18.346478
194	56.236968
195	69.943140
196	80.486445
197	83.097606
198	0.832265
199	79.761978
200	82.276847
201	58.435528
202	75.799857
203	9.053528
204	95.888047
205	17.814530
206	54.431508
207	91.213743
208	79.862299
209	8.979022
210	55.729427
211	59.745266
212	42.672019
213	91.225292
214	22.261435
215	74.110531
216	74.047397
217	28.502420
218	29.413581
219	32.417183
220	6.081394
221	34.198883
222	20.748079
223	61.867078
224	21.508679
225	32.857243
226	35.004587
227	75.388214
228	16.914476
229	77.068256
230	1.402688
231	55.594620
232	5.133091
233	71.895733
234	10.665501
235	81.702605
236	83.618032
237	57.981680
238	44.216005
239	16.476365
240	69.567229
241	43.996476
242	14.890413
243	27.765714
244	31.285028
245	52.725704
246	82.434934
247	41.041755
248	37.577295
249	49.921057
250	37.819401
251	3.567283
252	22.926906
253	70.032144
254	97.591412
255	24.096424
256	29.604430
257	38.626424
258	52.210159
259	76.529992
260	35.537987
261	91.660040
262	69.686956
263	50.250204
264	29.414336
265	88.119107
266	43.164324
267	83.639389
268	44.272846
269	93.702675
270	41.682653
271	26.141892
272	67.420791
273	74.858538
274	28.029424
275	65.337543
276	0.199492
277	26.049412
278	55.388099
279	84.307865
280	31.271368
281	88.864419
282	96.535646
283	89.299256
284	90.603480
285	61.478074
286	64.628864
287	81.894356
288	83.149052
289	62.158578
290	71.349641
291	42.123812
292	28.375340
293	4.783804
294	59.840432
295	49.939685
296	55.144449
297	66.815046
298	97.717647
299	33.180673
300	11.866201
301	79.064581
302	69.317614
303	85.733620
304	40.264422
305	73.298968
306	63.578420
307	5.569434
308	8.377810
309	90.011669
310	70.540598
311	56.905513
312	46.101560
313	92.902091
314	59.419773
315	11.140282
316	24.937316
317	75.429090
318	12.232468
319	10.506031
320	95.942640
321	89.981614
322	99.787054
323	32.722379
324	3.979563
325	67.280736
326	8.334857
327	8.753034
328	69.510391
329	80.647155
330	18.014426
331	6.150828
332	32.139704
333	3.448918
334	83.466804
335	15.104562
336	87.911740
337	70.178809
338	47.149803
339	68.717975
340	64.654167
341	82.486949
342	46.193279
343	76.350666
344	45.701878
345	17.205615
346	40.484556
347	31.563089
348	91.428353
349	4.710468
350	23.929555
351	4.873342
352	66.791350
353	33.015522
354	52.453248
355	59.552749
356	39.191355
357	12.849838
358	73.981637
359	35.491236
360	85.269188
361	14.215436
362	27.460643
363	34.820416
364	37.987835
365	9.133390
366	84.910772
367	65.621992
368	3.421886
369	99.094528
370	35.892376
371	12.086319
372	48.976834
373	54.098547
374	84.068024
375	60.091890
376	62.515671
377	9.964399
378	16.783812
379	38.929478
380	87.668998
381	28.315529
382	59.615583
383	34.381679
384	34.341001
385	6.774997
386	48.346219
387	88.519867
388	58.429276
389	76.483856
390	71.911015
391	99.525917
392	57.051685
393	71.591634
394	17.655070
395	35.716769
396	44.779800
397	56.690124
398	94.768820
399	87.562365
400	83.642413
401	80.765748
402	70.343313
403	70.758166
404	56.392880
405	23.120385
406	62.652327
407	44.995726
408	29.880693
409	7.163878
410	19.092391
411	45.184621
412	55.255629
413	12.521960
414	96.656674
415	66.291828
416	22.491253
417	62.786683
418	65.875572
419	20.105267
420	40.527316
421	49.799854
422	38.733945
423	24.500096
424	59.770856
425	46.600575
426	52.204528
427	88.360362
428	37.386418
429	8.428883
430	83.525865
431	72.907174
432	88.575248
433	89.508633
434	53.687250
435	80.439662
436	22.061589
437	57.338272
438	76.067589
439	77.500792
440	49.180201
441	29.635237
442	33.266076
443	24.263464
444	17.001013
445	59.490349
446	18.436405
447	95.432473
448	70.376345
449	42.796107
450	68.559480
451	12.558930
452	65.104983
453	50.646174
454	77.417235
455	68.368586
456	70.445794
457	28.607359
458	96.978092
459	62.808887
460	39.723524
461	85.616548
462	36.782767
463	12.939097
464	90.148801
465	59.031725
466	31.500086
467	13.341000
468	56.830543
469	87.879386
470	17.792420
471	55.596688
472	82.303063
473	44.834738
474	65.443323
475	49.922910
476	53.173286
477	74.020662
478	29.476107
479	59.033499
480	95.037081
481	6.361989
482	38.205975
483	98.718714
484	0.858030
485	97.241835
486	38.641527
487	93.687937
488	50.649150
489	33.295993
490	17.630011
491	31.346782
492	18.370189
493	15.807362
494	69.303458
495	67.988551
496	21.678407
497	71.573660
498	55.688784
499	28.450491
500	19.743678
;

param: d :=
1	-16.113113
2	-37.031781
3	-62.182084
4	-95.135685
5	-62.298349
6	-42.794896
7	-46.186267
8	-1.808356
9	-63.784332
10	-56.376955
11	-98.684433
12	-0.403239
13	-55.033243
14	-68.419179
15	-2.210951
16	-75.228612
17	-54.964784
18	-9.211625
19	-75.875770
20	-81.294392
21	-59.992037
22	-6.555037
23	-98.079227
24	-21.158956
25	-54.406792
26	-78.269288
27	-40.571890
28	-0.361051
29	-88.742807
30	-26.814610
31	-97.278872
32	-90.029551
33	-42.352310
34	-50.767581
35	-20.799868
36	-96.852046
37	-43.071291
38	-73.093146
39	-76.401201
40	-59.862826
41	-43.036906
42	-72.637570
43	-98.338459
44	-68.724735
45	-6.560956
46	-77.776691
47	-79.797255
48	-64.839213
49	-86.433073
50	-34.217330
51	-3.291630
52	-72.054791
53	-72.891276
54	-5.438839
55	-55.387873
56	-43.186427
57	-59.497169
58	-99.851190
59	-48.889082
60	-7.500204
61	-15.318242
62	-5.527517
63	-45.555769
64	-90.060836
65	-14.054896
66	-30.067964
67	-58.552491
68	-71.566574
69	-95.684454
70	-60.077122
71	-58.464194
72	-33.470950
73	-40.490191
74	-83.733685
75	-22.595725
76	-32.662860
77	-90.236824
78	-73.053067
79	-40.162863
80	-36.787102
81	-67.554220
82	-40.545190
83	-22.206125
84	-96.080765
85	-64.522901
86	-45.310289
87	-58.749935
88	-20.934206
89	-46.246879
90	-61.549090
91	-4.730372
92	-42.783260
93	-73.626624
94	-14.608685
95	-29.319721
96	-3.383176
97	-56.314867
98	-18.232169
99	-25.153054
100	-59.665295
101	-51.113440
102	-87.895067
103	-47.480303
104	-32.171369
105	-67.119388
106	-29.369993
107	-63.642923
108	-2.281294
109	-74.906140
110	-24.855457
111	-67.630757
112	-29.082472
113	-99.324063
114	-92.254049
115	-82.853189
116	-12.654951
117	-72.951884
118	-1.477348
119	-18.592907
120	-82.825738
121	-71.053226
122	-59.124227
123	-64.152230
124	-46.108391
125	-83.904689
126	-97.479005
127	-3.726350
128	-68.614192
129	-34.252061
130	-89.259957
131	-56.427374
132	-8.871995
133	-10.807160
134	-46.568833
135	-55.296252
136	-41.758658
137	-77.741088
138	-84.762407
139	-13.571848
140	-15.638957
141	-6.724626
142	-85.307074
143	-67.502474
144	-96.978852
145	-10.626539
146	-28.203501
147	-10.337206
148	-38.254467
149	-72.097272
150	-44.170922
151	-82.404613
152	-95.903998
153	-34.622629
154	-21.197478
155	-20.233789
156	-47.312024
157	-64.057106
158	-97.947445
159	-68.966785
160	-29.515184
161	-51.592882
162	-91.867911
163	-60.410737
164	-10.983229
165	-38.242263
166	-78.557358
167	-3.563203
168	-64.728218
169	-57.844298
170	-96.760137
171	-72.158083
172	-64.318994
173	-20.854451
174	-90.411759
175	-38.453417
176	-57.175763
177	-62.752893
178	-23.802625
179	-49.007435
180	-74.261150
181	-95.886892
182	-72.692335
183	-46.232920
184	-77.178751
185	-29.249246
186	-89.752089
187	-21.586746
188	-56.879190
189	-53.012810
190	-67.779670
191	-36.572100
192	-35.536622
193	-77.199562
194	-25.177741
195	-17.915253
196	-31.002374
197	-54.692903
198	-6.623035
199	-27.351535
200	-98.154038
201	-73.776931
202	-90.462374
203	-90.947644
204	-32.503752
205	-32.021759
206	-48.514046
207	-52.325897
208	-75.121107
209	-96.213200
210	-27.109721
211	-37.235651
212	-91.376526
213	-50.681041
214	-94.923458
215	-82.496633
216	-10.274043
217	-28.260305
218	-99.740777
219	-95.901716
220	-99.785230
221	-96.531187
222	-88.157105
223	-83.353623
224	-11.279215
225	-11.519004
226	-53.377963
227	-96.407460
228	-77.621226
229	-94.027145
230	-5.846048
231	-91.247265
232	-3.708733
233	-52.829595
234	-31.740659
235	-59.035312
236	-89.725600
237	-6.786505
238	-98.186468
239	-87.972848
240	-3.580671
241	-77.550291
242	-54.047518
243	-19.363993
244	-33.095654
245	-1.447165
246	-56.940938
247	-41.937232
248	-42.787382
249	-93.061170
250	-42.009062
251	-30.324916
252	-94.934865
253	-55.305345
254	-86.134688
255	-86.137832
256	-77.581222
257	-70.296770
258	-99.826427
259	-91.531718
260	-48.684401
261	-96.136109
262	-78.758272
263	-93.127604
264	-88.496394
265	-36.657106
266	-27.821779
267	-66.554025
268	-17.554777
269	-94.594904
270	-99.802085
271	-85.905605
272	-72.285759
273	-80.557141
274	-25.059038
275	-31.942900
276	-35.416213
277	-97.456469
278	-56.176086
279	-46.840513
280	-84.716559
281	-88.744741
282	-75.435139
283	-38.376346
284	-50.659176
285	-10.280967
286	-8.180316
287	-87.738151
288	-63.875032
289	-28.811512
290	-43.727910
291	-85.321595
292	-12.446064
293	-97.473814
294	-63.074485
295	-16.808912
296	-45.387811
297	-88.249701
298	-53.407323
299	-30.452144
300	-83.765682
301	-59.953639
302	-75.787735
303	-58.735553
304	-94.057807
305	-4.325599
306	-45.084137
307	-97.107165
308	-4.655035
309	-27.967470
310	-64.134858
311	-50.085973
312	-39.261967
313	-80.026399
314	-13.651198
315	-54.395641
316	-7.260306
317	-31.957903
318	-84.436078
319	-46.985890
320	-42.615074
321	-51.571162
322	-40.400829
323	-47.713636
324	-35.776374
325	-59.574662
326	-86.834936
327	-84.349626
328	-32.877938
329	-34.399602
330	-76.595431
331	-77.392191
332	-8.164559
333	-63.331845
334	-28.158233
335	-25.974642
336	-70.615312
337	-24.122250
338	-3.932274
339	-96.405980
340	-14.660646
341	-49.116044
342	-59.281127
343	-66.772980
344	-69.179961
345	-34.366372
346	-57.489215
347	-99.261332
348	-69.500718
349	-40.582075
350	-63.264109
351	-65.642061
352	-20.082941
353	-48.800029
354	-46.381990
355	-48.571610
356	-89.743182
357	-82.027103
358	-21.073639
359	-38.277499
360	-13.148070
361	-89.172807
362	-50.490016
363	-80.491224
364	-29.430867
365	-89.198471
366	-55.834208
367	-23.343625
368	-21.919124
369	-54.346424
370	-82.335200
371	-44.404086
372	-42.004295
373	-53.349033
374	-36.212138
375	-80.352458
376	-99.767144
377	-12.587804
378	-37.282144
379	-70.459332
380	-79.909478
381	-76.887036
382	-88.894201
383	-13.430711
384	-46.543216
385	-8.236687
386	-15.158207
387	-69.643746
388	-91.573474
389	-19.502745
390	-15.331272
391	-58.285822
392	-93.688290
393	-6.552116
394	-99.003258
395	-15.808894
396	-20.771512
397	-85.067272
398	-56.992315
399	-9.910779
400	-56.073876
401	-29.955464
402	-46.844879
403	-53.779001
404	-78.591167
405	-76.834826
406	-51.853617
407	-22.928496
408	-48.836480
409	-42.770644
410	-52.948582
411	-82.602542
412	-62.167412
413	-6.386293
414	-5.078662
415	-57.577502
416	-27.700388
417	-27.045925
418	-76.138287
419	-91.554656
420	-72.028210
421	-67.583423
422	-89.087009
423	-18.346917
424	-25.650187
425	-34.156953
426	-46.778707
427	-29.588292
428	-67.252785
429	-80.190075
430	-20.163740
431	-95.752679
432	-96.169758
433	-97.934438
434	-21.342329
435	-68.137430
436	-2.767775
437	-2.397259
438	-62.669395
439	-64.261187
440	-73.958155
441	-41.554090
442	-54.525750
443	-77.631419
444	-40.542655
445	-52.439499
446	-38.228082
447	-96.260621
448	-89.963348
449	-35.975697
450	-72.430323
451	-63.495628
452	-27.578326
453	-93.505602
454	-80.753406
455	-7.160369
456	-65.636394
457	-10.123872
458	-61.097772
459	-41.507727
460	-9.508683
461	-98.606266
462	-20.905923
463	-3.631902
464	-42.200809
465	-30.759241
466	-44.786201
467	-56.274250
468	-16.501761
469	-28.668893
470	-75.684410
471	-14.108283
472	-88.765662
473	-31.549779
474	-8.702038
475	-15.209180
476	-84.657594
477	-1.278629
478	-43.688054
479	-69.093364
480	-62.453888
481	-56.376077
482	-19.443646
483	-44.500163
484	-43.711063
485	-50.418510
486	-27.849694
487	-98.324467
488	-48.857722
489	-94.115821
490	-43.443569
491	-99.307486
492	-56.744221
493	-28.711483
494	-24.068247
495	-87.785593
496	-26.260148
497	-57.988865
498	-13.370240
499	-78.547810
500	-62.001195
;

param: weight :=
1	15.000000
2	20.000000
3	41.000000
4	65.000000
5	16.000000
6	39.000000
7	40.000000
8	95.000000
9	97.000000
10	70.000000
11	94.000000
12	79.000000
13	5.000000
14	70.000000
15	45.000000
16	46.000000
17	88.000000
18	25.000000
19	68.000000
20	30.000000
21	50.000000
22	92.000000
23	19.000000
24	89.000000
25	92.000000
26	45.000000
27	72.000000
28	36.000000
29	1.000000
30	58.000000
31	88.000000
32	6.000000
33	90.000000
34	5.000000
35	92.000000
36	81.000000
37	95.000000
38	86.000000
39	45.000000
40	82.000000
41	88.000000
42	64.000000
43	15.000000
44	41.000000
45	41.000000
46	41.000000
47	33.000000
48	4.000000
49	15.000000
50	96.000000
51	36.000000
52	91.000000
53	5.000000
54	1.000000
55	65.000000
56	85.000000
57	23.000000
58	23.000000
59	5.000000
60	47.000000
61	21.000000
62	70.000000
63	62.000000
64	19.000000
65	44.000000
66	90.000000
67	26.000000
68	99.000000
69	10.000000
70	33.000000
71	5.000000
72	12.000000
73	51.000000
74	75.000000
75	29.000000
76	1.000000
77	55.000000
78	46.000000
79	79.000000
80	54.000000
81	96.000000
82	40.000000
83	53.000000
84	29.000000
85	71.000000
86	6.000000
87	89.000000
88	9.000000
89	15.000000
90	65.000000
91	53.000000
92	78.000000
93	61.000000
94	27.000000
95	40.000000
96	15.000000
97	38.000000
98	49.000000
99	10.000000
100	84.000000
101	30.000000
102	25.000000
103	23.000000
104	20.000000
105	82.000000
106	4.000000
107	5.000000
108	59.000000
109	70.000000
110	99.000000
111	72.000000
112	16.000000
113	73.000000
114	90.000000
115	90.000000
116	53.000000
117	49.000000
118	87.000000
119	38.000000
120	64.000000
121	14.000000
122	94.000000
123	88.000000
124	98.000000
125	45.000000
126	31.000000
127	52.000000
128	57.000000
129	12.000000
130	79.000000
131	19.000000
132	19.000000
133	54.000000
134	61.000000
135	74.000000
136	61.000000
137	11.000000
138	3.000000
139	67.000000
140	34.000000
141	56.000000
142	99.000000
143	16.000000
144	31.000000
145	34.000000
146	88.000000
147	22.000000
148	20.000000
149	62.000000
150	8.000000
151	74.000000
152	65.000000
153	42.000000
154	82.000000
155	68.000000
156	64.000000
157	79.000000
158	30.000000
159	34.000000
160	26.000000
161	17.000000
162	75.000000
163	25.000000
164	65.000000
165	57.000000
166	56.000000
167	7.000000
168	40.000000
169	65.000000
170	48.000000
171	45.000000
172	17.000000
173	62.000000
174	24.000000
175	56.000000
176	18.000000
177	65.000000
178	5.000000
179	42.000000
180	41.000000
181	21.000000
182	61.000000
183	28.000000
184	76.000000
185	50.000000
186	29.000000
187	69.000000
188	18.000000
189	50.000000
190	33.000000
191	4.000000
192	53.000000
193	66.000000
194	74.000000
195	70.000000
196	50.000000
197	58.000000
198	92.000000
199	51.000000
200	35.000000
201	58.000000
202	15.000000
203	68.000000
204	89.000000
205	94.000000
206	16.000000
207	34.000000
208	86.000000
209	60.000000
210	38.000000
211	29.000000
212	83.000000
213	46.000000
214	24.000000
215	4.000000
216	67.000000
217	97.000000
218	35.000000
219	8.000000
220	35.000000
221	26.000000
222	27.000000
223	95.000000
224	74.000000
225	6.000000
226	66.000000
227	79.000000
228	53.000000
229	27.000000
230	54.000000
231	39.000000
232	95.000000
233	69.000000
234	71.000000
235	19.000000
236	8.000000
237	94.000000
238	51.000000
239	21.000000
240	32.000000
241	2.000000
242	42.000000
243	77.000000
244	79.000000
245	19.000000
246	80.000000
247	7.000000
248	66.000000
249	60.000000
250	96.000000
251	39.000000
252	86.000000
253	77.000000
254	44.000000
255	99.000000
256	98.000000
257	9.000000
258	57.000000
259	49.000000
260	98.000000
261	29.000000
262	11.000000
263	77.000000
264	84.000000
265	58.000000
266	68.000000
267	56.000000
268	46.000000
269	57.000000
270	76.000000
271	50.000000
272	23.000000
273	3.000000
274	15.000000
275	36.000000
276	39.000000
277	5.000000
278	15.000000
279	99.000000
280	59.000000
281	58.000000
282	98.000000
283	4.000000
284	82.000000
285	80.000000
286	92.000000
287	49.000000
288	61.000000
289	33.000000
290	15.000000
291	51.000000
292	67.000000
293	23.000000
294	78.000000
295	90.000000
296	6.000000
297	23.000000
298	23.000000
299	70.000000
300	60.000000
301	21.000000
302	78.000000
303	6.000000
304	7.000000
305	40.000000
306	68.000000
307	85.000000
308	96.000000
309	11.000000
310	86.000000
311	94.000000
312	48.000000
313	87.000000
314	41.000000
315	45.000000
316	77.000000
317	20.000000
318	26.000000
319	50.000000
320	18.000000
321	58.000000
322	63.000000
323	39.000000
324	37.000000
325	77.000000
326	95.000000
327	98.000000
328	10.000000
329	96.000000
330	81.000000
331	93.000000
332	53.000000
333	33.000000
334	71.000000
335	70.000000
336	17.000000
337	8.000000
338	51.000000
339	61.000000
340	77.000000
341	53.000000
342	91.000000
343	86.000000
344	93.000000
345	35.000000
346	53.000000
347	29.000000
348	94.000000
349	27.000000
350	74.000000
351	99.000000
352	55.000000
353	98.000000
354	66.000000
355	96.000000
356	79.000000
357	62.000000
358	37.000000
359	50.000000
360	77.000000
361	85.000000
362	8.000000
363	80.000000
364	11.000000
365	61.000000
366	32.000000
367	7.000000
368	37.000000
369	5.000000
370	13.000000
371	4.000000
372	59.000000
373	97.000000
374	75.000000
375	21.000000
376	17.000000
377	3.000000
378	19.000000
379	90.000000
380	54.000000
381	60.000000
382	87.000000
383	74.000000
384	63.000000
385	58.000000
386	48.000000
387	71.000000
388	90.000000
389	71.000000
390	70.000000
391	29.000000
392	24.000000
393	39.000000
394	51.000000
395	28.000000
396	19.000000
397	56.000000
398	79.000000
399	41.000000
400	34.000000
401	36.000000
402	57.000000
403	83.000000
404	75.000000
405	30.000000
406	93.000000
407	52.000000
408	39.000000
409	87.000000
410	6.000000
411	6.000000
412	30.000000
413	12.000000
414	26.000000
415	39.000000
416	80.000000
417	84.000000
418	86.000000
419	66.000000
420	68.000000
421	6.000000
422	58.000000
423	12.000000
424	74.000000
425	78.000000
426	25.000000
427	52.000000
428	70.000000
429	33.000000
430	3.000000
431	91.000000
432	70.000000
433	94.000000
434	29.000000
435	93.000000
436	32.000000
437	59.000000
438	53.000000
439	53.000000
440	56.000000
441	81.000000
442	69.000000
443	68.000000
444	9.000000
445	42.000000
446	46.000000
447	98.000000
448	72.000000
449	97.000000
450	7.000000
451	45.000000
452	11.000000
453	50.000000
454	93.000000
455	23.000000
456	31.000000
457	48.000000
458	17.000000
459	56.000000
460	27.000000
461	34.000000
462	2.000000
463	46.000000
464	9.000000
465	24.000000
466	73.000000
467	89.000000
468	32.000000
469	48.000000
470	90.000000
471	99.000000
472	57.000000
473	13.000000
474	98.000000
475	21.000000
476	43.000000
477	28.000000
478	89.000000
479	80.000000
480	57.000000
481	20.000000
482	56.000000
483	23.000000
484	85.000000
485	73.000000
486	59.000000
487	10.000000
488	10.000000
489	88.000000
490	89.000000
491	96.000000
492	50.000000
493	40.000000
494	36.000000
495	89.000000
496	25.000000
497	78.000000
498	89.000000
499	36.000000
500	23.000000
;

param: U :=
1	100.000000
2	100.000000
3	100.000000
4	100.000000
5	100.000000
6	100.000000
7	100.000000
8	100.000000
9	100.000000
10	100.000000
11	100.000000
12	100.000000
13	100.000000
14	100.000000
15	100.000000
16	100.000000
17	100.000000
18	100.000000
19	100.000000
20	100.000000
21	100.000000
22	100.000000
23	100.000000
24	100.000000
25	100.000000
26	100.000000
27	100.000000
28	100.000000
29	100.000000
30	100.000000
31	100.000000
32	100.000000
33	100.000000
34	100.000000
35	100.000000
36	100.000000
37	100.000000
38	100.000000
39	100.000000
40	100.000000
41	100.000000
42	100.000000
43	100.000000
44	100.000000
45	100.000000
46	100.000000
47	100.000000
48	100.000000
49	100.000000
50	100.000000
51	100.000000
52	100.000000
53	100.000000
54	100.000000
55	100.000000
56	100.000000
57	100.000000
58	100.000000
59	100.000000
60	100.000000
61	100.000000
62	100.000000
63	100.000000
64	100.000000
65	100.000000
66	100.000000
67	100.000000
68	100.000000
69	100.000000
70	100.000000
71	100.000000
72	100.000000
73	100.000000
74	100.000000
75	100.000000
76	100.000000
77	100.000000
78	100.000000
79	100.000000
80	100.000000
81	100.000000
82	100.000000
83	100.000000
84	100.000000
85	100.000000
86	100.000000
87	100.000000
88	100.000000
89	100.000000
90	100.000000
91	100.000000
92	100.000000
93	100.000000
94	100.000000
95	100.000000
96	100.000000
97	100.000000
98	100.000000
99	100.000000
100	100.000000
101	100.000000
102	100.000000
103	100.000000
104	100.000000
105	100.000000
106	100.000000
107	100.000000
108	100.000000
109	100.000000
110	100.000000
111	100.000000
112	100.000000
113	100.000000
114	100.000000
115	100.000000
116	100.000000
117	100.000000
118	100.000000
119	100.000000
120	100.000000
121	100.000000
122	100.000000
123	100.000000
124	100.000000
125	100.000000
126	100.000000
127	100.000000
128	100.000000
129	100.000000
130	100.000000
131	100.000000
132	100.000000
133	100.000000
134	100.000000
135	100.000000
136	100.000000
137	100.000000
138	100.000000
139	100.000000
140	100.000000
141	100.000000
142	100.000000
143	100.000000
144	100.000000
145	100.000000
146	100.000000
147	100.000000
148	100.000000
149	100.000000
150	100.000000
151	100.000000
152	100.000000
153	100.000000
154	100.000000
155	100.000000
156	100.000000
157	100.000000
158	100.000000
159	100.000000
160	100.000000
161	100.000000
162	100.000000
163	100.000000
164	100.000000
165	100.000000
166	100.000000
167	100.000000
168	100.000000
169	100.000000
170	100.000000
171	100.000000
172	100.000000
173	100.000000
174	100.000000
175	100.000000
176	100.000000
177	100.000000
178	100.000000
179	100.000000
180	100.000000
181	100.000000
182	100.000000
183	100.000000
184	100.000000
185	100.000000
186	100.000000
187	100.000000
188	100.000000
189	100.000000
190	100.000000
191	100.000000
192	100.000000
193	100.000000
194	100.000000
195	100.000000
196	100.000000
197	100.000000
198	100.000000
199	100.000000
200	100.000000
201	100.000000
202	100.000000
203	100.000000
204	100.000000
205	100.000000
206	100.000000
207	100.000000
208	100.000000
209	100.000000
210	100.000000
211	100.000000
212	100.000000
213	100.000000
214	100.000000
215	100.000000
216	100.000000
217	100.000000
218	100.000000
219	100.000000
220	100.000000
221	100.000000
222	100.000000
223	100.000000
224	100.000000
225	100.000000
226	100.000000
227	100.000000
228	100.000000
229	100.000000
230	100.000000
231	100.000000
232	100.000000
233	100.000000
234	100.000000
235	100.000000
236	100.000000
237	100.000000
238	100.000000
239	100.000000
240	100.000000
241	100.000000
242	100.000000
243	100.000000
244	100.000000
245	100.000000
246	100.000000
247	100.000000
248	100.000000
249	100.000000
250	100.000000
251	100.000000
252	100.000000
253	100.000000
254	100.000000
255	100.000000
256	100.000000
257	100.000000
258	100.000000
259	100.000000
260	100.000000
261	100.000000
262	100.000000
263	100.000000
264	100.000000
265	100.000000
266	100.000000
267	100.000000
268	100.000000
269	100.000000
270	100.000000
271	100.000000
272	100.000000
273	100.000000
274	100.000000
275	100.000000
276	100.000000
277	100.000000
278	100.000000
279	100.000000
280	100.000000
281	100.000000
282	100.000000
283	100.000000
284	100.000000
285	100.000000
286	100.000000
287	100.000000
288	100.000000
289	100.000000
290	100.000000
291	100.000000
292	100.000000
293	100.000000
294	100.000000
295	100.000000
296	100.000000
297	100.000000
298	100.000000
299	100.000000
300	100.000000
301	100.000000
302	100.000000
303	100.000000
304	100.000000
305	100.000000
306	100.000000
307	100.000000
308	100.000000
309	100.000000
310	100.000000
311	100.000000
312	100.000000
313	100.000000
314	100.000000
315	100.000000
316	100.000000
317	100.000000
318	100.000000
319	100.000000
320	100.000000
321	100.000000
322	100.000000
323	100.000000
324	100.000000
325	100.000000
326	100.000000
327	100.000000
328	100.000000
329	100.000000
330	100.000000
331	100.000000
332	100.000000
333	100.000000
334	100.000000
335	100.000000
336	100.000000
337	100.000000
338	100.000000
339	100.000000
340	100.000000
341	100.000000
342	100.000000
343	100.000000
344	100.000000
345	100.000000
346	100.000000
347	100.000000
348	100.000000
349	100.000000
350	100.000000
351	100.000000
352	100.000000
353	100.000000
354	100.000000
355	100.000000
356	100.000000
357	100.000000
358	100.000000
359	100.000000
360	100.000000
361	100.000000
362	100.000000
363	100.000000
364	100.000000
365	100.000000
366	100.000000
367	100.000000
368	100.000000
369	100.000000
370	100.000000
371	100.000000
372	100.000000
373	100.000000
374	100.000000
375	100.000000
376	100.000000
377	100.000000
378	100.000000
379	100.000000
380	100.000000
381	100.000000
382	100.000000
383	100.000000
384	100.000000
385	100.000000
386	100.000000
387	100.000000
388	100.000000
389	100.000000
390	100.000000
391	100.000000
392	100.000000
393	100.000000
394	100.000000
395	100.000000
396	100.000000
397	100.000000
398	100.000000
399	100.000000
400	100.000000
401	100.000000
402	100.000000
403	100.000000
404	100.000000
405	100.000000
406	100.000000
407	100.000000
408	100.000000
409	100.000000
410	100.000000
411	100.000000
412	100.000000
413	100.000000
414	100.000000
415	100.000000
416	100.000000
417	100.000000
418	100.000000
419	100.000000
420	100.000000
421	100.000000
422	100.000000
423	100.000000
424	100.000000
425	100.000000
426	100.000000
427	100.000000
428	100.000000
429	100.000000
430	100.000000
431	100.000000
432	100.000000
433	100.000000
434	100.000000
435	100.000000
436	100.000000
437	100.000000
438	100.000000
439	100.000000
440	100.000000
441	100.000000
442	100.000000
443	100.000000
444	100.000000
445	100.000000
446	100.000000
447	100.000000
448	100.000000
449	100.000000
450	100.000000
451	100.000000
452	100.000000
453	100.000000
454	100.000000
455	100.000000
456	100.000000
457	100.000000
458	100.000000
459	100.000000
460	100.000000
461	100.000000
462	100.000000
463	100.000000
464	100.000000
465	100.000000
466	100.000000
467	100.000000
468	100.000000
469	100.000000
470	100.000000
471	100.000000
472	100.000000
473	100.000000
474	100.000000
475	100.000000
476	100.000000
477	100.000000
478	100.000000
479	100.000000
480	100.000000
481	100.000000
482	100.000000
483	100.000000
484	100.000000
485	100.000000
486	100.000000
487	100.000000
488	100.000000
489	100.000000
490	100.000000
491	100.000000
492	100.000000
493	100.000000
494	100.000000
495	100.000000
496	100.000000
497	100.000000
498	100.000000
499	100.000000
500	100.000000
;

