# seed = 1

param N := 1000;

param M := 1;

param Umax := 100.000000;

param: C :=
1	2556050.000000
;

param: a :=
1	0.199764
2	0.170425
3	0.172463
4	0.142821
5	0.142039
6	0.115906
7	0.117958
8	0.155764
9	0.179886
10	0.159610
11	0.121952
12	0.124317
13	0.124883
14	0.120647
15	0.120487
16	0.163013
17	0.119895
18	0.112424
19	0.109718
20	0.159126
21	0.199011
22	0.165671
23	0.183174
24	0.133572
25	0.113536
26	0.112920
27	0.162883
28	0.111858
29	0.189078
30	0.177242
31	0.178179
32	0.112008
33	0.140473
34	0.175791
35	0.167456
36	0.192631
37	0.102593
38	0.153381
39	0.172422
40	0.132846
41	0.110393
42	0.198402
43	0.149138
44	0.193180
45	0.176166
46	0.110089
47	0.154840
48	0.162588
49	0.133211
50	0.184165
51	0.181133
52	0.135717
53	0.180413
54	0.188872
55	0.109309
56	0.158641
57	0.155070
58	0.149868
59	0.110531
60	0.162749
61	0.154448
62	0.197920
63	0.124871
64	0.124731
65	0.123077
66	0.113808
67	0.167831
68	0.161557
69	0.157147
70	0.151361
71	0.171711
72	0.110708
73	0.181067
74	0.135388
75	0.100937
76	0.149843
77	0.160718
78	0.143450
79	0.191686
80	0.150807
81	0.104104
82	0.186421
83	0.151814
84	0.191084
85	0.191614
86	0.176283
87	0.171142
88	0.107112
89	0.173826
90	0.156714
91	0.108156
92	0.192717
93	0.197493
94	0.106209
95	0.107391
96	0.191829
97	0.165157
98	0.105959
99	0.196716
100	0.126661
101	0.168434
102	0.153477
103	0.114432
104	0.105126
105	0.153463
106	0.137091
107	0.161126
108	0.130433
109	0.193867
110	0.132516
111	0.119314
112	0.146833
113	0.147005
114	0.104890
115	0.183032
116	0.192269
117	0.183866
118	0.178672
119	0.113308
120	0.151008
121	0.198201
122	0.157469
123	0.100924
124	0.106540
125	0.193017
126	0.136819
127	0.161667
128	0.129320
129	0.146431
130	0.166343
131	0.168130
132	0.107399
133	0.178024
134	0.142739
135	0.105566
136	0.188762
137	0.120261
138	0.157046
139	0.151924
140	0.175660
141	0.123287
142	0.115778
143	0.127059
144	0.183498
145	0.170946
146	0.114565
147	0.102286
148	0.144069
149	0.136031
150	0.146699
151	0.135492
152	0.169781
153	0.134052
154	0.114227
155	0.142418
156	0.109672
157	0.134702
158	0.128341
159	0.124319
160	0.151191
161	0.175414
162	0.142174
163	0.181555
164	0.163219
165	0.138912
166	0.195393
167	0.159765
168	0.194859
169	0.113359
170	0.103403
171	0.113446
172	0.122945
173	0.184948
174	0.189314
175	0.116514
176	0.145550
177	0.130687
178	0.174547
179	0.153647
180	0.130584
181	0.165484
182	0.131588
183	0.197587
184	0.106522
185	0.134665
186	0.197241
187	0.150231
188	0.182092
189	0.142031
190	0.144477
191	0.106415
192	0.196147
193	0.185757
194	0.156190
195	0.132727
196	0.165961
197	0.144120
198	0.147819
199	0.143013
200	0.163522
201	0.105869
202	0.125429
203	0.104385
204	0.169448
205	0.175243
206	0.118571
207	0.164959
208	0.121588
209	0.103067
210	0.162986
211	0.170347
212	0.143465
213	0.142719
214	0.182257
215	0.170013
216	0.130504
217	0.177976
218	0.176091
219	0.148023
220	0.191042
221	0.161958
222	0.180580
223	0.126610
224	0.149300
225	0.160629
226	0.169498
227	0.146848
228	0.147683
229	0.191850
230	0.180114
231	0.180633
232	0.172197
233	0.112383
234	0.176519
235	0.155937
236	0.152721
237	0.137834
238	0.170886
239	0.177313
240	0.177969
241	0.192632
242	0.187111
243	0.146145
244	0.126225
245	0.105783
246	0.145375
247	0.128908
248	0.183767
249	0.187664
250	0.150180
251	0.174027
252	0.161626
253	0.139528
254	0.136447
255	0.174594
256	0.192357
257	0.114001
258	0.101166
259	0.197663
260	0.138489
261	0.198420
262	0.120336
263	0.132946
264	0.143504
265	0.122204
266	0.123623
267	0.161269
268	0.180124
269	0.135844
270	0.111080
271	0.178028
272	0.185754
273	0.197837
274	0.181202
275	0.180801
276	0.105613
277	0.111388
278	0.136426
279	0.199295
280	0.121573
281	0.123752
282	0.106354
283	0.108956
284	0.169855
285	0.154857
286	0.147185
287	0.189531
288	0.123665
289	0.117265
290	0.185104
291	0.117813
292	0.106212
293	0.135564
294	0.169487
295	0.110460
296	0.107242
297	0.180331
298	0.143030
299	0.187390
300	0.120556
301	0.118958
302	0.191110
303	0.147182
304	0.129332
305	0.105343
306	0.177275
307	0.194245
308	0.162385
309	0.178468
310	0.122700
311	0.115084
312	0.197955
313	0.153865
314	0.153220
315	0.199055
316	0.191976
317	0.142115
318	0.151785
319	0.100657
320	0.105148
321	0.110254
322	0.148695
323	0.169680
324	0.158747
325	0.116709
326	0.181436
327	0.155216
328	0.197441
329	0.184181
330	0.187932
331	0.189826
332	0.151112
333	0.135239
334	0.143347
335	0.190621
336	0.173366
337	0.166153
338	0.134702
339	0.136252
340	0.178101
341	0.191246
342	0.140590
343	0.177932
344	0.171763
345	0.195258
346	0.175822
347	0.199202
348	0.114389
349	0.129964
350	0.149512
351	0.114761
352	0.173369
353	0.140942
354	0.131165
355	0.185977
356	0.137527
357	0.123358
358	0.184608
359	0.161056
360	0.193976
361	0.167755
362	0.160527
363	0.104302
364	0.170615
365	0.117133
366	0.136489
367	0.164214
368	0.165735
369	0.134992
370	0.117779
371	0.194162
372	0.193079
373	0.168264
374	0.149190
375	0.109742
376	0.163825
377	0.160763
378	0.113528
379	0.122134
380	0.155312
381	0.151146
382	0.131106
383	0.135494
384	0.132924
385	0.107588
386	0.163680
387	0.170341
388	0.134142
389	0.172745
390	0.149770
391	0.121479
392	0.140379
393	0.139343
394	0.161862
395	0.133971
396	0.149028
397	0.192900
398	0.191567
399	0.147584
400	0.137148
401	0.187450
402	0.152666
403	0.184708
404	0.159003
405	0.192816
406	0.172688
407	0.162256
408	0.177900
409	0.107660
410	0.133220
411	0.199793
412	0.194499
413	0.188798
414	0.122184
415	0.122398
416	0.134451
417	0.153107
418	0.104239
419	0.134920
420	0.193152
421	0.135764
422	0.151459
423	0.139321
424	0.134918
425	0.129673
426	0.171749
427	0.131692
428	0.129988
429	0.153445
430	0.153943
431	0.128433
432	0.166058
433	0.117480
434	0.133101
435	0.139084
436	0.173597
437	0.142535
438	0.191388
439	0.116128
440	0.182631
441	0.126740
442	0.124609
443	0.148648
444	0.126095
445	0.108799
446	0.189117
447	0.140789
448	0.166476
449	0.176519
450	0.119533
451	0.131685
452	0.118239
453	0.165961
454	0.176985
455	0.148721
456	0.183947
457	0.193676
458	0.198636
459	0.104674
460	0.105417
461	0.121090
462	0.163773
463	0.187643
464	0.180896
465	0.174981
466	0.192394
467	0.137919
468	0.119637
469	0.129067
470	0.109207
471	0.167632
472	0.148594
473	0.176726
474	0.169599
475	0.152472
476	0.142707
477	0.164711
478	0.119839
479	0.133871
480	0.133662
481	0.185108
482	0.127073
483	0.107715
484	0.162444
485	0.193561
486	0.192783
487	0.142553
488	0.131536
489	0.181555
490	0.123143
491	0.170465
492	0.132812
493	0.103662
494	0.186777
495	0.159857
496	0.146087
497	0.107183
498	0.136872
499	0.107641
500	0.122548
501	0.146554
502	0.121417
503	0.159721
504	0.187082
505	0.137388
506	0.169075
507	0.176964
508	0.125135
509	0.150914
510	0.136460
511	0.169189
512	0.165482
513	0.143848
514	0.172330
515	0.144379
516	0.127986
517	0.139927
518	0.168492
519	0.124535
520	0.111056
521	0.192142
522	0.180797
523	0.155259
524	0.172625
525	0.164183
526	0.176737
527	0.110777
528	0.134101
529	0.180617
530	0.172486
531	0.110164
532	0.150510
533	0.172339
534	0.109057
535	0.177295
536	0.142593
537	0.101773
538	0.161108
539	0.188798
540	0.114009
541	0.135876
542	0.107819
543	0.185573
544	0.173208
545	0.171998
546	0.160829
547	0.145055
548	0.159085
549	0.120333
550	0.135220
551	0.101834
552	0.158661
553	0.109392
554	0.197156
555	0.187222
556	0.172729
557	0.191462
558	0.113871
559	0.146528
560	0.187349
561	0.162525
562	0.141426
563	0.106900
564	0.182652
565	0.123285
566	0.180085
567	0.101215
568	0.185565
569	0.155654
570	0.172893
571	0.137538
572	0.104562
573	0.145478
574	0.156883
575	0.152160
576	0.126394
577	0.169705
578	0.127595
579	0.138255
580	0.144031
581	0.167200
582	0.175723
583	0.185116
584	0.158299
585	0.154656
586	0.199447
587	0.114390
588	0.195961
589	0.120866
590	0.140815
591	0.186476
592	0.192589
593	0.166650
594	0.190277
595	0.144090
596	0.170021
597	0.114632
598	0.153380
599	0.117665
600	0.124112
601	0.131054
602	0.149042
603	0.198122
604	0.169948
605	0.168298
606	0.106219
607	0.144072
608	0.139876
609	0.175180
610	0.186179
611	0.184565
612	0.198514
613	0.159086
614	0.179531
615	0.184023
616	0.160816
617	0.151399
618	0.127394
619	0.146058
620	0.193353
621	0.100643
622	0.165505
623	0.140608
624	0.124097
625	0.187542
626	0.142432
627	0.124753
628	0.176880
629	0.174542
630	0.115921
631	0.110009
632	0.169324
633	0.172160
634	0.191168
635	0.111466
636	0.183346
637	0.160009
638	0.119091
639	0.175187
640	0.102173
641	0.114662
642	0.171336
643	0.189275
644	0.147107
645	0.105968
646	0.196211
647	0.135727
648	0.168241
649	0.160305
650	0.145899
651	0.110903
652	0.197767
653	0.187005
654	0.105256
655	0.174092
656	0.198748
657	0.142575
658	0.176227
659	0.178432
660	0.166091
661	0.131264
662	0.196695
663	0.172185
664	0.149348
665	0.167592
666	0.182299
667	0.147203
668	0.144850
669	0.105331
670	0.109600
671	0.159769
672	0.185310
673	0.152058
674	0.181605
675	0.109638
676	0.193575
677	0.131353
678	0.186925
679	0.162033
680	0.130283
681	0.177759
682	0.153188
683	0.107399
684	0.197050
685	0.172292
686	0.111384
687	0.147304
688	0.101527
689	0.129363
690	0.159247
691	0.159038
692	0.100288
693	0.193177
694	0.103055
695	0.148268
696	0.182594
697	0.186062
698	0.118506
699	0.157964
700	0.159218
701	0.118721
702	0.182724
703	0.147118
704	0.154969
705	0.196475
706	0.136206
707	0.163709
708	0.130630
709	0.123996
710	0.137690
711	0.122634
712	0.142426
713	0.104465
714	0.136295
715	0.109365
716	0.159997
717	0.181155
718	0.119832
719	0.164243
720	0.171361
721	0.105640
722	0.183503
723	0.178635
724	0.170816
725	0.117383
726	0.159784
727	0.173783
728	0.140230
729	0.165967
730	0.125354
731	0.158677
732	0.105292
733	0.183550
734	0.106497
735	0.130753
736	0.169670
737	0.109547
738	0.172710
739	0.110776
740	0.193233
741	0.102846
742	0.146617
743	0.146828
744	0.168510
745	0.170727
746	0.181310
747	0.191653
748	0.166521
749	0.185093
750	0.176865
751	0.185463
752	0.110601
753	0.100632
754	0.104254
755	0.133566
756	0.113756
757	0.192623
758	0.154032
759	0.178400
760	0.167570
761	0.108168
762	0.176349
763	0.178212
764	0.129175
765	0.104616
766	0.138236
767	0.176520
768	0.176116
769	0.125085
770	0.189231
771	0.138191
772	0.177262
773	0.169201
774	0.185169
775	0.184607
776	0.137653
777	0.124345
778	0.186758
779	0.101910
780	0.115167
781	0.146874
782	0.175182
783	0.160734
784	0.104367
785	0.185459
786	0.115839
787	0.112448
788	0.150640
789	0.190884
790	0.169699
791	0.182393
792	0.189526
793	0.164928
794	0.147333
795	0.187140
796	0.134318
797	0.108638
798	0.142630
799	0.186877
800	0.110395
801	0.114037
802	0.121134
803	0.155749
804	0.136796
805	0.123005
806	0.105709
807	0.181000
808	0.170269
809	0.130354
810	0.165066
811	0.179514
812	0.196341
813	0.109793
814	0.131554
815	0.115506
816	0.161176
817	0.115349
818	0.186181
819	0.119878
820	0.177703
821	0.150547
822	0.126822
823	0.146559
824	0.175219
825	0.183355
826	0.111233
827	0.100109
828	0.136896
829	0.188972
830	0.112445
831	0.168364
832	0.133765
833	0.191359
834	0.193131
835	0.188576
836	0.172853
837	0.159934
838	0.102118
839	0.106769
840	0.117177
841	0.190118
842	0.191947
843	0.158890
844	0.109861
845	0.130219
846	0.117088
847	0.160269
848	0.159281
849	0.112089
850	0.163582
851	0.177145
852	0.102147
853	0.115024
854	0.160305
855	0.112579
856	0.149531
857	0.139164
858	0.125457
859	0.183761
860	0.191796
861	0.179472
862	0.150814
863	0.176757
864	0.189462
865	0.167847
866	0.105743
867	0.122621
868	0.178726
869	0.122289
870	0.121325
871	0.111917
872	0.183108
873	0.146638
874	0.187928
875	0.157561
876	0.161117
877	0.156714
878	0.111298
879	0.165267
880	0.124735
881	0.115334
882	0.184969
883	0.126139
884	0.194898
885	0.121179
886	0.151335
887	0.184711
888	0.109634
889	0.195765
890	0.153182
891	0.113260
892	0.146449
893	0.100817
894	0.119671
895	0.118256
896	0.153353
897	0.139621
898	0.138257
899	0.186951
900	0.101190
901	0.158175
902	0.159580
903	0.153337
904	0.108340
905	0.145074
906	0.115072
907	0.110020
908	0.164986
909	0.137358
910	0.190766
911	0.185972
912	0.136874
913	0.107439
914	0.116218
915	0.165139
916	0.196284
917	0.113040
918	0.105184
919	0.126465
920	0.163162
921	0.165407
922	0.139604
923	0.165047
924	0.177913
925	0.184776
926	0.151132
927	0.195818
928	0.108633
929	0.192833
930	0.125939
931	0.198843
932	0.174210
933	0.179917
934	0.165911
935	0.122926
936	0.101854
937	0.144779
938	0.182610
939	0.136131
940	0.170055
941	0.189001
942	0.105424
943	0.149643
944	0.126683
945	0.175526
946	0.189273
947	0.172816
948	0.174193
949	0.187610
950	0.121165
951	0.110508
952	0.153832
953	0.153380
954	0.145847
955	0.181444
956	0.105456
957	0.190701
958	0.188425
959	0.168116
960	0.105424
961	0.181895
962	0.168037
963	0.178199
964	0.148312
965	0.173298
966	0.142476
967	0.106007
968	0.146613
969	0.112661
970	0.185934
971	0.100747
972	0.186228
973	0.186517
974	0.134696
975	0.173333
976	0.114320
977	0.120709
978	0.158266
979	0.113279
980	0.191982
981	0.131444
982	0.163280
983	0.144819
984	0.178052
985	0.190843
986	0.133383
987	0.140254
988	0.121133
989	0.105362
990	0.160461
991	0.129731
992	0.131412
993	0.149203
994	0.194421
995	0.115052
996	0.178675
997	0.103455
998	0.115079
999	0.198290
1000	0.199095
;

param: b :=
1	60.459120
2	18.513468
3	31.791284
4	74.772691
5	77.381487
6	54.567362
7	96.845666
8	28.553317
9	56.175184
10	22.086731
11	16.579088
12	47.925731
13	13.264287
14	47.308481
15	72.472850
16	36.982093
17	86.149275
18	82.490480
19	59.366446
20	36.930684
21	50.197725
22	71.079980
23	58.845432
24	23.885261
25	80.403724
26	63.866358
27	17.214006
28	27.722944
29	16.718964
30	46.874261
31	84.048000
32	96.013200
33	43.045883
34	44.670571
35	2.216994
36	58.510540
37	1.787982
38	9.954232
39	2.654897
40	9.853294
41	62.929303
42	41.693632
43	37.198219
44	60.784637
45	17.377424
46	80.175307
47	89.654829
48	62.444324
49	84.681281
50	30.189708
51	94.936636
52	87.080458
53	87.490673
54	9.192040
55	87.401259
56	44.903761
57	22.384058
58	59.674813
59	76.114484
60	29.915023
61	21.376593
62	58.964200
63	14.091792
64	53.987967
65	58.505612
66	81.751366
67	76.316137
68	20.564364
69	7.655135
70	58.409308
71	71.726021
72	80.625409
73	83.794276
74	25.013418
75	19.336624
76	57.552849
77	9.801001
78	3.067884
79	90.242150
80	3.236552
81	56.945750
82	35.029184
83	21.851965
84	73.746164
85	23.128627
86	70.978312
87	54.177105
88	68.588305
89	14.942993
90	3.960474
91	99.009984
92	69.746035
93	27.343593
94	62.242266
95	54.504207
96	61.144010
97	48.795585
98	11.494848
99	50.915243
100	68.990693
101	92.976935
102	36.123957
103	1.676934
104	11.320336
105	96.466915
106	27.651396
107	26.700848
108	48.292492
109	57.247916
110	16.108848
111	8.177303
112	67.636395
113	93.880784
114	60.534429
115	81.636916
116	80.339563
117	58.873654
118	67.315119
119	15.539945
120	23.398260
121	36.791819
122	35.439784
123	84.418885
124	71.902818
125	89.875362
126	33.246294
127	18.585718
128	19.286457
129	15.452879
130	27.660259
131	32.454830
132	52.574690
133	8.420271
134	25.674797
135	0.165590
136	91.449190
137	9.410705
138	99.847726
139	63.617300
140	16.535366
141	19.205829
142	23.746103
143	26.804609
144	22.793082
145	70.127876
146	32.520043
147	65.290473
148	54.463275
149	27.931390
150	80.757413
151	67.642274
152	80.576261
153	18.050845
154	86.200585
155	67.377947
156	63.822036
157	94.842347
158	90.718947
159	83.756387
160	9.618624
161	1.212007
162	61.375744
163	71.574924
164	4.058654
165	61.794060
166	9.882707
167	49.840994
168	43.770801
169	39.732680
170	33.094744
171	93.707521
172	44.139209
173	59.923831
174	84.692162
175	60.374904
176	45.531818
177	62.958789
178	71.340022
179	49.991278
180	16.355101
181	70.441264
182	38.182858
183	55.898582
184	63.965430
185	28.492591
186	92.940220
187	68.487938
188	26.066364
189	21.720173
190	3.665820
191	33.307632
192	66.067053
193	10.927041
194	47.891868
195	72.867729
196	60.269939
197	31.913161
198	46.913192
199	71.389385
200	90.727447
201	6.890933
202	23.453009
203	24.842167
204	11.903577
205	83.553289
206	63.952198
207	6.747598
208	9.128010
209	7.038443
210	49.886207
211	77.684729
212	35.777958
213	0.295310
214	47.504030
215	8.389225
216	8.049879
217	91.133445
218	85.989444
219	50.693056
220	10.431017
221	34.053819
222	74.849720
223	60.030279
224	59.342420
225	36.058019
226	74.278045
227	11.056384
228	86.755795
229	13.066631
230	18.079685
231	2.305114
232	48.765007
233	96.253888
234	26.278837
235	73.298155
236	48.041978
237	74.878093
238	56.536704
239	83.403955
240	56.539317
241	58.561648
242	30.452504
243	33.588618
244	44.932055
245	32.262476
246	41.061584
247	17.167237
248	40.471120
249	96.670447
250	55.961588
251	31.596284
252	87.995562
253	24.518093
254	53.557308
255	93.311868
256	20.261835
257	9.020986
258	69.624017
259	50.449796
260	32.181754
261	40.279161
262	75.663996
263	73.557895
264	16.106076
265	56.435422
266	84.840796
267	39.828628
268	66.406007
269	85.135123
270	80.881755
271	41.524727
272	63.100570
273	69.365359
274	75.967142
275	61.029893
276	66.244724
277	20.378001
278	60.243649
279	3.562457
280	49.669770
281	8.670619
282	43.534106
283	2.912712
284	44.368218
285	0.795946
286	86.100091
287	48.875405
288	24.811636
289	71.577257
290	28.669599
291	57.203601
292	87.641559
293	64.316619
294	51.014288
295	61.127178
296	18.669012
297	67.382202
298	51.025871
299	89.350679
300	42.937350
301	74.471092
302	19.433911
303	57.733268
304	48.227268
305	86.524911
306	12.640267
307	9.416515
308	98.145013
309	54.944452
310	53.198496
311	45.998689
312	86.627543
313	51.579904
314	20.849450
315	15.181709
316	31.052521
317	1.376693
318	76.817829
319	11.259479
320	16.951633
321	38.467961
322	54.386892
323	94.985609
324	56.382791
325	45.106295
326	4.909429
327	71.991606
328	62.071686
329	98.556268
330	56.157588
331	21.727663
332	39.431481
333	67.326451
334	15.661626
335	83.305724
336	78.718983
337	59.043811
338	61.985001
339	51.149511
340	85.813059
341	29.491374
342	45.022502
343	93.477187
344	5.749230
345	36.453798
346	83.242768
347	73.101714
348	62.264494
349	15.759061
350	4.190797
351	31.605110
352	94.880207
353	22.665327
354	35.584321
355	54.734111
356	78.395133
357	5.610507
358	57.452341
359	20.255121
360	7.299960
361	51.474121
362	74.231522
363	40.476182
364	1.324450
365	92.575656
366	86.716001
367	69.796896
368	1.188286
369	71.593372
370	64.406906
371	28.204634
372	14.745764
373	66.539080
374	48.942411
375	39.908667
376	72.166595
377	30.668350
378	93.013026
379	11.776286
380	32.608667
381	9.563684
382	23.498560
383	73.621191
384	94.524870
385	75.673483
386	67.721212
387	48.308534
388	64.423595
389	91.567904
390	28.534956
391	64.982559
392	21.399307
393	65.910248
394	39.479165
395	32.556467
396	69.285480
397	92.296759
398	31.921709
399	49.330055
400	78.533297
401	78.815579
402	25.269111
403	31.011649
404	69.254135
405	20.553029
406	95.606787
407	92.834098
408	99.171264
409	6.279879
410	49.306904
411	25.038953
412	62.701586
413	34.930643
414	31.918873
415	77.647826
416	80.519208
417	32.524555
418	72.255089
419	6.529353
420	45.370845
421	56.943635
422	70.444820
423	53.761555
424	27.191191
425	19.379562
426	33.891089
427	54.530780
428	11.066984
429	6.940825
430	59.558875
431	92.022577
432	27.297668
433	96.419408
434	98.048124
435	58.665020
436	82.315001
437	9.294680
438	53.262005
439	0.301400
440	70.551801
441	99.603778
442	56.806489
443	92.603103
444	14.096130
445	12.972582
446	2.965057
447	59.795934
448	93.536956
449	1.248801
450	65.681233
451	96.405717
452	44.662682
453	55.529224
454	81.858034
455	93.584647
456	46.038825
457	90.746722
458	77.134027
459	53.409337
460	67.617508
461	48.529218
462	68.773186
463	55.709057
464	78.315660
465	52.268202
466	68.751400
467	12.491361
468	11.357687
469	35.456583
470	25.533249
471	77.239657
472	0.259954
473	9.087879
474	36.776402
475	21.544056
476	17.648426
477	49.689305
478	93.538768
479	0.569617
480	78.734309
481	45.560171
482	48.910068
483	95.911975
484	1.938634
485	36.720456
486	62.939414
487	39.572480
488	48.855030
489	93.329779
490	62.304337
491	99.544414
492	9.646647
493	61.253077
494	37.229419
495	78.152493
496	3.550117
497	39.169113
498	63.020430
499	93.583912
500	48.360154
501	62.242308
502	72.150849
503	16.180442
504	96.040763
505	18.862070
506	64.921602
507	34.105038
508	31.797077
509	36.589070
510	53.497910
511	9.831305
512	2.342236
513	90.607619
514	89.536623
515	3.291968
516	90.507003
517	33.129846
518	26.762748
519	41.314108
520	46.028507
521	77.523470
522	45.967962
523	54.063876
524	36.605188
525	39.423784
526	92.789670
527	60.476669
528	58.857416
529	29.532408
530	16.725123
531	48.128877
532	69.933486
533	23.419403
534	3.940163
535	10.032311
536	18.485440
537	63.718345
538	93.206081
539	56.809948
540	48.889730
541	57.654912
542	8.687599
543	18.701638
544	32.512229
545	5.067818
546	12.385775
547	79.834817
548	18.806420
549	11.317348
550	36.032299
551	37.395507
552	70.156551
553	57.923269
554	31.871982
555	33.506695
556	61.650383
557	30.473183
558	28.968698
559	63.498435
560	51.927517
561	95.192199
562	40.748539
563	23.879423
564	8.862455
565	23.893597
566	77.923082
567	32.981482
568	3.153464
569	56.610916
570	32.505982
571	9.323852
572	96.270358
573	93.122159
574	99.323109
575	19.198915
576	22.453645
577	15.875409
578	96.886581
579	56.011623
580	88.486394
581	78.428409
582	33.869023
583	52.206048
584	41.186410
585	46.445659
586	3.745233
587	12.948855
588	41.973690
589	37.960212
590	21.735294
591	62.333598
592	90.337762
593	99.007745
594	69.725805
595	94.011956
596	31.869741
597	35.822845
598	72.163055
599	82.168199
600	94.802610
601	97.043834
602	47.413649
603	37.459780
604	1.623393
605	97.354912
606	89.785882
607	0.108487
608	85.147072
609	30.276816
610	47.928378
611	70.595449
612	85.470629
613	70.983976
614	27.274068
615	61.274511
616	0.085380
617	15.664201
618	51.991450
619	74.157958
620	38.641612
621	95.027413
622	29.646598
623	23.889962
624	6.416704
625	91.446958
626	38.650183
627	68.912536
628	62.205699
629	92.274984
630	97.353606
631	98.422469
632	2.935172
633	7.653415
634	76.470664
635	74.226679
636	26.233302
637	0.733819
638	90.078177
639	87.020764
640	61.507115
641	94.852004
642	33.213539
643	95.012638
644	76.517641
645	15.869639
646	10.243707
647	86.483037
648	52.426666
649	67.272406
650	49.824472
651	35.632085
652	68.239639
653	48.799559
654	59.361782
655	30.091346
656	28.592478
657	40.108759
658	11.750533
659	67.200624
660	64.868508
661	58.132196
662	60.691602
663	83.933347
664	21.356066
665	11.606381
666	26.707331
667	31.461053
668	53.304687
669	28.096670
670	48.750046
671	94.804604
672	39.219111
673	17.849369
674	88.108162
675	28.469751
676	1.218811
677	0.278549
678	41.294202
679	19.769253
680	84.208538
681	70.992435
682	89.932115
683	79.429716
684	28.019240
685	64.790853
686	74.324583
687	69.113391
688	5.163839
689	47.869804
690	11.120885
691	26.370234
692	42.809472
693	98.893729
694	91.392078
695	39.109162
696	4.516732
697	59.729249
698	25.923488
699	97.740856
700	60.624851
701	18.947724
702	96.970589
703	37.736508
704	75.524313
705	26.457877
706	72.494976
707	12.819118
708	94.323411
709	47.471203
710	44.105424
711	59.739799
712	83.938016
713	54.673223
714	94.303265
715	54.633626
716	7.950991
717	50.123601
718	96.282748
719	96.043821
720	48.668585
721	29.232758
722	67.471081
723	54.952985
724	81.661253
725	97.058984
726	32.987317
727	68.356127
728	73.061098
729	16.536651
730	84.546873
731	28.727877
732	42.631000
733	40.444935
734	93.458169
735	29.528562
736	19.072304
737	17.431313
738	80.735528
739	42.170708
740	76.069093
741	29.939951
742	59.640829
743	36.503211
744	68.066032
745	74.507963
746	15.046577
747	11.084831
748	12.712704
749	24.233378
750	13.045909
751	35.884507
752	33.869843
753	72.975170
754	90.804493
755	40.663246
756	86.519109
757	46.926158
758	77.334162
759	80.874157
760	41.859658
761	9.904888
762	53.540350
763	9.633835
764	26.641499
765	9.624808
766	72.755975
767	24.296356
768	87.298576
769	70.562367
770	65.107699
771	60.024690
772	31.615539
773	37.070694
774	90.472120
775	14.958418
776	30.044598
777	90.053782
778	55.452916
779	1.969038
780	93.851269
781	78.118691
782	22.229162
783	80.229945
784	20.065150
785	91.352184
786	30.086001
787	95.058030
788	95.585495
789	55.866942
790	55.707552
791	24.729618
792	98.760936
793	85.645049
794	26.209200
795	2.883558
796	74.457724
797	84.752013
798	3.208320
799	76.138915
800	27.116316
801	60.947502
802	27.269732
803	48.281246
804	35.732878
805	8.872879
806	92.964298
807	28.053426
808	66.654092
809	34.659124
810	63.732955
811	27.054437
812	52.782041
813	94.253910
814	1.199515
815	56.294420
816	7.470159
817	27.819538
818	84.701886
819	27.507013
820	56.242706
821	56.401737
822	93.771519
823	4.469638
824	74.784591
825	81.029838
826	94.396293
827	68.010042
828	91.163362
829	81.881293
830	14.732156
831	48.509749
832	0.822144
833	68.621589
834	96.733986
835	98.976061
836	65.003363
837	11.311767
838	0.321670
839	62.051724
840	12.064863
841	60.802330
842	13.701759
843	90.482890
844	72.028852
845	81.619942
846	83.551610
847	9.174306
848	65.227038
849	49.959011
850	75.864936
851	47.597169
852	96.275813
853	62.085815
854	36.968729
855	8.965364
856	31.407563
857	86.139091
858	0.803970
859	40.032456
860	89.330422
861	66.614321
862	29.464391
863	6.198014
864	99.938317
865	67.092140
866	31.379163
867	60.182316
868	71.739585
869	45.493576
870	62.327868
871	22.170569
872	59.637635
873	73.680020
874	13.887197
875	34.399785
876	23.951759
877	57.585275
878	15.706682
879	50.795069
880	29.827476
881	7.159262
882	52.791565
883	32.415186
884	84.419874
885	31.318398
886	29.603456
887	79.585419
888	71.451167
889	85.055661
890	55.867517
891	99.845786
892	71.217512
893	45.059936
894	88.846648
895	24.202876
896	5.416451
897	9.021128
898	34.862497
899	48.508593
900	26.631611
901	28.205619
902	15.294117
903	43.790974
904	68.816805
905	34.886531
906	85.982009
907	89.188058
908	40.892266
909	32.981018
910	98.277816
911	99.803795
912	45.677720
913	6.322666
914	9.550446
915	38.133300
916	58.918046
917	68.342249
918	81.267873
919	88.880527
920	95.511041
921	35.329727
922	18.708471
923	32.889372
924	71.003826
925	63.504273
926	77.406126
927	90.280697
928	40.478332
929	43.540500
930	88.383737
931	73.484945
932	24.507571
933	8.310538
934	60.447867
935	74.762234
936	50.211765
937	11.467898
938	25.946580
939	50.486051
940	4.100191
941	69.214248
942	73.393012
943	28.682535
944	0.161943
945	56.342010
946	67.240472
947	99.125256
948	68.729837
949	25.743141
950	50.946373
951	31.445026
952	46.606101
953	97.220423
954	60.776906
955	35.315226
956	48.542766
957	14.158212
958	30.702652
959	89.255993
960	34.652182
961	32.735331
962	44.685344
963	48.473306
964	45.862182
965	6.753723
966	50.466739
967	57.548841
968	10.969808
969	1.589704
970	36.803201
971	97.560177
972	51.869917
973	96.220957
974	8.984067
975	41.041196
976	70.195079
977	68.441746
978	33.737054
979	6.586084
980	96.817518
981	43.783389
982	13.286389
983	49.427009
984	32.531122
985	93.919471
986	47.772748
987	66.620392
988	35.731179
989	75.884010
990	6.158855
991	88.721895
992	72.320574
993	64.652542
994	94.279568
995	4.229523
996	67.531465
997	7.039083
998	91.342482
999	57.348337
1000	22.136174
;

param: c :=
1	92.640679
2	23.605107
3	32.840922
4	38.668131
5	68.903785
6	7.141118
7	84.867546
8	40.206166
9	59.837357
10	17.541981
11	62.472434
12	24.228501
13	86.992676
14	30.788401
15	29.529200
16	60.251814
17	22.359651
18	46.619684
19	86.606645
20	82.056014
21	88.715595
22	2.616631
23	57.467485
24	44.256132
25	87.027382
26	29.681021
27	75.939577
28	76.164750
29	61.548228
30	4.901489
31	95.703669
32	25.033452
33	43.136762
34	87.179713
35	84.760233
36	51.208707
37	69.586970
38	6.012231
39	21.598112
40	75.429445
41	83.561936
42	53.276527
43	55.051241
44	63.234697
45	3.433795
46	48.961019
47	62.676326
48	49.815238
49	52.412230
50	86.458396
51	45.563422
52	78.163786
53	44.303150
54	48.280424
55	96.755062
56	96.619673
57	44.611872
58	16.144042
59	21.528084
60	34.144722
61	98.895695
62	65.075669
63	7.180718
64	45.685371
65	69.270983
66	36.574197
67	28.887752
68	62.978072
69	31.742752
70	48.011906
71	37.057743
72	84.538068
73	53.756637
74	81.205490
75	27.679913
76	75.869880
77	44.396535
78	18.763382
79	20.078297
80	6.501967
81	10.191236
82	72.889520
83	68.548279
84	78.930054
85	85.978932
86	3.691176
87	17.829637
88	6.418736
89	92.147893
90	39.479644
91	81.969281
92	1.926003
93	14.377123
94	74.066964
95	64.942386
96	40.673062
97	24.408396
98	87.420057
99	73.993378
100	43.524124
101	14.862536
102	82.363793
103	96.481279
104	56.377989
105	61.918771
106	88.856875
107	98.867402
108	0.653604
109	95.219824
110	15.755810
111	67.485915
112	27.816214
113	95.972140
114	38.328783
115	63.242332
116	31.360344
117	36.165893
118	60.448255
119	14.435873
120	60.527543
121	18.832336
122	29.921198
123	54.525752
124	24.436330
125	93.014077
126	96.665932
127	63.600616
128	39.674598
129	35.646427
130	86.291101
131	82.825006
132	17.960038
133	2.576852
134	33.087019
135	46.775093
136	15.490149
137	33.520877
138	39.948558
139	36.114510
140	7.348603
141	79.107674
142	3.977153
143	31.289541
144	8.036537
145	58.022642
146	14.230518
147	64.356111
148	37.867537
149	59.170339
150	57.611808
151	99.735077
152	13.711064
153	58.107779
154	23.947137
155	59.736262
156	61.531226
157	0.650947
158	66.121501
159	52.960074
160	28.978807
161	92.009220
162	62.987401
163	69.696221
164	90.485205
165	33.022904
166	17.036770
167	6.362819
168	57.382371
169	99.966115
170	41.335380
171	24.376571
172	1.133081
173	22.778579
174	53.315527
175	30.547804
176	38.221649
177	41.829450
178	76.816960
179	2.100313
180	6.095835
181	2.970974
182	64.831448
183	58.530636
184	92.717348
185	70.071551
186	93.109449
187	70.892447
188	44.601505
189	63.272435
190	32.330340
191	31.576678
192	42.572162
193	64.451526
194	49.129534
195	47.469131
196	87.000758
197	91.662044
198	60.831498
199	77.184736
200	66.590610
201	11.130334
202	39.082856
203	22.502277
204	6.225595
205	78.620403
206	12.278466
207	31.117060
208	83.060157
209	36.490890
210	10.418525
211	11.174775
212	51.132358
213	19.642209
214	15.451896
215	16.860020
216	8.807963
217	60.677290
218	12.191125
219	82.620861
220	71.146514
221	39.810853
222	17.179522
223	20.755736
224	88.810121
225	74.484331
226	79.969933
227	69.860854
228	92.106211
229	25.638987
230	78.674549
231	25.466140
232	47.674100
233	15.504693
234	68.340685
235	30.898267
236	36.597009
237	10.974683
238	8.333405
239	67.726463
240	28.897303
241	45.220684
242	93.366069
243	15.116614
244	44.814907
245	42.450080
246	53.533324
247	43.243099
248	35.391156
249	28.161896
250	42.090345
251	4.233019
252	79.602961
253	28.918718
254	21.160357
255	74.829425
256	34.049639
257	10.461821
258	76.502434
259	51.855255
260	0.878453
261	97.173653
262	20.097115
263	49.567639
264	74.812146
265	99.480653
266	68.982569
267	35.189509
268	79.053831
269	30.351680
270	33.987537
271	69.931468
272	49.730383
273	90.340418
274	49.132710
275	34.516760
276	85.551711
277	41.936663
278	90.968844
279	15.240876
280	17.333941
281	81.212518
282	63.557332
283	82.628082
284	51.882003
285	54.648721
286	44.039665
287	94.400117
288	79.920097
289	39.896316
290	56.185220
291	74.622015
292	37.822736
293	4.799774
294	59.260328
295	3.414467
296	36.370827
297	47.507656
298	37.950156
299	5.313604
300	18.872683
301	55.767315
302	34.025336
303	3.784515
304	73.674197
305	39.616296
306	54.769465
307	16.698806
308	33.873049
309	11.666513
310	42.634425
311	39.043863
312	65.712594
313	49.527141
314	40.536144
315	85.610864
316	47.135400
317	28.357975
318	39.396621
319	20.597213
320	6.734886
321	28.408931
322	6.405032
323	21.153788
324	5.400698
325	83.866273
326	68.620365
327	22.511482
328	45.099252
329	6.403208
330	73.559958
331	50.914016
332	1.682273
333	97.712523
334	10.074980
335	90.617506
336	51.456534
337	34.621688
338	96.579455
339	12.446615
340	21.407628
341	70.654323
342	4.092905
343	54.696726
344	31.006564
345	90.045610
346	90.793935
347	29.351027
348	78.162925
349	44.724618
350	60.216546
351	14.549828
352	34.101306
353	87.738183
354	44.303020
355	80.357526
356	0.368352
357	66.273712
358	51.909771
359	28.897254
360	86.914140
361	73.465074
362	5.038537
363	67.164410
364	70.340204
365	95.771297
366	88.876613
367	95.331632
368	94.434961
369	83.868647
370	10.885514
371	96.396534
372	93.905244
373	69.228650
374	92.779170
375	63.773678
376	49.629509
377	53.196552
378	41.982492
379	95.694654
380	17.650584
381	19.410187
382	36.737203
383	88.573335
384	90.033345
385	69.864706
386	30.307783
387	28.451946
388	16.174506
389	17.185758
390	24.028221
391	90.761429
392	86.660311
393	29.865933
394	4.574301
395	50.215964
396	73.411495
397	86.176165
398	43.518594
399	50.613000
400	97.393835
401	79.100137
402	51.299227
403	16.531357
404	28.890957
405	2.259713
406	93.366094
407	71.298356
408	15.290105
409	97.473125
410	5.000130
411	99.544106
412	53.029823
413	79.011528
414	91.168345
415	54.292603
416	98.746557
417	50.335140
418	81.574481
419	17.664817
420	76.812492
421	61.417229
422	74.601976
423	7.042048
424	98.291094
425	70.681464
426	9.296990
427	79.970353
428	50.026977
429	37.248037
430	24.361950
431	89.790726
432	46.912065
433	37.021430
434	4.382444
435	65.364510
436	7.615958
437	85.675109
438	86.023167
439	82.652928
440	22.209517
441	35.029586
442	48.540823
443	71.492301
444	47.632885
445	75.083811
446	6.890663
447	20.239946
448	58.911867
449	62.441899
450	35.696680
451	40.239016
452	50.452260
453	30.042909
454	88.094663
455	60.571226
456	13.903933
457	87.241995
458	5.630533
459	25.400385
460	18.981051
461	4.194570
462	18.355573
463	58.403457
464	72.089849
465	8.249325
466	96.090166
467	23.573889
468	40.114885
469	41.754047
470	12.263855
471	44.018378
472	2.785691
473	20.489778
474	65.963233
475	27.977354
476	34.090471
477	93.423811
478	23.309085
479	16.561746
480	52.366251
481	31.388922
482	85.636632
483	92.764269
484	55.680416
485	73.070885
486	94.073380
487	3.106232
488	86.416191
489	57.159028
490	29.131235
491	57.160043
492	22.833602
493	94.872401
494	8.461504
495	94.245173
496	95.229837
497	34.975847
498	53.695921
499	30.576493
500	7.008543
501	6.655843
502	16.995792
503	15.021701
504	65.046632
505	96.697111
506	85.494125
507	35.393157
508	95.134589
509	41.124330
510	90.311345
511	56.002271
512	47.273987
513	91.607064
514	16.501779
515	10.048161
516	7.188049
517	7.869207
518	91.034029
519	71.049651
520	83.683950
521	46.159069
522	9.878924
523	56.524428
524	94.692194
525	14.122047
526	98.001544
527	78.329030
528	19.422549
529	59.379768
530	91.538813
531	14.486007
532	88.490553
533	82.259724
534	5.656685
535	70.715671
536	13.493411
537	63.661246
538	23.297709
539	74.051478
540	79.189509
541	55.525727
542	3.707790
543	10.870097
544	26.284838
545	92.986573
546	18.098887
547	51.394282
548	9.962747
549	97.180004
550	12.241182
551	24.480695
552	40.323388
553	52.207270
554	89.704415
555	95.350131
556	9.838762
557	51.080193
558	10.433466
559	76.248177
560	35.444835
561	56.727275
562	93.446999
563	72.021644
564	67.751264
565	29.165271
566	18.806786
567	92.975253
568	22.494041
569	54.564884
570	24.228531
571	73.042602
572	47.637108
573	59.993838
574	55.356648
575	51.369739
576	17.076148
577	3.013764
578	47.276163
579	34.258466
580	97.321073
581	65.961192
582	30.905572
583	9.825752
584	43.895268
585	63.491678
586	3.367278
587	18.727564
588	13.013373
589	48.169339
590	64.749275
591	24.014568
592	3.685213
593	24.076156
594	35.639933
595	84.420756
596	11.804761
597	86.157688
598	66.621628
599	79.135923
600	41.266652
601	98.863638
602	84.623269
603	1.676716
604	65.963461
605	9.676043
606	82.001295
607	4.286254
608	94.744328
609	6.230433
610	33.583897
611	16.422310
612	6.177474
613	30.507932
614	79.459792
615	60.426420
616	97.178325
617	19.010051
618	72.062437
619	14.611843
620	9.426560
621	22.901475
622	71.003481
623	80.101650
624	41.330150
625	97.763694
626	91.321454
627	12.922513
628	11.752975
629	45.493112
630	27.976277
631	12.528542
632	9.592447
633	27.295423
634	74.334514
635	93.669873
636	66.800354
637	50.694786
638	45.998553
639	22.388086
640	93.483129
641	51.088382
642	80.238911
643	72.745918
644	24.735877
645	5.675462
646	18.847045
647	71.632511
648	36.535836
649	76.931174
650	14.755912
651	60.430098
652	5.990986
653	36.773729
654	41.710577
655	78.996402
656	55.977969
657	39.239808
658	18.793963
659	61.668650
660	37.566041
661	4.534741
662	17.579313
663	98.863379
664	43.459948
665	73.776065
666	89.119494
667	40.333070
668	6.557070
669	73.609492
670	97.017785
671	39.978514
672	91.477804
673	6.765531
674	42.546996
675	84.243695
676	54.795709
677	41.823352
678	41.651066
679	81.584197
680	67.245331
681	5.016336
682	55.442761
683	4.457861
684	62.845058
685	16.502812
686	90.460440
687	23.954914
688	14.000168
689	70.224494
690	43.973732
691	76.110766
692	72.843252
693	0.452864
694	48.372577
695	74.973752
696	5.118158
697	48.123724
698	83.313951
699	51.874355
700	10.686728
701	56.608003
702	56.751231
703	33.738903
704	92.345928
705	50.184907
706	37.993751
707	46.908571
708	99.476527
709	83.577651
710	90.773810
711	89.527399
712	15.052245
713	90.639950
714	95.724482
715	30.773158
716	80.080132
717	94.467665
718	23.152130
719	24.766985
720	92.293544
721	59.304420
722	36.320007
723	24.428781
724	68.372948
725	77.285956
726	48.921529
727	79.920033
728	43.519496
729	12.773850
730	66.710482
731	32.387048
732	32.492672
733	85.699035
734	97.780594
735	47.252697
736	94.478481
737	9.766169
738	57.310147
739	80.579281
740	16.907581
741	27.738142
742	12.506915
743	23.853997
744	86.357946
745	63.766369
746	88.373630
747	82.519157
748	34.430944
749	26.924475
750	17.360155
751	66.116124
752	92.422591
753	48.006017
754	83.849620
755	97.879446
756	94.471121
757	46.164906
758	43.355243
759	17.240485
760	88.667473
761	68.589604
762	72.181990
763	83.764160
764	41.820028
765	14.444017
766	91.936743
767	20.830253
768	9.029713
769	87.852519
770	83.917577
771	37.146892
772	12.526748
773	33.874563
774	37.799409
775	64.956636
776	76.469706
777	62.926559
778	89.028809
779	16.361594
780	66.585303
781	57.846738
782	1.135134
783	82.642795
784	14.512366
785	26.831293
786	50.191131
787	4.083777
788	28.426656
789	88.402496
790	43.096883
791	90.991202
792	19.451901
793	60.700895
794	78.788704
795	23.229620
796	20.705269
797	48.283091
798	27.142741
799	95.876450
800	93.646476
801	40.317305
802	9.082517
803	62.668724
804	34.125664
805	99.960492
806	44.635996
807	41.899872
808	12.699037
809	29.963465
810	2.461676
811	64.281691
812	99.443889
813	23.670685
814	37.632247
815	38.337023
816	61.873166
817	18.051935
818	40.060679
819	94.961762
820	22.847160
821	44.416464
822	43.419945
823	59.666017
824	63.209926
825	4.068724
826	0.829030
827	21.057895
828	22.096146
829	41.634575
830	97.752245
831	17.557886
832	65.271251
833	9.738105
834	61.000642
835	82.502915
836	78.428837
837	74.598870
838	49.030436
839	32.182895
840	41.461813
841	90.092626
842	32.592966
843	95.576170
844	27.619596
845	14.803961
846	50.407316
847	51.199113
848	10.353828
849	82.003047
850	29.358783
851	97.767500
852	12.715537
853	26.416877
854	29.065329
855	39.029154
856	13.183562
857	68.659325
858	28.096148
859	39.798762
860	70.200250
861	30.429847
862	59.713343
863	1.313215
864	37.463546
865	13.951118
866	89.802083
867	16.965803
868	74.822778
869	59.320561
870	2.063910
871	85.053173
872	85.986615
873	79.453039
874	89.189137
875	14.368488
876	2.837047
877	18.644457
878	93.874588
879	86.623775
880	32.020122
881	46.578884
882	16.707141
883	18.569934
884	28.619659
885	52.614858
886	87.076462
887	83.793976
888	90.230197
889	27.377741
890	67.614488
891	80.172885
892	82.090147
893	47.345839
894	45.057607
895	16.434897
896	90.292820
897	37.467383
898	32.033587
899	66.505114
900	93.312704
901	4.760838
902	24.596475
903	8.470680
904	68.665214
905	71.733432
906	81.530271
907	84.488819
908	5.173345
909	70.332154
910	41.773603
911	39.784603
912	6.588675
913	58.332277
914	60.334633
915	14.455048
916	0.248337
917	0.258622
918	57.369258
919	42.804319
920	21.547447
921	49.463619
922	81.547202
923	39.150639
924	61.504435
925	28.873258
926	49.243233
927	17.525700
928	1.665874
929	53.449557
930	12.917369
931	15.872315
932	13.382121
933	6.523078
934	13.193604
935	90.560401
936	22.022020
937	2.468786
938	61.415676
939	46.441690
940	45.188976
941	58.535385
942	67.268611
943	76.009069
944	0.650733
945	92.734299
946	50.000918
947	49.191899
948	18.841377
949	30.747470
950	4.514323
951	90.531215
952	25.514687
953	98.874271
954	3.276967
955	44.466189
956	45.263631
957	31.334945
958	77.703449
959	74.768102
960	10.315635
961	51.878143
962	82.052812
963	89.878860
964	59.845144
965	59.565874
966	41.474062
967	91.157477
968	7.602392
969	54.466165
970	73.388373
971	98.168729
972	4.222897
973	57.347844
974	39.817841
975	77.847342
976	49.367247
977	44.327372
978	53.667033
979	43.879562
980	86.173246
981	89.157774
982	29.955015
983	1.775192
984	95.409133
985	93.740522
986	21.258545
987	89.639235
988	5.076740
989	86.790143
990	58.606142
991	67.624753
992	30.017371
993	38.822073
994	59.860573
995	67.566247
996	59.394929
997	10.073482
998	59.538260
999	84.464400
1000	88.012423
;

param: d :=
1	-5.185406
2	-47.872980
3	-96.845496
4	-69.868508
5	-17.005481
6	-31.009665
7	-73.798255
8	-33.408341
9	-56.866007
10	-66.608350
11	-66.187706
12	-69.704804
13	-63.295027
14	-12.964645
15	-90.629460
16	-0.538295
17	-72.039673
18	-63.943274
19	-28.204813
20	-1.946224
21	-22.004480
22	-20.953304
23	-84.208222
24	-22.204933
25	-68.797877
26	-91.798641
27	-37.803388
28	-91.314624
29	-54.047739
30	-94.263696
31	-36.109985
32	-52.553681
33	-15.428673
34	-12.227543
35	-41.453993
36	-97.644852
37	-52.086240
38	-42.661944
39	-12.474719
40	-28.848869
41	-68.086339
42	-62.653097
43	-66.212104
44	-17.242778
45	-75.728350
46	-96.767490
47	-28.592513
48	-14.527211
49	-9.034139
50	-21.183164
51	-30.209619
52	-51.193462
53	-78.910685
54	-40.193852
55	-16.435946
56	-64.280258
57	-81.003646
58	-51.426822
59	-83.716898
60	-50.680340
61	-48.115586
62	-80.260919
63	-42.061728
64	-79.966102
65	-40.431371
66	-30.629044
67	-41.603705
68	-33.260064
69	-2.687865
70	-26.957495
71	-37.682670
72	-30.704532
73	-61.283518
74	-22.171370
75	-59.805412
76	-77.203718
77	-97.704063
78	-78.909620
79	-0.969077
80	-60.420134
81	-5.206152
82	-17.714186
83	-4.754738
84	-8.013531
85	-10.972703
86	-61.575794
87	-42.792691
88	-37.442022
89	-56.836839
90	-81.336080
91	-36.186786
92	-27.567774
93	-67.232440
94	-82.046021
95	-55.200273
96	-63.414960
97	-13.820403
98	-21.560371
99	-2.693898
100	-35.918156
101	-22.423229
102	-85.023087
103	-9.959872
104	-18.071589
105	-0.881391
106	-15.201089
107	-84.470158
108	-54.002413
109	-69.053326
110	-21.490296
111	-11.118956
112	-26.392311
113	-7.878989
114	-70.564777
115	-49.350564
116	-49.108288
117	-76.882891
118	-85.920557
119	-61.725725
120	-69.235782
121	-53.661467
122	-19.713286
123	-77.363945
124	-2.773866
125	-42.641157
126	-33.228570
127	-77.052256
128	-77.358541
129	-33.629950
130	-69.407498
131	-35.604970
132	-99.454202
133	-7.248864
134	-77.094193
135	-2.710501
136	-74.577361
137	-87.806511
138	-57.459899
139	-88.934300
140	-10.435025
141	-70.458661
142	-92.781266
143	-41.639777
144	-41.681705
145	-77.116007
146	-49.073783
147	-18.688700
148	-91.465906
149	-7.098065
150	-8.457765
151	-0.777438
152	-54.531440
153	-14.826504
154	-91.043513
155	-48.114907
156	-51.000904
157	-12.103098
158	-68.977881
159	-99.374807
160	-83.187121
161	-4.268105
162	-82.481664
163	-99.290821
164	-66.801639
165	-84.882700
166	-35.412042
167	-69.141267
168	-73.338846
169	-27.690059
170	-40.113461
171	-75.992918
172	-54.181042
173	-23.370798
174	-77.738929
175	-58.849311
176	-8.794358
177	-2.173286
178	-87.443249
179	-99.695595
180	-34.139354
181	-5.955189
182	-8.214778
183	-85.577748
184	-24.395097
185	-26.167495
186	-41.096786
187	-58.933228
188	-63.425856
189	-79.002546
190	-5.420981
191	-89.762160
192	-15.430481
193	-21.758308
194	-4.310903
195	-33.361268
196	-41.949174
197	-92.836555
198	-48.082473
199	-99.998309
200	-90.704659
201	-59.683671
202	-99.396211
203	-31.372578
204	-96.978920
205	-90.461836
206	-18.827170
207	-44.498184
208	-39.991781
209	-64.007392
210	-47.802575
211	-84.574253
212	-58.606599
213	-96.580494
214	-63.090900
215	-13.803813
216	-56.682060
217	-22.559446
218	-49.000616
219	-86.365749
220	-50.153947
221	-28.450694
222	-89.625091
223	-62.479475
224	-9.039943
225	-58.469321
226	-34.927137
227	-5.878774
228	-23.215812
229	-64.295980
230	-68.191672
231	-30.139951
232	-4.397183
233	-70.778205
234	-58.796953
235	-95.299055
236	-9.899645
237	-31.096647
238	-2.235879
239	-95.499583
240	-44.687945
241	-70.584168
242	-76.010450
243	-69.181496
244	-36.445626
245	-94.289878
246	-91.216702
247	-62.674940
248	-52.364142
249	-69.295749
250	-73.470317
251	-38.250960
252	-34.453967
253	-95.751800
254	-50.557688
255	-5.129388
256	-34.113047
257	-5.528763
258	-22.279502
259	-45.818963
260	-75.347932
261	-49.136164
262	-43.984795
263	-30.012625
264	-76.243981
265	-92.711457
266	-34.915062
267	-65.520202
268	-7.820792
269	-96.769603
270	-59.066475
271	-8.255419
272	-42.843400
273	-60.288493
274	-86.511057
275	-60.699365
276	-57.199393
277	-82.076808
278	-45.932396
279	-4.502993
280	-75.700184
281	-60.035580
282	-30.072874
283	-30.820855
284	-29.175961
285	-13.265788
286	-76.151783
287	-41.977618
288	-85.880025
289	-9.053456
290	-65.165121
291	-52.816628
292	-28.809533
293	-18.537444
294	-78.875025
295	-83.703131
296	-28.190670
297	-74.396080
298	-12.028530
299	-23.518676
300	-5.682934
301	-69.826087
302	-48.828002
303	-15.852974
304	-98.679540
305	-59.139210
306	-86.287201
307	-35.676050
308	-61.759928
309	-11.253037
310	-65.454656
311	-97.207985
312	-82.173148
313	-98.844644
314	-15.490803
315	-60.082649
316	-26.340619
317	-73.541289
318	-21.997347
319	-81.701582
320	-11.602896
321	-66.595736
322	-2.532796
323	-32.656021
324	-40.805221
325	-35.828541
326	-72.387515
327	-7.710070
328	-23.805516
329	-8.583967
330	-38.403412
331	-90.874044
332	-26.667961
333	-87.094271
334	-50.275252
335	-86.657086
336	-20.757453
337	-30.082177
338	-97.091914
339	-55.644493
340	-7.998406
341	-71.397828
342	-85.761661
343	-99.481993
344	-47.257963
345	-0.190835
346	-33.275836
347	-62.223116
348	-18.832647
349	-40.928187
350	-4.593652
351	-27.574177
352	-11.997364
353	-75.903127
354	-57.509861
355	-78.621582
356	-68.206609
357	-99.359251
358	-13.394201
359	-33.727457
360	-46.274752
361	-94.930631
362	-55.695971
363	-10.724258
364	-34.919369
365	-33.031663
366	-32.960340
367	-57.757806
368	-42.712201
369	-8.155186
370	-27.161596
371	-13.835283
372	-27.080747
373	-27.432513
374	-30.196502
375	-43.871860
376	-97.768478
377	-87.135881
378	-35.837823
379	-34.042693
380	-2.642235
381	-1.543762
382	-63.867780
383	-90.902200
384	-78.769310
385	-38.485753
386	-57.997233
387	-46.990524
388	-78.873952
389	-38.824423
390	-80.988879
391	-4.526258
392	-40.767289
393	-2.219810
394	-92.534444
395	-17.119770
396	-99.928509
397	-77.928950
398	-18.664614
399	-34.094618
400	-70.563238
401	-52.387939
402	-53.093360
403	-45.191294
404	-80.704233
405	-18.399858
406	-24.163561
407	-42.134391
408	-1.081002
409	-31.588551
410	-43.445384
411	-44.297285
412	-89.603377
413	-63.862948
414	-86.843874
415	-74.413605
416	-38.151529
417	-14.258716
418	-4.541659
419	-86.635641
420	-32.432205
421	-85.435893
422	-62.546896
423	-90.527496
424	-36.924271
425	-86.230208
426	-94.080223
427	-61.826973
428	-3.351483
429	-21.394562
430	-38.392001
431	-64.519898
432	-59.064347
433	-86.636608
434	-41.804984
435	-23.699862
436	-79.835100
437	-65.992400
438	-65.813368
439	-34.997553
440	-53.552477
441	-68.834909
442	-20.571697
443	-65.216255
444	-70.463349
445	-71.662419
446	-37.265336
447	-95.007052
448	-34.394576
449	-48.170378
450	-12.620441
451	-61.745966
452	-44.174790
453	-18.996238
454	-6.316626
455	-15.313533
456	-95.381571
457	-23.953046
458	-65.142895
459	-61.931486
460	-97.711387
461	-18.739336
462	-26.070882
463	-0.209988
464	-99.846266
465	-18.804594
466	-43.600802
467	-14.011138
468	-68.653208
469	-57.862312
470	-46.759169
471	-25.364280
472	-21.911847
473	-27.871130
474	-15.305713
475	-87.096140
476	-32.676993
477	-12.638586
478	-22.464299
479	-6.909346
480	-89.183154
481	-76.519146
482	-53.340268
483	-18.162794
484	-45.264627
485	-21.371698
486	-63.258089
487	-13.554714
488	-67.901185
489	-36.678527
490	-58.251621
491	-48.817267
492	-79.053264
493	-35.845646
494	-67.492190
495	-96.512264
496	-20.106261
497	-16.648621
498	-5.667110
499	-58.761891
500	-87.277449
501	-52.559067
502	-10.992843
503	-53.642539
504	-20.196356
505	-94.508599
506	-24.193264
507	-66.101445
508	-33.975744
509	-2.545093
510	-31.671364
511	-29.511855
512	-3.921646
513	-98.878263
514	-29.781761
515	-27.554091
516	-1.765749
517	-6.044912
518	-3.241409
519	-61.315771
520	-61.155771
521	-5.743759
522	-69.121399
523	-36.485531
524	-81.218280
525	-82.889607
526	-2.090216
527	-67.076071
528	-67.056441
529	-98.150612
530	-26.882887
531	-71.378065
532	-90.237206
533	-14.875350
534	-93.930054
535	-5.973189
536	-26.513957
537	-78.883953
538	-6.590162
539	-39.604233
540	-61.619994
541	-47.369575
542	-16.505760
543	-80.397564
544	-75.475700
545	-2.377331
546	-93.129239
547	-5.321426
548	-24.595856
549	-23.543991
550	-81.712812
551	-24.873305
552	-89.961923
553	-23.719335
554	-78.554619
555	-4.364628
556	-27.340229
557	-85.330762
558	-60.811361
559	-87.171835
560	-80.904618
561	-84.107090
562	-44.815047
563	-64.403562
564	-98.424707
565	-95.385544
566	-64.639648
567	-77.532129
568	-54.582553
569	-17.797804
570	-82.312290
571	-98.381670
572	-33.847004
573	-34.642005
574	-35.357812
575	-34.412197
576	-92.029956
577	-26.973885
578	-58.628362
579	-54.073083
580	-23.688387
581	-96.849001
582	-87.244341
583	-15.453107
584	-9.492441
585	-67.146516
586	-48.664756
587	-43.234039
588	-44.862570
589	-3.889873
590	-82.817808
591	-17.265838
592	-0.360134
593	-58.794456
594	-32.531464
595	-99.396765
596	-2.912227
597	-3.910174
598	-94.027101
599	-92.892280
600	-28.419941
601	-10.568986
602	-77.939004
603	-94.649386
604	-17.514310
605	-9.203297
606	-73.742270
607	-19.880919
608	-95.370309
609	-37.059142
610	-40.031049
611	-93.248490
612	-80.037916
613	-35.636845
614	-79.528628
615	-84.412192
616	-75.925100
617	-23.557363
618	-58.054879
619	-13.827919
620	-54.417026
621	-20.189153
622	-93.874483
623	-15.899434
624	-69.889656
625	-59.440168
626	-20.276743
627	-94.731439
628	-50.792966
629	-24.298106
630	-22.762043
631	-82.961197
632	-64.276686
633	-5.440324
634	-30.309772
635	-97.655449
636	-26.899112
637	-62.149241
638	-58.312592
639	-33.797541
640	-65.958433
641	-83.895391
642	-95.322455
643	-84.364509
644	-69.941934
645	-35.764854
646	-11.882348
647	-37.684359
648	-68.686164
649	-6.639116
650	-40.592914
651	-6.592625
652	-59.620608
653	-86.101801
654	-51.140981
655	-60.604181
656	-61.133847
657	-59.107821
658	-25.178992
659	-20.309492
660	-7.845494
661	-55.980514
662	-23.816716
663	-85.203871
664	-38.759016
665	-31.270254
666	-54.834209
667	-2.068645
668	-44.814772
669	-99.945315
670	-93.776418
671	-45.491760
672	-11.020133
673	-26.048782
674	-58.712864
675	-14.806774
676	-61.049297
677	-75.900818
678	-31.346843
679	-89.508098
680	-6.902330
681	-55.809304
682	-84.320669
683	-53.311720
684	-79.063662
685	-1.702389
686	-73.129522
687	-45.711919
688	-60.235913
689	-63.888345
690	-80.805826
691	-91.222347
692	-5.137693
693	-79.155450
694	-5.663217
695	-94.212738
696	-91.561085
697	-3.421984
698	-48.752732
699	-63.088357
700	-80.441762
701	-32.945983
702	-71.852092
703	-60.254197
704	-32.705288
705	-47.048240
706	-50.413838
707	-14.451437
708	-75.144996
709	-90.402109
710	-74.088423
711	-71.082060
712	-86.426542
713	-75.483557
714	-70.551086
715	-12.634983
716	-97.991760
717	-98.619220
718	-64.456146
719	-71.905851
720	-88.398261
721	-50.009842
722	-34.439386
723	-67.801303
724	-80.411402
725	-15.724595
726	-80.459612
727	-87.377833
728	-64.578517
729	-72.956586
730	-96.394933
731	-68.369513
732	-68.332871
733	-63.958727
734	-68.447664
735	-11.935035
736	-12.893152
737	-89.953743
738	-8.551262
739	-23.181078
740	-55.257072
741	-80.212375
742	-70.128093
743	-20.890505
744	-1.518959
745	-69.212050
746	-41.959048
747	-88.811952
748	-24.410995
749	-86.758553
750	-20.552955
751	-32.537043
752	-92.774893
753	-59.261063
754	-93.260438
755	-65.910643
756	-11.768095
757	-89.827943
758	-88.492921
759	-44.645329
760	-26.026916
761	-26.452708
762	-49.600473
763	-77.211004
764	-49.473657
765	-54.588430
766	-14.583161
767	-57.924451
768	-1.503693
769	-59.210455
770	-38.674168
771	-12.393767
772	-65.705612
773	-8.761733
774	-95.594430
775	-8.511851
776	-78.719391
777	-78.485636
778	-95.876989
779	-16.220345
780	-26.136549
781	-60.560794
782	-32.269698
783	-37.240628
784	-32.175944
785	-51.908633
786	-45.668325
787	-3.988869
788	-94.086953
789	-22.986438
790	-39.605885
791	-48.722127
792	-22.948674
793	-94.287993
794	-62.636913
795	-6.719052
796	-15.020020
797	-85.965754
798	-42.737608
799	-6.582439
800	-94.361487
801	-45.673431
802	-62.496315
803	-30.454563
804	-52.783298
805	-51.188943
806	-30.885729
807	-48.327098
808	-20.089915
809	-99.434798
810	-45.116371
811	-38.819760
812	-69.133332
813	-34.375931
814	-38.261017
815	-43.710935
816	-93.560404
817	-66.011568
818	-60.937247
819	-57.379534
820	-29.711488
821	-20.471626
822	-11.661776
823	-77.622780
824	-56.644171
825	-42.820478
826	-51.448560
827	-73.486588
828	-20.523035
829	-40.449093
830	-32.201131
831	-27.840424
832	-80.458492
833	-27.126673
834	-81.173504
835	-36.140140
836	-95.148496
837	-88.869875
838	-70.978367
839	-91.546815
840	-53.608724
841	-33.342958
842	-83.882980
843	-29.385054
844	-44.429408
845	-18.759050
846	-18.465908
847	-49.446164
848	-54.521219
849	-34.320889
850	-61.511745
851	-57.291869
852	-24.131659
853	-46.243886
854	-91.284088
855	-93.074666
856	-81.778455
857	-63.132412
858	-56.378400
859	-4.231019
860	-95.935030
861	-53.629096
862	-42.749737
863	-40.677183
864	-32.625335
865	-65.360131
866	-85.850565
867	-24.215653
868	-82.679419
869	-74.902991
870	-13.305187
871	-47.514585
872	-24.760367
873	-34.318687
874	-16.821319
875	-81.656540
876	-44.399831
877	-86.577953
878	-36.021937
879	-89.319504
880	-56.522216
881	-2.007720
882	-79.591022
883	-22.791503
884	-23.428966
885	-79.750019
886	-14.544554
887	-88.706495
888	-2.280327
889	-66.622273
890	-37.593091
891	-94.505540
892	-4.641426
893	-85.552730
894	-57.435465
895	-90.183823
896	-2.296999
897	-49.565001
898	-26.443591
899	-57.857191
900	-47.440020
901	-84.860460
902	-85.865238
903	-88.567761
904	-24.436464
905	-3.214345
906	-89.954701
907	-32.506978
908	-28.480628
909	-66.961946
910	-11.304969
911	-60.915922
912	-95.753553
913	-98.520063
914	-25.926928
915	-25.849780
916	-13.939616
917	-94.063387
918	-41.869295
919	-67.274233
920	-25.899801
921	-9.049530
922	-39.769694
923	-58.681530
924	-14.168077
925	-22.280781
926	-75.558437
927	-32.953527
928	-71.360589
929	-2.641128
930	-7.359971
931	-56.727731
932	-42.392772
933	-50.312431
934	-49.311314
935	-97.950760
936	-52.493984
937	-39.473758
938	-91.522414
939	-59.877617
940	-16.001608
941	-25.726350
942	-19.861354
943	-5.791004
944	-12.573651
945	-82.134591
946	-73.571555
947	-96.910929
948	-29.990025
949	-79.141099
950	-24.495960
951	-83.821655
952	-82.214255
953	-63.419261
954	-95.707504
955	-34.305153
956	-66.406234
957	-69.475068
958	-10.555887
959	-9.446306
960	-90.659631
961	-68.410380
962	-42.030226
963	-88.498777
964	-86.893158
965	-0.015612
966	-66.025173
967	-87.860880
968	-90.403376
969	-37.627188
970	-1.930130
971	-55.099036
972	-89.627699
973	-61.339303
974	-32.224236
975	-29.585434
976	-40.745011
977	-19.220004
978	-47.721857
979	-29.245355
980	-0.140239
981	-61.357113
982	-68.720940
983	-7.308793
984	-17.986067
985	-34.895358
986	-87.985657
987	-19.633166
988	-97.488850
989	-40.721050
990	-24.817956
991	-69.965804
992	-59.714241
993	-93.921791
994	-75.979717
995	-0.825472
996	-7.352283
997	-71.153027
998	-69.745711
999	-66.366934
1000	-46.093461
;

param: weight :=
1	66.000000
2	85.000000
3	12.000000
4	3.000000
5	7.000000
6	98.000000
7	69.000000
8	7.000000
9	79.000000
10	20.000000
11	40.000000
12	88.000000
13	34.000000
14	66.000000
15	29.000000
16	97.000000
17	48.000000
18	82.000000
19	93.000000
20	87.000000
21	36.000000
22	68.000000
23	48.000000
24	80.000000
25	59.000000
26	92.000000
27	46.000000
28	29.000000
29	89.000000
30	32.000000
31	28.000000
32	83.000000
33	1.000000
34	72.000000
35	6.000000
36	63.000000
37	40.000000
38	56.000000
39	19.000000
40	63.000000
41	19.000000
42	85.000000
43	90.000000
44	37.000000
45	60.000000
46	36.000000
47	77.000000
48	85.000000
49	6.000000
50	77.000000
51	93.000000
52	31.000000
53	85.000000
54	55.000000
55	22.000000
56	54.000000
57	96.000000
58	97.000000
59	26.000000
60	89.000000
61	85.000000
62	48.000000
63	75.000000
64	40.000000
65	31.000000
66	72.000000
67	41.000000
68	62.000000
69	41.000000
70	98.000000
71	22.000000
72	94.000000
73	49.000000
74	86.000000
75	94.000000
76	88.000000
77	85.000000
78	90.000000
79	81.000000
80	89.000000
81	33.000000
82	24.000000
83	53.000000
84	30.000000
85	58.000000
86	8.000000
87	93.000000
88	59.000000
89	38.000000
90	10.000000
91	9.000000
92	50.000000
93	95.000000
94	89.000000
95	24.000000
96	63.000000
97	45.000000
98	72.000000
99	55.000000
100	24.000000
101	10.000000
102	60.000000
103	89.000000
104	36.000000
105	46.000000
106	44.000000
107	80.000000
108	87.000000
109	2.000000
110	56.000000
111	10.000000
112	39.000000
113	53.000000
114	28.000000
115	83.000000
116	46.000000
117	80.000000
118	17.000000
119	79.000000
120	53.000000
121	67.000000
122	15.000000
123	79.000000
124	28.000000
125	89.000000
126	15.000000
127	35.000000
128	16.000000
129	90.000000
130	72.000000
131	76.000000
132	80.000000
133	34.000000
134	88.000000
135	39.000000
136	11.000000
137	46.000000
138	41.000000
139	54.000000
140	20.000000
141	95.000000
142	73.000000
143	84.000000
144	68.000000
145	48.000000
146	63.000000
147	31.000000
148	4.000000
149	75.000000
150	19.000000
151	28.000000
152	53.000000
153	56.000000
154	44.000000
155	97.000000
156	23.000000
157	5.000000
158	18.000000
159	41.000000
160	13.000000
161	21.000000
162	91.000000
163	70.000000
164	64.000000
165	89.000000
166	9.000000
167	87.000000
168	66.000000
169	35.000000
170	54.000000
171	33.000000
172	9.000000
173	22.000000
174	56.000000
175	42.000000
176	84.000000
177	91.000000
178	80.000000
179	73.000000
180	29.000000
181	61.000000
182	20.000000
183	50.000000
184	41.000000
185	82.000000
186	84.000000
187	84.000000
188	80.000000
189	10.000000
190	55.000000
191	22.000000
192	3.000000
193	20.000000
194	94.000000
195	53.000000
196	3.000000
197	26.000000
198	9.000000
199	83.000000
200	89.000000
201	79.000000
202	78.000000
203	27.000000
204	64.000000
205	61.000000
206	78.000000
207	62.000000
208	15.000000
209	71.000000
210	17.000000
211	9.000000
212	87.000000
213	5.000000
214	91.000000
215	49.000000
216	78.000000
217	74.000000
218	15.000000
219	37.000000
220	62.000000
221	23.000000
222	19.000000
223	31.000000
224	1.000000
225	35.000000
226	19.000000
227	89.000000
228	35.000000
229	15.000000
230	70.000000
231	42.000000
232	8.000000
233	55.000000
234	48.000000
235	58.000000
236	78.000000
237	90.000000
238	16.000000
239	35.000000
240	23.000000
241	25.000000
242	86.000000
243	41.000000
244	75.000000
245	85.000000
246	67.000000
247	82.000000
248	84.000000
249	43.000000
250	62.000000
251	33.000000
252	50.000000
253	37.000000
254	70.000000
255	84.000000
256	21.000000
257	37.000000
258	46.000000
259	41.000000
260	21.000000
261	97.000000
262	82.000000
263	12.000000
264	43.000000
265	9.000000
266	17.000000
267	93.000000
268	89.000000
269	85.000000
270	2.000000
271	79.000000
272	99.000000
273	79.000000
274	46.000000
275	55.000000
276	2.000000
277	76.000000
278	20.000000
279	99.000000
280	50.000000
281	49.000000
282	58.000000
283	22.000000
284	45.000000
285	66.000000
286	40.000000
287	89.000000
288	15.000000
289	21.000000
290	33.000000
291	6.000000
292	33.000000
293	46.000000
294	89.000000
295	21.000000
296	35.000000
297	51.000000
298	64.000000
299	63.000000
300	8.000000
301	27.000000
302	57.000000
303	83.000000
304	50.000000
305	46.000000
306	66.000000
307	59.000000
308	88.000000
309	86.000000
310	63.000000
311	88.000000
312	77.000000
313	94.000000
314	26.000000
315	94.000000
316	90.000000
317	8.000000
318	17.000000
319	31.000000
320	100.000000
321	93.000000
322	24.000000
323	62.000000
324	53.000000
325	35.000000
326	39.000000
327	79.000000
328	47.000000
329	15.000000
330	97.000000
331	26.000000
332	42.000000
333	27.000000
334	73.000000
335	67.000000
336	3.000000
337	49.000000
338	35.000000
339	2.000000
340	43.000000
341	88.000000
342	31.000000
343	32.000000
344	76.000000
345	74.000000
346	5.000000
347	8.000000
348	12.000000
349	10.000000
350	64.000000
351	24.000000
352	27.000000
353	95.000000
354	12.000000
355	56.000000
356	98.000000
357	37.000000
358	41.000000
359	39.000000
360	8.000000
361	51.000000
362	40.000000
363	47.000000
364	52.000000
365	5.000000
366	89.000000
367	62.000000
368	90.000000
369	47.000000
370	42.000000
371	97.000000
372	27.000000
373	60.000000
374	51.000000
375	81.000000
376	55.000000
377	33.000000
378	31.000000
379	69.000000
380	69.000000
381	45.000000
382	6.000000
383	95.000000
384	20.000000
385	56.000000
386	21.000000
387	44.000000
388	36.000000
389	23.000000
390	86.000000
391	72.000000
392	91.000000
393	19.000000
394	90.000000
395	58.000000
396	69.000000
397	88.000000
398	38.000000
399	75.000000
400	56.000000
401	34.000000
402	100.000000
403	92.000000
404	52.000000
405	34.000000
406	2.000000
407	70.000000
408	24.000000
409	98.000000
410	9.000000
411	90.000000
412	60.000000
413	7.000000
414	28.000000
415	99.000000
416	86.000000
417	100.000000
418	98.000000
419	30.000000
420	11.000000
421	87.000000
422	95.000000
423	55.000000
424	23.000000
425	42.000000
426	50.000000
427	12.000000
428	98.000000
429	30.000000
430	11.000000
431	97.000000
432	64.000000
433	77.000000
434	63.000000
435	16.000000
436	83.000000
437	65.000000
438	61.000000
439	61.000000
440	34.000000
441	30.000000
442	75.000000
443	80.000000
444	97.000000
445	47.000000
446	84.000000
447	88.000000
448	21.000000
449	8.000000
450	90.000000
451	56.000000
452	58.000000
453	77.000000
454	47.000000
455	59.000000
456	95.000000
457	27.000000
458	19.000000
459	64.000000
460	19.000000
461	32.000000
462	67.000000
463	21.000000
464	63.000000
465	13.000000
466	76.000000
467	3.000000
468	18.000000
469	50.000000
470	18.000000
471	70.000000
472	20.000000
473	85.000000
474	19.000000
475	70.000000
476	39.000000
477	57.000000
478	50.000000
479	20.000000
480	7.000000
481	35.000000
482	69.000000
483	13.000000
484	11.000000
485	66.000000
486	39.000000
487	72.000000
488	87.000000
489	17.000000
490	92.000000
491	13.000000
492	51.000000
493	53.000000
494	86.000000
495	11.000000
496	79.000000
497	93.000000
498	14.000000
499	73.000000
500	60.000000
501	14.000000
502	57.000000
503	1.000000
504	67.000000
505	8.000000
506	66.000000
507	32.000000
508	36.000000
509	14.000000
510	62.000000
511	60.000000
512	17.000000
513	59.000000
514	80.000000
515	14.000000
516	68.000000
517	48.000000
518	100.000000
519	66.000000
520	84.000000
521	18.000000
522	79.000000
523	83.000000
524	20.000000
525	21.000000
526	91.000000
527	6.000000
528	33.000000
529	48.000000
530	17.000000
531	39.000000
532	98.000000
533	57.000000
534	14.000000
535	87.000000
536	85.000000
537	69.000000
538	12.000000
539	64.000000
540	59.000000
541	100.000000
542	39.000000
543	80.000000
544	26.000000
545	24.000000
546	26.000000
547	56.000000
548	19.000000
549	83.000000
550	58.000000
551	5.000000
552	49.000000
553	63.000000
554	93.000000
555	5.000000
556	29.000000
557	35.000000
558	47.000000
559	63.000000
560	5.000000
561	84.000000
562	75.000000
563	100.000000
564	40.000000
565	25.000000
566	49.000000
567	43.000000
568	45.000000
569	57.000000
570	86.000000
571	46.000000
572	45.000000
573	81.000000
574	47.000000
575	51.000000
576	19.000000
577	55.000000
578	41.000000
579	28.000000
580	73.000000
581	83.000000
582	54.000000
583	17.000000
584	89.000000
585	40.000000
586	97.000000
587	32.000000
588	93.000000
589	38.000000
590	90.000000
591	20.000000
592	83.000000
593	93.000000
594	4.000000
595	98.000000
596	2.000000
597	63.000000
598	42.000000
599	8.000000
600	6.000000
601	7.000000
602	74.000000
603	47.000000
604	65.000000
605	31.000000
606	64.000000
607	31.000000
608	27.000000
609	60.000000
610	87.000000
611	36.000000
612	5.000000
613	72.000000
614	17.000000
615	74.000000
616	2.000000
617	82.000000
618	58.000000
619	6.000000
620	9.000000
621	99.000000
622	15.000000
623	47.000000
624	39.000000
625	61.000000
626	31.000000
627	5.000000
628	63.000000
629	22.000000
630	87.000000
631	77.000000
632	58.000000
633	38.000000
634	93.000000
635	100.000000
636	95.000000
637	1.000000
638	85.000000
639	96.000000
640	21.000000
641	58.000000
642	15.000000
643	94.000000
644	13.000000
645	30.000000
646	25.000000
647	10.000000
648	90.000000
649	65.000000
650	16.000000
651	65.000000
652	98.000000
653	24.000000
654	51.000000
655	85.000000
656	4.000000
657	36.000000
658	31.000000
659	30.000000
660	6.000000
661	62.000000
662	58.000000
663	77.000000
664	87.000000
665	63.000000
666	2.000000
667	57.000000
668	85.000000
669	51.000000
670	43.000000
671	85.000000
672	67.000000
673	1.000000
674	36.000000
675	92.000000
676	55.000000
677	55.000000
678	17.000000
679	14.000000
680	26.000000
681	90.000000
682	90.000000
683	77.000000
684	19.000000
685	12.000000
686	14.000000
687	43.000000
688	47.000000
689	34.000000
690	6.000000
691	68.000000
692	26.000000
693	90.000000
694	51.000000
695	68.000000
696	6.000000
697	91.000000
698	13.000000
699	59.000000
700	38.000000
701	62.000000
702	60.000000
703	94.000000
704	100.000000
705	20.000000
706	29.000000
707	23.000000
708	92.000000
709	99.000000
710	20.000000
711	98.000000
712	2.000000
713	92.000000
714	48.000000
715	90.000000
716	6.000000
717	100.000000
718	87.000000
719	88.000000
720	11.000000
721	47.000000
722	54.000000
723	63.000000
724	100.000000
725	6.000000
726	40.000000
727	24.000000
728	29.000000
729	92.000000
730	32.000000
731	50.000000
732	2.000000
733	37.000000
734	52.000000
735	90.000000
736	82.000000
737	30.000000
738	65.000000
739	29.000000
740	96.000000
741	11.000000
742	66.000000
743	45.000000
744	5.000000
745	70.000000
746	91.000000
747	67.000000
748	86.000000
749	49.000000
750	69.000000
751	41.000000
752	5.000000
753	29.000000
754	5.000000
755	77.000000
756	57.000000
757	32.000000
758	53.000000
759	97.000000
760	13.000000
761	10.000000
762	26.000000
763	57.000000
764	17.000000
765	34.000000
766	25.000000
767	91.000000
768	19.000000
769	37.000000
770	91.000000
771	33.000000
772	85.000000
773	57.000000
774	59.000000
775	96.000000
776	53.000000
777	73.000000
778	8.000000
779	39.000000
780	45.000000
781	36.000000
782	24.000000
783	86.000000
784	87.000000
785	77.000000
786	24.000000
787	24.000000
788	6.000000
789	92.000000
790	20.000000
791	30.000000
792	67.000000
793	59.000000
794	97.000000
795	31.000000
796	58.000000
797	73.000000
798	94.000000
799	23.000000
800	74.000000
801	30.000000
802	6.000000
803	71.000000
804	3.000000
805	46.000000
806	83.000000
807	72.000000
808	19.000000
809	69.000000
810	36.000000
811	40.000000
812	88.000000
813	18.000000
814	79.000000
815	52.000000
816	10.000000
817	66.000000
818	94.000000
819	68.000000
820	48.000000
821	6.000000
822	82.000000
823	50.000000
824	23.000000
825	80.000000
826	36.000000
827	29.000000
828	38.000000
829	77.000000
830	49.000000
831	24.000000
832	64.000000
833	72.000000
834	36.000000
835	31.000000
836	78.000000
837	97.000000
838	51.000000
839	41.000000
840	88.000000
841	16.000000
842	82.000000
843	21.000000
844	60.000000
845	8.000000
846	65.000000
847	50.000000
848	92.000000
849	96.000000
850	45.000000
851	67.000000
852	85.000000
853	53.000000
854	7.000000
855	77.000000
856	73.000000
857	11.000000
858	71.000000
859	37.000000
860	31.000000
861	59.000000
862	82.000000
863	70.000000
864	13.000000
865	44.000000
866	19.000000
867	73.000000
868	91.000000
869	57.000000
870	77.000000
871	23.000000
872	39.000000
873	94.000000
874	90.000000
875	66.000000
876	17.000000
877	52.000000
878	60.000000
879	100.000000
880	77.000000
881	5.000000
882	10.000000
883	70.000000
884	48.000000
885	79.000000
886	69.000000
887	61.000000
888	31.000000
889	56.000000
890	75.000000
891	17.000000
892	25.000000
893	62.000000
894	11.000000
895	63.000000
896	96.000000
897	48.000000
898	34.000000
899	15.000000
900	44.000000
901	60.000000
902	10.000000
903	57.000000
904	95.000000
905	31.000000
906	70.000000
907	48.000000
908	34.000000
909	40.000000
910	74.000000
911	37.000000
912	59.000000
913	44.000000
914	3.000000
915	11.000000
916	18.000000
917	29.000000
918	40.000000
919	11.000000
920	31.000000
921	100.000000
922	66.000000
923	89.000000
924	38.000000
925	15.000000
926	99.000000
927	96.000000
928	39.000000
929	7.000000
930	12.000000
931	39.000000
932	1.000000
933	94.000000
934	97.000000
935	67.000000
936	41.000000
937	68.000000
938	16.000000
939	63.000000
940	63.000000
941	29.000000
942	75.000000
943	31.000000
944	39.000000
945	50.000000
946	53.000000
947	43.000000
948	52.000000
949	80.000000
950	4.000000
951	21.000000
952	91.000000
953	73.000000
954	56.000000
955	58.000000
956	45.000000
957	81.000000
958	35.000000
959	8.000000
960	4.000000
961	96.000000
962	94.000000
963	39.000000
964	63.000000
965	42.000000
966	70.000000
967	12.000000
968	28.000000
969	40.000000
970	46.000000
971	96.000000
972	70.000000
973	38.000000
974	93.000000
975	14.000000
976	30.000000
977	44.000000
978	41.000000
979	38.000000
980	24.000000
981	41.000000
982	32.000000
983	8.000000
984	59.000000
985	31.000000
986	13.000000
987	46.000000
988	54.000000
989	80.000000
990	1.000000
991	80.000000
992	65.000000
993	96.000000
994	72.000000
995	49.000000
996	78.000000
997	40.000000
998	70.000000
999	58.000000
1000	37.000000
;

param: U :=
1	100.000000
2	100.000000
3	100.000000
4	100.000000
5	100.000000
6	100.000000
7	100.000000
8	100.000000
9	100.000000
10	100.000000
11	100.000000
12	100.000000
13	100.000000
14	100.000000
15	100.000000
16	100.000000
17	100.000000
18	100.000000
19	100.000000
20	100.000000
21	100.000000
22	100.000000
23	100.000000
24	100.000000
25	100.000000
26	100.000000
27	100.000000
28	100.000000
29	100.000000
30	100.000000
31	100.000000
32	100.000000
33	100.000000
34	100.000000
35	100.000000
36	100.000000
37	100.000000
38	100.000000
39	100.000000
40	100.000000
41	100.000000
42	100.000000
43	100.000000
44	100.000000
45	100.000000
46	100.000000
47	100.000000
48	100.000000
49	100.000000
50	100.000000
51	100.000000
52	100.000000
53	100.000000
54	100.000000
55	100.000000
56	100.000000
57	100.000000
58	100.000000
59	100.000000
60	100.000000
61	100.000000
62	100.000000
63	100.000000
64	100.000000
65	100.000000
66	100.000000
67	100.000000
68	100.000000
69	100.000000
70	100.000000
71	100.000000
72	100.000000
73	100.000000
74	100.000000
75	100.000000
76	100.000000
77	100.000000
78	100.000000
79	100.000000
80	100.000000
81	100.000000
82	100.000000
83	100.000000
84	100.000000
85	100.000000
86	100.000000
87	100.000000
88	100.000000
89	100.000000
90	100.000000
91	100.000000
92	100.000000
93	100.000000
94	100.000000
95	100.000000
96	100.000000
97	100.000000
98	100.000000
99	100.000000
100	100.000000
101	100.000000
102	100.000000
103	100.000000
104	100.000000
105	100.000000
106	100.000000
107	100.000000
108	100.000000
109	100.000000
110	100.000000
111	100.000000
112	100.000000
113	100.000000
114	100.000000
115	100.000000
116	100.000000
117	100.000000
118	100.000000
119	100.000000
120	100.000000
121	100.000000
122	100.000000
123	100.000000
124	100.000000
125	100.000000
126	100.000000
127	100.000000
128	100.000000
129	100.000000
130	100.000000
131	100.000000
132	100.000000
133	100.000000
134	100.000000
135	100.000000
136	100.000000
137	100.000000
138	100.000000
139	100.000000
140	100.000000
141	100.000000
142	100.000000
143	100.000000
144	100.000000
145	100.000000
146	100.000000
147	100.000000
148	100.000000
149	100.000000
150	100.000000
151	100.000000
152	100.000000
153	100.000000
154	100.000000
155	100.000000
156	100.000000
157	100.000000
158	100.000000
159	100.000000
160	100.000000
161	100.000000
162	100.000000
163	100.000000
164	100.000000
165	100.000000
166	100.000000
167	100.000000
168	100.000000
169	100.000000
170	100.000000
171	100.000000
172	100.000000
173	100.000000
174	100.000000
175	100.000000
176	100.000000
177	100.000000
178	100.000000
179	100.000000
180	100.000000
181	100.000000
182	100.000000
183	100.000000
184	100.000000
185	100.000000
186	100.000000
187	100.000000
188	100.000000
189	100.000000
190	100.000000
191	100.000000
192	100.000000
193	100.000000
194	100.000000
195	100.000000
196	100.000000
197	100.000000
198	100.000000
199	100.000000
200	100.000000
201	100.000000
202	100.000000
203	100.000000
204	100.000000
205	100.000000
206	100.000000
207	100.000000
208	100.000000
209	100.000000
210	100.000000
211	100.000000
212	100.000000
213	100.000000
214	100.000000
215	100.000000
216	100.000000
217	100.000000
218	100.000000
219	100.000000
220	100.000000
221	100.000000
222	100.000000
223	100.000000
224	100.000000
225	100.000000
226	100.000000
227	100.000000
228	100.000000
229	100.000000
230	100.000000
231	100.000000
232	100.000000
233	100.000000
234	100.000000
235	100.000000
236	100.000000
237	100.000000
238	100.000000
239	100.000000
240	100.000000
241	100.000000
242	100.000000
243	100.000000
244	100.000000
245	100.000000
246	100.000000
247	100.000000
248	100.000000
249	100.000000
250	100.000000
251	100.000000
252	100.000000
253	100.000000
254	100.000000
255	100.000000
256	100.000000
257	100.000000
258	100.000000
259	100.000000
260	100.000000
261	100.000000
262	100.000000
263	100.000000
264	100.000000
265	100.000000
266	100.000000
267	100.000000
268	100.000000
269	100.000000
270	100.000000
271	100.000000
272	100.000000
273	100.000000
274	100.000000
275	100.000000
276	100.000000
277	100.000000
278	100.000000
279	100.000000
280	100.000000
281	100.000000
282	100.000000
283	100.000000
284	100.000000
285	100.000000
286	100.000000
287	100.000000
288	100.000000
289	100.000000
290	100.000000
291	100.000000
292	100.000000
293	100.000000
294	100.000000
295	100.000000
296	100.000000
297	100.000000
298	100.000000
299	100.000000
300	100.000000
301	100.000000
302	100.000000
303	100.000000
304	100.000000
305	100.000000
306	100.000000
307	100.000000
308	100.000000
309	100.000000
310	100.000000
311	100.000000
312	100.000000
313	100.000000
314	100.000000
315	100.000000
316	100.000000
317	100.000000
318	100.000000
319	100.000000
320	100.000000
321	100.000000
322	100.000000
323	100.000000
324	100.000000
325	100.000000
326	100.000000
327	100.000000
328	100.000000
329	100.000000
330	100.000000
331	100.000000
332	100.000000
333	100.000000
334	100.000000
335	100.000000
336	100.000000
337	100.000000
338	100.000000
339	100.000000
340	100.000000
341	100.000000
342	100.000000
343	100.000000
344	100.000000
345	100.000000
346	100.000000
347	100.000000
348	100.000000
349	100.000000
350	100.000000
351	100.000000
352	100.000000
353	100.000000
354	100.000000
355	100.000000
356	100.000000
357	100.000000
358	100.000000
359	100.000000
360	100.000000
361	100.000000
362	100.000000
363	100.000000
364	100.000000
365	100.000000
366	100.000000
367	100.000000
368	100.000000
369	100.000000
370	100.000000
371	100.000000
372	100.000000
373	100.000000
374	100.000000
375	100.000000
376	100.000000
377	100.000000
378	100.000000
379	100.000000
380	100.000000
381	100.000000
382	100.000000
383	100.000000
384	100.000000
385	100.000000
386	100.000000
387	100.000000
388	100.000000
389	100.000000
390	100.000000
391	100.000000
392	100.000000
393	100.000000
394	100.000000
395	100.000000
396	100.000000
397	100.000000
398	100.000000
399	100.000000
400	100.000000
401	100.000000
402	100.000000
403	100.000000
404	100.000000
405	100.000000
406	100.000000
407	100.000000
408	100.000000
409	100.000000
410	100.000000
411	100.000000
412	100.000000
413	100.000000
414	100.000000
415	100.000000
416	100.000000
417	100.000000
418	100.000000
419	100.000000
420	100.000000
421	100.000000
422	100.000000
423	100.000000
424	100.000000
425	100.000000
426	100.000000
427	100.000000
428	100.000000
429	100.000000
430	100.000000
431	100.000000
432	100.000000
433	100.000000
434	100.000000
435	100.000000
436	100.000000
437	100.000000
438	100.000000
439	100.000000
440	100.000000
441	100.000000
442	100.000000
443	100.000000
444	100.000000
445	100.000000
446	100.000000
447	100.000000
448	100.000000
449	100.000000
450	100.000000
451	100.000000
452	100.000000
453	100.000000
454	100.000000
455	100.000000
456	100.000000
457	100.000000
458	100.000000
459	100.000000
460	100.000000
461	100.000000
462	100.000000
463	100.000000
464	100.000000
465	100.000000
466	100.000000
467	100.000000
468	100.000000
469	100.000000
470	100.000000
471	100.000000
472	100.000000
473	100.000000
474	100.000000
475	100.000000
476	100.000000
477	100.000000
478	100.000000
479	100.000000
480	100.000000
481	100.000000
482	100.000000
483	100.000000
484	100.000000
485	100.000000
486	100.000000
487	100.000000
488	100.000000
489	100.000000
490	100.000000
491	100.000000
492	100.000000
493	100.000000
494	100.000000
495	100.000000
496	100.000000
497	100.000000
498	100.000000
499	100.000000
500	100.000000
501	100.000000
502	100.000000
503	100.000000
504	100.000000
505	100.000000
506	100.000000
507	100.000000
508	100.000000
509	100.000000
510	100.000000
511	100.000000
512	100.000000
513	100.000000
514	100.000000
515	100.000000
516	100.000000
517	100.000000
518	100.000000
519	100.000000
520	100.000000
521	100.000000
522	100.000000
523	100.000000
524	100.000000
525	100.000000
526	100.000000
527	100.000000
528	100.000000
529	100.000000
530	100.000000
531	100.000000
532	100.000000
533	100.000000
534	100.000000
535	100.000000
536	100.000000
537	100.000000
538	100.000000
539	100.000000
540	100.000000
541	100.000000
542	100.000000
543	100.000000
544	100.000000
545	100.000000
546	100.000000
547	100.000000
548	100.000000
549	100.000000
550	100.000000
551	100.000000
552	100.000000
553	100.000000
554	100.000000
555	100.000000
556	100.000000
557	100.000000
558	100.000000
559	100.000000
560	100.000000
561	100.000000
562	100.000000
563	100.000000
564	100.000000
565	100.000000
566	100.000000
567	100.000000
568	100.000000
569	100.000000
570	100.000000
571	100.000000
572	100.000000
573	100.000000
574	100.000000
575	100.000000
576	100.000000
577	100.000000
578	100.000000
579	100.000000
580	100.000000
581	100.000000
582	100.000000
583	100.000000
584	100.000000
585	100.000000
586	100.000000
587	100.000000
588	100.000000
589	100.000000
590	100.000000
591	100.000000
592	100.000000
593	100.000000
594	100.000000
595	100.000000
596	100.000000
597	100.000000
598	100.000000
599	100.000000
600	100.000000
601	100.000000
602	100.000000
603	100.000000
604	100.000000
605	100.000000
606	100.000000
607	100.000000
608	100.000000
609	100.000000
610	100.000000
611	100.000000
612	100.000000
613	100.000000
614	100.000000
615	100.000000
616	100.000000
617	100.000000
618	100.000000
619	100.000000
620	100.000000
621	100.000000
622	100.000000
623	100.000000
624	100.000000
625	100.000000
626	100.000000
627	100.000000
628	100.000000
629	100.000000
630	100.000000
631	100.000000
632	100.000000
633	100.000000
634	100.000000
635	100.000000
636	100.000000
637	100.000000
638	100.000000
639	100.000000
640	100.000000
641	100.000000
642	100.000000
643	100.000000
644	100.000000
645	100.000000
646	100.000000
647	100.000000
648	100.000000
649	100.000000
650	100.000000
651	100.000000
652	100.000000
653	100.000000
654	100.000000
655	100.000000
656	100.000000
657	100.000000
658	100.000000
659	100.000000
660	100.000000
661	100.000000
662	100.000000
663	100.000000
664	100.000000
665	100.000000
666	100.000000
667	100.000000
668	100.000000
669	100.000000
670	100.000000
671	100.000000
672	100.000000
673	100.000000
674	100.000000
675	100.000000
676	100.000000
677	100.000000
678	100.000000
679	100.000000
680	100.000000
681	100.000000
682	100.000000
683	100.000000
684	100.000000
685	100.000000
686	100.000000
687	100.000000
688	100.000000
689	100.000000
690	100.000000
691	100.000000
692	100.000000
693	100.000000
694	100.000000
695	100.000000
696	100.000000
697	100.000000
698	100.000000
699	100.000000
700	100.000000
701	100.000000
702	100.000000
703	100.000000
704	100.000000
705	100.000000
706	100.000000
707	100.000000
708	100.000000
709	100.000000
710	100.000000
711	100.000000
712	100.000000
713	100.000000
714	100.000000
715	100.000000
716	100.000000
717	100.000000
718	100.000000
719	100.000000
720	100.000000
721	100.000000
722	100.000000
723	100.000000
724	100.000000
725	100.000000
726	100.000000
727	100.000000
728	100.000000
729	100.000000
730	100.000000
731	100.000000
732	100.000000
733	100.000000
734	100.000000
735	100.000000
736	100.000000
737	100.000000
738	100.000000
739	100.000000
740	100.000000
741	100.000000
742	100.000000
743	100.000000
744	100.000000
745	100.000000
746	100.000000
747	100.000000
748	100.000000
749	100.000000
750	100.000000
751	100.000000
752	100.000000
753	100.000000
754	100.000000
755	100.000000
756	100.000000
757	100.000000
758	100.000000
759	100.000000
760	100.000000
761	100.000000
762	100.000000
763	100.000000
764	100.000000
765	100.000000
766	100.000000
767	100.000000
768	100.000000
769	100.000000
770	100.000000
771	100.000000
772	100.000000
773	100.000000
774	100.000000
775	100.000000
776	100.000000
777	100.000000
778	100.000000
779	100.000000
780	100.000000
781	100.000000
782	100.000000
783	100.000000
784	100.000000
785	100.000000
786	100.000000
787	100.000000
788	100.000000
789	100.000000
790	100.000000
791	100.000000
792	100.000000
793	100.000000
794	100.000000
795	100.000000
796	100.000000
797	100.000000
798	100.000000
799	100.000000
800	100.000000
801	100.000000
802	100.000000
803	100.000000
804	100.000000
805	100.000000
806	100.000000
807	100.000000
808	100.000000
809	100.000000
810	100.000000
811	100.000000
812	100.000000
813	100.000000
814	100.000000
815	100.000000
816	100.000000
817	100.000000
818	100.000000
819	100.000000
820	100.000000
821	100.000000
822	100.000000
823	100.000000
824	100.000000
825	100.000000
826	100.000000
827	100.000000
828	100.000000
829	100.000000
830	100.000000
831	100.000000
832	100.000000
833	100.000000
834	100.000000
835	100.000000
836	100.000000
837	100.000000
838	100.000000
839	100.000000
840	100.000000
841	100.000000
842	100.000000
843	100.000000
844	100.000000
845	100.000000
846	100.000000
847	100.000000
848	100.000000
849	100.000000
850	100.000000
851	100.000000
852	100.000000
853	100.000000
854	100.000000
855	100.000000
856	100.000000
857	100.000000
858	100.000000
859	100.000000
860	100.000000
861	100.000000
862	100.000000
863	100.000000
864	100.000000
865	100.000000
866	100.000000
867	100.000000
868	100.000000
869	100.000000
870	100.000000
871	100.000000
872	100.000000
873	100.000000
874	100.000000
875	100.000000
876	100.000000
877	100.000000
878	100.000000
879	100.000000
880	100.000000
881	100.000000
882	100.000000
883	100.000000
884	100.000000
885	100.000000
886	100.000000
887	100.000000
888	100.000000
889	100.000000
890	100.000000
891	100.000000
892	100.000000
893	100.000000
894	100.000000
895	100.000000
896	100.000000
897	100.000000
898	100.000000
899	100.000000
900	100.000000
901	100.000000
902	100.000000
903	100.000000
904	100.000000
905	100.000000
906	100.000000
907	100.000000
908	100.000000
909	100.000000
910	100.000000
911	100.000000
912	100.000000
913	100.000000
914	100.000000
915	100.000000
916	100.000000
917	100.000000
918	100.000000
919	100.000000
920	100.000000
921	100.000000
922	100.000000
923	100.000000
924	100.000000
925	100.000000
926	100.000000
927	100.000000
928	100.000000
929	100.000000
930	100.000000
931	100.000000
932	100.000000
933	100.000000
934	100.000000
935	100.000000
936	100.000000
937	100.000000
938	100.000000
939	100.000000
940	100.000000
941	100.000000
942	100.000000
943	100.000000
944	100.000000
945	100.000000
946	100.000000
947	100.000000
948	100.000000
949	100.000000
950	100.000000
951	100.000000
952	100.000000
953	100.000000
954	100.000000
955	100.000000
956	100.000000
957	100.000000
958	100.000000
959	100.000000
960	100.000000
961	100.000000
962	100.000000
963	100.000000
964	100.000000
965	100.000000
966	100.000000
967	100.000000
968	100.000000
969	100.000000
970	100.000000
971	100.000000
972	100.000000
973	100.000000
974	100.000000
975	100.000000
976	100.000000
977	100.000000
978	100.000000
979	100.000000
980	100.000000
981	100.000000
982	100.000000
983	100.000000
984	100.000000
985	100.000000
986	100.000000
987	100.000000
988	100.000000
989	100.000000
990	100.000000
991	100.000000
992	100.000000
993	100.000000
994	100.000000
995	100.000000
996	100.000000
997	100.000000
998	100.000000
999	100.000000
1000	100.000000
;
