# seed = 6

param N := 1000;

param M := 1;

param Umax := 100.000000;

param: C :=
1	2539950.000000
;

param: a :=
1	0.111218
2	0.181232
3	0.181085
4	0.154606
5	0.178151
6	0.182056
7	0.185620
8	0.109080
9	0.169837
10	0.115511
11	0.175590
12	0.187784
13	0.163392
14	0.123680
15	0.143670
16	0.149750
17	0.147252
18	0.105209
19	0.185358
20	0.192642
21	0.125637
22	0.180670
23	0.113149
24	0.147269
25	0.166117
26	0.105064
27	0.175352
28	0.171270
29	0.115609
30	0.134139
31	0.170584
32	0.173087
33	0.174780
34	0.169659
35	0.199592
36	0.167769
37	0.170385
38	0.197920
39	0.162967
40	0.104529
41	0.112729
42	0.132058
43	0.108066
44	0.127295
45	0.192069
46	0.148430
47	0.199152
48	0.113579
49	0.185879
50	0.125801
51	0.140968
52	0.193042
53	0.159588
54	0.145572
55	0.193677
56	0.189009
57	0.102893
58	0.135479
59	0.128518
60	0.115526
61	0.153500
62	0.105914
63	0.124693
64	0.141690
65	0.138335
66	0.122738
67	0.162416
68	0.134653
69	0.150282
70	0.164253
71	0.174443
72	0.162539
73	0.133935
74	0.181362
75	0.173428
76	0.192711
77	0.162021
78	0.151978
79	0.180686
80	0.157943
81	0.191608
82	0.180503
83	0.115312
84	0.188982
85	0.172499
86	0.184085
87	0.134733
88	0.199551
89	0.182547
90	0.183196
91	0.179856
92	0.117409
93	0.148435
94	0.184166
95	0.131569
96	0.120566
97	0.104641
98	0.130930
99	0.168071
100	0.139354
101	0.105608
102	0.190963
103	0.174846
104	0.143759
105	0.193701
106	0.196678
107	0.132091
108	0.159792
109	0.113224
110	0.118352
111	0.147258
112	0.143966
113	0.126086
114	0.157170
115	0.119056
116	0.110810
117	0.153348
118	0.148945
119	0.184759
120	0.128180
121	0.117879
122	0.191575
123	0.101879
124	0.106686
125	0.107837
126	0.168599
127	0.175772
128	0.185346
129	0.118899
130	0.156372
131	0.166200
132	0.155277
133	0.109811
134	0.199569
135	0.192356
136	0.163664
137	0.139728
138	0.191952
139	0.101687
140	0.117021
141	0.113765
142	0.154050
143	0.149190
144	0.195581
145	0.182369
146	0.158396
147	0.182397
148	0.164613
149	0.126380
150	0.142715
151	0.191951
152	0.156795
153	0.164204
154	0.185702
155	0.176987
156	0.171649
157	0.149924
158	0.110380
159	0.160484
160	0.181850
161	0.134128
162	0.157875
163	0.173352
164	0.123122
165	0.141265
166	0.185921
167	0.186539
168	0.134114
169	0.116747
170	0.125395
171	0.167037
172	0.153657
173	0.145047
174	0.115516
175	0.189063
176	0.112678
177	0.145008
178	0.111880
179	0.188568
180	0.115893
181	0.138116
182	0.174382
183	0.107103
184	0.132764
185	0.167920
186	0.193083
187	0.194833
188	0.166426
189	0.133728
190	0.156521
191	0.153960
192	0.179754
193	0.104884
194	0.137077
195	0.181489
196	0.149582
197	0.118613
198	0.151563
199	0.168264
200	0.108716
201	0.176458
202	0.156433
203	0.194307
204	0.129367
205	0.143625
206	0.108670
207	0.115794
208	0.113916
209	0.163728
210	0.199489
211	0.181880
212	0.197267
213	0.181647
214	0.143416
215	0.171517
216	0.188853
217	0.136525
218	0.141338
219	0.151350
220	0.140881
221	0.168530
222	0.147935
223	0.193939
224	0.140736
225	0.176264
226	0.181785
227	0.142301
228	0.151388
229	0.118885
230	0.132724
231	0.111466
232	0.169515
233	0.142424
234	0.138218
235	0.128763
236	0.155147
237	0.130438
238	0.149949
239	0.164619
240	0.105475
241	0.125387
242	0.166304
243	0.168478
244	0.195128
245	0.140626
246	0.136282
247	0.129278
248	0.102470
249	0.124616
250	0.105970
251	0.167379
252	0.188919
253	0.199657
254	0.173331
255	0.123976
256	0.198445
257	0.158931
258	0.101764
259	0.116924
260	0.120133
261	0.130454
262	0.122644
263	0.135570
264	0.100270
265	0.176225
266	0.138471
267	0.111474
268	0.140314
269	0.123501
270	0.156371
271	0.109389
272	0.166888
273	0.114039
274	0.174780
275	0.126189
276	0.148471
277	0.131383
278	0.141588
279	0.126304
280	0.175647
281	0.119228
282	0.141362
283	0.146672
284	0.131830
285	0.157255
286	0.173989
287	0.136417
288	0.199029
289	0.108142
290	0.164306
291	0.111299
292	0.105958
293	0.139966
294	0.188682
295	0.150118
296	0.100903
297	0.113706
298	0.179595
299	0.179017
300	0.134064
301	0.134881
302	0.158954
303	0.199925
304	0.105518
305	0.157606
306	0.165125
307	0.146339
308	0.133437
309	0.114814
310	0.177800
311	0.175196
312	0.154194
313	0.161372
314	0.188949
315	0.193564
316	0.160154
317	0.129704
318	0.163279
319	0.151327
320	0.109901
321	0.198766
322	0.105418
323	0.172479
324	0.118902
325	0.179075
326	0.186534
327	0.169493
328	0.163919
329	0.101534
330	0.131294
331	0.178860
332	0.132134
333	0.143856
334	0.167078
335	0.121890
336	0.161068
337	0.103263
338	0.162561
339	0.172632
340	0.159619
341	0.196334
342	0.149204
343	0.157096
344	0.196763
345	0.173169
346	0.125848
347	0.144979
348	0.132820
349	0.102554
350	0.170417
351	0.137565
352	0.187150
353	0.120903
354	0.101388
355	0.101786
356	0.163186
357	0.161541
358	0.149102
359	0.120230
360	0.132760
361	0.143066
362	0.160533
363	0.125687
364	0.128109
365	0.110086
366	0.138020
367	0.146131
368	0.177415
369	0.131795
370	0.174474
371	0.189795
372	0.175377
373	0.164630
374	0.166915
375	0.198951
376	0.105620
377	0.132255
378	0.116205
379	0.165154
380	0.185715
381	0.106668
382	0.183970
383	0.150427
384	0.127554
385	0.186119
386	0.183209
387	0.106647
388	0.148754
389	0.136301
390	0.143138
391	0.123538
392	0.123641
393	0.163172
394	0.148803
395	0.157487
396	0.197610
397	0.117794
398	0.123125
399	0.113832
400	0.144359
401	0.136515
402	0.125870
403	0.120122
404	0.113733
405	0.168649
406	0.151677
407	0.141254
408	0.178601
409	0.131663
410	0.171959
411	0.148277
412	0.134782
413	0.151659
414	0.154012
415	0.104633
416	0.199236
417	0.168998
418	0.127752
419	0.166622
420	0.108697
421	0.180870
422	0.176737
423	0.114027
424	0.198725
425	0.190355
426	0.197421
427	0.122188
428	0.156572
429	0.144373
430	0.151416
431	0.193630
432	0.125600
433	0.164011
434	0.139487
435	0.115157
436	0.174664
437	0.111176
438	0.127156
439	0.126218
440	0.175171
441	0.113271
442	0.102766
443	0.132946
444	0.148331
445	0.104899
446	0.168210
447	0.194388
448	0.139553
449	0.108998
450	0.184765
451	0.137989
452	0.180174
453	0.151129
454	0.158511
455	0.133350
456	0.146052
457	0.171651
458	0.116543
459	0.109060
460	0.174174
461	0.135053
462	0.174050
463	0.121589
464	0.104342
465	0.193614
466	0.195461
467	0.113253
468	0.110870
469	0.123070
470	0.110614
471	0.109399
472	0.195777
473	0.185012
474	0.173228
475	0.140268
476	0.118699
477	0.188076
478	0.110779
479	0.143936
480	0.182896
481	0.138452
482	0.167372
483	0.153708
484	0.173104
485	0.114941
486	0.186398
487	0.177558
488	0.156963
489	0.154419
490	0.131722
491	0.150547
492	0.118116
493	0.103798
494	0.104549
495	0.129565
496	0.140679
497	0.169855
498	0.165961
499	0.188914
500	0.119341
501	0.119670
502	0.125521
503	0.120451
504	0.178410
505	0.184707
506	0.105785
507	0.169348
508	0.128073
509	0.127178
510	0.190393
511	0.119733
512	0.189326
513	0.148756
514	0.168486
515	0.141616
516	0.108892
517	0.134918
518	0.197021
519	0.172062
520	0.138228
521	0.159350
522	0.165668
523	0.116277
524	0.169230
525	0.166889
526	0.138532
527	0.164662
528	0.137355
529	0.185663
530	0.158395
531	0.187445
532	0.133387
533	0.141480
534	0.176647
535	0.157568
536	0.199000
537	0.143216
538	0.124993
539	0.165988
540	0.189292
541	0.110683
542	0.176330
543	0.124200
544	0.137426
545	0.138593
546	0.161852
547	0.129302
548	0.166349
549	0.135148
550	0.157953
551	0.109075
552	0.184078
553	0.123287
554	0.188382
555	0.165646
556	0.105163
557	0.122026
558	0.191913
559	0.128852
560	0.122866
561	0.171915
562	0.149559
563	0.156094
564	0.102178
565	0.123479
566	0.122649
567	0.189988
568	0.139851
569	0.143223
570	0.163752
571	0.104914
572	0.102908
573	0.156975
574	0.138243
575	0.115654
576	0.136513
577	0.197083
578	0.113754
579	0.128144
580	0.180322
581	0.120899
582	0.197685
583	0.108285
584	0.107437
585	0.185610
586	0.163818
587	0.150873
588	0.185858
589	0.166213
590	0.178761
591	0.116527
592	0.191496
593	0.125330
594	0.116906
595	0.129260
596	0.195066
597	0.115923
598	0.134781
599	0.185327
600	0.140125
601	0.134033
602	0.126113
603	0.141690
604	0.114742
605	0.137794
606	0.197668
607	0.172380
608	0.126645
609	0.114109
610	0.119526
611	0.125335
612	0.157001
613	0.159636
614	0.141131
615	0.159974
616	0.163131
617	0.119052
618	0.161134
619	0.151376
620	0.154439
621	0.139538
622	0.136447
623	0.127060
624	0.197125
625	0.108078
626	0.137847
627	0.193777
628	0.167754
629	0.190029
630	0.174337
631	0.160016
632	0.163247
633	0.102924
634	0.124801
635	0.143497
636	0.196974
637	0.100353
638	0.118505
639	0.191482
640	0.158439
641	0.194864
642	0.130087
643	0.156490
644	0.162463
645	0.152762
646	0.187193
647	0.179464
648	0.157171
649	0.115154
650	0.119610
651	0.121099
652	0.194786
653	0.191385
654	0.133742
655	0.124660
656	0.185861
657	0.134881
658	0.188286
659	0.135401
660	0.151536
661	0.124344
662	0.186992
663	0.190653
664	0.110640
665	0.152056
666	0.126085
667	0.107255
668	0.142660
669	0.197631
670	0.113628
671	0.159350
672	0.111640
673	0.189985
674	0.110274
675	0.199423
676	0.122237
677	0.197976
678	0.184267
679	0.108874
680	0.173436
681	0.150049
682	0.110750
683	0.172134
684	0.125831
685	0.177670
686	0.113762
687	0.145160
688	0.101640
689	0.191559
690	0.135091
691	0.176561
692	0.130853
693	0.191591
694	0.194343
695	0.174181
696	0.105661
697	0.103546
698	0.117869
699	0.186594
700	0.157374
701	0.177910
702	0.168264
703	0.170291
704	0.126482
705	0.123728
706	0.147845
707	0.150224
708	0.139839
709	0.182076
710	0.161655
711	0.191847
712	0.175268
713	0.153518
714	0.184065
715	0.139884
716	0.131078
717	0.117866
718	0.125940
719	0.111946
720	0.149184
721	0.131905
722	0.145533
723	0.163255
724	0.161539
725	0.167456
726	0.160128
727	0.186400
728	0.142369
729	0.181298
730	0.118186
731	0.173345
732	0.113848
733	0.168242
734	0.185403
735	0.135134
736	0.190533
737	0.162652
738	0.188051
739	0.151146
740	0.131440
741	0.185471
742	0.130842
743	0.196221
744	0.198194
745	0.170191
746	0.152287
747	0.152667
748	0.106706
749	0.166317
750	0.110598
751	0.166722
752	0.158840
753	0.132705
754	0.180535
755	0.146099
756	0.114813
757	0.128715
758	0.148111
759	0.197705
760	0.155697
761	0.176864
762	0.160157
763	0.195230
764	0.132663
765	0.137037
766	0.169666
767	0.124331
768	0.184773
769	0.164412
770	0.114398
771	0.159644
772	0.167532
773	0.139487
774	0.146050
775	0.110032
776	0.133693
777	0.170153
778	0.104836
779	0.196801
780	0.122072
781	0.187010
782	0.141080
783	0.133357
784	0.166100
785	0.183259
786	0.178330
787	0.147799
788	0.106544
789	0.169792
790	0.182228
791	0.155201
792	0.115300
793	0.127986
794	0.100055
795	0.141103
796	0.187605
797	0.165528
798	0.123664
799	0.138097
800	0.139250
801	0.145210
802	0.183001
803	0.154129
804	0.165936
805	0.113075
806	0.130355
807	0.197525
808	0.105627
809	0.176053
810	0.128864
811	0.132647
812	0.181443
813	0.106107
814	0.185082
815	0.124743
816	0.198486
817	0.167555
818	0.120178
819	0.186549
820	0.118230
821	0.133244
822	0.120168
823	0.151284
824	0.169254
825	0.139956
826	0.116738
827	0.189187
828	0.172123
829	0.153519
830	0.119732
831	0.133542
832	0.155938
833	0.167330
834	0.137940
835	0.184644
836	0.178662
837	0.178937
838	0.149664
839	0.177199
840	0.173189
841	0.109879
842	0.137232
843	0.114064
844	0.144437
845	0.101898
846	0.192553
847	0.192567
848	0.105008
849	0.194226
850	0.116523
851	0.126587
852	0.183588
853	0.131319
854	0.113563
855	0.173911
856	0.163411
857	0.106788
858	0.198058
859	0.157550
860	0.138630
861	0.154251
862	0.150894
863	0.172706
864	0.123663
865	0.130085
866	0.121030
867	0.133563
868	0.142028
869	0.125953
870	0.160191
871	0.104642
872	0.140628
873	0.125505
874	0.126937
875	0.170774
876	0.191093
877	0.183945
878	0.183813
879	0.174684
880	0.171762
881	0.133448
882	0.126333
883	0.184683
884	0.173739
885	0.191343
886	0.191488
887	0.105227
888	0.195505
889	0.192885
890	0.188692
891	0.148825
892	0.134876
893	0.185407
894	0.146842
895	0.186284
896	0.159362
897	0.157048
898	0.198794
899	0.108573
900	0.186050
901	0.108786
902	0.134237
903	0.178515
904	0.122061
905	0.138579
906	0.149081
907	0.109664
908	0.194155
909	0.191394
910	0.141737
911	0.120044
912	0.137699
913	0.199669
914	0.155278
915	0.155337
916	0.152473
917	0.150437
918	0.116924
919	0.143878
920	0.107487
921	0.176284
922	0.166863
923	0.181114
924	0.146014
925	0.142011
926	0.162272
927	0.141082
928	0.105149
929	0.101364
930	0.110543
931	0.172772
932	0.181216
933	0.176677
934	0.141369
935	0.176820
936	0.158125
937	0.150735
938	0.137827
939	0.194210
940	0.195092
941	0.126886
942	0.136043
943	0.156372
944	0.117899
945	0.100886
946	0.197683
947	0.140075
948	0.163871
949	0.163510
950	0.133263
951	0.150831
952	0.170360
953	0.130572
954	0.104771
955	0.178711
956	0.151248
957	0.199332
958	0.162538
959	0.136415
960	0.174447
961	0.191423
962	0.146920
963	0.195410
964	0.141313
965	0.169175
966	0.169420
967	0.131868
968	0.145968
969	0.195681
970	0.104159
971	0.113993
972	0.174377
973	0.141920
974	0.180359
975	0.189948
976	0.126878
977	0.105494
978	0.161438
979	0.137512
980	0.106970
981	0.184434
982	0.129074
983	0.191639
984	0.188042
985	0.199306
986	0.116312
987	0.128599
988	0.137604
989	0.189483
990	0.111866
991	0.151490
992	0.105755
993	0.173987
994	0.190674
995	0.164064
996	0.188014
997	0.187958
998	0.164358
999	0.116802
1000	0.140750
;

param: b :=
1	36.724914
2	3.118862
3	16.479301
4	48.370585
5	51.374828
6	13.990932
7	30.333873
8	81.977283
9	78.654002
10	33.846843
11	73.414662
12	62.712446
13	23.245705
14	27.345942
15	1.613563
16	25.128277
17	93.955162
18	6.735490
19	76.060044
20	14.419060
21	15.743030
22	74.391682
23	43.511472
24	72.697354
25	16.484313
26	87.963337
27	50.356238
28	16.781092
29	15.507089
30	73.743449
31	58.063575
32	33.167650
33	76.343270
34	5.012369
35	24.542791
36	9.548749
37	79.423598
38	23.454008
39	85.590046
40	64.897247
41	92.661039
42	71.531736
43	94.637776
44	64.785865
45	59.926291
46	21.895461
47	10.276014
48	10.306191
49	15.181580
50	16.092456
51	32.308792
52	46.384722
53	47.040273
54	68.630900
55	31.790468
56	15.346702
57	14.535930
58	2.799409
59	18.721985
60	79.130915
61	17.928825
62	99.496102
63	1.364997
64	94.059672
65	35.543612
66	60.756848
67	52.068843
68	86.105047
69	21.464959
70	56.248122
71	97.493674
72	70.990945
73	52.106997
74	39.471308
75	69.750320
76	69.051230
77	17.065537
78	98.363257
79	74.332390
80	60.575768
81	92.224505
82	34.612432
83	44.069067
84	91.616635
85	70.450193
86	97.344012
87	37.346999
88	3.695943
89	79.255996
90	26.629607
91	0.098021
92	64.625598
93	42.604674
94	19.499516
95	4.730755
96	21.879772
97	26.281593
98	62.070166
99	77.673227
100	27.038621
101	97.589677
102	89.983035
103	2.072546
104	17.273784
105	8.714640
106	71.286224
107	59.887804
108	35.474994
109	96.814074
110	3.315941
111	94.206870
112	96.035470
113	91.843673
114	38.677830
115	74.886104
116	92.341004
117	24.124337
118	19.731059
119	59.667675
120	93.400701
121	62.099521
122	55.124468
123	73.201065
124	33.957886
125	99.351336
126	99.781949
127	25.286822
128	83.318868
129	18.259510
130	7.136565
131	25.768876
132	10.195862
133	22.297187
134	24.677098
135	17.153206
136	9.821247
137	56.258794
138	34.536110
139	41.729429
140	4.136650
141	64.046999
142	74.248000
143	49.183073
144	32.097422
145	2.432593
146	45.291556
147	16.920957
148	97.690418
149	29.755715
150	95.854584
151	0.625342
152	35.077736
153	65.814475
154	11.158441
155	60.408518
156	42.472379
157	78.635235
158	12.049643
159	46.434375
160	21.572793
161	26.243075
162	48.764466
163	66.304669
164	3.862955
165	77.091859
166	61.998264
167	30.694291
168	10.567427
169	85.833791
170	85.171319
171	66.380440
172	15.699630
173	39.943594
174	45.231040
175	87.823446
176	48.692020
177	55.601757
178	94.558150
179	51.041828
180	49.367954
181	43.974538
182	65.655886
183	21.960641
184	52.897319
185	80.802202
186	23.612366
187	46.284548
188	49.560403
189	21.604152
190	55.901864
191	20.905139
192	77.638874
193	44.671296
194	29.978044
195	5.642551
196	76.313976
197	77.850105
198	56.325008
199	50.537170
200	52.934857
201	87.613406
202	27.564623
203	90.512501
204	83.337946
205	12.311996
206	24.303913
207	91.535464
208	48.851797
209	32.042352
210	89.098225
211	73.176099
212	40.677671
213	55.507509
214	73.478871
215	1.013319
216	77.462988
217	90.925344
218	14.603276
219	50.921740
220	10.607646
221	27.072483
222	24.945077
223	9.610671
224	20.640682
225	59.872422
226	53.239191
227	9.422685
228	87.222658
229	90.354967
230	96.211173
231	35.202762
232	5.404544
233	85.289218
234	1.146956
235	87.682069
236	58.225041
237	49.732030
238	2.544890
239	48.859686
240	63.996512
241	8.426804
242	3.274683
243	97.405974
244	41.831875
245	29.072769
246	30.313388
247	68.532040
248	3.145185
249	40.492920
250	7.420277
251	46.641117
252	47.532054
253	7.521635
254	34.187956
255	52.238450
256	59.733550
257	9.704860
258	54.509434
259	40.718470
260	12.989498
261	18.743155
262	37.414787
263	21.258610
264	25.518698
265	79.441795
266	8.504491
267	53.084278
268	67.330539
269	2.770033
270	28.327209
271	16.174370
272	77.786676
273	51.848533
274	53.675133
275	6.505599
276	12.532818
277	25.935535
278	49.033629
279	0.562256
280	63.373894
281	80.829183
282	25.506497
283	39.966270
284	22.728908
285	60.595489
286	45.013879
287	35.492393
288	36.796679
289	30.301420
290	15.281467
291	34.556143
292	71.300136
293	89.108041
294	53.571815
295	80.184286
296	27.572165
297	15.208001
298	0.518158
299	71.316123
300	35.771828
301	38.218984
302	40.781186
303	37.691831
304	10.089862
305	17.067307
306	61.203989
307	85.857184
308	15.414713
309	4.268657
310	54.695247
311	95.324002
312	12.539132
313	52.542542
314	2.562212
315	20.730486
316	48.829980
317	75.925319
318	74.888422
319	57.205931
320	22.673700
321	15.495269
322	46.864814
323	76.668609
324	46.500546
325	86.996939
326	49.058895
327	30.014944
328	51.445544
329	92.878553
330	6.174047
331	29.487601
332	24.309123
333	40.563466
334	0.647352
335	22.936631
336	85.981187
337	42.600640
338	93.243930
339	22.410306
340	34.493836
341	32.557222
342	49.469632
343	44.827068
344	70.407585
345	80.959536
346	37.789314
347	24.367766
348	48.926908
349	63.202649
350	99.510831
351	10.481146
352	20.704182
353	91.090491
354	79.977068
355	86.128156
356	58.440729
357	72.457476
358	65.188838
359	18.330016
360	17.722776
361	28.459568
362	27.044442
363	41.701406
364	22.535878
365	9.397715
366	38.849864
367	83.074867
368	96.656638
369	0.310116
370	70.200022
371	88.515405
372	64.378811
373	96.370619
374	25.498666
375	83.678093
376	55.809190
377	27.890114
378	11.286803
379	92.223547
380	88.737068
381	61.334945
382	37.863009
383	67.318199
384	20.260180
385	41.511563
386	84.086364
387	10.597029
388	59.357276
389	1.188458
390	24.235260
391	86.644749
392	42.883302
393	41.481115
394	24.804705
395	94.565667
396	6.469316
397	67.731797
398	62.012664
399	98.975876
400	0.486217
401	49.616909
402	31.823780
403	70.484489
404	30.245562
405	89.162407
406	72.599478
407	14.949504
408	41.952859
409	66.677937
410	96.108318
411	29.984048
412	42.795151
413	7.916484
414	27.306698
415	8.663195
416	55.555844
417	44.219545
418	33.060345
419	25.817030
420	68.325692
421	98.972271
422	59.051046
423	28.143149
424	4.757118
425	10.600370
426	88.039746
427	19.123412
428	40.543078
429	74.110486
430	77.320463
431	34.644181
432	11.204020
433	60.505391
434	6.208408
435	69.081102
436	64.051366
437	62.074979
438	90.027698
439	78.214270
440	74.942194
441	94.813083
442	79.243840
443	31.233344
444	0.155208
445	31.832436
446	21.045302
447	28.278423
448	99.872827
449	49.143865
450	93.992087
451	61.699198
452	7.418750
453	29.334828
454	17.527171
455	56.478474
456	36.676301
457	73.387329
458	32.913098
459	73.503970
460	32.271265
461	0.896826
462	75.166910
463	28.803957
464	39.787154
465	46.958628
466	50.604226
467	87.072258
468	28.111532
469	31.332782
470	93.471322
471	8.356787
472	63.515324
473	57.623331
474	3.082612
475	79.300659
476	25.749979
477	3.936074
478	71.825154
479	93.028386
480	2.057921
481	11.141576
482	19.774577
483	23.641412
484	73.850818
485	35.632392
486	67.477742
487	72.898537
488	72.301131
489	47.882543
490	75.202674
491	72.387991
492	19.829621
493	20.157357
494	24.916013
495	17.091639
496	43.403900
497	15.350646
498	29.605957
499	31.248340
500	27.758866
501	67.077534
502	23.645001
503	48.704252
504	24.738962
505	92.451179
506	48.182734
507	18.567281
508	73.656115
509	44.166417
510	50.959085
511	68.403718
512	33.604694
513	45.681444
514	35.522558
515	18.145856
516	74.203689
517	67.797736
518	72.606187
519	33.311504
520	31.549478
521	26.111889
522	56.806851
523	96.225472
524	6.727528
525	5.051664
526	43.011399
527	65.462487
528	89.911315
529	52.673496
530	16.102856
531	81.183270
532	48.318531
533	94.236564
534	80.791367
535	91.896300
536	85.830840
537	25.031494
538	10.610452
539	23.440391
540	63.172960
541	12.707471
542	77.231254
543	79.145108
544	13.623839
545	86.138696
546	86.299700
547	35.092145
548	93.419708
549	50.181515
550	91.350000
551	37.402633
552	59.499565
553	75.824325
554	46.284450
555	90.560887
556	92.523580
557	72.521565
558	31.592954
559	81.350814
560	1.965964
561	80.082771
562	30.210258
563	13.591507
564	38.006025
565	7.759763
566	56.610373
567	20.061612
568	75.626911
569	49.472885
570	34.871785
571	54.776631
572	22.174645
573	96.413858
574	67.060362
575	68.594489
576	67.943985
577	50.221871
578	90.105441
579	51.562185
580	77.012790
581	38.258607
582	76.594252
583	43.626776
584	74.203869
585	42.061220
586	38.924252
587	82.689586
588	99.559202
589	7.737079
590	48.456041
591	25.577636
592	5.628020
593	67.118829
594	66.961484
595	79.013733
596	29.652483
597	12.890047
598	1.687924
599	37.841170
600	95.744917
601	32.499055
602	12.884241
603	9.865732
604	99.030778
605	51.447007
606	84.172010
607	14.737368
608	70.015126
609	55.944655
610	75.911745
611	45.766546
612	13.115288
613	25.152870
614	75.285885
615	46.991827
616	65.002523
617	8.757890
618	6.364120
619	31.538902
620	92.528367
621	54.294179
622	23.293068
623	70.950671
624	33.928015
625	33.548501
626	15.147902
627	92.324312
628	43.861342
629	47.305252
630	78.402517
631	68.717765
632	11.328658
633	37.212562
634	91.387070
635	45.670549
636	67.478097
637	87.202373
638	62.794452
639	55.191041
640	74.990074
641	97.998573
642	76.433304
643	86.454602
644	64.911079
645	18.733743
646	72.646621
647	29.453801
648	2.654289
649	39.056804
650	71.346059
651	12.037188
652	37.038574
653	10.672478
654	79.124229
655	9.449534
656	69.875653
657	49.230551
658	95.620308
659	95.015909
660	32.767520
661	87.323475
662	40.190306
663	63.796252
664	64.737980
665	37.835577
666	52.309070
667	77.904482
668	67.379175
669	79.531192
670	5.068182
671	74.397346
672	90.417056
673	44.387860
674	93.476450
675	44.918369
676	56.168246
677	48.402718
678	68.786454
679	28.689900
680	80.487928
681	56.953559
682	80.196924
683	12.917140
684	17.116615
685	21.494396
686	52.695268
687	27.215344
688	76.317943
689	89.465680
690	10.859044
691	79.196773
692	35.401123
693	17.355060
694	82.637283
695	48.994128
696	91.421893
697	7.773199
698	9.940367
699	6.902932
700	96.597275
701	7.225252
702	79.878143
703	31.487774
704	87.836784
705	7.557341
706	17.942434
707	58.932889
708	63.354251
709	55.215554
710	53.629872
711	98.154876
712	95.853174
713	49.202238
714	29.103939
715	69.761200
716	54.067940
717	40.133923
718	91.105663
719	26.970443
720	0.673176
721	67.986269
722	98.470107
723	97.652893
724	98.930450
725	25.952617
726	36.028665
727	36.067877
728	36.897051
729	65.931661
730	18.453478
731	96.040299
732	93.668291
733	62.279927
734	21.532705
735	22.973459
736	33.252605
737	91.809467
738	21.583227
739	11.319894
740	25.585467
741	86.055447
742	91.647855
743	84.007340
744	44.332524
745	20.420800
746	23.825888
747	82.786831
748	59.340249
749	15.162671
750	85.161200
751	98.672216
752	86.268992
753	53.330087
754	62.048478
755	33.883475
756	37.332602
757	45.580278
758	19.133562
759	30.218075
760	2.701363
761	1.405336
762	53.613039
763	89.936240
764	91.815790
765	28.377004
766	46.176042
767	8.693043
768	67.810322
769	11.689900
770	71.879943
771	24.393580
772	74.884770
773	5.972473
774	51.250025
775	51.216725
776	55.848200
777	59.977887
778	88.951867
779	23.054882
780	69.559617
781	65.014554
782	22.652337
783	4.011497
784	46.411977
785	73.856914
786	94.134577
787	97.400759
788	50.833481
789	85.575875
790	69.887337
791	75.145349
792	32.504707
793	71.351348
794	53.144006
795	67.055519
796	93.314522
797	40.033833
798	97.383661
799	26.184144
800	51.816277
801	64.691602
802	99.663889
803	40.908976
804	28.338158
805	61.809951
806	55.618034
807	63.381169
808	47.599639
809	21.870698
810	36.717932
811	72.382258
812	16.273603
813	82.779575
814	52.397930
815	92.933233
816	43.658895
817	8.968847
818	61.443270
819	58.180892
820	4.445202
821	8.700374
822	67.285561
823	25.297016
824	36.521781
825	59.196691
826	94.865660
827	11.799105
828	85.631228
829	22.903679
830	58.133324
831	53.757759
832	34.284939
833	85.025880
834	41.863440
835	69.420839
836	7.054084
837	46.957481
838	58.916944
839	20.960273
840	22.298497
841	20.465696
842	7.278114
843	89.176115
844	62.966078
845	75.765723
846	6.349319
847	35.398814
848	2.099345
849	96.976234
850	22.480620
851	6.517900
852	98.643458
853	1.995635
854	42.937668
855	84.135104
856	25.121667
857	60.517136
858	79.063397
859	45.599228
860	56.104017
861	86.582201
862	87.534383
863	52.788644
864	50.642713
865	12.099380
866	2.323288
867	76.485727
868	15.699656
869	18.248631
870	40.399803
871	64.458150
872	77.979737
873	45.831426
874	29.720343
875	81.538906
876	28.782660
877	27.320113
878	14.918922
879	63.734175
880	42.973706
881	56.163060
882	82.926241
883	60.318615
884	74.328555
885	83.361314
886	74.526230
887	20.081574
888	41.768133
889	33.830383
890	14.419150
891	89.916105
892	96.667004
893	76.086243
894	73.946067
895	69.439042
896	21.526813
897	61.666619
898	44.184740
899	41.031088
900	89.774869
901	80.446556
902	3.961520
903	25.785655
904	0.652787
905	87.650572
906	55.537843
907	79.666288
908	67.992952
909	75.504777
910	71.366913
911	74.392809
912	5.048193
913	90.973513
914	49.943320
915	37.134335
916	82.041659
917	69.981918
918	9.309013
919	25.778905
920	92.316780
921	77.039428
922	29.018165
923	50.632426
924	12.589696
925	54.676730
926	96.993995
927	20.193517
928	45.039542
929	31.294920
930	0.314891
931	63.283815
932	84.131760
933	10.664070
934	61.525947
935	63.114529
936	96.490100
937	71.091943
938	3.462256
939	50.273828
940	61.011039
941	13.091814
942	62.458140
943	75.890603
944	47.241636
945	65.845624
946	94.524327
947	32.206544
948	26.679860
949	34.093282
950	92.289867
951	23.192757
952	71.907055
953	33.925867
954	93.263658
955	55.343072
956	90.977978
957	36.453651
958	15.584854
959	55.351865
960	96.505208
961	56.507075
962	69.757025
963	49.739815
964	78.226422
965	45.283027
966	83.591087
967	32.178957
968	97.768630
969	45.568512
970	40.862632
971	22.792282
972	51.895610
973	81.508098
974	34.169129
975	89.673465
976	60.428463
977	54.598015
978	1.086088
979	2.633931
980	65.529784
981	20.680990
982	52.897287
983	72.729040
984	55.241949
985	18.873417
986	97.256522
987	6.086298
988	8.720225
989	54.202428
990	71.193865
991	35.656066
992	65.959370
993	5.881148
994	64.021365
995	49.733747
996	52.876558
997	88.122275
998	1.898822
999	43.341361
1000	23.396456
;

param: c :=
1	28.432650
2	78.676495
3	75.155904
4	54.386746
5	47.410839
6	45.499095
7	29.704139
8	49.867992
9	15.574398
10	23.797099
11	18.121665
12	95.411695
13	70.436638
14	89.900970
15	71.398497
16	50.525000
17	93.342341
18	45.580980
19	56.107300
20	52.464213
21	25.594779
22	11.509991
23	17.212066
24	51.836543
25	9.150460
26	61.052384
27	72.587018
28	30.878788
29	46.334044
30	19.373260
31	62.785381
32	28.214834
33	99.900332
34	96.124965
35	34.634668
36	56.183088
37	1.886144
38	75.059713
39	16.441160
40	64.305540
41	1.708555
42	7.239341
43	34.931938
44	80.590413
45	1.075498
46	77.484440
47	4.909919
48	2.297498
49	78.963693
50	15.646469
51	52.217390
52	82.351495
53	48.170317
54	65.240412
55	59.850509
56	26.926949
57	55.957042
58	45.360462
59	26.016303
60	45.354175
61	7.668903
62	77.400577
63	96.456124
64	34.808142
65	83.085494
66	18.069739
67	81.626004
68	17.649279
69	35.308666
70	70.653709
71	8.666365
72	76.239374
73	80.144596
74	87.688243
75	71.457696
76	19.667085
77	8.336271
78	21.064157
79	19.945793
80	41.786786
81	41.485844
82	75.695271
83	63.203354
84	48.272323
85	54.203354
86	22.162995
87	10.666671
88	88.002710
89	68.421955
90	62.358767
91	93.042357
92	60.359609
93	16.605372
94	42.299340
95	7.768333
96	76.034494
97	48.992793
98	59.784717
99	34.987055
100	88.633710
101	87.356611
102	27.824055
103	60.701253
104	5.080433
105	38.647931
106	76.509351
107	90.421663
108	56.422265
109	96.835420
110	20.791108
111	68.319431
112	86.074140
113	81.411637
114	83.300357
115	9.904220
116	63.225750
117	72.310534
118	61.781799
119	77.298136
120	61.299145
121	60.605314
122	76.620647
123	61.188422
124	72.902596
125	0.456988
126	80.173172
127	7.236531
128	45.059099
129	7.160023
130	98.007063
131	14.978118
132	27.658221
133	46.028548
134	69.630343
135	33.964577
136	11.114691
137	77.031774
138	49.696845
139	2.883492
140	1.370793
141	55.083605
142	76.410789
143	37.097135
144	79.921413
145	40.920943
146	53.188595
147	49.656935
148	84.565040
149	70.018258
150	84.746148
151	96.553761
152	6.414399
153	62.734335
154	37.253498
155	24.165644
156	3.480146
157	21.142709
158	99.833214
159	79.335177
160	2.971121
161	95.439794
162	10.745750
163	95.195992
164	26.176593
165	99.242079
166	69.010346
167	73.085763
168	80.927000
169	13.411315
170	1.277545
171	52.003500
172	22.008845
173	84.994811
174	40.774668
175	53.948047
176	20.988734
177	77.170936
178	87.779516
179	7.172151
180	30.528997
181	42.897790
182	96.157431
183	10.090206
184	66.806752
185	52.953254
186	96.924379
187	21.221895
188	37.703243
189	79.014514
190	85.693508
191	59.731137
192	51.096406
193	51.379749
194	7.084828
195	20.515017
196	89.373527
197	37.968379
198	9.313118
199	98.424420
200	43.996394
201	12.718961
202	97.993130
203	57.502543
204	0.191262
205	5.247179
206	81.735894
207	32.205018
208	69.106907
209	12.990034
210	25.242419
211	89.740918
212	64.912495
213	65.430060
214	2.806415
215	35.785848
216	13.845712
217	63.025630
218	10.552383
219	1.326656
220	47.531984
221	12.047955
222	99.624052
223	88.474611
224	61.836292
225	80.867675
226	17.243453
227	89.642355
228	47.147388
229	22.870057
230	67.073888
231	17.533928
232	74.522442
233	58.002413
234	97.506548
235	40.534043
236	7.953189
237	0.591809
238	0.170955
239	67.844165
240	47.833615
241	77.585715
242	39.840171
243	18.769561
244	59.012211
245	78.110068
246	48.357318
247	55.533678
248	35.860310
249	27.716290
250	98.409306
251	15.001550
252	18.646599
253	63.378394
254	95.940903
255	8.294017
256	38.997237
257	11.791754
258	0.117285
259	47.677864
260	92.009891
261	57.463632
262	48.801051
263	64.755250
264	48.916397
265	84.596986
266	57.812450
267	68.408587
268	42.286414
269	68.221051
270	65.353604
271	99.238384
272	7.052317
273	70.224605
274	96.205854
275	78.371902
276	96.488648
277	27.977576
278	75.035775
279	22.561813
280	32.748162
281	99.969095
282	42.447539
283	72.966035
284	49.282439
285	8.406616
286	42.298564
287	51.781957
288	50.739326
289	79.365669
290	78.957432
291	43.243147
292	18.503614
293	77.627863
294	27.076725
295	11.875675
296	74.134186
297	46.116573
298	77.223920
299	69.090156
300	30.374378
301	24.234913
302	16.885267
303	93.411509
304	38.107014
305	41.885553
306	22.559687
307	22.791321
308	79.435480
309	82.870578
310	22.073083
311	71.005489
312	49.495643
313	40.763203
314	38.114075
315	3.810493
316	56.370326
317	27.753912
318	98.823574
319	35.747754
320	24.714273
321	90.059790
322	41.642894
323	88.228899
324	36.382300
325	25.833989
326	84.940185
327	3.726204
328	45.867745
329	33.260483
330	95.654898
331	74.093466
332	6.477323
333	50.097178
334	53.239700
335	60.957421
336	25.227964
337	22.183127
338	77.391966
339	56.161536
340	36.357778
341	31.553885
342	9.665774
343	67.157575
344	94.922714
345	21.241442
346	4.565729
347	18.216830
348	46.185852
349	50.449397
350	18.396736
351	24.530856
352	50.905691
353	93.833765
354	32.615373
355	93.220850
356	47.740484
357	10.706376
358	58.307121
359	12.583721
360	81.678287
361	56.375486
362	18.575032
363	80.576480
364	53.211583
365	39.889992
366	17.999414
367	3.866484
368	76.922205
369	41.688341
370	86.829866
371	49.953387
372	29.366654
373	67.533004
374	60.341212
375	51.261513
376	1.620309
377	16.465002
378	15.424118
379	92.059913
380	75.597115
381	60.304974
382	23.074130
383	22.594725
384	90.284604
385	22.495098
386	61.999604
387	55.361711
388	43.392996
389	55.651538
390	9.207101
391	36.792286
392	16.664089
393	64.672701
394	38.353090
395	8.216339
396	5.608893
397	36.479523
398	47.132863
399	76.857047
400	72.645401
401	73.131075
402	94.611321
403	42.716024
404	9.233391
405	53.753213
406	0.931661
407	95.898498
408	63.904235
409	52.558521
410	50.009513
411	31.127665
412	57.671039
413	90.757075
414	71.376783
415	91.286620
416	76.813781
417	80.348187
418	94.397833
419	6.527285
420	57.098851
421	38.476881
422	81.153337
423	59.756450
424	25.538377
425	17.118617
426	79.841099
427	23.914793
428	22.827937
429	32.562781
430	18.588861
431	29.271554
432	22.317372
433	39.300237
434	57.645625
435	91.893921
436	55.148749
437	61.478410
438	80.185207
439	1.807750
440	27.634632
441	8.569995
442	93.145694
443	11.062068
444	80.043177
445	98.436741
446	17.279420
447	89.690368
448	68.498886
449	59.491093
450	64.952121
451	47.995680
452	60.838280
453	12.414718
454	0.210102
455	87.638545
456	48.660971
457	96.945564
458	73.484215
459	12.239798
460	70.545155
461	75.142460
462	41.622298
463	77.110672
464	58.584536
465	31.925682
466	92.334847
467	45.706931
468	64.027801
469	23.216182
470	3.758760
471	66.412033
472	55.759229
473	62.423043
474	91.959470
475	78.490021
476	3.688310
477	28.175259
478	75.013088
479	68.825853
480	18.633922
481	94.346163
482	54.160427
483	9.604746
484	64.646525
485	1.252801
486	30.109130
487	82.980234
488	63.507576
489	65.608199
490	47.817207
491	27.313644
492	62.122759
493	51.822461
494	95.437809
495	21.304229
496	77.660345
497	62.560730
498	82.114386
499	71.948883
500	11.194868
501	82.896495
502	72.249658
503	52.049321
504	7.312085
505	75.156309
506	15.485849
507	90.483208
508	97.173848
509	10.632037
510	21.192396
511	53.436495
512	50.786150
513	68.762438
514	64.124779
515	25.222839
516	4.064012
517	7.196208
518	91.938240
519	81.593930
520	74.075823
521	17.509788
522	34.265761
523	52.891865
524	50.628082
525	88.912282
526	87.608050
527	50.022263
528	66.006853
529	17.381426
530	54.812895
531	82.555061
532	54.444208
533	14.848904
534	22.121441
535	57.373789
536	82.642801
537	57.879750
538	21.740273
539	35.392419
540	87.361679
541	74.739668
542	76.990279
543	24.332751
544	75.507749
545	77.207523
546	67.080704
547	97.229507
548	47.211809
549	9.231206
550	75.456898
551	70.736930
552	1.888726
553	15.291251
554	94.858717
555	0.388588
556	79.591077
557	79.400689
558	61.062771
559	32.882632
560	77.738772
561	20.544681
562	48.235490
563	86.334505
564	73.093235
565	98.591183
566	41.957895
567	30.206364
568	75.677739
569	21.283202
570	90.925182
571	51.804159
572	58.119442
573	97.307788
574	47.045088
575	21.095565
576	72.255990
577	85.152970
578	67.513064
579	19.731946
580	68.315458
581	99.974556
582	41.194594
583	21.895505
584	43.752836
585	91.600044
586	31.565732
587	43.506541
588	98.561661
589	72.091166
590	36.820800
591	15.266355
592	89.027631
593	13.023503
594	13.585037
595	20.472972
596	20.194097
597	33.568881
598	7.498074
599	11.184740
600	95.041909
601	88.107216
602	56.991756
603	19.022783
604	14.077855
605	17.930542
606	8.994980
607	65.520135
608	17.722977
609	88.087616
610	37.011519
611	48.525393
612	32.295284
613	83.426730
614	23.687365
615	23.342751
616	32.410629
617	24.033282
618	29.367459
619	49.238778
620	98.416911
621	18.870079
622	46.399008
623	58.229829
624	66.709647
625	77.406614
626	1.495756
627	21.161852
628	16.050650
629	78.682298
630	49.361974
631	38.831349
632	7.423323
633	6.563682
634	60.986441
635	30.109789
636	23.425830
637	92.820783
638	79.001298
639	44.100040
640	77.860610
641	92.907513
642	37.980164
643	85.739124
644	79.345443
645	31.745384
646	76.648904
647	12.248407
648	12.072817
649	21.650715
650	55.325921
651	28.547366
652	75.518232
653	99.727569
654	87.273392
655	88.699769
656	89.068516
657	48.624886
658	98.447884
659	38.330694
660	91.559661
661	10.771578
662	54.959512
663	25.556205
664	2.895092
665	26.168722
666	2.411970
667	57.170986
668	77.290498
669	0.387747
670	55.208896
671	41.927897
672	63.689289
673	70.805681
674	66.234159
675	45.641393
676	38.915423
677	94.773709
678	89.188610
679	98.103733
680	96.534556
681	91.982663
682	71.302825
683	62.530953
684	68.767633
685	2.057497
686	82.671476
687	6.728867
688	76.564145
689	3.202693
690	67.275009
691	41.933543
692	89.520910
693	67.815905
694	84.381205
695	74.729463
696	89.370735
697	49.510298
698	11.958479
699	13.232865
700	0.603561
701	39.384363
702	87.542911
703	87.518251
704	74.125941
705	51.607963
706	28.398138
707	9.157548
708	16.762281
709	85.867756
710	69.334708
711	5.887227
712	82.869094
713	1.301383
714	66.087837
715	94.337931
716	46.336893
717	48.947660
718	16.856902
719	25.416029
720	70.668319
721	18.491645
722	62.358655
723	71.184880
724	0.752226
725	39.808338
726	92.037939
727	56.904804
728	18.433417
729	77.552738
730	83.572724
731	38.735358
732	12.297498
733	20.189512
734	99.426240
735	26.421556
736	41.605204
737	75.770102
738	35.632254
739	71.105509
740	75.950752
741	27.739050
742	45.770093
743	38.971250
744	30.313038
745	87.736031
746	9.511265
747	88.094996
748	45.190427
749	19.165335
750	67.272888
751	24.014427
752	89.472879
753	28.270370
754	90.444529
755	79.030913
756	47.822866
757	50.829426
758	88.837481
759	93.015017
760	47.449444
761	10.605602
762	66.000698
763	33.740877
764	49.350596
765	36.646191
766	32.774959
767	59.864143
768	80.588614
769	27.241695
770	86.163548
771	96.430321
772	44.516029
773	67.303440
774	86.699288
775	75.718045
776	97.661365
777	59.875535
778	49.688376
779	51.277306
780	6.987034
781	2.959136
782	22.279290
783	11.609912
784	27.290134
785	28.853972
786	55.698786
787	95.866353
788	16.198511
789	96.995930
790	75.783974
791	28.082101
792	0.153802
793	61.439647
794	76.291971
795	78.235477
796	92.924406
797	26.429231
798	20.589257
799	10.073205
800	1.332937
801	58.838553
802	89.598945
803	96.391669
804	21.799320
805	81.577744
806	69.007059
807	19.845087
808	22.735529
809	51.332882
810	13.704889
811	33.215859
812	13.245175
813	23.457211
814	29.345188
815	4.453235
816	90.208600
817	60.320014
818	14.800028
819	24.418357
820	32.795812
821	37.951049
822	20.412015
823	10.717414
824	37.913922
825	54.847158
826	0.309306
827	47.570810
828	59.966337
829	26.652081
830	1.723304
831	56.717975
832	16.321018
833	67.419959
834	31.120253
835	74.329260
836	72.327276
837	69.527517
838	85.481317
839	66.774478
840	30.646156
841	33.889664
842	55.756401
843	53.976739
844	88.367814
845	99.707614
846	77.978965
847	48.210711
848	77.598715
849	35.058124
850	82.762005
851	17.331517
852	68.901097
853	76.938672
854	88.678641
855	35.149515
856	24.514155
857	11.342598
858	48.724355
859	86.071605
860	99.720253
861	25.384683
862	89.392724
863	70.395297
864	57.888403
865	89.658490
866	70.862754
867	47.129833
868	49.331802
869	88.781687
870	92.510927
871	9.378504
872	71.472885
873	54.221130
874	42.533111
875	5.975146
876	35.097372
877	15.362841
878	97.233121
879	92.119466
880	35.008355
881	94.147028
882	59.127983
883	87.519979
884	81.902389
885	9.071389
886	16.614779
887	43.439399
888	28.335211
889	37.862956
890	7.637065
891	60.935592
892	80.418131
893	86.491825
894	50.851418
895	59.707045
896	90.694600
897	88.067220
898	77.060569
899	58.228612
900	33.673470
901	35.990659
902	7.429596
903	8.462231
904	65.072015
905	70.607872
906	68.807752
907	19.469687
908	48.399560
909	64.519543
910	5.153595
911	58.586396
912	24.688821
913	90.682792
914	44.186059
915	98.537869
916	19.065256
917	88.213244
918	14.046885
919	86.644740
920	63.767919
921	97.178961
922	98.727005
923	4.137892
924	55.104502
925	76.476119
926	41.262558
927	24.721379
928	66.123567
929	14.554808
930	55.524566
931	41.547590
932	53.685574
933	10.018997
934	0.859628
935	82.150320
936	39.483286
937	76.207711
938	52.184276
939	56.843502
940	4.876909
941	16.737473
942	0.777078
943	65.129651
944	10.537767
945	28.264753
946	16.598771
947	21.538967
948	56.693188
949	54.236785
950	95.322895
951	76.889619
952	87.438498
953	22.886650
954	92.507588
955	93.557692
956	88.022199
957	41.578463
958	71.884236
959	52.557104
960	12.351138
961	4.487415
962	26.444664
963	56.894978
964	38.451283
965	35.956147
966	83.680091
967	68.206142
968	72.871615
969	77.551750
970	53.519361
971	20.809474
972	99.385112
973	80.459123
974	19.561500
975	7.980571
976	25.299536
977	54.963215
978	46.299594
979	56.638527
980	76.386569
981	57.855814
982	55.445857
983	36.311454
984	73.598964
985	90.413821
986	53.948277
987	60.697688
988	38.603460
989	24.805715
990	45.605057
991	95.809668
992	94.961422
993	98.703934
994	55.260578
995	8.961604
996	14.764437
997	63.173930
998	20.408187
999	83.489990
1000	25.419386
;

param: d :=
1	-3.134455
2	-4.904928
3	-69.960626
4	-67.373647
5	-88.171893
6	-65.042778
7	-89.647954
8	-93.684580
9	-75.698530
10	-28.502530
11	-85.020487
12	-37.774138
13	-49.371841
14	-34.206847
15	-22.492891
16	-82.670398
17	-79.863777
18	-24.534181
19	-94.915488
20	-71.249831
21	-30.649961
22	-80.774824
23	-56.772672
24	-43.597465
25	-56.534009
26	-94.229781
27	-2.638674
28	-1.893995
29	-5.058422
30	-14.903799
31	-12.349197
32	-39.987235
33	-42.236019
34	-92.266837
35	-66.790822
36	-34.971701
37	-20.574742
38	-47.697279
39	-53.118210
40	-80.086967
41	-77.159435
42	-83.100698
43	-42.751493
44	-5.868634
45	-20.139624
46	-63.004705
47	-35.844454
48	-60.607513
49	-15.734900
50	-74.888311
51	-29.776646
52	-13.240443
53	-51.867388
54	-22.453871
55	-1.577043
56	-54.892162
57	-1.955615
58	-71.041937
59	-10.631724
60	-62.083435
61	-70.631735
62	-27.205848
63	-63.430525
64	-4.946898
65	-68.546581
66	-28.890782
67	-11.978312
68	-38.499840
69	-91.036764
70	-16.498456
71	-20.483453
72	-54.734754
73	-15.425231
74	-64.486192
75	-56.095855
76	-2.881272
77	-75.054756
78	-65.942729
79	-30.914729
80	-47.201341
81	-15.330593
82	-34.872136
83	-4.713210
84	-58.018109
85	-83.465548
86	-80.221839
87	-30.475069
88	-89.402102
89	-59.019908
90	-79.713454
91	-80.133189
92	-96.231950
93	-63.597546
94	-56.025555
95	-90.362922
96	-97.144121
97	-49.762850
98	-93.981087
99	-16.114588
100	-9.825528
101	-62.410220
102	-3.941070
103	-30.234373
104	-96.288561
105	-20.385579
106	-69.606003
107	-58.343158
108	-76.745814
109	-80.586319
110	-72.333417
111	-32.756242
112	-6.077985
113	-65.196566
114	-15.962795
115	-18.153133
116	-68.207792
117	-34.341064
118	-2.190631
119	-10.744755
120	-68.563064
121	-45.078051
122	-16.410793
123	-50.977011
124	-77.313035
125	-29.883882
126	-3.240822
127	-37.062499
128	-21.470542
129	-1.795781
130	-74.331976
131	-91.568088
132	-26.400131
133	-22.269225
134	-43.217543
135	-84.100891
136	-47.926653
137	-2.167205
138	-63.023875
139	-62.347951
140	-86.410880
141	-4.930375
142	-86.616127
143	-77.468546
144	-33.679606
145	-21.335401
146	-52.342677
147	-58.792652
148	-94.732296
149	-89.331561
150	-5.693117
151	-96.041659
152	-79.693258
153	-30.763857
154	-42.973246
155	-26.438656
156	-99.019651
157	-93.269847
158	-63.491231
159	-48.490698
160	-88.115901
161	-35.527344
162	-76.922422
163	-25.983589
164	-59.840087
165	-65.076934
166	-18.484324
167	-13.251383
168	-60.042320
169	-21.536432
170	-91.463312
171	-63.341999
172	-11.291374
173	-25.367154
174	-22.500451
175	-5.521480
176	-98.871041
177	-10.165369
178	-64.125689
179	-90.567852
180	-5.038771
181	-67.037481
182	-43.381820
183	-67.052077
184	-12.350698
185	-24.196854
186	-84.587102
187	-24.767372
188	-94.089249
189	-48.854126
190	-26.607560
191	-45.022600
192	-75.234811
193	-16.956015
194	-6.642187
195	-40.347231
196	-67.603974
197	-10.437361
198	-60.268356
199	-40.381374
200	-34.216815
201	-84.296390
202	-89.589442
203	-5.932770
204	-46.621431
205	-70.023158
206	-29.838738
207	-44.356545
208	-99.809511
209	-4.170965
210	-55.572504
211	-60.108917
212	-68.837259
213	-22.654248
214	-64.096909
215	-47.227683
216	-52.329244
217	-69.670663
218	-12.936384
219	-81.099914
220	-49.094968
221	-58.359601
222	-61.045765
223	-53.700413
224	-82.225014
225	-2.313557
226	-90.245228
227	-57.416619
228	-64.830370
229	-35.145106
230	-58.775560
231	-42.133252
232	-68.009170
233	-71.060388
234	-32.949582
235	-15.430950
236	-77.087952
237	-55.598756
238	-61.708309
239	-61.505781
240	-90.198553
241	-85.732498
242	-39.978237
243	-55.391218
244	-88.362853
245	-60.841209
246	-54.378522
247	-5.525775
248	-42.242365
249	-78.558421
250	-69.768124
251	-78.870415
252	-53.545316
253	-48.848542
254	-77.493581
255	-94.186411
256	-19.715597
257	-71.220099
258	-85.031810
259	-65.681137
260	-10.027834
261	-53.351843
262	-93.669432
263	-59.676518
264	-69.595830
265	-47.106272
266	-89.265910
267	-69.676215
268	-90.871260
269	-95.272962
270	-81.137002
271	-40.472980
272	-87.514862
273	-46.214030
274	-31.718426
275	-78.645102
276	-86.014331
277	-40.870204
278	-62.285410
279	-3.784035
280	-49.252846
281	-48.741916
282	-37.936791
283	-98.142819
284	-47.624683
285	-38.269193
286	-22.492016
287	-83.823010
288	-43.480828
289	-14.726264
290	-59.998149
291	-78.204423
292	-70.104761
293	-60.817287
294	-24.956341
295	-96.954454
296	-75.412470
297	-11.692802
298	-94.269897
299	-21.790530
300	-2.092380
301	-62.304390
302	-76.113763
303	-66.847602
304	-22.561198
305	-26.525451
306	-93.193485
307	-57.670905
308	-67.818034
309	-86.233471
310	-36.082075
311	-7.153302
312	-38.631671
313	-39.993635
314	-22.091353
315	-25.710645
316	-6.519289
317	-88.076081
318	-71.615294
319	-64.765419
320	-45.332572
321	-55.503616
322	-18.226002
323	-57.380386
324	-45.910647
325	-99.925103
326	-74.604799
327	-4.106203
328	-75.426592
329	-27.704731
330	-11.603798
331	-57.717992
332	-36.939476
333	-20.701046
334	-98.737699
335	-28.438050
336	-11.035234
337	-17.058547
338	-24.529464
339	-45.921159
340	-69.928901
341	-19.569918
342	-60.928105
343	-46.940019
344	-60.996584
345	-44.347166
346	-43.428586
347	-94.038157
348	-75.115472
349	-70.330963
350	-37.375184
351	-89.432151
352	-44.301123
353	-52.207359
354	-79.754418
355	-12.963662
356	-90.767388
357	-44.842191
358	-60.594937
359	-62.331016
360	-37.646735
361	-80.971693
362	-47.276721
363	-95.829041
364	-90.365702
365	-0.302429
366	-17.277649
367	-84.429643
368	-47.275020
369	-9.181858
370	-70.942834
371	-15.915388
372	-37.604453
373	-35.373884
374	-59.649870
375	-29.023718
376	-28.141563
377	-47.466450
378	-92.909797
379	-65.758401
380	-6.785895
381	-75.020994
382	-32.518855
383	-16.302569
384	-61.028723
385	-28.919530
386	-80.445772
387	-18.282314
388	-41.476052
389	-6.382773
390	-37.166539
391	-6.348115
392	-4.063188
393	-85.381067
394	-80.969774
395	-69.172053
396	-39.037815
397	-1.231348
398	-76.849871
399	-22.656008
400	-30.582823
401	-36.603991
402	-63.683281
403	-62.418374
404	-8.935248
405	-29.864044
406	-10.279932
407	-25.632517
408	-27.071192
409	-15.854087
410	-66.795286
411	-24.206258
412	-41.938421
413	-1.896257
414	-37.972799
415	-53.974468
416	-22.474343
417	-29.469024
418	-49.202102
419	-84.996139
420	-52.908392
421	-64.054921
422	-52.605545
423	-32.450003
424	-56.389558
425	-54.693462
426	-42.859420
427	-86.540962
428	-86.326982
429	-65.325352
430	-55.409216
431	-32.240514
432	-9.621676
433	-43.458103
434	-78.840939
435	-27.809258
436	-61.169471
437	-54.148397
438	-71.535473
439	-6.542658
440	-24.805616
441	-37.346918
442	-92.176997
443	-0.030553
444	-28.579458
445	-50.665705
446	-20.158349
447	-11.117812
448	-50.622748
449	-5.262260
450	-95.055054
451	-96.220524
452	-88.992092
453	-68.236894
454	-78.521720
455	-43.288951
456	-46.134442
457	-78.821051
458	-8.148852
459	-41.702976
460	-29.754634
461	-32.815651
462	-79.148539
463	-3.701612
464	-32.268493
465	-70.190138
466	-21.399121
467	-34.873654
468	-96.399305
469	-76.841666
470	-48.900194
471	-6.162903
472	-47.717274
473	-74.743908
474	-48.696778
475	-24.618510
476	-50.465728
477	-74.880156
478	-33.653571
479	-83.529243
480	-11.442321
481	-69.316476
482	-37.097070
483	-42.229444
484	-94.646904
485	-39.149611
486	-25.462440
487	-58.444769
488	-97.016498
489	-0.624716
490	-98.486573
491	-91.666598
492	-79.303131
493	-51.969269
494	-81.037964
495	-18.433970
496	-89.615107
497	-5.981075
498	-67.834013
499	-34.054042
500	-71.744924
501	-90.212395
502	-22.519994
503	-91.920934
504	-29.457909
505	-82.777665
506	-18.483229
507	-19.674124
508	-31.512799
509	-55.060194
510	-18.808094
511	-26.988910
512	-87.805944
513	-36.614237
514	-21.076058
515	-63.334534
516	-19.528676
517	-69.414257
518	-94.116459
519	-0.880985
520	-54.544748
521	-16.180869
522	-82.369051
523	-44.009766
524	-62.495620
525	-30.087169
526	-68.373689
527	-88.219926
528	-50.242181
529	-26.490620
530	-69.683106
531	-85.794877
532	-45.454861
533	-81.582956
534	-3.722243
535	-48.865890
536	-79.997782
537	-10.320415
538	-87.272216
539	-31.942324
540	-24.554148
541	-99.547824
542	-47.838839
543	-96.270874
544	-71.168471
545	-12.301746
546	-78.475520
547	-1.542134
548	-92.938005
549	-90.325923
550	-38.304920
551	-7.303598
552	-85.169867
553	-41.301722
554	-46.305888
555	-40.029681
556	-11.041650
557	-40.858979
558	-26.849886
559	-67.576580
560	-41.288976
561	-61.348371
562	-86.857517
563	-78.233355
564	-50.432679
565	-18.626691
566	-82.575995
567	-8.574623
568	-49.968011
569	-43.183016
570	-74.511849
571	-94.809718
572	-29.620247
573	-88.057320
574	-60.152540
575	-84.893234
576	-94.260465
577	-94.831140
578	-18.637515
579	-43.616912
580	-4.084481
581	-27.721612
582	-23.864680
583	-90.154846
584	-92.884951
585	-92.851686
586	-89.597019
587	-34.375798
588	-23.169201
589	-75.409183
590	-31.844086
591	-64.399514
592	-90.989012
593	-4.375450
594	-31.187531
595	-26.534828
596	-69.554970
597	-73.472391
598	-89.230306
599	-64.037079
600	-70.797579
601	-46.787793
602	-39.260382
603	-45.146116
604	-80.963860
605	-65.119358
606	-85.018265
607	-52.373133
608	-63.703292
609	-36.246716
610	-28.528437
611	-46.904762
612	-64.043659
613	-7.428058
614	-77.374094
615	-12.483481
616	-40.366994
617	-13.848132
618	-72.108989
619	-39.014105
620	-41.145125
621	-42.924327
622	-77.167921
623	-25.847741
624	-57.567683
625	-67.104728
626	-2.365528
627	-28.334187
628	-20.187694
629	-43.320369
630	-28.453642
631	-87.505594
632	-64.778429
633	-51.402803
634	-46.416211
635	-91.006672
636	-26.840760
637	-65.855673
638	-24.261315
639	-57.632274
640	-19.706872
641	-9.444419
642	-75.437464
643	-95.484375
644	-23.795697
645	-79.962954
646	-19.198211
647	-41.386656
648	-81.034828
649	-21.267198
650	-46.628198
651	-97.264463
652	-51.218547
653	-39.471213
654	-71.574812
655	-57.419633
656	-92.162035
657	-73.664152
658	-49.231383
659	-38.623682
660	-22.981686
661	-78.758252
662	-60.734675
663	-17.241532
664	-4.987011
665	-4.347726
666	-40.459495
667	-21.713917
668	-58.065889
669	-67.429301
670	-38.260496
671	-40.680022
672	-45.818986
673	-56.673179
674	-14.786745
675	-79.090743
676	-95.888763
677	-7.018957
678	-86.072759
679	-76.412502
680	-56.846166
681	-77.471059
682	-29.126847
683	-76.890705
684	-56.112188
685	-39.842095
686	-3.902960
687	-34.233327
688	-65.300300
689	-23.333660
690	-82.026480
691	-88.172087
692	-39.640782
693	-78.668758
694	-77.101212
695	-48.750022
696	-97.164432
697	-86.028372
698	-35.101995
699	-75.457308
700	-96.497135
701	-13.731724
702	-97.866893
703	-31.641489
704	-86.539127
705	-12.428432
706	-30.473090
707	-28.032327
708	-6.512607
709	-50.773517
710	-42.641153
711	-16.182865
712	-24.270275
713	-99.770578
714	-61.935195
715	-61.312908
716	-16.211175
717	-98.462912
718	-42.746960
719	-59.583507
720	-93.690029
721	-94.873017
722	-8.117227
723	-47.548447
724	-37.981269
725	-43.254915
726	-25.013217
727	-22.162561
728	-38.985029
729	-87.783063
730	-6.412060
731	-38.619573
732	-21.441978
733	-48.601703
734	-69.254451
735	-76.810453
736	-64.413911
737	-28.158046
738	-36.865510
739	-42.072208
740	-41.609410
741	-3.052803
742	-86.268867
743	-40.653327
744	-48.481101
745	-2.327550
746	-30.668552
747	-90.441636
748	-18.988667
749	-92.666168
750	-96.532192
751	-72.574633
752	-29.353428
753	-55.196459
754	-3.722616
755	-75.825950
756	-29.918546
757	-82.631297
758	-79.942270
759	-10.309663
760	-48.395363
761	-53.971158
762	-72.026129
763	-91.233624
764	-38.870432
765	-25.003494
766	-50.719850
767	-93.908438
768	-0.374870
769	-84.844929
770	-95.920720
771	-89.981000
772	-69.783408
773	-54.532274
774	-61.578166
775	-0.501414
776	-51.834129
777	-99.318941
778	-80.970337
779	-45.046115
780	-38.844220
781	-91.451164
782	-71.897990
783	-58.274226
784	-93.268778
785	-1.879417
786	-81.452818
787	-23.200814
788	-83.788153
789	-35.745900
790	-24.987038
791	-18.679167
792	-25.917770
793	-4.561293
794	-64.689167
795	-11.483784
796	-63.334649
797	-37.890550
798	-11.228526
799	-9.662903
800	-31.362391
801	-18.473427
802	-0.342010
803	-11.217828
804	-9.501767
805	-54.865750
806	-94.549119
807	-11.025986
808	-15.213443
809	-94.328940
810	-10.587558
811	-49.370207
812	-37.467936
813	-98.594702
814	-47.687116
815	-87.162416
816	-42.780201
817	-71.777096
818	-10.063879
819	-71.093752
820	-90.657124
821	-1.964455
822	-72.883261
823	-81.191323
824	-46.552775
825	-77.636984
826	-29.102036
827	-79.664016
828	-50.947639
829	-32.681281
830	-48.260897
831	-19.479589
832	-65.172358
833	-34.760411
834	-69.521147
835	-15.575686
836	-36.817151
837	-34.250605
838	-49.412644
839	-17.648284
840	-81.256885
841	-52.516367
842	-35.353241
843	-96.623129
844	-6.133843
845	-17.921762
846	-1.427693
847	-77.063885
848	-94.999779
849	-55.830360
850	-37.592431
851	-6.117843
852	-99.230103
853	-50.627483
854	-56.709451
855	-94.145302
856	-69.789802
857	-10.812587
858	-7.755367
859	-51.370858
860	-34.834928
861	-16.126025
862	-31.857113
863	-37.508719
864	-1.417905
865	-88.728728
866	-56.655174
867	-96.169429
868	-6.745551
869	-73.395629
870	-1.534248
871	-65.498904
872	-1.197269
873	-33.470841
874	-67.426922
875	-87.385612
876	-24.070088
877	-86.994038
878	-52.762124
879	-47.709838
880	-35.702438
881	-74.815524
882	-90.533461
883	-57.933907
884	-17.799057
885	-32.037279
886	-27.430287
887	-36.205895
888	-33.911757
889	-8.937183
890	-45.503353
891	-72.698359
892	-71.117446
893	-8.047063
894	-70.969062
895	-74.696943
896	-78.849876
897	-42.139224
898	-58.208140
899	-19.399763
900	-90.402751
901	-10.502309
902	-13.300461
903	-19.285134
904	-45.945717
905	-74.933744
906	-33.648977
907	-7.708797
908	-70.179700
909	-97.719605
910	-79.672663
911	-96.862143
912	-79.408128
913	-33.839962
914	-18.191927
915	-11.963817
916	-79.474841
917	-49.773423
918	-4.405956
919	-97.329794
920	-31.675182
921	-44.327031
922	-18.781235
923	-14.842838
924	-64.371788
925	-13.186237
926	-47.866316
927	-69.018087
928	-93.973513
929	-67.230122
930	-97.201550
931	-69.741897
932	-85.137992
933	-19.811902
934	-93.388992
935	-83.635444
936	-41.305732
937	-2.581777
938	-70.187201
939	-98.696399
940	-93.188355
941	-82.465894
942	-38.779463
943	-49.599295
944	-87.518419
945	-4.393030
946	-74.048886
947	-46.492737
948	-16.212892
949	-20.680137
950	-12.628868
951	-31.423393
952	-41.329033
953	-82.510340
954	-85.878320
955	-8.797278
956	-31.959116
957	-62.390758
958	-82.448831
959	-21.905328
960	-2.601904
961	-35.231071
962	-34.622837
963	-64.181601
964	-66.401325
965	-33.994388
966	-21.729455
967	-68.482946
968	-91.734532
969	-23.410130
970	-13.304592
971	-2.003080
972	-31.190937
973	-1.436939
974	-50.509897
975	-90.094840
976	-14.532209
977	-70.787453
978	-78.741942
979	-77.957985
980	-68.042636
981	-41.407324
982	-77.344811
983	-28.006710
984	-59.669212
985	-57.161350
986	-96.330317
987	-49.616098
988	-74.721825
989	-79.354396
990	-21.911483
991	-47.120030
992	-46.760471
993	-57.440475
994	-15.085505
995	-7.746131
996	-20.585947
997	-80.507625
998	-97.412302
999	-4.550296
1000	-21.518238
;

param: weight :=
1	74.000000
2	84.000000
3	1.000000
4	77.000000
5	72.000000
6	97.000000
7	65.000000
8	69.000000
9	59.000000
10	63.000000
11	55.000000
12	69.000000
13	1.000000
14	78.000000
15	64.000000
16	27.000000
17	12.000000
18	16.000000
19	84.000000
20	88.000000
21	45.000000
22	94.000000
23	15.000000
24	30.000000
25	72.000000
26	2.000000
27	56.000000
28	59.000000
29	2.000000
30	59.000000
31	15.000000
32	91.000000
33	12.000000
34	97.000000
35	6.000000
36	13.000000
37	92.000000
38	15.000000
39	22.000000
40	60.000000
41	23.000000
42	38.000000
43	75.000000
44	53.000000
45	16.000000
46	38.000000
47	39.000000
48	73.000000
49	92.000000
50	45.000000
51	12.000000
52	40.000000
53	75.000000
54	91.000000
55	94.000000
56	32.000000
57	68.000000
58	50.000000
59	19.000000
60	53.000000
61	56.000000
62	50.000000
63	96.000000
64	35.000000
65	31.000000
66	42.000000
67	60.000000
68	44.000000
69	7.000000
70	89.000000
71	58.000000
72	76.000000
73	7.000000
74	53.000000
75	89.000000
76	14.000000
77	42.000000
78	84.000000
79	29.000000
80	34.000000
81	79.000000
82	1.000000
83	37.000000
84	76.000000
85	34.000000
86	52.000000
87	85.000000
88	5.000000
89	89.000000
90	32.000000
91	36.000000
92	40.000000
93	34.000000
94	31.000000
95	95.000000
96	48.000000
97	97.000000
98	43.000000
99	22.000000
100	42.000000
101	90.000000
102	90.000000
103	33.000000
104	2.000000
105	58.000000
106	10.000000
107	58.000000
108	69.000000
109	63.000000
110	14.000000
111	92.000000
112	67.000000
113	83.000000
114	95.000000
115	74.000000
116	54.000000
117	90.000000
118	10.000000
119	77.000000
120	96.000000
121	32.000000
122	42.000000
123	50.000000
124	72.000000
125	19.000000
126	89.000000
127	42.000000
128	76.000000
129	9.000000
130	5.000000
131	84.000000
132	64.000000
133	45.000000
134	82.000000
135	97.000000
136	60.000000
137	41.000000
138	41.000000
139	87.000000
140	4.000000
141	3.000000
142	48.000000
143	73.000000
144	43.000000
145	41.000000
146	60.000000
147	79.000000
148	57.000000
149	84.000000
150	36.000000
151	8.000000
152	59.000000
153	50.000000
154	91.000000
155	88.000000
156	56.000000
157	48.000000
158	38.000000
159	58.000000
160	42.000000
161	7.000000
162	40.000000
163	73.000000
164	92.000000
165	58.000000
166	91.000000
167	61.000000
168	59.000000
169	99.000000
170	55.000000
171	13.000000
172	22.000000
173	76.000000
174	50.000000
175	6.000000
176	10.000000
177	61.000000
178	50.000000
179	24.000000
180	66.000000
181	29.000000
182	10.000000
183	33.000000
184	19.000000
185	57.000000
186	6.000000
187	51.000000
188	94.000000
189	56.000000
190	89.000000
191	65.000000
192	66.000000
193	64.000000
194	54.000000
195	87.000000
196	91.000000
197	19.000000
198	37.000000
199	38.000000
200	16.000000
201	73.000000
202	61.000000
203	100.000000
204	57.000000
205	44.000000
206	25.000000
207	87.000000
208	19.000000
209	99.000000
210	47.000000
211	81.000000
212	24.000000
213	58.000000
214	38.000000
215	4.000000
216	85.000000
217	51.000000
218	4.000000
219	4.000000
220	86.000000
221	50.000000
222	89.000000
223	60.000000
224	97.000000
225	79.000000
226	14.000000
227	76.000000
228	3.000000
229	79.000000
230	7.000000
231	16.000000
232	2.000000
233	23.000000
234	75.000000
235	40.000000
236	79.000000
237	68.000000
238	92.000000
239	78.000000
240	85.000000
241	37.000000
242	74.000000
243	54.000000
244	15.000000
245	13.000000
246	16.000000
247	51.000000
248	87.000000
249	69.000000
250	52.000000
251	83.000000
252	5.000000
253	63.000000
254	46.000000
255	27.000000
256	45.000000
257	15.000000
258	99.000000
259	33.000000
260	44.000000
261	37.000000
262	41.000000
263	67.000000
264	26.000000
265	4.000000
266	80.000000
267	52.000000
268	1.000000
269	9.000000
270	44.000000
271	53.000000
272	26.000000
273	60.000000
274	54.000000
275	69.000000
276	73.000000
277	24.000000
278	29.000000
279	67.000000
280	5.000000
281	8.000000
282	64.000000
283	92.000000
284	60.000000
285	59.000000
286	56.000000
287	78.000000
288	80.000000
289	57.000000
290	83.000000
291	20.000000
292	13.000000
293	30.000000
294	98.000000
295	12.000000
296	10.000000
297	97.000000
298	50.000000
299	88.000000
300	70.000000
301	11.000000
302	71.000000
303	83.000000
304	24.000000
305	37.000000
306	89.000000
307	75.000000
308	1.000000
309	12.000000
310	60.000000
311	75.000000
312	8.000000
313	84.000000
314	8.000000
315	18.000000
316	94.000000
317	79.000000
318	6.000000
319	16.000000
320	35.000000
321	35.000000
322	92.000000
323	66.000000
324	91.000000
325	96.000000
326	55.000000
327	94.000000
328	57.000000
329	17.000000
330	57.000000
331	79.000000
332	23.000000
333	60.000000
334	35.000000
335	2.000000
336	99.000000
337	53.000000
338	93.000000
339	27.000000
340	23.000000
341	74.000000
342	90.000000
343	60.000000
344	57.000000
345	68.000000
346	4.000000
347	66.000000
348	75.000000
349	74.000000
350	95.000000
351	57.000000
352	92.000000
353	14.000000
354	36.000000
355	34.000000
356	22.000000
357	33.000000
358	4.000000
359	7.000000
360	94.000000
361	65.000000
362	86.000000
363	27.000000
364	89.000000
365	89.000000
366	75.000000
367	46.000000
368	82.000000
369	71.000000
370	54.000000
371	80.000000
372	71.000000
373	84.000000
374	5.000000
375	1.000000
376	84.000000
377	94.000000
378	45.000000
379	87.000000
380	82.000000
381	60.000000
382	24.000000
383	75.000000
384	11.000000
385	82.000000
386	26.000000
387	54.000000
388	74.000000
389	15.000000
390	80.000000
391	7.000000
392	5.000000
393	73.000000
394	15.000000
395	22.000000
396	42.000000
397	65.000000
398	64.000000
399	31.000000
400	87.000000
401	47.000000
402	68.000000
403	62.000000
404	19.000000
405	93.000000
406	78.000000
407	78.000000
408	92.000000
409	85.000000
410	28.000000
411	30.000000
412	26.000000
413	43.000000
414	62.000000
415	30.000000
416	64.000000
417	64.000000
418	91.000000
419	24.000000
420	44.000000
421	81.000000
422	20.000000
423	94.000000
424	23.000000
425	52.000000
426	37.000000
427	19.000000
428	1.000000
429	49.000000
430	40.000000
431	41.000000
432	10.000000
433	75.000000
434	45.000000
435	38.000000
436	95.000000
437	2.000000
438	6.000000
439	22.000000
440	53.000000
441	94.000000
442	32.000000
443	82.000000
444	55.000000
445	98.000000
446	92.000000
447	12.000000
448	46.000000
449	73.000000
450	16.000000
451	79.000000
452	42.000000
453	51.000000
454	77.000000
455	37.000000
456	96.000000
457	26.000000
458	24.000000
459	2.000000
460	73.000000
461	76.000000
462	26.000000
463	45.000000
464	7.000000
465	25.000000
466	18.000000
467	62.000000
468	55.000000
469	37.000000
470	82.000000
471	58.000000
472	97.000000
473	17.000000
474	66.000000
475	33.000000
476	89.000000
477	27.000000
478	37.000000
479	6.000000
480	94.000000
481	81.000000
482	82.000000
483	55.000000
484	61.000000
485	24.000000
486	57.000000
487	62.000000
488	5.000000
489	43.000000
490	51.000000
491	46.000000
492	67.000000
493	91.000000
494	24.000000
495	25.000000
496	5.000000
497	69.000000
498	82.000000
499	21.000000
500	39.000000
501	79.000000
502	98.000000
503	80.000000
504	81.000000
505	68.000000
506	36.000000
507	49.000000
508	60.000000
509	67.000000
510	93.000000
511	45.000000
512	94.000000
513	80.000000
514	19.000000
515	33.000000
516	88.000000
517	47.000000
518	3.000000
519	35.000000
520	2.000000
521	59.000000
522	9.000000
523	32.000000
524	36.000000
525	44.000000
526	42.000000
527	13.000000
528	72.000000
529	67.000000
530	32.000000
531	31.000000
532	4.000000
533	1.000000
534	34.000000
535	26.000000
536	22.000000
537	50.000000
538	53.000000
539	68.000000
540	41.000000
541	76.000000
542	34.000000
543	31.000000
544	70.000000
545	11.000000
546	42.000000
547	1.000000
548	35.000000
549	73.000000
550	59.000000
551	20.000000
552	40.000000
553	46.000000
554	70.000000
555	92.000000
556	3.000000
557	59.000000
558	72.000000
559	72.000000
560	39.000000
561	65.000000
562	60.000000
563	60.000000
564	19.000000
565	76.000000
566	14.000000
567	41.000000
568	37.000000
569	32.000000
570	24.000000
571	17.000000
572	76.000000
573	41.000000
574	13.000000
575	49.000000
576	99.000000
577	10.000000
578	77.000000
579	99.000000
580	90.000000
581	80.000000
582	75.000000
583	65.000000
584	56.000000
585	61.000000
586	29.000000
587	52.000000
588	55.000000
589	42.000000
590	90.000000
591	16.000000
592	18.000000
593	12.000000
594	17.000000
595	52.000000
596	11.000000
597	65.000000
598	52.000000
599	25.000000
600	17.000000
601	25.000000
602	98.000000
603	82.000000
604	56.000000
605	25.000000
606	3.000000
607	77.000000
608	83.000000
609	39.000000
610	28.000000
611	31.000000
612	77.000000
613	78.000000
614	4.000000
615	95.000000
616	40.000000
617	16.000000
618	49.000000
619	22.000000
620	6.000000
621	31.000000
622	3.000000
623	50.000000
624	15.000000
625	31.000000
626	25.000000
627	9.000000
628	10.000000
629	74.000000
630	96.000000
631	96.000000
632	70.000000
633	56.000000
634	69.000000
635	63.000000
636	65.000000
637	31.000000
638	60.000000
639	61.000000
640	35.000000
641	23.000000
642	55.000000
643	63.000000
644	24.000000
645	77.000000
646	39.000000
647	4.000000
648	32.000000
649	19.000000
650	63.000000
651	49.000000
652	81.000000
653	83.000000
654	70.000000
655	81.000000
656	88.000000
657	1.000000
658	96.000000
659	48.000000
660	48.000000
661	56.000000
662	83.000000
663	10.000000
664	65.000000
665	8.000000
666	75.000000
667	92.000000
668	70.000000
669	8.000000
670	9.000000
671	11.000000
672	5.000000
673	51.000000
674	37.000000
675	84.000000
676	44.000000
677	5.000000
678	17.000000
679	4.000000
680	62.000000
681	90.000000
682	60.000000
683	92.000000
684	92.000000
685	7.000000
686	91.000000
687	95.000000
688	30.000000
689	38.000000
690	96.000000
691	77.000000
692	33.000000
693	80.000000
694	13.000000
695	100.000000
696	85.000000
697	55.000000
698	51.000000
699	48.000000
700	55.000000
701	51.000000
702	77.000000
703	57.000000
704	91.000000
705	58.000000
706	67.000000
707	39.000000
708	98.000000
709	26.000000
710	22.000000
711	75.000000
712	47.000000
713	41.000000
714	56.000000
715	56.000000
716	30.000000
717	3.000000
718	31.000000
719	6.000000
720	99.000000
721	7.000000
722	61.000000
723	72.000000
724	84.000000
725	5.000000
726	95.000000
727	1.000000
728	41.000000
729	1.000000
730	26.000000
731	9.000000
732	95.000000
733	32.000000
734	36.000000
735	25.000000
736	60.000000
737	22.000000
738	62.000000
739	62.000000
740	17.000000
741	96.000000
742	63.000000
743	60.000000
744	2.000000
745	68.000000
746	35.000000
747	87.000000
748	63.000000
749	18.000000
750	4.000000
751	43.000000
752	40.000000
753	38.000000
754	2.000000
755	62.000000
756	67.000000
757	61.000000
758	33.000000
759	5.000000
760	13.000000
761	60.000000
762	82.000000
763	13.000000
764	54.000000
765	9.000000
766	4.000000
767	70.000000
768	95.000000
769	93.000000
770	4.000000
771	87.000000
772	59.000000
773	49.000000
774	89.000000
775	35.000000
776	66.000000
777	59.000000
778	47.000000
779	87.000000
780	31.000000
781	50.000000
782	90.000000
783	32.000000
784	56.000000
785	100.000000
786	47.000000
787	60.000000
788	94.000000
789	17.000000
790	4.000000
791	87.000000
792	74.000000
793	47.000000
794	27.000000
795	27.000000
796	56.000000
797	70.000000
798	22.000000
799	29.000000
800	98.000000
801	77.000000
802	74.000000
803	26.000000
804	47.000000
805	89.000000
806	83.000000
807	41.000000
808	17.000000
809	77.000000
810	20.000000
811	57.000000
812	28.000000
813	27.000000
814	3.000000
815	46.000000
816	5.000000
817	54.000000
818	75.000000
819	26.000000
820	95.000000
821	85.000000
822	58.000000
823	91.000000
824	76.000000
825	78.000000
826	51.000000
827	57.000000
828	61.000000
829	64.000000
830	30.000000
831	73.000000
832	77.000000
833	3.000000
834	60.000000
835	100.000000
836	61.000000
837	11.000000
838	54.000000
839	49.000000
840	41.000000
841	72.000000
842	64.000000
843	5.000000
844	37.000000
845	25.000000
846	49.000000
847	36.000000
848	65.000000
849	42.000000
850	31.000000
851	58.000000
852	70.000000
853	35.000000
854	99.000000
855	2.000000
856	57.000000
857	83.000000
858	26.000000
859	41.000000
860	55.000000
861	5.000000
862	91.000000
863	75.000000
864	45.000000
865	1.000000
866	27.000000
867	68.000000
868	24.000000
869	11.000000
870	78.000000
871	25.000000
872	17.000000
873	38.000000
874	92.000000
875	65.000000
876	44.000000
877	56.000000
878	45.000000
879	43.000000
880	18.000000
881	82.000000
882	100.000000
883	44.000000
884	71.000000
885	33.000000
886	57.000000
887	64.000000
888	89.000000
889	52.000000
890	93.000000
891	35.000000
892	37.000000
893	9.000000
894	70.000000
895	27.000000
896	16.000000
897	71.000000
898	68.000000
899	98.000000
900	76.000000
901	43.000000
902	98.000000
903	63.000000
904	15.000000
905	93.000000
906	87.000000
907	62.000000
908	28.000000
909	19.000000
910	76.000000
911	89.000000
912	17.000000
913	38.000000
914	53.000000
915	30.000000
916	61.000000
917	57.000000
918	78.000000
919	26.000000
920	89.000000
921	85.000000
922	1.000000
923	77.000000
924	40.000000
925	47.000000
926	62.000000
927	2.000000
928	71.000000
929	69.000000
930	47.000000
931	100.000000
932	23.000000
933	6.000000
934	68.000000
935	60.000000
936	59.000000
937	57.000000
938	86.000000
939	51.000000
940	16.000000
941	59.000000
942	17.000000
943	29.000000
944	10.000000
945	90.000000
946	93.000000
947	76.000000
948	33.000000
949	41.000000
950	45.000000
951	48.000000
952	95.000000
953	43.000000
954	82.000000
955	10.000000
956	61.000000
957	65.000000
958	10.000000
959	56.000000
960	25.000000
961	11.000000
962	36.000000
963	45.000000
964	81.000000
965	47.000000
966	59.000000
967	15.000000
968	92.000000
969	65.000000
970	86.000000
971	48.000000
972	65.000000
973	59.000000
974	21.000000
975	35.000000
976	37.000000
977	87.000000
978	49.000000
979	92.000000
980	44.000000
981	49.000000
982	12.000000
983	93.000000
984	91.000000
985	93.000000
986	73.000000
987	63.000000
988	76.000000
989	84.000000
990	70.000000
991	15.000000
992	80.000000
993	94.000000
994	8.000000
995	53.000000
996	95.000000
997	8.000000
998	40.000000
999	23.000000
1000	10.000000
;

param: U :=
1	100.000000
2	100.000000
3	100.000000
4	100.000000
5	100.000000
6	100.000000
7	100.000000
8	100.000000
9	100.000000
10	100.000000
11	100.000000
12	100.000000
13	100.000000
14	100.000000
15	100.000000
16	100.000000
17	100.000000
18	100.000000
19	100.000000
20	100.000000
21	100.000000
22	100.000000
23	100.000000
24	100.000000
25	100.000000
26	100.000000
27	100.000000
28	100.000000
29	100.000000
30	100.000000
31	100.000000
32	100.000000
33	100.000000
34	100.000000
35	100.000000
36	100.000000
37	100.000000
38	100.000000
39	100.000000
40	100.000000
41	100.000000
42	100.000000
43	100.000000
44	100.000000
45	100.000000
46	100.000000
47	100.000000
48	100.000000
49	100.000000
50	100.000000
51	100.000000
52	100.000000
53	100.000000
54	100.000000
55	100.000000
56	100.000000
57	100.000000
58	100.000000
59	100.000000
60	100.000000
61	100.000000
62	100.000000
63	100.000000
64	100.000000
65	100.000000
66	100.000000
67	100.000000
68	100.000000
69	100.000000
70	100.000000
71	100.000000
72	100.000000
73	100.000000
74	100.000000
75	100.000000
76	100.000000
77	100.000000
78	100.000000
79	100.000000
80	100.000000
81	100.000000
82	100.000000
83	100.000000
84	100.000000
85	100.000000
86	100.000000
87	100.000000
88	100.000000
89	100.000000
90	100.000000
91	100.000000
92	100.000000
93	100.000000
94	100.000000
95	100.000000
96	100.000000
97	100.000000
98	100.000000
99	100.000000
100	100.000000
101	100.000000
102	100.000000
103	100.000000
104	100.000000
105	100.000000
106	100.000000
107	100.000000
108	100.000000
109	100.000000
110	100.000000
111	100.000000
112	100.000000
113	100.000000
114	100.000000
115	100.000000
116	100.000000
117	100.000000
118	100.000000
119	100.000000
120	100.000000
121	100.000000
122	100.000000
123	100.000000
124	100.000000
125	100.000000
126	100.000000
127	100.000000
128	100.000000
129	100.000000
130	100.000000
131	100.000000
132	100.000000
133	100.000000
134	100.000000
135	100.000000
136	100.000000
137	100.000000
138	100.000000
139	100.000000
140	100.000000
141	100.000000
142	100.000000
143	100.000000
144	100.000000
145	100.000000
146	100.000000
147	100.000000
148	100.000000
149	100.000000
150	100.000000
151	100.000000
152	100.000000
153	100.000000
154	100.000000
155	100.000000
156	100.000000
157	100.000000
158	100.000000
159	100.000000
160	100.000000
161	100.000000
162	100.000000
163	100.000000
164	100.000000
165	100.000000
166	100.000000
167	100.000000
168	100.000000
169	100.000000
170	100.000000
171	100.000000
172	100.000000
173	100.000000
174	100.000000
175	100.000000
176	100.000000
177	100.000000
178	100.000000
179	100.000000
180	100.000000
181	100.000000
182	100.000000
183	100.000000
184	100.000000
185	100.000000
186	100.000000
187	100.000000
188	100.000000
189	100.000000
190	100.000000
191	100.000000
192	100.000000
193	100.000000
194	100.000000
195	100.000000
196	100.000000
197	100.000000
198	100.000000
199	100.000000
200	100.000000
201	100.000000
202	100.000000
203	100.000000
204	100.000000
205	100.000000
206	100.000000
207	100.000000
208	100.000000
209	100.000000
210	100.000000
211	100.000000
212	100.000000
213	100.000000
214	100.000000
215	100.000000
216	100.000000
217	100.000000
218	100.000000
219	100.000000
220	100.000000
221	100.000000
222	100.000000
223	100.000000
224	100.000000
225	100.000000
226	100.000000
227	100.000000
228	100.000000
229	100.000000
230	100.000000
231	100.000000
232	100.000000
233	100.000000
234	100.000000
235	100.000000
236	100.000000
237	100.000000
238	100.000000
239	100.000000
240	100.000000
241	100.000000
242	100.000000
243	100.000000
244	100.000000
245	100.000000
246	100.000000
247	100.000000
248	100.000000
249	100.000000
250	100.000000
251	100.000000
252	100.000000
253	100.000000
254	100.000000
255	100.000000
256	100.000000
257	100.000000
258	100.000000
259	100.000000
260	100.000000
261	100.000000
262	100.000000
263	100.000000
264	100.000000
265	100.000000
266	100.000000
267	100.000000
268	100.000000
269	100.000000
270	100.000000
271	100.000000
272	100.000000
273	100.000000
274	100.000000
275	100.000000
276	100.000000
277	100.000000
278	100.000000
279	100.000000
280	100.000000
281	100.000000
282	100.000000
283	100.000000
284	100.000000
285	100.000000
286	100.000000
287	100.000000
288	100.000000
289	100.000000
290	100.000000
291	100.000000
292	100.000000
293	100.000000
294	100.000000
295	100.000000
296	100.000000
297	100.000000
298	100.000000
299	100.000000
300	100.000000
301	100.000000
302	100.000000
303	100.000000
304	100.000000
305	100.000000
306	100.000000
307	100.000000
308	100.000000
309	100.000000
310	100.000000
311	100.000000
312	100.000000
313	100.000000
314	100.000000
315	100.000000
316	100.000000
317	100.000000
318	100.000000
319	100.000000
320	100.000000
321	100.000000
322	100.000000
323	100.000000
324	100.000000
325	100.000000
326	100.000000
327	100.000000
328	100.000000
329	100.000000
330	100.000000
331	100.000000
332	100.000000
333	100.000000
334	100.000000
335	100.000000
336	100.000000
337	100.000000
338	100.000000
339	100.000000
340	100.000000
341	100.000000
342	100.000000
343	100.000000
344	100.000000
345	100.000000
346	100.000000
347	100.000000
348	100.000000
349	100.000000
350	100.000000
351	100.000000
352	100.000000
353	100.000000
354	100.000000
355	100.000000
356	100.000000
357	100.000000
358	100.000000
359	100.000000
360	100.000000
361	100.000000
362	100.000000
363	100.000000
364	100.000000
365	100.000000
366	100.000000
367	100.000000
368	100.000000
369	100.000000
370	100.000000
371	100.000000
372	100.000000
373	100.000000
374	100.000000
375	100.000000
376	100.000000
377	100.000000
378	100.000000
379	100.000000
380	100.000000
381	100.000000
382	100.000000
383	100.000000
384	100.000000
385	100.000000
386	100.000000
387	100.000000
388	100.000000
389	100.000000
390	100.000000
391	100.000000
392	100.000000
393	100.000000
394	100.000000
395	100.000000
396	100.000000
397	100.000000
398	100.000000
399	100.000000
400	100.000000
401	100.000000
402	100.000000
403	100.000000
404	100.000000
405	100.000000
406	100.000000
407	100.000000
408	100.000000
409	100.000000
410	100.000000
411	100.000000
412	100.000000
413	100.000000
414	100.000000
415	100.000000
416	100.000000
417	100.000000
418	100.000000
419	100.000000
420	100.000000
421	100.000000
422	100.000000
423	100.000000
424	100.000000
425	100.000000
426	100.000000
427	100.000000
428	100.000000
429	100.000000
430	100.000000
431	100.000000
432	100.000000
433	100.000000
434	100.000000
435	100.000000
436	100.000000
437	100.000000
438	100.000000
439	100.000000
440	100.000000
441	100.000000
442	100.000000
443	100.000000
444	100.000000
445	100.000000
446	100.000000
447	100.000000
448	100.000000
449	100.000000
450	100.000000
451	100.000000
452	100.000000
453	100.000000
454	100.000000
455	100.000000
456	100.000000
457	100.000000
458	100.000000
459	100.000000
460	100.000000
461	100.000000
462	100.000000
463	100.000000
464	100.000000
465	100.000000
466	100.000000
467	100.000000
468	100.000000
469	100.000000
470	100.000000
471	100.000000
472	100.000000
473	100.000000
474	100.000000
475	100.000000
476	100.000000
477	100.000000
478	100.000000
479	100.000000
480	100.000000
481	100.000000
482	100.000000
483	100.000000
484	100.000000
485	100.000000
486	100.000000
487	100.000000
488	100.000000
489	100.000000
490	100.000000
491	100.000000
492	100.000000
493	100.000000
494	100.000000
495	100.000000
496	100.000000
497	100.000000
498	100.000000
499	100.000000
500	100.000000
501	100.000000
502	100.000000
503	100.000000
504	100.000000
505	100.000000
506	100.000000
507	100.000000
508	100.000000
509	100.000000
510	100.000000
511	100.000000
512	100.000000
513	100.000000
514	100.000000
515	100.000000
516	100.000000
517	100.000000
518	100.000000
519	100.000000
520	100.000000
521	100.000000
522	100.000000
523	100.000000
524	100.000000
525	100.000000
526	100.000000
527	100.000000
528	100.000000
529	100.000000
530	100.000000
531	100.000000
532	100.000000
533	100.000000
534	100.000000
535	100.000000
536	100.000000
537	100.000000
538	100.000000
539	100.000000
540	100.000000
541	100.000000
542	100.000000
543	100.000000
544	100.000000
545	100.000000
546	100.000000
547	100.000000
548	100.000000
549	100.000000
550	100.000000
551	100.000000
552	100.000000
553	100.000000
554	100.000000
555	100.000000
556	100.000000
557	100.000000
558	100.000000
559	100.000000
560	100.000000
561	100.000000
562	100.000000
563	100.000000
564	100.000000
565	100.000000
566	100.000000
567	100.000000
568	100.000000
569	100.000000
570	100.000000
571	100.000000
572	100.000000
573	100.000000
574	100.000000
575	100.000000
576	100.000000
577	100.000000
578	100.000000
579	100.000000
580	100.000000
581	100.000000
582	100.000000
583	100.000000
584	100.000000
585	100.000000
586	100.000000
587	100.000000
588	100.000000
589	100.000000
590	100.000000
591	100.000000
592	100.000000
593	100.000000
594	100.000000
595	100.000000
596	100.000000
597	100.000000
598	100.000000
599	100.000000
600	100.000000
601	100.000000
602	100.000000
603	100.000000
604	100.000000
605	100.000000
606	100.000000
607	100.000000
608	100.000000
609	100.000000
610	100.000000
611	100.000000
612	100.000000
613	100.000000
614	100.000000
615	100.000000
616	100.000000
617	100.000000
618	100.000000
619	100.000000
620	100.000000
621	100.000000
622	100.000000
623	100.000000
624	100.000000
625	100.000000
626	100.000000
627	100.000000
628	100.000000
629	100.000000
630	100.000000
631	100.000000
632	100.000000
633	100.000000
634	100.000000
635	100.000000
636	100.000000
637	100.000000
638	100.000000
639	100.000000
640	100.000000
641	100.000000
642	100.000000
643	100.000000
644	100.000000
645	100.000000
646	100.000000
647	100.000000
648	100.000000
649	100.000000
650	100.000000
651	100.000000
652	100.000000
653	100.000000
654	100.000000
655	100.000000
656	100.000000
657	100.000000
658	100.000000
659	100.000000
660	100.000000
661	100.000000
662	100.000000
663	100.000000
664	100.000000
665	100.000000
666	100.000000
667	100.000000
668	100.000000
669	100.000000
670	100.000000
671	100.000000
672	100.000000
673	100.000000
674	100.000000
675	100.000000
676	100.000000
677	100.000000
678	100.000000
679	100.000000
680	100.000000
681	100.000000
682	100.000000
683	100.000000
684	100.000000
685	100.000000
686	100.000000
687	100.000000
688	100.000000
689	100.000000
690	100.000000
691	100.000000
692	100.000000
693	100.000000
694	100.000000
695	100.000000
696	100.000000
697	100.000000
698	100.000000
699	100.000000
700	100.000000
701	100.000000
702	100.000000
703	100.000000
704	100.000000
705	100.000000
706	100.000000
707	100.000000
708	100.000000
709	100.000000
710	100.000000
711	100.000000
712	100.000000
713	100.000000
714	100.000000
715	100.000000
716	100.000000
717	100.000000
718	100.000000
719	100.000000
720	100.000000
721	100.000000
722	100.000000
723	100.000000
724	100.000000
725	100.000000
726	100.000000
727	100.000000
728	100.000000
729	100.000000
730	100.000000
731	100.000000
732	100.000000
733	100.000000
734	100.000000
735	100.000000
736	100.000000
737	100.000000
738	100.000000
739	100.000000
740	100.000000
741	100.000000
742	100.000000
743	100.000000
744	100.000000
745	100.000000
746	100.000000
747	100.000000
748	100.000000
749	100.000000
750	100.000000
751	100.000000
752	100.000000
753	100.000000
754	100.000000
755	100.000000
756	100.000000
757	100.000000
758	100.000000
759	100.000000
760	100.000000
761	100.000000
762	100.000000
763	100.000000
764	100.000000
765	100.000000
766	100.000000
767	100.000000
768	100.000000
769	100.000000
770	100.000000
771	100.000000
772	100.000000
773	100.000000
774	100.000000
775	100.000000
776	100.000000
777	100.000000
778	100.000000
779	100.000000
780	100.000000
781	100.000000
782	100.000000
783	100.000000
784	100.000000
785	100.000000
786	100.000000
787	100.000000
788	100.000000
789	100.000000
790	100.000000
791	100.000000
792	100.000000
793	100.000000
794	100.000000
795	100.000000
796	100.000000
797	100.000000
798	100.000000
799	100.000000
800	100.000000
801	100.000000
802	100.000000
803	100.000000
804	100.000000
805	100.000000
806	100.000000
807	100.000000
808	100.000000
809	100.000000
810	100.000000
811	100.000000
812	100.000000
813	100.000000
814	100.000000
815	100.000000
816	100.000000
817	100.000000
818	100.000000
819	100.000000
820	100.000000
821	100.000000
822	100.000000
823	100.000000
824	100.000000
825	100.000000
826	100.000000
827	100.000000
828	100.000000
829	100.000000
830	100.000000
831	100.000000
832	100.000000
833	100.000000
834	100.000000
835	100.000000
836	100.000000
837	100.000000
838	100.000000
839	100.000000
840	100.000000
841	100.000000
842	100.000000
843	100.000000
844	100.000000
845	100.000000
846	100.000000
847	100.000000
848	100.000000
849	100.000000
850	100.000000
851	100.000000
852	100.000000
853	100.000000
854	100.000000
855	100.000000
856	100.000000
857	100.000000
858	100.000000
859	100.000000
860	100.000000
861	100.000000
862	100.000000
863	100.000000
864	100.000000
865	100.000000
866	100.000000
867	100.000000
868	100.000000
869	100.000000
870	100.000000
871	100.000000
872	100.000000
873	100.000000
874	100.000000
875	100.000000
876	100.000000
877	100.000000
878	100.000000
879	100.000000
880	100.000000
881	100.000000
882	100.000000
883	100.000000
884	100.000000
885	100.000000
886	100.000000
887	100.000000
888	100.000000
889	100.000000
890	100.000000
891	100.000000
892	100.000000
893	100.000000
894	100.000000
895	100.000000
896	100.000000
897	100.000000
898	100.000000
899	100.000000
900	100.000000
901	100.000000
902	100.000000
903	100.000000
904	100.000000
905	100.000000
906	100.000000
907	100.000000
908	100.000000
909	100.000000
910	100.000000
911	100.000000
912	100.000000
913	100.000000
914	100.000000
915	100.000000
916	100.000000
917	100.000000
918	100.000000
919	100.000000
920	100.000000
921	100.000000
922	100.000000
923	100.000000
924	100.000000
925	100.000000
926	100.000000
927	100.000000
928	100.000000
929	100.000000
930	100.000000
931	100.000000
932	100.000000
933	100.000000
934	100.000000
935	100.000000
936	100.000000
937	100.000000
938	100.000000
939	100.000000
940	100.000000
941	100.000000
942	100.000000
943	100.000000
944	100.000000
945	100.000000
946	100.000000
947	100.000000
948	100.000000
949	100.000000
950	100.000000
951	100.000000
952	100.000000
953	100.000000
954	100.000000
955	100.000000
956	100.000000
957	100.000000
958	100.000000
959	100.000000
960	100.000000
961	100.000000
962	100.000000
963	100.000000
964	100.000000
965	100.000000
966	100.000000
967	100.000000
968	100.000000
969	100.000000
970	100.000000
971	100.000000
972	100.000000
973	100.000000
974	100.000000
975	100.000000
976	100.000000
977	100.000000
978	100.000000
979	100.000000
980	100.000000
981	100.000000
982	100.000000
983	100.000000
984	100.000000
985	100.000000
986	100.000000
987	100.000000
988	100.000000
989	100.000000
990	100.000000
991	100.000000
992	100.000000
993	100.000000
994	100.000000
995	100.000000
996	100.000000
997	100.000000
998	100.000000
999	100.000000
1000	100.000000
;
