# seed = 3

param N := 1000;

param M := 1;

param Umax := 100.000000;

param: C :=
1	2493200.000000
;

param: a :=
1	0.126387
2	0.112110
3	0.139460
4	0.187860
5	0.152891
6	0.169300
7	0.102214
8	0.100712
9	0.165460
10	0.137541
11	0.164209
12	0.165052
13	0.166123
14	0.115461
15	0.124324
16	0.136119
17	0.186620
18	0.194001
19	0.180460
20	0.157763
21	0.175053
22	0.154655
23	0.136789
24	0.182321
25	0.160156
26	0.194864
27	0.164423
28	0.126086
29	0.109400
30	0.132245
31	0.125944
32	0.136758
33	0.147146
34	0.193201
35	0.192864
36	0.197991
37	0.172751
38	0.122277
39	0.108467
40	0.126576
41	0.107922
42	0.171704
43	0.181303
44	0.139113
45	0.153407
46	0.149078
47	0.165309
48	0.176941
49	0.182262
50	0.186303
51	0.129047
52	0.147252
53	0.148500
54	0.180523
55	0.177367
56	0.150991
57	0.129046
58	0.193834
59	0.189220
60	0.106222
61	0.180660
62	0.184158
63	0.124839
64	0.165042
65	0.111005
66	0.100278
67	0.147856
68	0.180112
69	0.120283
70	0.103787
71	0.148397
72	0.155182
73	0.108753
74	0.130435
75	0.130464
76	0.169923
77	0.186644
78	0.145015
79	0.174819
80	0.181066
81	0.162720
82	0.144009
83	0.130781
84	0.139483
85	0.125245
86	0.105123
87	0.175905
88	0.137654
89	0.152722
90	0.186909
91	0.148167
92	0.142116
93	0.126402
94	0.130560
95	0.198553
96	0.147881
97	0.123244
98	0.139900
99	0.123389
100	0.110120
101	0.171664
102	0.179341
103	0.132364
104	0.144861
105	0.153545
106	0.194346
107	0.187287
108	0.148123
109	0.131351
110	0.123387
111	0.124113
112	0.116121
113	0.167766
114	0.145863
115	0.145643
116	0.134607
117	0.107394
118	0.107742
119	0.155544
120	0.109558
121	0.118669
122	0.140787
123	0.193135
124	0.127859
125	0.151451
126	0.141415
127	0.168429
128	0.157920
129	0.107845
130	0.117542
131	0.192806
132	0.110806
133	0.186202
134	0.122365
135	0.157716
136	0.166227
137	0.155110
138	0.138123
139	0.182033
140	0.125916
141	0.132704
142	0.127514
143	0.152642
144	0.164988
145	0.129925
146	0.116846
147	0.103560
148	0.169433
149	0.182839
150	0.172652
151	0.112412
152	0.194148
153	0.196832
154	0.149101
155	0.167523
156	0.172241
157	0.145718
158	0.111191
159	0.159867
160	0.176503
161	0.107008
162	0.166826
163	0.154292
164	0.198723
165	0.180442
166	0.131248
167	0.106914
168	0.128701
169	0.108150
170	0.131987
171	0.117440
172	0.135961
173	0.150393
174	0.107846
175	0.122064
176	0.116667
177	0.126449
178	0.192416
179	0.185774
180	0.171641
181	0.168059
182	0.182258
183	0.138857
184	0.101040
185	0.103351
186	0.112207
187	0.195041
188	0.126716
189	0.182688
190	0.104178
191	0.134529
192	0.143232
193	0.164543
194	0.140972
195	0.192559
196	0.129081
197	0.141679
198	0.185421
199	0.146343
200	0.108727
201	0.112208
202	0.185506
203	0.109696
204	0.159652
205	0.180068
206	0.151451
207	0.149516
208	0.191819
209	0.174084
210	0.172772
211	0.134699
212	0.113448
213	0.188432
214	0.162601
215	0.104208
216	0.113880
217	0.125791
218	0.182522
219	0.187978
220	0.162043
221	0.121510
222	0.149716
223	0.156484
224	0.194350
225	0.165234
226	0.101945
227	0.182288
228	0.143742
229	0.136130
230	0.144872
231	0.180761
232	0.112420
233	0.180428
234	0.180044
235	0.166924
236	0.197310
237	0.165231
238	0.142617
239	0.144270
240	0.136776
241	0.183243
242	0.112766
243	0.170319
244	0.169332
245	0.117295
246	0.104516
247	0.117045
248	0.176608
249	0.198167
250	0.189524
251	0.138485
252	0.134687
253	0.148272
254	0.157059
255	0.136672
256	0.135062
257	0.179309
258	0.176836
259	0.165201
260	0.187186
261	0.122922
262	0.153592
263	0.183381
264	0.102473
265	0.143240
266	0.166434
267	0.119036
268	0.147514
269	0.156909
270	0.124643
271	0.183232
272	0.135304
273	0.118099
274	0.146719
275	0.106161
276	0.107861
277	0.198837
278	0.126746
279	0.143962
280	0.183943
281	0.160278
282	0.194862
283	0.123053
284	0.136693
285	0.188545
286	0.138720
287	0.143353
288	0.185149
289	0.103256
290	0.181907
291	0.133864
292	0.171531
293	0.159777
294	0.149456
295	0.118457
296	0.111216
297	0.133931
298	0.188322
299	0.145994
300	0.197141
301	0.161632
302	0.194281
303	0.193242
304	0.182150
305	0.150081
306	0.196375
307	0.146218
308	0.121756
309	0.152293
310	0.100228
311	0.177386
312	0.141985
313	0.103811
314	0.156171
315	0.140066
316	0.118173
317	0.185667
318	0.195814
319	0.144858
320	0.134596
321	0.178101
322	0.119968
323	0.129432
324	0.104218
325	0.127544
326	0.152103
327	0.153470
328	0.132523
329	0.124777
330	0.116067
331	0.191740
332	0.162008
333	0.178025
334	0.186693
335	0.144488
336	0.198672
337	0.180885
338	0.128266
339	0.175920
340	0.168850
341	0.168780
342	0.117021
343	0.198657
344	0.148925
345	0.157649
346	0.102834
347	0.128392
348	0.186008
349	0.101907
350	0.189145
351	0.123048
352	0.185756
353	0.135057
354	0.119483
355	0.139565
356	0.147987
357	0.142377
358	0.151730
359	0.112408
360	0.174784
361	0.113179
362	0.166380
363	0.151533
364	0.164357
365	0.150112
366	0.188270
367	0.164815
368	0.189879
369	0.185313
370	0.163401
371	0.194935
372	0.157201
373	0.152275
374	0.146243
375	0.140000
376	0.191080
377	0.154704
378	0.166259
379	0.182308
380	0.109404
381	0.170316
382	0.104543
383	0.141979
384	0.177039
385	0.134661
386	0.111315
387	0.105675
388	0.105869
389	0.144371
390	0.178088
391	0.124992
392	0.155338
393	0.126262
394	0.167766
395	0.137152
396	0.165557
397	0.170562
398	0.102226
399	0.121900
400	0.193775
401	0.125327
402	0.182906
403	0.191223
404	0.193944
405	0.115343
406	0.166550
407	0.138858
408	0.111165
409	0.181658
410	0.194348
411	0.158829
412	0.108041
413	0.173114
414	0.144115
415	0.163746
416	0.110535
417	0.149701
418	0.169262
419	0.145055
420	0.116476
421	0.167317
422	0.175707
423	0.116528
424	0.118406
425	0.140013
426	0.152345
427	0.124509
428	0.180956
429	0.161957
430	0.133546
431	0.195454
432	0.158182
433	0.184628
434	0.105358
435	0.161765
436	0.130492
437	0.104372
438	0.121848
439	0.179475
440	0.108458
441	0.112867
442	0.151983
443	0.153354
444	0.151188
445	0.154536
446	0.150757
447	0.135681
448	0.153122
449	0.128923
450	0.108159
451	0.198747
452	0.156330
453	0.197687
454	0.139637
455	0.193899
456	0.159653
457	0.129727
458	0.172714
459	0.150463
460	0.111949
461	0.165160
462	0.118679
463	0.187785
464	0.148267
465	0.110194
466	0.149934
467	0.169822
468	0.115249
469	0.166140
470	0.117145
471	0.138133
472	0.184431
473	0.162456
474	0.179585
475	0.185463
476	0.132462
477	0.164024
478	0.196877
479	0.157781
480	0.133290
481	0.195695
482	0.130190
483	0.169548
484	0.176738
485	0.101075
486	0.146371
487	0.168273
488	0.185350
489	0.101512
490	0.193285
491	0.187831
492	0.153308
493	0.144668
494	0.183622
495	0.127727
496	0.175768
497	0.174040
498	0.181286
499	0.168416
500	0.149385
501	0.173850
502	0.187838
503	0.149657
504	0.113264
505	0.153277
506	0.154639
507	0.157263
508	0.157641
509	0.169332
510	0.131440
511	0.134333
512	0.112651
513	0.194014
514	0.194247
515	0.121779
516	0.189118
517	0.124925
518	0.139294
519	0.199468
520	0.155382
521	0.185753
522	0.164411
523	0.190665
524	0.117241
525	0.145714
526	0.149113
527	0.178008
528	0.162308
529	0.115117
530	0.163850
531	0.177058
532	0.180968
533	0.179271
534	0.122883
535	0.189598
536	0.175949
537	0.194564
538	0.137106
539	0.140250
540	0.105992
541	0.114579
542	0.185410
543	0.193365
544	0.138209
545	0.147156
546	0.132525
547	0.193666
548	0.179981
549	0.166273
550	0.172303
551	0.186601
552	0.178761
553	0.141281
554	0.199353
555	0.115422
556	0.112434
557	0.107975
558	0.133069
559	0.129241
560	0.195522
561	0.119566
562	0.111237
563	0.161826
564	0.178587
565	0.144721
566	0.144871
567	0.191796
568	0.130816
569	0.126464
570	0.127622
571	0.144264
572	0.102998
573	0.140745
574	0.181506
575	0.172441
576	0.115277
577	0.196187
578	0.152828
579	0.146696
580	0.166223
581	0.187682
582	0.164521
583	0.139006
584	0.167874
585	0.159766
586	0.153568
587	0.159357
588	0.125750
589	0.163937
590	0.193044
591	0.132138
592	0.192488
593	0.111712
594	0.140705
595	0.161223
596	0.105424
597	0.111344
598	0.197089
599	0.117371
600	0.170451
601	0.109263
602	0.137871
603	0.101225
604	0.175541
605	0.155051
606	0.137498
607	0.193653
608	0.114334
609	0.163644
610	0.105661
611	0.114239
612	0.108751
613	0.167201
614	0.179757
615	0.115390
616	0.161497
617	0.115935
618	0.103538
619	0.146795
620	0.145977
621	0.128188
622	0.166894
623	0.162087
624	0.153803
625	0.181152
626	0.171997
627	0.180173
628	0.144137
629	0.155832
630	0.117478
631	0.166388
632	0.124196
633	0.180576
634	0.151328
635	0.107356
636	0.197036
637	0.196529
638	0.188491
639	0.173107
640	0.144964
641	0.144411
642	0.180604
643	0.190891
644	0.123858
645	0.164744
646	0.142066
647	0.158290
648	0.144062
649	0.103059
650	0.161944
651	0.169139
652	0.161714
653	0.122504
654	0.164991
655	0.184875
656	0.102433
657	0.109242
658	0.116202
659	0.153293
660	0.127564
661	0.177189
662	0.102997
663	0.192591
664	0.116376
665	0.138144
666	0.110794
667	0.169342
668	0.147114
669	0.132802
670	0.198779
671	0.162516
672	0.167651
673	0.141664
674	0.172278
675	0.136245
676	0.140889
677	0.157908
678	0.164993
679	0.101806
680	0.184579
681	0.135595
682	0.126528
683	0.100276
684	0.110587
685	0.149718
686	0.196820
687	0.118420
688	0.153844
689	0.157632
690	0.105036
691	0.190843
692	0.182884
693	0.161096
694	0.181132
695	0.163845
696	0.133962
697	0.131985
698	0.196194
699	0.105568
700	0.100901
701	0.193593
702	0.131667
703	0.192549
704	0.113758
705	0.127634
706	0.199433
707	0.138733
708	0.186346
709	0.125345
710	0.178549
711	0.121413
712	0.158260
713	0.182385
714	0.165752
715	0.148439
716	0.131984
717	0.175784
718	0.176338
719	0.156490
720	0.142279
721	0.149978
722	0.149751
723	0.130538
724	0.141029
725	0.120199
726	0.118430
727	0.148590
728	0.172214
729	0.108637
730	0.138174
731	0.131752
732	0.103898
733	0.105329
734	0.124235
735	0.118403
736	0.155118
737	0.187159
738	0.159401
739	0.133563
740	0.126488
741	0.123818
742	0.119741
743	0.157143
744	0.140027
745	0.170428
746	0.120873
747	0.119011
748	0.106637
749	0.188522
750	0.150949
751	0.165027
752	0.191494
753	0.164296
754	0.173898
755	0.114842
756	0.146062
757	0.132190
758	0.141380
759	0.177409
760	0.124677
761	0.154874
762	0.192172
763	0.136788
764	0.183568
765	0.102679
766	0.182458
767	0.120808
768	0.179195
769	0.182719
770	0.186246
771	0.169407
772	0.152335
773	0.112286
774	0.197878
775	0.129981
776	0.188697
777	0.110290
778	0.146456
779	0.130932
780	0.185183
781	0.194698
782	0.114707
783	0.169890
784	0.166700
785	0.192607
786	0.141781
787	0.147556
788	0.172977
789	0.194173
790	0.112392
791	0.177170
792	0.175048
793	0.116580
794	0.113589
795	0.196613
796	0.162170
797	0.114109
798	0.169961
799	0.181638
800	0.148348
801	0.191612
802	0.121994
803	0.119495
804	0.144834
805	0.188336
806	0.174619
807	0.107218
808	0.190725
809	0.168058
810	0.109301
811	0.169008
812	0.162786
813	0.155695
814	0.159502
815	0.126830
816	0.186492
817	0.139607
818	0.158694
819	0.106720
820	0.121757
821	0.195996
822	0.129824
823	0.155321
824	0.137034
825	0.173618
826	0.166022
827	0.169467
828	0.136148
829	0.181385
830	0.169415
831	0.151197
832	0.197939
833	0.133485
834	0.169259
835	0.177645
836	0.113576
837	0.114885
838	0.123845
839	0.108769
840	0.178362
841	0.180082
842	0.186946
843	0.113450
844	0.116882
845	0.155643
846	0.141650
847	0.166461
848	0.103776
849	0.151304
850	0.179967
851	0.132230
852	0.182279
853	0.127812
854	0.164314
855	0.162308
856	0.147462
857	0.194863
858	0.167925
859	0.160906
860	0.156515
861	0.138551
862	0.122836
863	0.125910
864	0.126954
865	0.173667
866	0.143429
867	0.159383
868	0.124963
869	0.140470
870	0.185481
871	0.135018
872	0.120592
873	0.196579
874	0.157299
875	0.123308
876	0.147840
877	0.137020
878	0.157369
879	0.184288
880	0.138137
881	0.133244
882	0.182128
883	0.137462
884	0.141492
885	0.102465
886	0.198450
887	0.135800
888	0.120357
889	0.167956
890	0.167278
891	0.168633
892	0.133506
893	0.158083
894	0.144118
895	0.105522
896	0.116094
897	0.161230
898	0.158684
899	0.163509
900	0.182311
901	0.162402
902	0.168242
903	0.136320
904	0.154382
905	0.157453
906	0.155178
907	0.181623
908	0.138433
909	0.181729
910	0.131265
911	0.121608
912	0.131273
913	0.189648
914	0.133234
915	0.190118
916	0.111251
917	0.187400
918	0.157123
919	0.173638
920	0.179774
921	0.180567
922	0.181327
923	0.178908
924	0.128306
925	0.129255
926	0.185480
927	0.132354
928	0.191564
929	0.116101
930	0.181288
931	0.133316
932	0.157369
933	0.123435
934	0.103486
935	0.107230
936	0.100282
937	0.193663
938	0.107249
939	0.120834
940	0.187038
941	0.104507
942	0.195076
943	0.192825
944	0.187110
945	0.123147
946	0.143340
947	0.152567
948	0.137599
949	0.109623
950	0.154656
951	0.157926
952	0.142913
953	0.106789
954	0.126225
955	0.113946
956	0.176244
957	0.172027
958	0.185510
959	0.120420
960	0.134862
961	0.142735
962	0.161615
963	0.119360
964	0.164800
965	0.111102
966	0.167388
967	0.172604
968	0.130684
969	0.196848
970	0.145389
971	0.172316
972	0.193038
973	0.102183
974	0.138498
975	0.110918
976	0.165710
977	0.151314
978	0.156709
979	0.132079
980	0.172834
981	0.155680
982	0.199073
983	0.189967
984	0.172028
985	0.127215
986	0.134909
987	0.185103
988	0.130732
989	0.125108
990	0.101696
991	0.148817
992	0.125509
993	0.117218
994	0.105322
995	0.114008
996	0.118289
997	0.171828
998	0.170646
999	0.147695
1000	0.147188
;

param: b :=
1	95.486801
2	82.511900
3	74.241174
4	2.622947
5	46.214664
6	11.974649
7	42.045495
8	92.368435
9	52.838111
10	57.377549
11	16.343201
12	31.767871
13	16.614649
14	61.860267
15	66.939106
16	7.584362
17	71.289266
18	6.888631
19	72.669960
20	92.646040
21	52.205616
22	44.271113
23	3.807026
24	19.369859
25	80.446905
26	87.598735
27	68.273594
28	52.301037
29	43.110280
30	33.978112
31	9.452998
32	16.021323
33	62.562058
34	36.008624
35	41.320686
36	24.579323
37	24.707823
38	69.770035
39	45.225515
40	65.846527
41	11.799234
42	59.088919
43	17.980914
44	86.715618
45	94.148700
46	52.141858
47	66.870788
48	88.744511
49	14.221572
50	15.238610
51	20.323492
52	31.979236
53	41.118008
54	48.379289
55	38.906907
56	79.901262
57	23.844366
58	21.559163
59	26.725440
60	14.967729
61	90.193924
62	82.981100
63	26.198156
64	92.487747
65	83.790057
66	78.968283
67	27.227585
68	53.181903
69	26.781363
70	26.212506
71	42.401627
72	23.712223
73	48.819244
74	23.491610
75	38.450662
76	61.252728
77	94.102184
78	73.255655
79	92.619762
80	10.886609
81	74.679135
82	35.004257
83	46.406253
84	80.889086
85	89.509209
86	27.152135
87	93.730099
88	3.385709
89	59.199100
90	76.785781
91	92.158066
92	32.166637
93	39.715914
94	24.186677
95	80.705109
96	9.266894
97	54.664478
98	84.483924
99	1.831903
100	84.993621
101	40.932624
102	15.450919
103	17.787332
104	19.642373
105	88.546887
106	9.470050
107	25.417514
108	8.679609
109	81.954551
110	60.181354
111	42.226838
112	17.965601
113	82.484336
114	70.032062
115	81.809749
116	7.651514
117	13.780988
118	7.018973
119	19.685101
120	10.420897
121	8.709586
122	74.498753
123	4.231686
124	18.739313
125	7.869517
126	32.974104
127	96.965816
128	5.128258
129	26.840124
130	3.200762
131	87.469389
132	34.539675
133	52.685397
134	23.774796
135	38.519419
136	32.195633
137	3.640455
138	70.370627
139	6.900948
140	58.555357
141	1.030657
142	56.867314
143	59.234354
144	6.599768
145	1.879558
146	71.176700
147	77.941097
148	17.979366
149	38.860239
150	23.544913
151	39.710154
152	86.619390
153	69.015771
154	70.576276
155	10.769582
156	19.344211
157	26.463741
158	65.058205
159	91.511040
160	84.816909
161	65.127515
162	60.718404
163	72.017719
164	14.272778
165	91.524540
166	62.356094
167	55.705991
168	46.220244
169	81.094555
170	65.856361
171	95.637682
172	78.436968
173	85.264220
174	19.924095
175	83.787603
176	14.559035
177	56.443077
178	49.349443
179	45.901736
180	83.925021
181	94.924474
182	19.801774
183	44.125297
184	96.995297
185	99.884297
186	31.917516
187	90.182817
188	48.889565
189	51.789619
190	41.188305
191	21.754575
192	45.236960
193	17.150480
194	31.859647
195	47.085077
196	47.749615
197	21.906066
198	6.408969
199	25.045001
200	33.829525
201	33.868421
202	74.100304
203	97.831163
204	25.060828
205	75.074965
206	38.063252
207	37.333333
208	88.465246
209	44.258311
210	54.052409
211	1.697953
212	74.133411
213	5.038170
214	19.571719
215	11.389509
216	78.620625
217	16.939562
218	74.058398
219	56.152463
220	26.035417
221	42.730587
222	58.650290
223	0.560808
224	63.670066
225	27.328377
226	15.005754
227	2.627210
228	38.323772
229	15.333626
230	86.297384
231	67.757490
232	15.299842
233	77.920022
234	90.045287
235	27.510043
236	25.301494
237	79.545183
238	85.774134
239	53.203274
240	16.565402
241	14.685072
242	29.423194
243	35.238560
244	87.288351
245	92.176555
246	9.645270
247	48.897070
248	55.649558
249	89.823790
250	66.117837
251	20.019074
252	21.469172
253	32.107397
254	58.492989
255	46.574491
256	41.565689
257	26.091009
258	84.151039
259	80.649638
260	64.771505
261	92.168692
262	76.436877
263	37.650237
264	47.803866
265	91.079703
266	36.758665
267	92.231246
268	75.993423
269	8.420768
270	70.828246
271	30.331134
272	47.695939
273	40.487694
274	60.298502
275	9.861168
276	80.914978
277	58.245469
278	61.902557
279	26.154591
280	60.582055
281	78.123227
282	53.475833
283	82.943368
284	52.425555
285	91.917420
286	15.692213
287	37.464363
288	17.754077
289	86.833643
290	43.088424
291	59.493570
292	62.724509
293	55.280782
294	22.960981
295	57.213411
296	91.708343
297	1.919773
298	72.974300
299	47.317717
300	2.850655
301	89.765719
302	8.983807
303	3.729506
304	42.894180
305	15.212169
306	28.769765
307	58.988929
308	56.146819
309	65.520451
310	4.027658
311	14.918252
312	98.092143
313	7.188838
314	51.727876
315	29.320587
316	48.040914
317	63.755636
318	19.227903
319	55.369229
320	4.989256
321	25.406965
322	92.603211
323	53.938471
324	27.067469
325	83.455303
326	41.974198
327	74.258865
328	47.858825
329	65.860656
330	16.519688
331	24.469806
332	71.533238
333	31.327317
334	56.037300
335	68.244954
336	56.005360
337	63.594202
338	52.263155
339	12.679563
340	86.052603
341	88.197184
342	30.465914
343	70.537360
344	83.743391
345	35.639362
346	84.478966
347	94.087020
348	63.589676
349	39.199600
350	55.044415
351	38.620787
352	24.371978
353	36.525527
354	28.579195
355	64.595413
356	60.670296
357	24.116176
358	79.548887
359	38.488451
360	59.504099
361	35.228688
362	45.404834
363	25.105771
364	13.467563
365	52.345756
366	26.108445
367	8.513797
368	66.295338
369	97.858072
370	74.849090
371	94.096467
372	14.602340
373	90.645108
374	18.139859
375	37.183032
376	82.937201
377	18.581859
378	15.181053
379	25.877988
380	87.684055
381	53.251541
382	40.527266
383	60.400843
384	74.279013
385	29.767396
386	90.110673
387	57.445576
388	19.099817
389	94.180131
390	29.416081
391	74.872460
392	35.923723
393	54.288038
394	20.769426
395	32.248924
396	55.668357
397	87.493761
398	31.512168
399	42.660821
400	35.196015
401	64.910911
402	28.420673
403	30.921842
404	69.068463
405	38.407534
406	77.791207
407	6.228659
408	30.367602
409	99.184305
410	29.129911
411	97.710950
412	76.418147
413	66.848122
414	15.014562
415	78.950305
416	38.704209
417	82.095789
418	63.299769
419	2.947906
420	49.073648
421	67.130298
422	55.278516
423	17.721329
424	43.617242
425	70.566802
426	21.182713
427	88.832431
428	84.113336
429	19.605770
430	47.119478
431	87.965305
432	74.920589
433	96.736560
434	11.803892
435	32.236637
436	98.427962
437	83.491613
438	21.171304
439	95.136272
440	18.342555
441	40.693161
442	21.220494
443	53.125950
444	10.920792
445	35.414221
446	54.114894
447	93.287060
448	6.641875
449	74.340634
450	11.271482
451	35.017418
452	29.311040
453	33.812439
454	89.009513
455	16.487960
456	78.018220
457	36.330842
458	42.647425
459	93.173305
460	83.730456
461	62.408700
462	92.260889
463	27.457379
464	40.541501
465	82.761801
466	65.859220
467	38.195371
468	13.511364
469	78.164611
470	43.353146
471	75.522127
472	26.131648
473	45.946316
474	78.043792
475	28.529419
476	51.699281
477	66.030162
478	11.945560
479	14.752678
480	27.350728
481	82.042844
482	52.047176
483	56.878564
484	25.394176
485	9.011535
486	41.486094
487	40.136123
488	53.443954
489	71.637126
490	43.922081
491	68.198365
492	81.519126
493	63.204083
494	59.947274
495	44.590252
496	13.347048
497	6.709082
498	37.538059
499	42.730053
500	8.374553
501	96.957878
502	51.374537
503	31.554352
504	96.367960
505	18.986193
506	88.021330
507	73.434362
508	37.516413
509	77.219830
510	7.069143
511	99.348056
512	91.948928
513	15.601818
514	91.761821
515	95.816053
516	12.661624
517	65.508634
518	89.948983
519	22.574587
520	69.685419
521	98.906737
522	88.652010
523	21.924951
524	88.353795
525	77.433588
526	3.850754
527	69.794763
528	80.801925
529	23.990624
530	98.839049
531	58.552537
532	17.110101
533	65.751730
534	0.787206
535	24.036028
536	12.325780
537	57.187752
538	68.932499
539	80.322432
540	35.756616
541	95.142153
542	23.050591
543	64.359599
544	1.389327
545	4.496934
546	80.451533
547	86.625313
548	84.441369
549	96.046234
550	59.713557
551	10.441759
552	95.753178
553	78.771925
554	85.568662
555	29.338205
556	42.508214
557	90.021347
558	81.516689
559	25.384419
560	34.698561
561	92.600448
562	7.897483
563	74.827173
564	13.104930
565	92.148317
566	5.171833
567	36.774176
568	15.258472
569	65.766978
570	61.608722
571	87.869434
572	99.348965
573	14.302273
574	14.531819
575	26.710346
576	67.310306
577	82.241390
578	54.623384
579	96.630309
580	59.826681
581	52.319536
582	83.069245
583	52.681769
584	53.520394
585	91.109543
586	50.393987
587	98.339203
588	86.999659
589	8.426106
590	23.777680
591	12.929350
592	9.406712
593	24.893923
594	8.009489
595	57.293675
596	52.450545
597	76.135561
598	0.653526
599	31.266968
600	14.014500
601	3.114356
602	91.579252
603	45.972302
604	86.841412
605	79.759874
606	93.504672
607	99.114228
608	49.752923
609	50.975695
610	37.890908
611	12.402030
612	1.850807
613	96.323515
614	22.539565
615	5.193846
616	55.164296
617	46.575913
618	1.412980
619	23.871721
620	70.155984
621	77.116659
622	11.689336
623	50.582802
624	69.584403
625	42.734748
626	97.418315
627	85.921250
628	13.084073
629	32.010712
630	25.202730
631	67.073277
632	98.965719
633	20.706069
634	7.994621
635	12.688442
636	64.261785
637	31.159523
638	90.268851
639	0.322107
640	79.146207
641	90.783824
642	44.474392
643	30.405310
644	51.807482
645	36.616324
646	88.695532
647	45.894262
648	76.352581
649	93.382923
650	79.888654
651	35.164134
652	5.883591
653	7.474333
654	4.953813
655	85.866339
656	89.921279
657	85.624459
658	51.007321
659	61.728179
660	55.341257
661	11.251614
662	85.989089
663	89.418687
664	41.680191
665	88.667357
666	81.895708
667	88.483156
668	27.931724
669	24.193530
670	55.216462
671	83.542548
672	74.108314
673	30.977524
674	18.792463
675	36.243094
676	70.447735
677	56.155387
678	17.825437
679	14.035401
680	0.893441
681	62.647509
682	69.546544
683	39.398403
684	38.613159
685	1.773192
686	33.431116
687	41.678444
688	5.058470
689	91.605432
690	66.604901
691	11.671388
692	81.202952
693	60.699758
694	42.732618
695	18.432968
696	10.087865
697	80.784879
698	70.210637
699	40.111418
700	20.571128
701	83.085044
702	17.282419
703	15.771996
704	16.541370
705	85.469590
706	76.065289
707	0.166979
708	75.721396
709	77.195692
710	29.686086
711	77.883135
712	64.640443
713	28.346480
714	53.681940
715	3.424068
716	9.745029
717	98.331743
718	97.178927
719	65.074891
720	53.011712
721	24.432446
722	55.428564
723	5.123242
724	28.590372
725	86.796876
726	10.503780
727	99.737114
728	29.802529
729	4.421134
730	85.516238
731	25.004848
732	6.611799
733	39.508184
734	74.270216
735	21.279077
736	1.822013
737	76.445627
738	75.515111
739	49.719869
740	96.199472
741	39.138844
742	50.061992
743	12.755320
744	24.574118
745	14.131802
746	13.905010
747	73.703261
748	66.876845
749	10.837746
750	79.306421
751	36.546708
752	14.516613
753	79.552658
754	50.415819
755	57.155726
756	87.669322
757	20.379250
758	96.305603
759	30.987359
760	44.953570
761	70.920860
762	58.369172
763	30.312310
764	12.278870
765	32.447870
766	15.895864
767	20.930247
768	22.388384
769	12.216906
770	97.106114
771	63.818718
772	52.438151
773	25.370029
774	51.581790
775	19.475678
776	48.496229
777	1.583223
778	68.334950
779	8.868581
780	58.716694
781	65.611655
782	31.163859
783	50.527910
784	53.792144
785	21.227806
786	90.634525
787	76.948315
788	84.533771
789	67.581065
790	87.957951
791	32.489357
792	1.908212
793	56.416204
794	28.253573
795	6.383967
796	9.851189
797	88.524169
798	68.659357
799	33.600733
800	48.218041
801	28.981765
802	56.422108
803	22.838430
804	87.351369
805	94.273442
806	97.694183
807	84.548425
808	17.119451
809	22.225564
810	69.905487
811	0.374281
812	10.996919
813	86.511871
814	15.486857
815	85.430002
816	52.545051
817	2.551403
818	84.497598
819	42.205247
820	23.302967
821	52.879226
822	40.888346
823	4.103589
824	19.288399
825	94.644263
826	9.434015
827	76.650646
828	4.275414
829	50.045283
830	25.516269
831	72.193057
832	90.085047
833	90.293150
834	94.566394
835	82.277897
836	16.932821
837	77.841300
838	61.828494
839	90.789308
840	70.583865
841	64.452893
842	88.049165
843	22.735235
844	81.934624
845	64.110529
846	79.047993
847	6.489806
848	68.481435
849	91.858268
850	86.758519
851	70.990775
852	16.253226
853	95.603947
854	79.854223
855	96.061170
856	5.298202
857	15.788864
858	37.665219
859	20.698519
860	21.483101
861	96.537337
862	23.013689
863	92.170777
864	84.138828
865	9.779780
866	60.356016
867	62.147269
868	35.558741
869	60.614970
870	33.316141
871	91.030254
872	82.456741
873	14.321293
874	25.926970
875	6.498938
876	53.053392
877	24.307206
878	20.549931
879	32.448322
880	56.217312
881	72.712638
882	64.537898
883	63.834640
884	61.757324
885	56.135908
886	69.409244
887	51.554072
888	83.031877
889	81.195964
890	39.888400
891	32.344115
892	43.178691
893	51.754926
894	71.016785
895	40.110044
896	67.308515
897	43.591678
898	12.001656
899	14.593773
900	73.920848
901	49.595266
902	88.032814
903	82.933617
904	69.315205
905	61.936412
906	71.205985
907	81.951299
908	44.422969
909	45.308421
910	20.379101
911	25.926927
912	43.165948
913	8.556123
914	69.200669
915	54.271880
916	14.849101
917	37.720570
918	67.044746
919	93.160597
920	51.742768
921	14.587399
922	18.831395
923	26.240318
924	23.438519
925	86.732662
926	5.996608
927	12.733932
928	25.201212
929	47.568011
930	98.963256
931	40.433931
932	42.006990
933	43.105972
934	65.906628
935	66.677076
936	99.008877
937	68.179632
938	21.802852
939	84.488213
940	15.917427
941	14.064926
942	57.426095
943	21.945046
944	50.098160
945	67.216126
946	94.116826
947	81.102035
948	16.554932
949	72.613555
950	66.335373
951	86.929189
952	50.883539
953	66.304307
954	69.773413
955	3.328812
956	61.366218
957	3.280823
958	76.272015
959	16.631425
960	72.072855
961	20.083941
962	57.431207
963	87.237337
964	82.624600
965	93.324278
966	5.707090
967	46.640700
968	0.336836
969	48.723484
970	76.160146
971	0.108633
972	88.956068
973	78.473869
974	49.792030
975	99.309193
976	4.030627
977	5.422467
978	57.783793
979	85.111353
980	4.714144
981	8.464241
982	57.788471
983	56.663753
984	26.366362
985	31.897146
986	38.825103
987	21.927343
988	25.804898
989	62.577830
990	66.605000
991	26.758027
992	99.643566
993	62.060952
994	43.364039
995	52.927639
996	48.140745
997	91.117191
998	69.823476
999	56.350874
1000	59.797896
;

param: c :=
1	89.432485
2	66.691680
3	62.919003
4	60.300667
5	82.392220
6	79.068273
7	53.595635
8	45.124765
9	6.672063
10	1.789310
11	30.767355
12	79.534200
13	70.804417
14	79.787494
15	34.117319
16	39.037579
17	97.296126
18	23.698883
19	26.367391
20	20.328158
21	49.365635
22	46.413318
23	97.704308
24	18.336226
25	21.431192
26	92.849120
27	10.822218
28	0.195129
29	86.341888
30	60.276410
31	26.818758
32	11.396467
33	38.154735
34	59.023520
35	3.260415
36	66.775701
37	75.587843
38	45.462076
39	21.705992
40	80.875204
41	67.447274
42	70.153925
43	24.068803
44	47.282850
45	60.396378
46	9.215436
47	60.717193
48	85.968685
49	89.087086
50	86.091834
51	29.994873
52	95.786401
53	39.946874
54	15.130252
55	63.469375
56	0.860455
57	39.137338
58	21.208230
59	57.534466
60	66.905083
61	56.258135
62	55.610512
63	94.281113
64	95.037809
65	74.181547
66	14.771321
67	85.438361
68	14.980417
69	6.697430
70	76.735806
71	99.486205
72	71.628177
73	76.391695
74	5.922658
75	54.342236
76	89.993919
77	72.554697
78	56.787455
79	74.134064
80	25.073774
81	33.162436
82	1.577420
83	35.136922
84	73.483366
85	85.888645
86	37.932001
87	25.181812
88	72.837915
89	67.492116
90	44.918185
91	48.111026
92	12.174569
93	50.136921
94	49.143459
95	51.497489
96	60.904343
97	41.647544
98	38.107921
99	12.274246
100	24.881886
101	43.837405
102	74.781821
103	81.425873
104	91.613039
105	52.054944
106	75.917044
107	52.594875
108	90.584910
109	50.400133
110	65.915375
111	86.320914
112	44.410710
113	82.195040
114	93.061812
115	5.348806
116	16.394771
117	99.016277
118	32.223148
119	37.088527
120	8.524936
121	62.800946
122	26.094400
123	30.845486
124	67.133653
125	20.616308
126	2.525188
127	56.878281
128	39.506372
129	92.786444
130	62.978894
131	14.773650
132	16.492572
133	5.189157
134	90.941395
135	9.326487
136	3.551093
137	23.989541
138	40.359779
139	80.793431
140	96.599785
141	58.292002
142	41.036530
143	81.993658
144	17.442239
145	49.033383
146	4.108066
147	25.543611
148	45.671847
149	85.330983
150	30.230781
151	82.100021
152	95.674680
153	81.873454
154	29.483249
155	81.874882
156	57.958533
157	38.684696
158	1.324392
159	56.455323
160	40.821651
161	27.142142
162	91.731665
163	64.812413
164	42.684677
165	23.354357
166	52.185007
167	70.621665
168	78.801699
169	68.102426
170	13.971319
171	62.908011
172	96.272197
173	78.184747
174	45.016012
175	40.448315
176	64.485765
177	0.111604
178	44.398037
179	5.761325
180	5.841271
181	81.497640
182	23.578479
183	97.235471
184	48.620918
185	9.532471
186	8.760289
187	45.834156
188	49.417460
189	8.156858
190	46.509563
191	36.132169
192	56.695383
193	0.082972
194	58.792988
195	38.710570
196	36.935467
197	30.188044
198	99.876531
199	13.492930
200	26.181266
201	56.468995
202	35.906839
203	28.135799
204	58.250919
205	84.671489
206	95.734709
207	56.522347
208	37.464769
209	74.275511
210	51.088531
211	43.642299
212	81.336789
213	56.261841
214	62.691822
215	83.005556
216	19.662897
217	45.856775
218	72.170299
219	38.496058
220	84.849108
221	43.936074
222	65.518545
223	72.413294
224	40.871063
225	47.613721
226	17.767725
227	47.799322
228	96.835037
229	43.001320
230	22.618661
231	76.799179
232	0.110380
233	80.939077
234	12.561726
235	29.919948
236	2.693911
237	58.171237
238	8.221434
239	32.967011
240	84.814880
241	35.196097
242	91.837526
243	16.437669
244	97.210047
245	56.164338
246	69.144809
247	70.837449
248	56.093216
249	77.136934
250	32.198521
251	61.558708
252	51.855383
253	43.162161
254	24.598576
255	81.315577
256	22.274362
257	71.958395
258	55.438393
259	75.112244
260	21.915766
261	94.645771
262	61.255602
263	64.490312
264	29.130544
265	4.715279
266	16.431496
267	58.589159
268	87.222983
269	2.014724
270	98.746414
271	92.917716
272	70.596985
273	41.576080
274	25.198977
275	88.209642
276	6.309615
277	66.267399
278	8.602279
279	73.778805
280	88.461653
281	8.449128
282	97.979056
283	86.120128
284	8.070715
285	94.213422
286	37.090858
287	21.941689
288	83.621248
289	73.646651
290	41.630951
291	39.764298
292	79.832351
293	18.442285
294	33.783805
295	93.536798
296	89.124838
297	76.968424
298	26.722439
299	11.825883
300	71.162003
301	52.499996
302	47.756049
303	61.161081
304	11.627090
305	53.921148
306	66.950830
307	58.465486
308	66.651910
309	53.250491
310	65.271694
311	29.909593
312	81.848907
313	57.574733
314	47.182636
315	37.058059
316	21.143879
317	41.241506
318	44.735061
319	67.809221
320	5.841471
321	13.531876
322	88.659646
323	29.445080
324	61.962374
325	32.328548
326	84.096254
327	54.948820
328	18.657505
329	38.487518
330	74.986986
331	63.475664
332	41.418660
333	68.679708
334	86.154910
335	98.415209
336	64.717394
337	46.031400
338	3.839102
339	57.062945
340	17.256316
341	25.108194
342	66.590536
343	21.984441
344	4.290076
345	15.408949
346	9.030934
347	66.038694
348	14.801752
349	30.176407
350	85.099401
351	71.251299
352	52.901225
353	53.551241
354	25.079857
355	34.362407
356	48.389485
357	22.766298
358	43.293756
359	91.314874
360	56.591743
361	58.344694
362	70.894736
363	13.258102
364	31.968890
365	30.352866
366	41.447414
367	42.413185
368	56.878093
369	50.598038
370	57.884791
371	34.196212
372	21.288582
373	86.183136
374	43.622400
375	93.574832
376	46.179752
377	30.474370
378	19.389135
379	29.854126
380	95.219903
381	63.630465
382	43.335903
383	81.248098
384	11.731057
385	58.886758
386	16.770888
387	67.456541
388	43.472451
389	66.048343
390	19.229416
391	59.663197
392	62.746092
393	33.463295
394	94.360616
395	34.562319
396	51.947575
397	10.365196
398	94.089191
399	93.233174
400	73.361536
401	57.402965
402	43.260126
403	12.090207
404	0.277708
405	25.019378
406	2.381175
407	25.966361
408	22.554151
409	61.692991
410	85.120997
411	8.322994
412	8.420397
413	45.357729
414	54.749591
415	40.997978
416	92.717900
417	93.949584
418	45.973993
419	35.659324
420	37.468507
421	95.889066
422	41.520849
423	65.324403
424	63.254219
425	20.588047
426	23.310193
427	41.787653
428	58.745685
429	17.547807
430	90.396063
431	42.558977
432	95.750759
433	14.761761
434	12.275682
435	54.247156
436	6.406883
437	64.699291
438	97.925617
439	11.858701
440	24.062176
441	70.532517
442	72.289155
443	22.469725
444	9.887484
445	82.886657
446	82.122507
447	74.872099
448	36.184420
449	21.030659
450	9.888858
451	56.796654
452	73.051152
453	69.916182
454	90.161462
455	22.032784
456	61.871048
457	24.470958
458	51.427344
459	18.883120
460	93.372419
461	46.507694
462	36.255522
463	34.894968
464	51.421712
465	80.916101
466	22.846434
467	11.013986
468	48.735399
469	82.130823
470	83.054887
471	92.561819
472	70.707861
473	23.749710
474	63.780572
475	86.975855
476	57.297001
477	68.792491
478	5.804997
479	6.076467
480	22.271562
481	16.396690
482	60.432111
483	43.069607
484	28.578604
485	43.896597
486	72.073550
487	44.423357
488	4.051134
489	46.083940
490	48.869581
491	28.494528
492	36.266762
493	77.776928
494	38.990722
495	80.736381
496	39.098234
497	8.657167
498	77.944789
499	90.405547
500	49.426219
501	22.870701
502	90.807931
503	78.034106
504	26.884735
505	30.529764
506	54.012511
507	79.873518
508	29.898569
509	18.789683
510	28.618060
511	97.199795
512	57.507480
513	30.403992
514	72.540962
515	15.130883
516	2.577971
517	42.638112
518	28.697167
519	65.547205
520	88.133542
521	8.305002
522	23.887189
523	74.750272
524	40.242539
525	76.014876
526	10.884666
527	55.463829
528	41.868288
529	37.407675
530	82.423743
531	28.235309
532	82.126844
533	37.761231
534	37.842815
535	93.128263
536	18.371253
537	55.434667
538	48.920127
539	82.706401
540	56.906578
541	78.142008
542	64.746124
543	66.016169
544	3.398199
545	20.453678
546	39.336896
547	48.175066
548	82.477891
549	10.045656
550	57.483373
551	98.362606
552	87.764958
553	31.761822
554	97.821450
555	30.556546
556	18.048237
557	41.381380
558	24.425018
559	52.843855
560	87.586575
561	35.645465
562	40.971994
563	0.447813
564	70.345589
565	84.672874
566	83.630811
567	94.296639
568	74.251156
569	59.177180
570	35.614631
571	47.406523
572	44.372611
573	62.959893
574	11.124381
575	99.898046
576	50.216151
577	84.887416
578	38.535494
579	38.996945
580	94.952880
581	16.998951
582	56.943448
583	65.469641
584	34.915699
585	87.188237
586	88.848284
587	39.744042
588	66.749974
589	98.421660
590	55.692560
591	92.185602
592	4.082336
593	83.674290
594	20.939203
595	27.114704
596	48.194998
597	23.559065
598	47.571057
599	68.477135
600	46.329444
601	96.669606
602	25.031094
603	66.842790
604	89.343264
605	28.601815
606	21.629740
607	53.235466
608	50.077746
609	11.990500
610	58.433150
611	63.731548
612	99.326739
613	98.615506
614	60.056623
615	42.778030
616	22.418050
617	97.906312
618	56.127553
619	73.320391
620	2.433922
621	76.727112
622	26.827328
623	7.165633
624	74.553897
625	42.719152
626	9.794727
627	43.596682
628	65.538196
629	91.037105
630	92.771596
631	8.873283
632	17.415375
633	45.995381
634	36.866099
635	19.356243
636	1.139370
637	98.228491
638	1.647958
639	15.317737
640	64.507398
641	85.602252
642	84.567835
643	40.310073
644	2.830380
645	54.316833
646	64.810287
647	71.846764
648	14.161320
649	37.419377
650	68.292926
651	64.305517
652	59.080079
653	35.066532
654	48.612226
655	15.550509
656	64.435607
657	71.785148
658	98.046163
659	10.465930
660	88.750876
661	39.416754
662	49.827601
663	81.171316
664	35.673742
665	83.729896
666	51.977145
667	95.122446
668	24.286237
669	49.354943
670	70.276122
671	13.203664
672	90.530886
673	9.795836
674	2.921559
675	33.734619
676	9.898659
677	27.678119
678	72.569500
679	2.154338
680	31.568647
681	75.312054
682	83.823951
683	3.292506
684	99.089343
685	4.344308
686	15.990045
687	42.290463
688	11.373727
689	95.314909
690	50.231391
691	7.687274
692	63.850660
693	63.795107
694	57.329869
695	10.151392
696	68.535481
697	99.175327
698	83.667528
699	48.919897
700	79.281825
701	72.024125
702	88.098367
703	57.469656
704	52.235590
705	17.442422
706	89.289343
707	1.057686
708	5.166313
709	57.333026
710	5.794410
711	49.345544
712	22.989216
713	42.969373
714	99.122403
715	52.614819
716	64.878149
717	30.032358
718	4.569711
719	94.684112
720	29.552380
721	26.910578
722	3.616813
723	62.144870
724	89.774113
725	58.957516
726	67.423763
727	62.971219
728	56.245048
729	20.829418
730	28.627015
731	80.165184
732	6.634689
733	47.717443
734	96.432791
735	7.274568
736	45.039044
737	27.460541
738	21.229848
739	21.458869
740	7.289824
741	78.303529
742	18.406313
743	23.006052
744	80.904257
745	22.691218
746	22.141446
747	52.966598
748	93.623180
749	26.371760
750	95.486940
751	73.304036
752	50.629055
753	41.220299
754	69.826730
755	3.859664
756	51.877298
757	50.562845
758	28.770279
759	24.031360
760	6.480454
761	28.974038
762	19.477140
763	62.631924
764	87.309018
765	18.350801
766	8.854983
767	25.773659
768	95.093829
769	61.145845
770	56.154198
771	29.701104
772	70.834744
773	12.162590
774	57.792267
775	70.657022
776	60.317347
777	25.670577
778	11.884261
779	82.589422
780	31.655857
781	71.568694
782	20.508181
783	25.892590
784	32.766292
785	25.095734
786	77.185251
787	28.923008
788	64.607320
789	85.363795
790	97.947998
791	83.345052
792	81.356510
793	37.700134
794	93.512406
795	37.991800
796	64.650016
797	68.858718
798	48.137641
799	51.464294
800	0.496943
801	33.342419
802	22.454680
803	80.811730
804	43.380119
805	36.912134
806	18.491767
807	3.974520
808	72.593000
809	66.763006
810	96.955493
811	16.850955
812	11.722600
813	55.137460
814	29.572722
815	37.023754
816	5.683961
817	74.902624
818	12.350322
819	12.021091
820	39.018951
821	35.585146
822	56.985917
823	35.806923
824	53.961280
825	18.599460
826	38.878851
827	8.820737
828	92.961409
829	77.645840
830	14.526640
831	67.749761
832	99.710855
833	16.056311
834	74.264972
835	84.365332
836	29.561529
837	71.389037
838	96.400833
839	78.338132
840	57.300186
841	64.495363
842	70.422092
843	23.276941
844	84.689991
845	4.407940
846	2.822117
847	18.476302
848	75.341827
849	43.243152
850	86.595227
851	94.979849
852	92.397589
853	15.829930
854	5.622820
855	90.460101
856	40.295352
857	14.382144
858	62.528603
859	10.808601
860	93.133568
861	40.179264
862	69.420305
863	95.480804
864	95.495414
865	82.660171
866	36.371575
867	50.912616
868	48.230209
869	44.732490
870	71.450631
871	58.709701
872	21.375933
873	98.577436
874	42.626489
875	76.170775
876	72.206745
877	55.530593
878	36.111407
879	87.965075
880	16.700468
881	47.032232
882	60.401964
883	56.641088
884	50.887070
885	83.130968
886	52.961359
887	43.834049
888	71.183567
889	65.347301
890	31.178557
891	5.022797
892	65.354104
893	42.950593
894	84.948530
895	13.525339
896	40.942275
897	88.149684
898	80.324526
899	62.862880
900	15.361251
901	55.122517
902	63.430683
903	69.831534
904	69.886770
905	79.862857
906	29.082632
907	52.020787
908	2.605646
909	17.771186
910	8.657426
911	37.028549
912	44.629193
913	87.931549
914	44.097963
915	84.687004
916	41.527295
917	36.986943
918	67.941869
919	28.662250
920	73.269932
921	91.748184
922	0.358217
923	10.145442
924	63.882220
925	27.973219
926	64.925880
927	76.132155
928	81.181553
929	27.325452
930	7.475893
931	47.113868
932	78.066450
933	72.785676
934	14.350430
935	94.745034
936	21.994683
937	50.789055
938	58.382516
939	37.529956
940	6.785084
941	47.938666
942	53.482523
943	19.608726
944	82.013664
945	10.568600
946	6.048229
947	38.967717
948	71.761769
949	60.960995
950	17.406216
951	15.874812
952	50.157589
953	85.578240
954	76.320516
955	17.575796
956	34.601618
957	12.533922
958	67.009325
959	41.620007
960	62.387801
961	61.014140
962	50.877560
963	76.595368
964	38.221643
965	97.727919
966	28.412236
967	19.465449
968	38.363422
969	95.575472
970	55.656925
971	15.037447
972	24.961712
973	25.125756
974	41.855775
975	53.054797
976	38.072075
977	67.173310
978	18.558701
979	25.089813
980	25.573830
981	89.458794
982	86.281258
983	7.395028
984	66.742638
985	78.477969
986	94.513120
987	4.225609
988	98.413937
989	22.981041
990	57.127859
991	0.252575
992	59.835027
993	50.471700
994	10.923267
995	32.301752
996	99.703418
997	22.280754
998	43.957285
999	45.317899
1000	10.379955
;

param: d :=
1	-39.903509
2	-33.695724
3	-11.636446
4	-84.863393
5	-39.163209
6	-97.760442
7	-8.241951
8	-65.630600
9	-65.305173
10	-69.595996
11	-25.052391
12	-54.475485
13	-91.188984
14	-30.680112
15	-96.469863
16	-47.885204
17	-46.993575
18	-31.688185
19	-57.676608
20	-95.293889
21	-32.670644
22	-9.386752
23	-87.762417
24	-9.830062
25	-68.446954
26	-89.320255
27	-80.583953
28	-13.552562
29	-35.576995
30	-36.675907
31	-5.732514
32	-8.595369
33	-51.537594
34	-14.915676
35	-24.955171
36	-16.522074
37	-22.806180
38	-39.376217
39	-77.539059
40	-68.198691
41	-64.604042
42	-79.315508
43	-18.178871
44	-20.606074
45	-11.550018
46	-29.655239
47	-22.304649
48	-68.051178
49	-60.609711
50	-20.862308
51	-4.757436
52	-23.987535
53	-58.911187
54	-46.624479
55	-85.618129
56	-35.553007
57	-74.477495
58	-19.092568
59	-98.979697
60	-4.213893
61	-16.321293
62	-99.246445
63	-64.476809
64	-24.179721
65	-32.991380
66	-8.747867
67	-71.433330
68	-88.903963
69	-10.431976
70	-12.727884
71	-3.756067
72	-45.733323
73	-48.206754
74	-37.317975
75	-66.189960
76	-13.386217
77	-74.871077
78	-47.355735
79	-11.867540
80	-64.127104
81	-45.461697
82	-99.293767
83	-64.413637
84	-16.839655
85	-50.577529
86	-2.614896
87	-69.671426
88	-26.553966
89	-44.388280
90	-89.420588
91	-8.221267
92	-60.935185
93	-97.202179
94	-84.350346
95	-56.857318
96	-7.847089
97	-53.301392
98	-23.991595
99	-56.788094
100	-62.205790
101	-0.006038
102	-46.235875
103	-2.115452
104	-93.011790
105	-80.741892
106	-3.811776
107	-13.323044
108	-88.056708
109	-43.544969
110	-84.811758
111	-46.971926
112	-32.837220
113	-39.442196
114	-53.846677
115	-0.738185
116	-61.013098
117	-6.610667
118	-85.926406
119	-84.943244
120	-16.837154
121	-51.873704
122	-46.283419
123	-8.439811
124	-55.015468
125	-49.722281
126	-63.071421
127	-72.604805
128	-63.941079
129	-36.457668
130	-42.278841
131	-40.539752
132	-36.835649
133	-91.824944
134	-50.680656
135	-69.971597
136	-49.180877
137	-24.802455
138	-25.153584
139	-30.685541
140	-2.192390
141	-73.853094
142	-43.928397
143	-28.601937
144	-25.184162
145	-73.079803
146	-38.035574
147	-87.310404
148	-19.053366
149	-19.956752
150	-28.410480
151	-98.503758
152	-4.963660
153	-94.899173
154	-82.182491
155	-95.167834
156	-56.589702
157	-31.361456
158	-84.452729
159	-95.019822
160	-4.320822
161	-80.468179
162	-73.650817
163	-78.660461
164	-67.779791
165	-30.346834
166	-13.657831
167	-61.278491
168	-14.911060
169	-55.848478
170	-72.795530
171	-99.020499
172	-25.596889
173	-73.925801
174	-66.822999
175	-84.382405
176	-57.335571
177	-93.692981
178	-37.410843
179	-8.124752
180	-94.117249
181	-73.424210
182	-98.644748
183	-49.454065
184	-20.635880
185	-19.304723
186	-0.930163
187	-15.439009
188	-40.111931
189	-27.915589
190	-24.536377
191	-25.845931
192	-99.454223
193	-85.158082
194	-88.738590
195	-15.131721
196	-27.318918
197	-41.577682
198	-84.089586
199	-11.322599
200	-11.782610
201	-55.336819
202	-84.527453
203	-12.825258
204	-81.733018
205	-98.960421
206	-93.689920
207	-41.095985
208	-53.783584
209	-79.624730
210	-80.979681
211	-67.199546
212	-61.701880
213	-9.705191
214	-10.062310
215	-15.732953
216	-74.188095
217	-61.520271
218	-86.595041
219	-94.613331
220	-98.435135
221	-6.920389
222	-40.540866
223	-1.761051
224	-30.218648
225	-56.496434
226	-80.225393
227	-59.805534
228	-94.507681
229	-80.040730
230	-36.527350
231	-66.789907
232	-10.252054
233	-54.540731
234	-42.352362
235	-12.534315
236	-83.291065
237	-33.055037
238	-17.573882
239	-91.583886
240	-76.078741
241	-47.909959
242	-22.355936
243	-76.559380
244	-3.821311
245	-78.232838
246	-64.747902
247	-6.246603
248	-86.692053
249	-26.004104
250	-43.615558
251	-7.747950
252	-61.782760
253	-43.592449
254	-83.116600
255	-98.806622
256	-1.064206
257	-43.182050
258	-29.880043
259	-86.026091
260	-90.508305
261	-37.239630
262	-38.716756
263	-34.622453
264	-31.016723
265	-57.813053
266	-97.289128
267	-53.267383
268	-15.901030
269	-79.728598
270	-29.396615
271	-30.776966
272	-5.163003
273	-93.649446
274	-61.237273
275	-71.583049
276	-71.599891
277	-51.064056
278	-91.746006
279	-81.654184
280	-86.641220
281	-90.450643
282	-61.243659
283	-66.427275
284	-8.131960
285	-55.011564
286	-67.279556
287	-21.056616
288	-85.777919
289	-66.660805
290	-89.648056
291	-58.903226
292	-67.562907
293	-46.767656
294	-11.512678
295	-77.526448
296	-14.941604
297	-60.063330
298	-17.714084
299	-31.168855
300	-55.828698
301	-81.565312
302	-28.062315
303	-20.041996
304	-70.006032
305	-96.537750
306	-43.025469
307	-53.717670
308	-18.723134
309	-17.446627
310	-65.125745
311	-69.569275
312	-47.855063
313	-44.312042
314	-34.725533
315	-3.085324
316	-2.809904
317	-12.411393
318	-21.347521
319	-15.375950
320	-63.604335
321	-49.133133
322	-28.971312
323	-77.775743
324	-9.397772
325	-68.542659
326	-79.666051
327	-9.439720
328	-31.562823
329	-80.180989
330	-64.045714
331	-6.266294
332	-42.319664
333	-73.365413
334	-37.096627
335	-61.145468
336	-7.728210
337	-35.960523
338	-62.485019
339	-30.075498
340	-23.608873
341	-36.099097
342	-98.244844
343	-18.771856
344	-85.082083
345	-22.799444
346	-53.798053
347	-76.176840
348	-46.025566
349	-23.669517
350	-67.074347
351	-14.019857
352	-63.784761
353	-16.870799
354	-36.404109
355	-94.675585
356	-89.059575
357	-65.814652
358	-40.615658
359	-19.511830
360	-54.472461
361	-2.862942
362	-46.553676
363	-20.688907
364	-97.886834
365	-57.850893
366	-43.265077
367	-95.201324
368	-3.144040
369	-26.559854
370	-29.212157
371	-51.375463
372	-4.452561
373	-60.946635
374	-30.897003
375	-34.361462
376	-57.665598
377	-45.248161
378	-29.152443
379	-94.280877
380	-17.184895
381	-72.781249
382	-7.742397
383	-56.515333
384	-15.122327
385	-21.092694
386	-81.041220
387	-0.289629
388	-84.846524
389	-87.247041
390	-86.816673
391	-48.197181
392	-29.070602
393	-67.802370
394	-72.795730
395	-86.988203
396	-69.712506
397	-98.870786
398	-25.918394
399	-48.445510
400	-77.789760
401	-72.680857
402	-58.988729
403	-47.525327
404	-95.151429
405	-2.632979
406	-54.574722
407	-71.810682
408	-19.716207
409	-72.130536
410	-91.947925
411	-55.730384
412	-87.011147
413	-67.817495
414	-79.048693
415	-91.865120
416	-56.507165
417	-55.592849
418	-13.225385
419	-23.848228
420	-72.487349
421	-69.205962
422	-66.806772
423	-71.995555
424	-65.557083
425	-0.339312
426	-88.571423
427	-43.932006
428	-30.344480
429	-98.092340
430	-31.996774
431	-28.180746
432	-29.471109
433	-62.742232
434	-49.276906
435	-86.247361
436	-10.413763
437	-78.413337
438	-60.244085
439	-25.001778
440	-32.817427
441	-61.434539
442	-48.347881
443	-40.296278
444	-60.303890
445	-21.652983
446	-25.085655
447	-86.637010
448	-18.855692
449	-30.905482
450	-59.716328
451	-83.171811
452	-97.337225
453	-18.415523
454	-89.642447
455	-89.490168
456	-77.985423
457	-37.698456
458	-17.306434
459	-10.256063
460	-0.029446
461	-71.156537
462	-59.327435
463	-58.251140
464	-87.971901
465	-28.230736
466	-11.514770
467	-62.361252
468	-13.342356
469	-4.742823
470	-39.216193
471	-54.055435
472	-0.098208
473	-50.522432
474	-1.960656
475	-90.167422
476	-8.950285
477	-43.878001
478	-47.736576
479	-46.648620
480	-93.217620
481	-42.342973
482	-46.499243
483	-99.033798
484	-40.002306
485	-43.042595
486	-11.956004
487	-52.046110
488	-91.114896
489	-50.742011
490	-51.510143
491	-53.659072
492	-49.300249
493	-55.819226
494	-28.073667
495	-80.434148
496	-53.816619
497	-97.794174
498	-62.311931
499	-30.777197
500	-12.221288
501	-72.796391
502	-87.245196
503	-78.393176
504	-94.144374
505	-83.833708
506	-28.063743
507	-2.710626
508	-2.888825
509	-37.292526
510	-43.730640
511	-62.962529
512	-55.127156
513	-69.692710
514	-35.240639
515	-11.678079
516	-96.584134
517	-47.352771
518	-74.610228
519	-10.849162
520	-59.328912
521	-90.076167
522	-62.031791
523	-19.225472
524	-2.238147
525	-85.690419
526	-60.983402
527	-10.020644
528	-75.143161
529	-83.684510
530	-67.326936
531	-39.831053
532	-42.001996
533	-85.327728
534	-24.970073
535	-22.942802
536	-33.312286
537	-47.922946
538	-70.908997
539	-91.650975
540	-18.232878
541	-54.845699
542	-17.873540
543	-39.276436
544	-90.750522
545	-61.921265
546	-32.741932
547	-4.680134
548	-52.381560
549	-49.796924
550	-72.132343
551	-75.470273
552	-83.476996
553	-28.293201
554	-32.521981
555	-65.773934
556	-65.109698
557	-88.798001
558	-46.656574
559	-0.896822
560	-70.851786
561	-64.751029
562	-6.099901
563	-18.058140
564	-87.476497
565	-57.843754
566	-40.183000
567	-16.218028
568	-17.551922
569	-22.526854
570	-98.713882
571	-84.112750
572	-80.362226
573	-12.137712
574	-8.141559
575	-7.176073
576	-88.369309
577	-88.778254
578	-8.935716
579	-10.568921
580	-84.635702
581	-93.909565
582	-74.199961
583	-63.559988
584	-95.949216
585	-38.919817
586	-78.203050
587	-93.202218
588	-18.752802
589	-1.336380
590	-98.482158
591	-14.678895
592	-80.084653
593	-21.799691
594	-72.911821
595	-57.202809
596	-63.175830
597	-58.615883
598	-67.614281
599	-49.930393
600	-61.977987
601	-20.173155
602	-91.060926
603	-69.727596
604	-43.742187
605	-12.909134
606	-93.483299
607	-6.591576
608	-87.120785
609	-33.000431
610	-62.606942
611	-63.737201
612	-84.887394
613	-0.231800
614	-6.903774
615	-1.458250
616	-10.419714
617	-6.161299
618	-23.580631
619	-95.052985
620	-53.363249
621	-19.434642
622	-16.055575
623	-54.684810
624	-22.051794
625	-44.384316
626	-27.703186
627	-70.442213
628	-0.286470
629	-30.864773
630	-51.379974
631	-54.000143
632	-22.935487
633	-99.220066
634	-54.476812
635	-91.099619
636	-72.851524
637	-33.727960
638	-94.615777
639	-69.273944
640	-63.005910
641	-17.811330
642	-37.259910
643	-76.060757
644	-43.651260
645	-21.662119
646	-26.776432
647	-34.776787
648	-94.307307
649	-45.724372
650	-54.329034
651	-38.015338
652	-92.975594
653	-48.410850
654	-96.806073
655	-89.444354
656	-41.141545
657	-66.064695
658	-67.385840
659	-47.674081
660	-24.929492
661	-99.975183
662	-85.701830
663	-13.102365
664	-12.361630
665	-2.589926
666	-99.718426
667	-66.295323
668	-71.284278
669	-93.563998
670	-30.425607
671	-12.140849
672	-65.341314
673	-58.613632
674	-25.956535
675	-72.645875
676	-7.236264
677	-5.518147
678	-32.457139
679	-25.920105
680	-9.166524
681	-46.781674
682	-74.097970
683	-55.815488
684	-55.482725
685	-14.163637
686	-2.292177
687	-40.521373
688	-69.070170
689	-1.250262
690	-11.785803
691	-70.008673
692	-93.158537
693	-7.155494
694	-89.941800
695	-64.210506
696	-33.502196
697	-53.909947
698	-95.597123
699	-37.035600
700	-35.519321
701	-30.174772
702	-54.115862
703	-31.099456
704	-74.382214
705	-15.344467
706	-84.821458
707	-73.942435
708	-50.639156
709	-42.077257
710	-31.017179
711	-67.570768
712	-22.677086
713	-36.511931
714	-42.544372
715	-23.704580
716	-82.589404
717	-85.662046
718	-57.377911
719	-64.610623
720	-73.471766
721	-38.154859
722	-93.798427
723	-5.304474
724	-92.625597
725	-57.368886
726	-74.310854
727	-56.045911
728	-84.619684
729	-21.936243
730	-85.725328
731	-53.914400
732	-72.308759
733	-79.683613
734	-74.325377
735	-8.193684
736	-46.178672
737	-93.209221
738	-15.385189
739	-78.645467
740	-29.284643
741	-99.776146
742	-86.667022
743	-58.721964
744	-68.530985
745	-6.960807
746	-60.081553
747	-77.512188
748	-34.222858
749	-6.178953
750	-79.496790
751	-80.505818
752	-20.745929
753	-78.829985
754	-5.577638
755	-13.458737
756	-54.128167
757	-45.626244
758	-62.829905
759	-10.325093
760	-24.552774
761	-43.468424
762	-91.216594
763	-21.306606
764	-10.516056
765	-24.931453
766	-59.411567
767	-52.317278
768	-85.688770
769	-36.981196
770	-25.238683
771	-83.589124
772	-77.536644
773	-5.216535
774	-60.848160
775	-95.026186
776	-51.505849
777	-92.997275
778	-31.097634
779	-26.755593
780	-55.187152
781	-7.427791
782	-74.759735
783	-64.594487
784	-23.045360
785	-51.098690
786	-13.868871
787	-86.509773
788	-26.207434
789	-58.392685
790	-37.631770
791	-56.909305
792	-23.654207
793	-34.645817
794	-60.102146
795	-2.087375
796	-10.844091
797	-60.065965
798	-95.673267
799	-81.936389
800	-98.286425
801	-50.322904
802	-20.495284
803	-47.486878
804	-56.734444
805	-85.075682
806	-75.564776
807	-23.998111
808	-61.898896
809	-53.828860
810	-41.945150
811	-92.483272
812	-50.691417
813	-37.029429
814	-56.136879
815	-52.267383
816	-0.973661
817	-92.444860
818	-73.389347
819	-76.004486
820	-32.804147
821	-20.834482
822	-84.766701
823	-64.451072
824	-79.194442
825	-40.749228
826	-94.193488
827	-27.214646
828	-84.443589
829	-57.576149
830	-1.123888
831	-75.331018
832	-56.486608
833	-24.323089
834	-65.771603
835	-86.020698
836	-0.336994
837	-27.750372
838	-58.253696
839	-31.300010
840	-76.599624
841	-78.805208
842	-98.414546
843	-43.733938
844	-80.865717
845	-69.340307
846	-49.340343
847	-58.440569
848	-79.827229
849	-17.094503
850	-19.702133
851	-22.657040
852	-95.125048
853	-24.338925
854	-58.525444
855	-38.793981
856	-49.583599
857	-14.996726
858	-60.407195
859	-67.446128
860	-82.228655
861	-68.110683
862	-59.831489
863	-86.367126
864	-47.711346
865	-37.814152
866	-77.541177
867	-86.573777
868	-6.286656
869	-75.234941
870	-13.953482
871	-85.558685
872	-57.537403
873	-73.161987
874	-71.927108
875	-82.019517
876	-14.874110
877	-2.543955
878	-34.421287
879	-10.059317
880	-1.981308
881	-29.048703
882	-60.226262
883	-52.139226
884	-54.507195
885	-38.159715
886	-3.795967
887	-65.546011
888	-98.827388
889	-52.585220
890	-68.378156
891	-14.724140
892	-36.713898
893	-83.409319
894	-87.379283
895	-32.135655
896	-46.689909
897	-16.465506
898	-66.444720
899	-34.907824
900	-76.648160
901	-44.384503
902	-77.883497
903	-10.145641
904	-20.809772
905	-20.226813
906	-13.772303
907	-65.829793
908	-75.003466
909	-38.642480
910	-12.079166
911	-97.478844
912	-98.572957
913	-54.974977
914	-98.385958
915	-57.512448
916	-60.725570
917	-9.555397
918	-0.511092
919	-52.381998
920	-77.214114
921	-99.166979
922	-42.381734
923	-58.298467
924	-47.889414
925	-60.974226
926	-7.865329
927	-36.634484
928	-52.003806
929	-28.271230
930	-31.277319
931	-46.187554
932	-60.563736
933	-41.849717
934	-88.869343
935	-93.722323
936	-83.904241
937	-6.639548
938	-87.457335
939	-61.841518
940	-65.589425
941	-28.580012
942	-84.337027
943	-30.589205
944	-20.534377
945	-62.443627
946	-93.694288
947	-18.882878
948	-33.696205
949	-20.522714
950	-69.098385
951	-51.844013
952	-36.987252
953	-36.692954
954	-46.210729
955	-78.377594
956	-12.412268
957	-33.995385
958	-23.724516
959	-30.267319
960	-24.598761
961	-74.394039
962	-52.919286
963	-37.543004
964	-92.612117
965	-43.609713
966	-90.133008
967	-46.300362
968	-11.649464
969	-64.590782
970	-71.411173
971	-7.196201
972	-98.253995
973	-59.504426
974	-40.087585
975	-49.293044
976	-43.420273
977	-72.064939
978	-18.878181
979	-54.639438
980	-30.445653
981	-92.292564
982	-7.467758
983	-71.748491
984	-86.475303
985	-96.195736
986	-59.406275
987	-50.014614
988	-86.208316
989	-44.711338
990	-11.297309
991	-71.621585
992	-73.506938
993	-11.568427
994	-46.365411
995	-31.206182
996	-95.696675
997	-19.924662
998	-33.850481
999	-67.058096
1000	-72.138135
;

param: weight :=
1	56.000000
2	12.000000
3	79.000000
4	10.000000
5	4.000000
6	95.000000
7	40.000000
8	74.000000
9	23.000000
10	90.000000
11	91.000000
12	94.000000
13	57.000000
14	38.000000
15	68.000000
16	87.000000
17	44.000000
18	44.000000
19	8.000000
20	83.000000
21	68.000000
22	61.000000
23	4.000000
24	56.000000
25	100.000000
26	45.000000
27	4.000000
28	59.000000
29	88.000000
30	26.000000
31	69.000000
32	43.000000
33	8.000000
34	84.000000
35	15.000000
36	76.000000
37	100.000000
38	31.000000
39	53.000000
40	53.000000
41	7.000000
42	36.000000
43	86.000000
44	23.000000
45	51.000000
46	83.000000
47	13.000000
48	70.000000
49	2.000000
50	40.000000
51	17.000000
52	3.000000
53	50.000000
54	65.000000
55	73.000000
56	9.000000
57	99.000000
58	26.000000
59	42.000000
60	99.000000
61	46.000000
62	42.000000
63	17.000000
64	49.000000
65	28.000000
66	34.000000
67	34.000000
68	39.000000
69	68.000000
70	26.000000
71	44.000000
72	62.000000
73	15.000000
74	38.000000
75	84.000000
76	27.000000
77	61.000000
78	70.000000
79	13.000000
80	46.000000
81	30.000000
82	65.000000
83	68.000000
84	5.000000
85	69.000000
86	82.000000
87	51.000000
88	38.000000
89	96.000000
90	11.000000
91	44.000000
92	57.000000
93	10.000000
94	67.000000
95	62.000000
96	96.000000
97	38.000000
98	42.000000
99	50.000000
100	92.000000
101	32.000000
102	49.000000
103	46.000000
104	92.000000
105	23.000000
106	60.000000
107	6.000000
108	3.000000
109	59.000000
110	76.000000
111	7.000000
112	31.000000
113	74.000000
114	69.000000
115	60.000000
116	5.000000
117	8.000000
118	27.000000
119	76.000000
120	75.000000
121	47.000000
122	80.000000
123	33.000000
124	28.000000
125	73.000000
126	26.000000
127	32.000000
128	42.000000
129	89.000000
130	7.000000
131	99.000000
132	21.000000
133	48.000000
134	22.000000
135	30.000000
136	88.000000
137	59.000000
138	63.000000
139	3.000000
140	3.000000
141	77.000000
142	99.000000
143	20.000000
144	57.000000
145	66.000000
146	40.000000
147	70.000000
148	66.000000
149	3.000000
150	50.000000
151	55.000000
152	30.000000
153	64.000000
154	25.000000
155	44.000000
156	71.000000
157	30.000000
158	100.000000
159	90.000000
160	52.000000
161	81.000000
162	99.000000
163	51.000000
164	91.000000
165	57.000000
166	9.000000
167	92.000000
168	95.000000
169	65.000000
170	40.000000
171	84.000000
172	46.000000
173	26.000000
174	75.000000
175	36.000000
176	17.000000
177	67.000000
178	22.000000
179	7.000000
180	26.000000
181	79.000000
182	81.000000
183	27.000000
184	2.000000
185	39.000000
186	13.000000
187	52.000000
188	80.000000
189	39.000000
190	17.000000
191	17.000000
192	61.000000
193	89.000000
194	56.000000
195	76.000000
196	69.000000
197	66.000000
198	96.000000
199	33.000000
200	60.000000
201	72.000000
202	96.000000
203	41.000000
204	69.000000
205	10.000000
206	45.000000
207	34.000000
208	84.000000
209	89.000000
210	43.000000
211	16.000000
212	11.000000
213	24.000000
214	49.000000
215	70.000000
216	90.000000
217	93.000000
218	56.000000
219	82.000000
220	62.000000
221	11.000000
222	81.000000
223	60.000000
224	38.000000
225	5.000000
226	33.000000
227	24.000000
228	88.000000
229	69.000000
230	34.000000
231	23.000000
232	86.000000
233	62.000000
234	34.000000
235	20.000000
236	91.000000
237	97.000000
238	81.000000
239	73.000000
240	37.000000
241	43.000000
242	90.000000
243	46.000000
244	3.000000
245	51.000000
246	77.000000
247	74.000000
248	94.000000
249	100.000000
250	47.000000
251	82.000000
252	18.000000
253	16.000000
254	39.000000
255	24.000000
256	77.000000
257	82.000000
258	52.000000
259	81.000000
260	10.000000
261	55.000000
262	65.000000
263	9.000000
264	14.000000
265	14.000000
266	18.000000
267	43.000000
268	53.000000
269	5.000000
270	7.000000
271	37.000000
272	72.000000
273	39.000000
274	52.000000
275	87.000000
276	45.000000
277	37.000000
278	34.000000
279	72.000000
280	10.000000
281	71.000000
282	4.000000
283	46.000000
284	64.000000
285	84.000000
286	32.000000
287	58.000000
288	2.000000
289	43.000000
290	75.000000
291	67.000000
292	13.000000
293	26.000000
294	30.000000
295	48.000000
296	19.000000
297	71.000000
298	55.000000
299	27.000000
300	55.000000
301	100.000000
302	87.000000
303	52.000000
304	5.000000
305	10.000000
306	25.000000
307	63.000000
308	39.000000
309	28.000000
310	70.000000
311	71.000000
312	14.000000
313	68.000000
314	17.000000
315	67.000000
316	83.000000
317	69.000000
318	7.000000
319	81.000000
320	84.000000
321	65.000000
322	99.000000
323	100.000000
324	90.000000
325	28.000000
326	14.000000
327	80.000000
328	14.000000
329	15.000000
330	92.000000
331	63.000000
332	27.000000
333	46.000000
334	90.000000
335	86.000000
336	13.000000
337	95.000000
338	95.000000
339	88.000000
340	51.000000
341	10.000000
342	87.000000
343	52.000000
344	90.000000
345	66.000000
346	62.000000
347	25.000000
348	82.000000
349	22.000000
350	15.000000
351	19.000000
352	83.000000
353	95.000000
354	20.000000
355	39.000000
356	68.000000
357	43.000000
358	45.000000
359	6.000000
360	80.000000
361	100.000000
362	99.000000
363	29.000000
364	82.000000
365	61.000000
366	84.000000
367	30.000000
368	99.000000
369	96.000000
370	1.000000
371	81.000000
372	86.000000
373	86.000000
374	62.000000
375	86.000000
376	51.000000
377	27.000000
378	10.000000
379	58.000000
380	14.000000
381	25.000000
382	28.000000
383	98.000000
384	33.000000
385	97.000000
386	36.000000
387	97.000000
388	94.000000
389	52.000000
390	61.000000
391	16.000000
392	100.000000
393	81.000000
394	36.000000
395	79.000000
396	4.000000
397	90.000000
398	66.000000
399	18.000000
400	59.000000
401	15.000000
402	46.000000
403	51.000000
404	63.000000
405	44.000000
406	51.000000
407	33.000000
408	24.000000
409	47.000000
410	8.000000
411	17.000000
412	80.000000
413	44.000000
414	41.000000
415	99.000000
416	60.000000
417	12.000000
418	59.000000
419	8.000000
420	40.000000
421	25.000000
422	41.000000
423	9.000000
424	17.000000
425	18.000000
426	30.000000
427	9.000000
428	53.000000
429	75.000000
430	1.000000
431	16.000000
432	97.000000
433	62.000000
434	61.000000
435	36.000000
436	60.000000
437	70.000000
438	92.000000
439	82.000000
440	30.000000
441	91.000000
442	75.000000
443	61.000000
444	91.000000
445	76.000000
446	46.000000
447	96.000000
448	36.000000
449	24.000000
450	52.000000
451	36.000000
452	83.000000
453	37.000000
454	52.000000
455	94.000000
456	87.000000
457	74.000000
458	21.000000
459	39.000000
460	26.000000
461	64.000000
462	100.000000
463	7.000000
464	58.000000
465	62.000000
466	4.000000
467	79.000000
468	46.000000
469	100.000000
470	6.000000
471	33.000000
472	73.000000
473	6.000000
474	25.000000
475	9.000000
476	11.000000
477	92.000000
478	45.000000
479	50.000000
480	2.000000
481	68.000000
482	37.000000
483	55.000000
484	19.000000
485	25.000000
486	34.000000
487	17.000000
488	36.000000
489	87.000000
490	61.000000
491	42.000000
492	39.000000
493	45.000000
494	37.000000
495	67.000000
496	56.000000
497	59.000000
498	89.000000
499	11.000000
500	14.000000
501	8.000000
502	43.000000
503	36.000000
504	12.000000
505	36.000000
506	14.000000
507	34.000000
508	57.000000
509	36.000000
510	90.000000
511	41.000000
512	71.000000
513	52.000000
514	50.000000
515	22.000000
516	68.000000
517	56.000000
518	37.000000
519	87.000000
520	52.000000
521	72.000000
522	95.000000
523	26.000000
524	80.000000
525	43.000000
526	39.000000
527	95.000000
528	16.000000
529	67.000000
530	94.000000
531	32.000000
532	44.000000
533	62.000000
534	81.000000
535	19.000000
536	15.000000
537	27.000000
538	39.000000
539	34.000000
540	65.000000
541	38.000000
542	27.000000
543	40.000000
544	15.000000
545	10.000000
546	24.000000
547	50.000000
548	86.000000
549	77.000000
550	60.000000
551	66.000000
552	89.000000
553	51.000000
554	68.000000
555	3.000000
556	15.000000
557	80.000000
558	78.000000
559	98.000000
560	53.000000
561	10.000000
562	94.000000
563	61.000000
564	38.000000
565	53.000000
566	80.000000
567	65.000000
568	35.000000
569	96.000000
570	64.000000
571	25.000000
572	8.000000
573	18.000000
574	10.000000
575	12.000000
576	78.000000
577	68.000000
578	13.000000
579	9.000000
580	16.000000
581	97.000000
582	53.000000
583	72.000000
584	99.000000
585	90.000000
586	83.000000
587	21.000000
588	96.000000
589	16.000000
590	24.000000
591	23.000000
592	22.000000
593	77.000000
594	58.000000
595	74.000000
596	74.000000
597	34.000000
598	12.000000
599	24.000000
600	89.000000
601	78.000000
602	32.000000
603	58.000000
604	60.000000
605	100.000000
606	39.000000
607	74.000000
608	64.000000
609	17.000000
610	68.000000
611	85.000000
612	16.000000
613	69.000000
614	3.000000
615	32.000000
616	38.000000
617	3.000000
618	48.000000
619	44.000000
620	14.000000
621	7.000000
622	85.000000
623	66.000000
624	2.000000
625	75.000000
626	97.000000
627	81.000000
628	64.000000
629	87.000000
630	42.000000
631	33.000000
632	20.000000
633	31.000000
634	55.000000
635	60.000000
636	62.000000
637	46.000000
638	91.000000
639	6.000000
640	69.000000
641	22.000000
642	57.000000
643	17.000000
644	58.000000
645	81.000000
646	90.000000
647	57.000000
648	4.000000
649	44.000000
650	91.000000
651	67.000000
652	87.000000
653	9.000000
654	26.000000
655	43.000000
656	67.000000
657	57.000000
658	16.000000
659	62.000000
660	83.000000
661	37.000000
662	6.000000
663	82.000000
664	63.000000
665	19.000000
666	59.000000
667	86.000000
668	43.000000
669	44.000000
670	50.000000
671	33.000000
672	73.000000
673	70.000000
674	12.000000
675	21.000000
676	99.000000
677	59.000000
678	41.000000
679	32.000000
680	69.000000
681	96.000000
682	32.000000
683	2.000000
684	39.000000
685	89.000000
686	42.000000
687	91.000000
688	98.000000
689	72.000000
690	15.000000
691	84.000000
692	9.000000
693	61.000000
694	72.000000
695	10.000000
696	27.000000
697	71.000000
698	6.000000
699	44.000000
700	51.000000
701	55.000000
702	98.000000
703	16.000000
704	26.000000
705	88.000000
706	66.000000
707	73.000000
708	56.000000
709	30.000000
710	59.000000
711	83.000000
712	47.000000
713	62.000000
714	62.000000
715	30.000000
716	52.000000
717	84.000000
718	55.000000
719	99.000000
720	44.000000
721	82.000000
722	21.000000
723	82.000000
724	45.000000
725	14.000000
726	82.000000
727	50.000000
728	15.000000
729	54.000000
730	36.000000
731	96.000000
732	49.000000
733	26.000000
734	90.000000
735	85.000000
736	53.000000
737	25.000000
738	21.000000
739	39.000000
740	10.000000
741	72.000000
742	26.000000
743	38.000000
744	4.000000
745	29.000000
746	51.000000
747	33.000000
748	28.000000
749	7.000000
750	59.000000
751	54.000000
752	78.000000
753	72.000000
754	37.000000
755	32.000000
756	57.000000
757	53.000000
758	74.000000
759	65.000000
760	26.000000
761	35.000000
762	59.000000
763	59.000000
764	53.000000
765	8.000000
766	78.000000
767	51.000000
768	46.000000
769	89.000000
770	21.000000
771	3.000000
772	94.000000
773	30.000000
774	14.000000
775	100.000000
776	9.000000
777	68.000000
778	63.000000
779	61.000000
780	73.000000
781	79.000000
782	98.000000
783	82.000000
784	7.000000
785	73.000000
786	19.000000
787	3.000000
788	49.000000
789	43.000000
790	82.000000
791	35.000000
792	46.000000
793	5.000000
794	25.000000
795	55.000000
796	50.000000
797	61.000000
798	39.000000
799	7.000000
800	89.000000
801	73.000000
802	17.000000
803	100.000000
804	12.000000
805	75.000000
806	51.000000
807	51.000000
808	81.000000
809	23.000000
810	86.000000
811	7.000000
812	2.000000
813	96.000000
814	77.000000
815	12.000000
816	20.000000
817	50.000000
818	46.000000
819	69.000000
820	96.000000
821	64.000000
822	8.000000
823	85.000000
824	2.000000
825	32.000000
826	74.000000
827	97.000000
828	90.000000
829	3.000000
830	38.000000
831	30.000000
832	78.000000
833	87.000000
834	31.000000
835	30.000000
836	15.000000
837	38.000000
838	64.000000
839	64.000000
840	80.000000
841	67.000000
842	8.000000
843	87.000000
844	19.000000
845	4.000000
846	71.000000
847	26.000000
848	92.000000
849	95.000000
850	32.000000
851	1.000000
852	13.000000
853	16.000000
854	34.000000
855	49.000000
856	79.000000
857	19.000000
858	18.000000
859	51.000000
860	8.000000
861	12.000000
862	81.000000
863	35.000000
864	75.000000
865	92.000000
866	100.000000
867	5.000000
868	100.000000
869	18.000000
870	98.000000
871	60.000000
872	43.000000
873	13.000000
874	66.000000
875	61.000000
876	27.000000
877	33.000000
878	66.000000
879	45.000000
880	99.000000
881	9.000000
882	49.000000
883	30.000000
884	77.000000
885	17.000000
886	54.000000
887	8.000000
888	53.000000
889	94.000000
890	24.000000
891	62.000000
892	12.000000
893	1.000000
894	77.000000
895	87.000000
896	18.000000
897	49.000000
898	99.000000
899	51.000000
900	19.000000
901	95.000000
902	18.000000
903	54.000000
904	72.000000
905	23.000000
906	75.000000
907	73.000000
908	14.000000
909	85.000000
910	66.000000
911	34.000000
912	7.000000
913	23.000000
914	71.000000
915	85.000000
916	6.000000
917	67.000000
918	37.000000
919	23.000000
920	29.000000
921	3.000000
922	5.000000
923	100.000000
924	23.000000
925	17.000000
926	82.000000
927	25.000000
928	47.000000
929	38.000000
930	1.000000
931	66.000000
932	25.000000
933	98.000000
934	35.000000
935	23.000000
936	78.000000
937	18.000000
938	52.000000
939	15.000000
940	6.000000
941	74.000000
942	83.000000
943	77.000000
944	66.000000
945	92.000000
946	82.000000
947	57.000000
948	67.000000
949	49.000000
950	48.000000
951	12.000000
952	85.000000
953	79.000000
954	92.000000
955	90.000000
956	14.000000
957	56.000000
958	58.000000
959	33.000000
960	25.000000
961	19.000000
962	33.000000
963	1.000000
964	4.000000
965	52.000000
966	35.000000
967	60.000000
968	36.000000
969	86.000000
970	25.000000
971	3.000000
972	13.000000
973	99.000000
974	62.000000
975	12.000000
976	52.000000
977	45.000000
978	54.000000
979	70.000000
980	3.000000
981	97.000000
982	51.000000
983	42.000000
984	57.000000
985	72.000000
986	62.000000
987	55.000000
988	21.000000
989	30.000000
990	46.000000
991	51.000000
992	1.000000
993	3.000000
994	4.000000
995	49.000000
996	34.000000
997	12.000000
998	99.000000
999	65.000000
1000	64.000000
;

param: U :=
1	100.000000
2	100.000000
3	100.000000
4	100.000000
5	100.000000
6	100.000000
7	100.000000
8	100.000000
9	100.000000
10	100.000000
11	100.000000
12	100.000000
13	100.000000
14	100.000000
15	100.000000
16	100.000000
17	100.000000
18	100.000000
19	100.000000
20	100.000000
21	100.000000
22	100.000000
23	100.000000
24	100.000000
25	100.000000
26	100.000000
27	100.000000
28	100.000000
29	100.000000
30	100.000000
31	100.000000
32	100.000000
33	100.000000
34	100.000000
35	100.000000
36	100.000000
37	100.000000
38	100.000000
39	100.000000
40	100.000000
41	100.000000
42	100.000000
43	100.000000
44	100.000000
45	100.000000
46	100.000000
47	100.000000
48	100.000000
49	100.000000
50	100.000000
51	100.000000
52	100.000000
53	100.000000
54	100.000000
55	100.000000
56	100.000000
57	100.000000
58	100.000000
59	100.000000
60	100.000000
61	100.000000
62	100.000000
63	100.000000
64	100.000000
65	100.000000
66	100.000000
67	100.000000
68	100.000000
69	100.000000
70	100.000000
71	100.000000
72	100.000000
73	100.000000
74	100.000000
75	100.000000
76	100.000000
77	100.000000
78	100.000000
79	100.000000
80	100.000000
81	100.000000
82	100.000000
83	100.000000
84	100.000000
85	100.000000
86	100.000000
87	100.000000
88	100.000000
89	100.000000
90	100.000000
91	100.000000
92	100.000000
93	100.000000
94	100.000000
95	100.000000
96	100.000000
97	100.000000
98	100.000000
99	100.000000
100	100.000000
101	100.000000
102	100.000000
103	100.000000
104	100.000000
105	100.000000
106	100.000000
107	100.000000
108	100.000000
109	100.000000
110	100.000000
111	100.000000
112	100.000000
113	100.000000
114	100.000000
115	100.000000
116	100.000000
117	100.000000
118	100.000000
119	100.000000
120	100.000000
121	100.000000
122	100.000000
123	100.000000
124	100.000000
125	100.000000
126	100.000000
127	100.000000
128	100.000000
129	100.000000
130	100.000000
131	100.000000
132	100.000000
133	100.000000
134	100.000000
135	100.000000
136	100.000000
137	100.000000
138	100.000000
139	100.000000
140	100.000000
141	100.000000
142	100.000000
143	100.000000
144	100.000000
145	100.000000
146	100.000000
147	100.000000
148	100.000000
149	100.000000
150	100.000000
151	100.000000
152	100.000000
153	100.000000
154	100.000000
155	100.000000
156	100.000000
157	100.000000
158	100.000000
159	100.000000
160	100.000000
161	100.000000
162	100.000000
163	100.000000
164	100.000000
165	100.000000
166	100.000000
167	100.000000
168	100.000000
169	100.000000
170	100.000000
171	100.000000
172	100.000000
173	100.000000
174	100.000000
175	100.000000
176	100.000000
177	100.000000
178	100.000000
179	100.000000
180	100.000000
181	100.000000
182	100.000000
183	100.000000
184	100.000000
185	100.000000
186	100.000000
187	100.000000
188	100.000000
189	100.000000
190	100.000000
191	100.000000
192	100.000000
193	100.000000
194	100.000000
195	100.000000
196	100.000000
197	100.000000
198	100.000000
199	100.000000
200	100.000000
201	100.000000
202	100.000000
203	100.000000
204	100.000000
205	100.000000
206	100.000000
207	100.000000
208	100.000000
209	100.000000
210	100.000000
211	100.000000
212	100.000000
213	100.000000
214	100.000000
215	100.000000
216	100.000000
217	100.000000
218	100.000000
219	100.000000
220	100.000000
221	100.000000
222	100.000000
223	100.000000
224	100.000000
225	100.000000
226	100.000000
227	100.000000
228	100.000000
229	100.000000
230	100.000000
231	100.000000
232	100.000000
233	100.000000
234	100.000000
235	100.000000
236	100.000000
237	100.000000
238	100.000000
239	100.000000
240	100.000000
241	100.000000
242	100.000000
243	100.000000
244	100.000000
245	100.000000
246	100.000000
247	100.000000
248	100.000000
249	100.000000
250	100.000000
251	100.000000
252	100.000000
253	100.000000
254	100.000000
255	100.000000
256	100.000000
257	100.000000
258	100.000000
259	100.000000
260	100.000000
261	100.000000
262	100.000000
263	100.000000
264	100.000000
265	100.000000
266	100.000000
267	100.000000
268	100.000000
269	100.000000
270	100.000000
271	100.000000
272	100.000000
273	100.000000
274	100.000000
275	100.000000
276	100.000000
277	100.000000
278	100.000000
279	100.000000
280	100.000000
281	100.000000
282	100.000000
283	100.000000
284	100.000000
285	100.000000
286	100.000000
287	100.000000
288	100.000000
289	100.000000
290	100.000000
291	100.000000
292	100.000000
293	100.000000
294	100.000000
295	100.000000
296	100.000000
297	100.000000
298	100.000000
299	100.000000
300	100.000000
301	100.000000
302	100.000000
303	100.000000
304	100.000000
305	100.000000
306	100.000000
307	100.000000
308	100.000000
309	100.000000
310	100.000000
311	100.000000
312	100.000000
313	100.000000
314	100.000000
315	100.000000
316	100.000000
317	100.000000
318	100.000000
319	100.000000
320	100.000000
321	100.000000
322	100.000000
323	100.000000
324	100.000000
325	100.000000
326	100.000000
327	100.000000
328	100.000000
329	100.000000
330	100.000000
331	100.000000
332	100.000000
333	100.000000
334	100.000000
335	100.000000
336	100.000000
337	100.000000
338	100.000000
339	100.000000
340	100.000000
341	100.000000
342	100.000000
343	100.000000
344	100.000000
345	100.000000
346	100.000000
347	100.000000
348	100.000000
349	100.000000
350	100.000000
351	100.000000
352	100.000000
353	100.000000
354	100.000000
355	100.000000
356	100.000000
357	100.000000
358	100.000000
359	100.000000
360	100.000000
361	100.000000
362	100.000000
363	100.000000
364	100.000000
365	100.000000
366	100.000000
367	100.000000
368	100.000000
369	100.000000
370	100.000000
371	100.000000
372	100.000000
373	100.000000
374	100.000000
375	100.000000
376	100.000000
377	100.000000
378	100.000000
379	100.000000
380	100.000000
381	100.000000
382	100.000000
383	100.000000
384	100.000000
385	100.000000
386	100.000000
387	100.000000
388	100.000000
389	100.000000
390	100.000000
391	100.000000
392	100.000000
393	100.000000
394	100.000000
395	100.000000
396	100.000000
397	100.000000
398	100.000000
399	100.000000
400	100.000000
401	100.000000
402	100.000000
403	100.000000
404	100.000000
405	100.000000
406	100.000000
407	100.000000
408	100.000000
409	100.000000
410	100.000000
411	100.000000
412	100.000000
413	100.000000
414	100.000000
415	100.000000
416	100.000000
417	100.000000
418	100.000000
419	100.000000
420	100.000000
421	100.000000
422	100.000000
423	100.000000
424	100.000000
425	100.000000
426	100.000000
427	100.000000
428	100.000000
429	100.000000
430	100.000000
431	100.000000
432	100.000000
433	100.000000
434	100.000000
435	100.000000
436	100.000000
437	100.000000
438	100.000000
439	100.000000
440	100.000000
441	100.000000
442	100.000000
443	100.000000
444	100.000000
445	100.000000
446	100.000000
447	100.000000
448	100.000000
449	100.000000
450	100.000000
451	100.000000
452	100.000000
453	100.000000
454	100.000000
455	100.000000
456	100.000000
457	100.000000
458	100.000000
459	100.000000
460	100.000000
461	100.000000
462	100.000000
463	100.000000
464	100.000000
465	100.000000
466	100.000000
467	100.000000
468	100.000000
469	100.000000
470	100.000000
471	100.000000
472	100.000000
473	100.000000
474	100.000000
475	100.000000
476	100.000000
477	100.000000
478	100.000000
479	100.000000
480	100.000000
481	100.000000
482	100.000000
483	100.000000
484	100.000000
485	100.000000
486	100.000000
487	100.000000
488	100.000000
489	100.000000
490	100.000000
491	100.000000
492	100.000000
493	100.000000
494	100.000000
495	100.000000
496	100.000000
497	100.000000
498	100.000000
499	100.000000
500	100.000000
501	100.000000
502	100.000000
503	100.000000
504	100.000000
505	100.000000
506	100.000000
507	100.000000
508	100.000000
509	100.000000
510	100.000000
511	100.000000
512	100.000000
513	100.000000
514	100.000000
515	100.000000
516	100.000000
517	100.000000
518	100.000000
519	100.000000
520	100.000000
521	100.000000
522	100.000000
523	100.000000
524	100.000000
525	100.000000
526	100.000000
527	100.000000
528	100.000000
529	100.000000
530	100.000000
531	100.000000
532	100.000000
533	100.000000
534	100.000000
535	100.000000
536	100.000000
537	100.000000
538	100.000000
539	100.000000
540	100.000000
541	100.000000
542	100.000000
543	100.000000
544	100.000000
545	100.000000
546	100.000000
547	100.000000
548	100.000000
549	100.000000
550	100.000000
551	100.000000
552	100.000000
553	100.000000
554	100.000000
555	100.000000
556	100.000000
557	100.000000
558	100.000000
559	100.000000
560	100.000000
561	100.000000
562	100.000000
563	100.000000
564	100.000000
565	100.000000
566	100.000000
567	100.000000
568	100.000000
569	100.000000
570	100.000000
571	100.000000
572	100.000000
573	100.000000
574	100.000000
575	100.000000
576	100.000000
577	100.000000
578	100.000000
579	100.000000
580	100.000000
581	100.000000
582	100.000000
583	100.000000
584	100.000000
585	100.000000
586	100.000000
587	100.000000
588	100.000000
589	100.000000
590	100.000000
591	100.000000
592	100.000000
593	100.000000
594	100.000000
595	100.000000
596	100.000000
597	100.000000
598	100.000000
599	100.000000
600	100.000000
601	100.000000
602	100.000000
603	100.000000
604	100.000000
605	100.000000
606	100.000000
607	100.000000
608	100.000000
609	100.000000
610	100.000000
611	100.000000
612	100.000000
613	100.000000
614	100.000000
615	100.000000
616	100.000000
617	100.000000
618	100.000000
619	100.000000
620	100.000000
621	100.000000
622	100.000000
623	100.000000
624	100.000000
625	100.000000
626	100.000000
627	100.000000
628	100.000000
629	100.000000
630	100.000000
631	100.000000
632	100.000000
633	100.000000
634	100.000000
635	100.000000
636	100.000000
637	100.000000
638	100.000000
639	100.000000
640	100.000000
641	100.000000
642	100.000000
643	100.000000
644	100.000000
645	100.000000
646	100.000000
647	100.000000
648	100.000000
649	100.000000
650	100.000000
651	100.000000
652	100.000000
653	100.000000
654	100.000000
655	100.000000
656	100.000000
657	100.000000
658	100.000000
659	100.000000
660	100.000000
661	100.000000
662	100.000000
663	100.000000
664	100.000000
665	100.000000
666	100.000000
667	100.000000
668	100.000000
669	100.000000
670	100.000000
671	100.000000
672	100.000000
673	100.000000
674	100.000000
675	100.000000
676	100.000000
677	100.000000
678	100.000000
679	100.000000
680	100.000000
681	100.000000
682	100.000000
683	100.000000
684	100.000000
685	100.000000
686	100.000000
687	100.000000
688	100.000000
689	100.000000
690	100.000000
691	100.000000
692	100.000000
693	100.000000
694	100.000000
695	100.000000
696	100.000000
697	100.000000
698	100.000000
699	100.000000
700	100.000000
701	100.000000
702	100.000000
703	100.000000
704	100.000000
705	100.000000
706	100.000000
707	100.000000
708	100.000000
709	100.000000
710	100.000000
711	100.000000
712	100.000000
713	100.000000
714	100.000000
715	100.000000
716	100.000000
717	100.000000
718	100.000000
719	100.000000
720	100.000000
721	100.000000
722	100.000000
723	100.000000
724	100.000000
725	100.000000
726	100.000000
727	100.000000
728	100.000000
729	100.000000
730	100.000000
731	100.000000
732	100.000000
733	100.000000
734	100.000000
735	100.000000
736	100.000000
737	100.000000
738	100.000000
739	100.000000
740	100.000000
741	100.000000
742	100.000000
743	100.000000
744	100.000000
745	100.000000
746	100.000000
747	100.000000
748	100.000000
749	100.000000
750	100.000000
751	100.000000
752	100.000000
753	100.000000
754	100.000000
755	100.000000
756	100.000000
757	100.000000
758	100.000000
759	100.000000
760	100.000000
761	100.000000
762	100.000000
763	100.000000
764	100.000000
765	100.000000
766	100.000000
767	100.000000
768	100.000000
769	100.000000
770	100.000000
771	100.000000
772	100.000000
773	100.000000
774	100.000000
775	100.000000
776	100.000000
777	100.000000
778	100.000000
779	100.000000
780	100.000000
781	100.000000
782	100.000000
783	100.000000
784	100.000000
785	100.000000
786	100.000000
787	100.000000
788	100.000000
789	100.000000
790	100.000000
791	100.000000
792	100.000000
793	100.000000
794	100.000000
795	100.000000
796	100.000000
797	100.000000
798	100.000000
799	100.000000
800	100.000000
801	100.000000
802	100.000000
803	100.000000
804	100.000000
805	100.000000
806	100.000000
807	100.000000
808	100.000000
809	100.000000
810	100.000000
811	100.000000
812	100.000000
813	100.000000
814	100.000000
815	100.000000
816	100.000000
817	100.000000
818	100.000000
819	100.000000
820	100.000000
821	100.000000
822	100.000000
823	100.000000
824	100.000000
825	100.000000
826	100.000000
827	100.000000
828	100.000000
829	100.000000
830	100.000000
831	100.000000
832	100.000000
833	100.000000
834	100.000000
835	100.000000
836	100.000000
837	100.000000
838	100.000000
839	100.000000
840	100.000000
841	100.000000
842	100.000000
843	100.000000
844	100.000000
845	100.000000
846	100.000000
847	100.000000
848	100.000000
849	100.000000
850	100.000000
851	100.000000
852	100.000000
853	100.000000
854	100.000000
855	100.000000
856	100.000000
857	100.000000
858	100.000000
859	100.000000
860	100.000000
861	100.000000
862	100.000000
863	100.000000
864	100.000000
865	100.000000
866	100.000000
867	100.000000
868	100.000000
869	100.000000
870	100.000000
871	100.000000
872	100.000000
873	100.000000
874	100.000000
875	100.000000
876	100.000000
877	100.000000
878	100.000000
879	100.000000
880	100.000000
881	100.000000
882	100.000000
883	100.000000
884	100.000000
885	100.000000
886	100.000000
887	100.000000
888	100.000000
889	100.000000
890	100.000000
891	100.000000
892	100.000000
893	100.000000
894	100.000000
895	100.000000
896	100.000000
897	100.000000
898	100.000000
899	100.000000
900	100.000000
901	100.000000
902	100.000000
903	100.000000
904	100.000000
905	100.000000
906	100.000000
907	100.000000
908	100.000000
909	100.000000
910	100.000000
911	100.000000
912	100.000000
913	100.000000
914	100.000000
915	100.000000
916	100.000000
917	100.000000
918	100.000000
919	100.000000
920	100.000000
921	100.000000
922	100.000000
923	100.000000
924	100.000000
925	100.000000
926	100.000000
927	100.000000
928	100.000000
929	100.000000
930	100.000000
931	100.000000
932	100.000000
933	100.000000
934	100.000000
935	100.000000
936	100.000000
937	100.000000
938	100.000000
939	100.000000
940	100.000000
941	100.000000
942	100.000000
943	100.000000
944	100.000000
945	100.000000
946	100.000000
947	100.000000
948	100.000000
949	100.000000
950	100.000000
951	100.000000
952	100.000000
953	100.000000
954	100.000000
955	100.000000
956	100.000000
957	100.000000
958	100.000000
959	100.000000
960	100.000000
961	100.000000
962	100.000000
963	100.000000
964	100.000000
965	100.000000
966	100.000000
967	100.000000
968	100.000000
969	100.000000
970	100.000000
971	100.000000
972	100.000000
973	100.000000
974	100.000000
975	100.000000
976	100.000000
977	100.000000
978	100.000000
979	100.000000
980	100.000000
981	100.000000
982	100.000000
983	100.000000
984	100.000000
985	100.000000
986	100.000000
987	100.000000
988	100.000000
989	100.000000
990	100.000000
991	100.000000
992	100.000000
993	100.000000
994	100.000000
995	100.000000
996	100.000000
997	100.000000
998	100.000000
999	100.000000
1000	100.000000
;
