# seed = 1254829604

param N := 200;

param M := 5;

param Umax := 100.000000;

param: C :=
1	235442.198098
2	138609.672943
3	16384.534413
4	125131.478824
5	2674.488758
;

param: a :=
1	0.102268
2	0.134011
3	0.119491
4	0.176826
5	0.117897
6	0.101675
7	0.149776
8	0.120453
9	0.159558
10	0.153734
11	0.113358
12	0.198442
13	0.119714
14	0.144256
15	0.120624
16	0.158479
17	0.142959
18	0.156053
19	0.138063
20	0.159465
21	0.189122
22	0.180248
23	0.148119
24	0.171953
25	0.137781
26	0.162536
27	0.149945
28	0.182887
29	0.122614
30	0.173001
31	0.182657
32	0.174959
33	0.193243
34	0.160441
35	0.102749
36	0.166171
37	0.134951
38	0.106435
39	0.112594
40	0.119029
41	0.140817
42	0.141227
43	0.196220
44	0.104671
45	0.135033
46	0.115233
47	0.128324
48	0.186883
49	0.106223
50	0.147276
51	0.159624
52	0.181668
53	0.197832
54	0.187991
55	0.101380
56	0.151130
57	0.104997
58	0.162870
59	0.108301
60	0.177575
61	0.159445
62	0.162029
63	0.195816
64	0.106459
65	0.155798
66	0.102074
67	0.154092
68	0.185523
69	0.161382
70	0.101815
71	0.197981
72	0.175999
73	0.109907
74	0.101796
75	0.161275
76	0.151636
77	0.156232
78	0.177661
79	0.138798
80	0.112912
81	0.102088
82	0.114312
83	0.110028
84	0.148010
85	0.163460
86	0.149247
87	0.102109
88	0.139391
89	0.180741
90	0.163133
91	0.155410
92	0.174224
93	0.107021
94	0.107905
95	0.162788
96	0.109911
97	0.153734
98	0.149847
99	0.118722
100	0.196778
101	0.183723
102	0.159934
103	0.102386
104	0.120236
105	0.101518
106	0.148003
107	0.105007
108	0.155584
109	0.193833
110	0.112143
111	0.129662
112	0.190712
113	0.117936
114	0.198318
115	0.163427
116	0.171245
117	0.117909
118	0.133838
119	0.198960
120	0.177246
121	0.164568
122	0.115123
123	0.129317
124	0.176122
125	0.166132
126	0.150972
127	0.172421
128	0.123231
129	0.179883
130	0.156302
131	0.135783
132	0.139018
133	0.133129
134	0.115871
135	0.196971
136	0.197387
137	0.143903
138	0.114150
139	0.186748
140	0.194928
141	0.108094
142	0.195179
143	0.152006
144	0.191879
145	0.108099
146	0.151830
147	0.176216
148	0.185506
149	0.113072
150	0.170586
151	0.193531
152	0.170775
153	0.100843
154	0.122470
155	0.103873
156	0.154533
157	0.198200
158	0.169716
159	0.104571
160	0.113037
161	0.157760
162	0.118063
163	0.124350
164	0.131211
165	0.178807
166	0.174114
167	0.163800
168	0.107259
169	0.149729
170	0.131862
171	0.172516
172	0.136734
173	0.186259
174	0.183891
175	0.137928
176	0.152403
177	0.140423
178	0.167489
179	0.171059
180	0.156162
181	0.105667
182	0.132690
183	0.175887
184	0.131106
185	0.140945
186	0.148504
187	0.160390
188	0.109594
189	0.108571
190	0.130531
191	0.139513
192	0.177160
193	0.134129
194	0.134720
195	0.173776
196	0.140342
197	0.107223
198	0.194954
199	0.187685
200	0.144704
;

param: b :=
1	46.042731
2	63.213184
3	69.589982
4	99.035959
5	5.588551
6	31.551566
7	5.736569
8	71.912537
9	90.926738
10	83.880745
11	93.504688
12	32.500985
13	13.966839
14	28.223978
15	69.575441
16	40.791762
17	38.765401
18	29.438184
19	53.467602
20	24.024836
21	3.870336
22	38.188212
23	83.717583
24	14.077100
25	12.108135
26	4.842576
27	41.120807
28	33.810794
29	62.725883
30	96.928295
31	54.933919
32	46.492126
33	40.806330
34	68.088456
35	42.073178
36	34.036763
37	83.654939
38	92.991894
39	4.831771
40	12.646341
41	49.958254
42	52.408153
43	40.154689
44	8.778501
45	31.367457
46	78.721247
47	14.171396
48	43.730452
49	28.134515
50	47.954460
51	33.488201
52	0.056208
53	6.211662
54	60.603288
55	47.031056
56	37.745501
57	50.010942
58	84.761450
59	32.603536
60	83.874848
61	31.400316
62	31.226465
63	5.294556
64	28.375157
65	49.650671
66	2.233294
67	28.446038
68	87.835129
69	40.954271
70	39.464844
71	50.761497
72	95.805990
73	59.500592
74	59.084235
75	2.947010
76	56.516470
77	84.452624
78	62.695983
79	65.220879
80	33.847282
81	47.329046
82	98.901613
83	45.962762
84	89.930545
85	60.797972
86	3.976691
87	49.201616
88	94.780377
89	7.965723
90	98.576338
91	21.948947
92	15.123156
93	3.029076
94	83.772191
95	84.014457
96	56.395440
97	75.486824
98	9.332045
99	73.858762
100	38.064954
101	37.844152
102	83.309830
103	46.824915
104	89.066682
105	95.443966
106	11.577531
107	33.737917
108	90.293642
109	45.471473
110	92.942068
111	4.925725
112	7.427741
113	59.388280
114	97.996899
115	82.597023
116	5.779038
117	74.664365
118	73.728808
119	83.075695
120	88.458378
121	20.714757
122	22.366499
123	81.276986
124	77.267653
125	16.599216
126	30.876885
127	39.026063
128	47.363042
129	72.677909
130	98.039143
131	60.456967
132	12.238801
133	6.636941
134	65.240092
135	8.268291
136	45.281050
137	26.545432
138	15.198002
139	92.243951
140	28.341223
141	78.139985
142	86.759683
143	67.306135
144	66.218350
145	78.677746
146	59.077871
147	59.417603
148	36.389684
149	49.911853
150	9.018872
151	37.368746
152	62.938114
153	66.480216
154	4.735012
155	71.092197
156	1.558527
157	16.262913
158	48.601346
159	31.154654
160	0.719407
161	60.989992
162	64.845949
163	13.513553
164	62.263297
165	26.091175
166	97.189658
167	86.992680
168	11.694627
169	25.130253
170	84.780940
171	50.610347
172	70.359993
173	5.593533
174	8.814728
175	95.771487
176	10.312178
177	4.860348
178	9.549670
179	85.701883
180	41.535565
181	5.009341
182	92.795534
183	7.235817
184	76.102179
185	73.632248
186	54.044027
187	50.243760
188	76.430421
189	79.252968
190	69.677822
191	61.077260
192	49.263271
193	10.362835
194	69.857655
195	26.723038
196	54.785200
197	43.823050
198	30.266072
199	42.086265
200	66.488459
;

param: c :=
1	88.126180
2	50.982656
3	47.496746
4	21.873809
5	17.468550
6	65.749256
7	88.056518
8	65.762179
9	66.433214
10	66.928497
11	88.037063
12	77.700306
13	41.706616
14	23.781112
15	90.586740
16	60.510583
17	9.904465
18	2.092561
19	7.596305
20	89.462190
21	3.618067
22	31.719655
23	2.361390
24	44.151924
25	1.298212
26	15.902194
27	91.958903
28	59.017951
29	58.286865
30	34.826880
31	83.081956
32	5.154189
33	39.611547
34	28.180011
35	45.420790
36	63.976802
37	6.123210
38	14.102767
39	24.659732
40	58.121887
41	74.178757
42	45.031175
43	37.060542
44	51.179162
45	25.199285
46	96.218852
47	75.888461
48	52.817133
49	89.089207
50	39.256693
51	98.095867
52	71.901746
53	87.582207
54	52.445302
55	20.651850
56	38.268794
57	69.689339
58	34.890643
59	68.860343
60	66.927238
61	71.714224
62	59.614843
63	71.624141
64	93.149077
65	95.750276
66	29.409180
67	63.654105
68	39.768928
69	93.427036
70	34.834748
71	30.464733
72	77.652892
73	93.253493
74	73.142292
75	45.176797
76	75.418123
77	2.241707
78	73.990378
79	27.604819
80	97.865902
81	78.359176
82	58.547324
83	69.825373
84	95.355662
85	10.465620
86	26.696581
87	37.360012
88	95.368454
89	30.473716
90	10.165508
91	81.374449
92	16.990347
93	11.437960
94	78.277375
95	89.676104
96	33.157371
97	36.833446
98	56.485850
99	13.281451
100	2.012278
101	25.352664
102	87.501637
103	78.873229
104	91.265257
105	29.762893
106	63.669073
107	24.477505
108	90.446510
109	30.209625
110	73.757735
111	65.107806
112	31.302338
113	91.180917
114	80.041867
115	86.553709
116	48.245235
117	14.112858
118	41.516865
119	87.498088
120	23.485791
121	59.819508
122	20.129998
123	42.033362
124	38.022676
125	25.483352
126	95.198374
127	8.879822
128	12.514298
129	92.007939
130	93.375549
131	32.277710
132	44.964423
133	25.722899
134	86.240350
135	81.278781
136	28.224091
137	0.062500
138	0.050790
139	56.051024
140	99.493354
141	64.994511
142	12.400277
143	4.067341
144	58.684432
145	17.576763
146	19.489494
147	18.386538
148	35.550292
149	27.099369
150	68.198514
151	79.626737
152	60.596156
153	73.679095
154	44.080126
155	52.552908
156	97.250611
157	68.197503
158	90.309116
159	5.346065
160	55.118914
161	29.831600
162	93.521247
163	3.840448
164	39.941238
165	23.729896
166	5.060285
167	15.296281
168	62.151506
169	40.522131
170	79.941058
171	32.392683
172	31.953155
173	86.585384
174	10.919447
175	34.725230
176	34.121917
177	32.725784
178	71.466536
179	56.937048
180	96.072337
181	83.349498
182	93.771675
183	29.999930
184	89.601595
185	61.246500
186	72.812437
187	26.134684
188	83.431837
189	50.478630
190	63.968044
191	45.883079
192	13.003446
193	44.083478
194	30.533202
195	52.476479
196	34.972210
197	35.994610
198	93.845482
199	90.601294
200	72.207394
;

param: d :=
1	-3.187574
2	-75.069305
3	-23.034200
4	-1.432233
5	-47.355949
6	-96.530939
7	-62.098264
8	-28.563976
9	-92.945603
10	-24.391986
11	-69.173825
12	-35.808717
13	-92.229390
14	-89.982209
15	-12.942443
16	-74.592224
17	-69.003843
18	-66.246490
19	-20.230776
20	-16.754008
21	-20.291067
22	-59.241511
23	-41.976104
24	-25.954473
25	-54.622305
26	-48.001386
27	-46.437112
28	-85.393549
29	-75.024671
30	-82.847471
31	-16.044298
32	-9.138491
33	-14.798340
34	-80.540762
35	-38.963842
36	-99.002551
37	-81.967421
38	-88.410986
39	-47.794946
40	-52.791039
41	-13.762416
42	-94.795934
43	-97.656323
44	-81.226050
45	-40.307703
46	-26.645398
47	-97.496812
48	-68.085952
49	-56.716722
50	-1.544364
51	-15.176507
52	-22.112769
53	-26.279586
54	-59.191680
55	-9.530973
56	-9.613266
57	-96.906929
58	-65.228417
59	-4.116339
60	-69.979504
61	-19.903576
62	-99.702649
63	-34.494680
64	-58.650782
65	-75.341899
66	-30.998535
67	-74.193429
68	-54.861709
69	-66.993731
70	-5.036261
71	-6.268236
72	-94.591755
73	-26.439212
74	-58.435117
75	-45.298192
76	-13.528864
77	-13.303082
78	-44.685803
79	-67.948673
80	-13.945726
81	-52.734775
82	-10.269423
83	-87.730760
84	-77.999861
85	-8.935291
86	-52.886812
87	-19.532078
88	-2.061810
89	-49.433424
90	-41.510942
91	-34.124131
92	-99.079670
93	-55.618675
94	-96.726746
95	-6.737955
96	-79.923425
97	-64.891703
98	-33.162551
99	-69.839846
100	-24.944177
101	-26.601237
102	-6.908932
103	-60.780420
104	-23.278228
105	-85.200918
106	-49.984741
107	-69.640055
108	-56.914662
109	-27.293855
110	-96.591906
111	-40.575240
112	-45.619000
113	-57.586803
114	-11.235893
115	-6.363798
116	-54.997502
117	-16.983118
118	-34.859996
119	-9.859219
120	-42.711820
121	-48.878263
122	-36.632089
123	-56.570013
124	-82.360649
125	-46.369429
126	-25.541965
127	-67.759633
128	-56.639221
129	-78.083343
130	-5.675516
131	-38.733443
132	-65.783919
133	-57.990689
134	-71.615004
135	-11.020758
136	-9.237774
137	-23.819705
138	-40.885538
139	-87.529475
140	-18.831318
141	-10.626994
142	-76.596450
143	-47.931689
144	-8.069881
145	-35.850461
146	-48.676622
147	-58.789775
148	-2.093958
149	-82.860458
150	-70.729769
151	-88.891910
152	-9.735498
153	-80.770753
154	-41.980004
155	-69.027272
156	-77.268414
157	-22.173661
158	-69.688055
159	-21.750297
160	-42.883368
161	-89.687123
162	-84.686049
163	-7.452492
164	-78.479433
165	-15.846849
166	-70.767289
167	-6.368713
168	-99.219751
169	-46.430511
170	-28.196740
171	-3.753805
172	-58.206154
173	-98.444274
174	-53.957554
175	-21.549844
176	-67.655952
177	-27.183892
178	-0.557562
179	-42.355376
180	-32.918684
181	-59.607457
182	-33.187608
183	-91.387103
184	-97.426991
185	-2.117841
186	-55.423553
187	-56.260054
188	-96.634144
189	-61.428650
190	-79.867850
191	-99.240839
192	-50.027612
193	-39.736526
194	-81.848381
195	-75.745356
196	-95.689612
197	-46.893880
198	-92.042525
199	-68.231322
200	-24.762723
;

param: weight :=
1	33.072882
2	93.857517
3	87.427981
4	46.964836
5	11.300915
6	42.593649
7	3.523505
8	96.874800
9	68.213613
10	82.624026
11	46.687252
12	36.610346
13	52.349889
14	99.663402
15	76.863540
16	17.235779
17	69.895660
18	93.693172
19	61.625830
20	34.702200
21	91.018614
22	63.960028
23	15.566602
24	48.352304
25	91.958585
26	88.207682
27	21.621442
28	74.823589
29	21.542282
30	71.264083
31	1.308498
32	98.505833
33	94.425525
34	82.867958
35	67.378022
36	51.677399
37	67.934535
38	84.014869
39	90.133096
40	32.784523
41	11.884468
42	53.871547
43	58.605395
44	21.163840
45	83.736786
46	26.670906
47	1.404890
48	49.445173
49	31.173410
50	67.061126
51	93.248694
52	73.676703
53	9.627702
54	92.592162
55	90.411190
56	36.839126
57	35.486090
58	63.022194
59	7.260711
60	25.436336
61	22.650649
62	22.397068
63	9.303751
64	63.515272
65	46.078989
66	32.931252
67	9.457037
68	88.251155
69	7.394995
70	81.005921
71	75.665402
72	65.159381
73	85.454092
74	5.180301
75	36.593746
76	51.965407
77	78.402544
78	68.423185
79	39.393850
80	75.658044
81	3.010545
82	85.519022
83	33.333083
84	45.792294
85	92.920806
86	90.130656
87	96.502172
88	84.665845
89	21.032614
90	21.370712
91	13.883520
92	62.613981
93	83.662028
94	81.893277
95	35.235223
96	15.735653
97	41.949067
98	11.149851
99	19.057686
100	41.924825
101	31.795134
102	4.352541
103	82.113880
104	56.345090
105	26.348079
106	86.767020
107	8.065313
108	83.550863
109	84.844143
110	69.967202
111	20.527560
112	57.868569
113	89.850743
114	41.671414
115	55.750136
116	10.095261
117	34.748233
118	28.828709
119	26.234004
120	77.450260
121	15.207450
122	67.695307
123	64.650929
124	42.983580
125	7.672597
126	88.283414
127	90.246321
128	11.623644
129	16.946817
130	16.521709
131	14.946663
132	86.829868
133	39.488535
134	9.514863
135	30.883098
136	40.209478
137	87.933869
138	49.919943
139	34.910729
140	57.158958
141	67.448035
142	77.746690
143	44.051566
144	26.079484
145	91.236788
146	40.844087
147	49.302703
148	60.195302
149	2.960363
150	1.939501
151	2.503102
152	15.118877
153	8.613537
154	3.614644
155	88.349422
156	31.520470
157	28.097293
158	39.477190
159	50.880063
160	59.152009
161	92.043093
162	87.701760
163	91.426493
164	92.649489
165	5.297469
166	54.763227
167	97.332501
168	27.738492
169	18.500983
170	7.238493
171	35.415863
172	99.596777
173	99.232572
174	10.499027
175	49.847567
176	82.294284
177	2.095478
178	51.830080
179	87.385033
180	87.702231
181	83.624902
182	25.888186
183	80.251406
184	75.789171
185	31.964103
186	21.914090
187	90.729941
188	43.810385
189	87.987206
190	72.528323
191	59.369825
192	93.901320
193	54.561753
194	73.491276
195	65.641444
196	75.168176
197	45.136389
198	80.436075
199	3.326241
200	84.793677
;

param: U :=
1	100.000000
2	100.000000
3	100.000000
4	100.000000
5	100.000000
6	100.000000
7	100.000000
8	100.000000
9	100.000000
10	100.000000
11	100.000000
12	100.000000
13	100.000000
14	100.000000
15	100.000000
16	100.000000
17	100.000000
18	100.000000
19	100.000000
20	100.000000
21	100.000000
22	100.000000
23	100.000000
24	100.000000
25	100.000000
26	100.000000
27	100.000000
28	100.000000
29	100.000000
30	100.000000
31	100.000000
32	100.000000
33	100.000000
34	100.000000
35	100.000000
36	100.000000
37	100.000000
38	100.000000
39	100.000000
40	100.000000
41	100.000000
42	100.000000
43	100.000000
44	100.000000
45	100.000000
46	100.000000
47	100.000000
48	100.000000
49	100.000000
50	100.000000
51	100.000000
52	100.000000
53	100.000000
54	100.000000
55	100.000000
56	100.000000
57	100.000000
58	100.000000
59	100.000000
60	100.000000
61	100.000000
62	100.000000
63	100.000000
64	100.000000
65	100.000000
66	100.000000
67	100.000000
68	100.000000
69	100.000000
70	100.000000
71	100.000000
72	100.000000
73	100.000000
74	100.000000
75	100.000000
76	100.000000
77	100.000000
78	100.000000
79	100.000000
80	100.000000
81	100.000000
82	100.000000
83	100.000000
84	100.000000
85	100.000000
86	100.000000
87	100.000000
88	100.000000
89	100.000000
90	100.000000
91	100.000000
92	100.000000
93	100.000000
94	100.000000
95	100.000000
96	100.000000
97	100.000000
98	100.000000
99	100.000000
100	100.000000
101	100.000000
102	100.000000
103	100.000000
104	100.000000
105	100.000000
106	100.000000
107	100.000000
108	100.000000
109	100.000000
110	100.000000
111	100.000000
112	100.000000
113	100.000000
114	100.000000
115	100.000000
116	100.000000
117	100.000000
118	100.000000
119	100.000000
120	100.000000
121	100.000000
122	100.000000
123	100.000000
124	100.000000
125	100.000000
126	100.000000
127	100.000000
128	100.000000
129	100.000000
130	100.000000
131	100.000000
132	100.000000
133	100.000000
134	100.000000
135	100.000000
136	100.000000
137	100.000000
138	100.000000
139	100.000000
140	100.000000
141	100.000000
142	100.000000
143	100.000000
144	100.000000
145	100.000000
146	100.000000
147	100.000000
148	100.000000
149	100.000000
150	100.000000
151	100.000000
152	100.000000
153	100.000000
154	100.000000
155	100.000000
156	100.000000
157	100.000000
158	100.000000
159	100.000000
160	100.000000
161	100.000000
162	100.000000
163	100.000000
164	100.000000
165	100.000000
166	100.000000
167	100.000000
168	100.000000
169	100.000000
170	100.000000
171	100.000000
172	100.000000
173	100.000000
174	100.000000
175	100.000000
176	100.000000
177	100.000000
178	100.000000
179	100.000000
180	100.000000
181	100.000000
182	100.000000
183	100.000000
184	100.000000
185	100.000000
186	100.000000
187	100.000000
188	100.000000
189	100.000000
190	100.000000
191	100.000000
192	100.000000
193	100.000000
194	100.000000
195	100.000000
196	100.000000
197	100.000000
198	100.000000
199	100.000000
200	100.000000
;

