# seed = 1254829604

param N := 200;

param M := 2;

param Umax := 100.000000;

param: C :=
1	428327.000000
2	80523.000000
;

param: a :=
1	0.164652
2	0.142765
3	0.160036
4	0.150506
5	0.174372
6	0.129546
7	0.121687
8	0.199112
9	0.128751
10	0.100947
11	0.193334
12	0.193913
13	0.147231
14	0.139774
15	0.162288
16	0.198856
17	0.168550
18	0.122337
19	0.142564
20	0.192063
21	0.192489
22	0.160778
23	0.154966
24	0.172046
25	0.194271
26	0.130572
27	0.198968
28	0.170355
29	0.171054
30	0.125423
31	0.135294
32	0.108752
33	0.199858
34	0.110634
35	0.157988
36	0.100833
37	0.155677
38	0.178146
39	0.129277
40	0.123025
41	0.130159
42	0.131050
43	0.133993
44	0.158027
45	0.192966
46	0.186304
47	0.156439
48	0.166578
49	0.163602
50	0.132637
51	0.119338
52	0.192612
53	0.173368
54	0.156616
55	0.102106
56	0.170496
57	0.195334
58	0.129087
59	0.169058
60	0.111644
61	0.154245
62	0.105442
63	0.194109
64	0.103272
65	0.155808
66	0.164375
67	0.132474
68	0.180234
69	0.166225
70	0.165635
71	0.119242
72	0.158031
73	0.133946
74	0.146333
75	0.105638
76	0.198628
77	0.180122
78	0.169292
79	0.183290
80	0.196248
81	0.172828
82	0.165418
83	0.145227
84	0.135547
85	0.112799
86	0.163520
87	0.154158
88	0.117568
89	0.149887
90	0.150912
91	0.101807
92	0.198317
93	0.101590
94	0.177657
95	0.199465
96	0.171372
97	0.169202
98	0.150490
99	0.178246
100	0.197800
101	0.111911
102	0.135210
103	0.107713
104	0.111754
105	0.119135
106	0.173747
107	0.189897
108	0.185579
109	0.159453
110	0.195245
111	0.172839
112	0.182281
113	0.145336
114	0.146355
115	0.143363
116	0.124593
117	0.165910
118	0.169423
119	0.175091
120	0.176686
121	0.174910
122	0.105936
123	0.168044
124	0.163661
125	0.124547
126	0.141307
127	0.142261
128	0.193994
129	0.189314
130	0.179739
131	0.179131
132	0.194984
133	0.121113
134	0.167928
135	0.147724
136	0.150439
137	0.106550
138	0.159048
139	0.138206
140	0.152227
141	0.129830
142	0.197256
143	0.171823
144	0.123016
145	0.151279
146	0.115994
147	0.178279
148	0.116945
149	0.186760
150	0.172399
151	0.147987
152	0.167779
153	0.195865
154	0.145150
155	0.109115
156	0.164253
157	0.135337
158	0.169766
159	0.178154
160	0.154941
161	0.113557
162	0.116834
163	0.157495
164	0.195871
165	0.100341
166	0.133374
167	0.162826
168	0.127172
169	0.181472
170	0.161888
171	0.115702
172	0.181423
173	0.135553
174	0.122181
175	0.102739
176	0.110167
177	0.124889
178	0.192166
179	0.172494
180	0.132892
181	0.178191
182	0.138747
183	0.123808
184	0.103405
185	0.115456
186	0.171522
187	0.141032
188	0.128949
189	0.183078
190	0.137367
191	0.163763
192	0.176130
193	0.195941
194	0.169821
195	0.170899
196	0.160068
197	0.135611
198	0.197839
199	0.163665
200	0.102893
;

param: b :=
1	97.950508
2	11.111504
3	98.602470
4	66.062229
5	75.292885
6	44.529885
7	62.746237
8	8.854554
9	72.526609
10	61.772787
11	21.879693
12	20.311388
13	84.217007
14	59.008928
15	38.257874
16	64.964548
17	13.081093
18	95.009258
19	2.083900
20	63.489138
21	13.511570
22	35.370556
23	40.625932
24	11.654734
25	38.767109
26	28.090538
27	44.050087
28	70.999698
29	67.814289
30	11.298461
31	56.425827
32	34.457966
33	33.691202
34	63.038838
35	97.623410
36	67.112237
37	4.913835
38	10.697501
39	98.548617
40	69.980710
41	95.924789
42	74.693943
43	34.901457
44	97.832116
45	30.561878
46	95.102846
47	70.733936
48	81.663575
49	5.297231
50	70.856727
51	73.147503
52	0.712466
53	8.940222
54	68.911610
55	39.506592
56	30.532492
57	12.648885
58	90.649701
59	42.783936
60	37.695181
61	54.967148
62	70.253971
63	23.969738
64	7.058324
65	0.099560
66	19.542766
67	32.648292
68	91.022256
69	57.738468
70	45.711187
71	34.100164
72	2.874559
73	9.378834
74	41.551194
75	15.217988
76	14.900684
77	60.638004
78	15.005659
79	64.778909
80	43.549488
81	87.867836
82	34.374725
83	48.907826
84	41.812298
85	20.849147
86	10.336880
87	3.995308
88	27.335409
89	14.829184
90	21.842886
91	84.598012
92	2.752368
93	14.090032
94	99.591332
95	1.660854
96	95.405767
97	2.341506
98	47.769314
99	61.102482
100	93.818355
101	0.607707
102	67.305222
103	14.211616
104	10.005436
105	34.325789
106	38.726336
107	28.375189
108	72.359837
109	33.799367
110	41.387740
111	25.813975
112	77.206796
113	16.483184
114	71.392018
115	97.421151
116	70.189597
117	0.752914
118	79.984105
119	20.226563
120	43.492026
121	46.042097
122	30.781501
123	40.288851
124	40.149991
125	20.171384
126	24.286148
127	93.648665
128	27.078776
129	53.213934
130	12.423225
131	22.261907
132	55.704411
133	98.045495
134	88.114750
135	87.860679
136	69.209416
137	93.660709
138	79.208914
139	74.309529
140	74.225455
141	46.218007
142	6.766925
143	52.851773
144	20.057807
145	24.984544
146	36.544968
147	2.368799
148	36.168128
149	93.666188
150	24.733534
151	39.963587
152	11.544964
153	51.565030
154	94.067311
155	97.373575
156	16.835916
157	86.973434
158	39.612631
159	26.457467
160	9.756185
161	90.701643
162	87.386870
163	75.996140
164	72.744657
165	68.093613
166	19.745123
167	44.577965
168	97.403118
169	36.641837
170	90.689016
171	49.672428
172	78.870465
173	86.704928
174	54.758035
175	58.752450
176	78.685763
177	38.235471
178	55.034390
179	61.941649
180	49.143809
181	0.308155
182	58.904595
183	7.896099
184	93.664141
185	38.501583
186	13.966262
187	93.998476
188	64.956309
189	48.548484
190	6.156270
191	89.364939
192	17.279076
193	31.770100
194	36.733167
195	54.539085
196	64.125755
197	67.541414
198	22.406318
199	78.184878
200	60.571010
;

param: c :=
1	44.402576
2	13.378067
3	82.515524
4	46.560453
5	97.431832
6	68.617334
7	12.665636
8	69.733141
9	1.729653
10	20.891840
11	32.545889
12	32.515673
13	81.151960
14	59.160766
15	44.026096
16	11.297322
17	34.351639
18	24.157859
19	41.756643
20	20.989265
21	11.253749
22	42.493720
23	68.199198
24	36.731405
25	68.591733
26	25.971789
27	92.825729
28	15.935491
29	83.701236
30	68.786329
31	46.269098
32	20.544048
33	30.069388
34	14.912314
35	43.701749
36	48.174665
37	85.692851
38	43.257697
39	79.112241
40	54.271390
41	94.173936
42	4.725879
43	49.227451
44	47.544710
45	95.071143
46	59.888974
47	28.964806
48	19.288477
49	95.789836
50	22.815102
51	2.703484
52	40.328339
53	12.021487
54	41.217233
55	45.513170
56	23.192863
57	83.861749
58	27.770121
59	52.090646
60	14.028708
61	53.106271
62	83.395087
63	76.214113
64	12.657392
65	19.257841
66	18.873900
67	27.371452
68	2.660078
69	43.627264
70	42.767876
71	76.852635
72	61.541392
73	13.926496
74	85.980940
75	62.918797
76	3.368593
77	27.293195
78	2.012183
79	1.289747
80	67.647251
81	7.760157
82	52.034250
83	36.408952
84	20.887788
85	37.424421
86	61.615519
87	80.434087
88	74.116409
89	45.029392
90	29.161958
91	80.250794
92	9.023341
93	37.915404
94	3.343287
95	84.022418
96	9.800050
97	51.803089
98	44.325766
99	21.791690
100	42.717493
101	47.252706
102	40.507720
103	70.180764
104	11.433420
105	30.620809
106	44.305410
107	40.476898
108	91.613556
109	31.581373
110	3.320689
111	31.793456
112	5.467080
113	22.046449
114	25.992989
115	31.277955
116	68.442470
117	2.682470
118	81.419536
119	23.053211
120	77.431749
121	78.881515
122	91.175813
123	59.448313
124	17.976548
125	35.266847
126	60.800653
127	73.007597
128	30.618459
129	41.746340
130	64.090702
131	77.675198
132	94.147841
133	68.091403
134	46.266802
135	26.498311
136	49.046077
137	89.186655
138	63.762953
139	33.038887
140	56.545216
141	60.632954
142	4.898055
143	14.957358
144	16.285775
145	47.563525
146	5.507093
147	81.256690
148	65.463627
149	35.321783
150	74.733454
151	36.496932
152	60.826610
153	86.452970
154	26.645480
155	9.576884
156	23.824743
157	45.483923
158	94.069373
159	64.463323
160	97.646761
161	17.743058
162	51.974832
163	13.346289
164	87.442833
165	29.794299
166	42.456310
167	92.032921
168	55.099175
169	14.058268
170	12.365585
171	48.722698
172	34.222000
173	54.468939
174	64.676898
175	70.546540
176	44.259784
177	77.689494
178	62.602652
179	65.618452
180	44.285882
181	85.176678
182	95.791211
183	19.673119
184	36.542055
185	81.994161
186	14.607956
187	11.843547
188	1.640196
189	55.859638
190	43.710395
191	10.665811
192	84.405232
193	27.085442
194	22.935273
195	10.021858
196	63.446320
197	27.400053
198	30.577558
199	44.914334
200	22.702217
;

param: d :=
1	-4.124600
2	-5.727371
3	-17.696997
4	-4.519783
5	-33.893905
6	-1.905665
7	-33.910795
8	-87.509441
9	-88.733339
10	-52.492601
11	-9.234622
12	-37.469623
13	-40.103563
14	-90.493263
15	-35.982398
16	-80.252452
17	-98.903785
18	-45.146900
19	-76.284458
20	-48.776379
21	-63.485152
22	-27.924394
23	-10.682694
24	-3.796472
25	-63.972317
26	-48.438665
27	-89.778586
28	-87.151378
29	-60.747207
30	-37.845213
31	-96.114104
32	-65.276462
33	-7.316064
34	-73.430185
35	-58.311146
36	-30.380327
37	-98.054248
38	-1.309590
39	-40.653614
40	-62.062829
41	-26.139401
42	-20.775196
43	-80.314246
44	-98.715120
45	-27.922010
46	-59.424914
47	-49.386564
48	-28.695672
49	-87.170456
50	-19.818246
51	-85.591230
52	-47.499277
53	-97.666838
54	-24.095501
55	-2.104553
56	-6.688743
57	-1.962047
58	-30.584420
59	-18.920841
60	-47.138463
61	-0.242184
62	-71.364731
63	-22.028917
64	-68.958112
65	-92.101538
66	-21.596354
67	-14.420150
68	-36.370865
69	-57.560581
70	-21.707653
71	-61.500379
72	-23.094745
73	-38.682853
74	-51.007318
75	-50.734271
76	-58.603776
77	-43.025696
78	-69.166786
79	-2.783116
80	-17.770629
81	-64.253623
82	-31.213843
83	-27.479523
84	-62.441240
85	-85.911551
86	-68.832272
87	-38.082155
88	-30.398098
89	-13.703690
90	-28.200690
91	-60.768109
92	-40.067656
93	-17.976321
94	-48.226503
95	-55.505755
96	-99.465964
97	-50.547511
98	-40.487109
99	-83.838734
100	-98.857146
101	-4.066856
102	-54.990080
103	-40.484114
104	-43.920073
105	-59.073232
106	-83.535537
107	-62.850032
108	-73.913430
109	-70.366422
110	-93.321102
111	-96.540174
112	-73.414078
113	-14.186832
114	-62.031662
115	-25.055881
116	-72.086102
117	-2.296407
118	-25.109707
119	-2.862756
120	-97.320649
121	-93.811707
122	-25.621286
123	-29.273223
124	-54.919411
125	-52.400214
126	-81.261673
127	-78.857469
128	-14.830374
129	-51.237828
130	-2.284668
131	-85.602167
132	-44.215522
133	-5.879063
134	-1.453180
135	-10.529368
136	-85.470276
137	-15.774911
138	-46.803811
139	-93.702906
140	-1.506285
141	-43.672097
142	-53.698118
143	-38.990541
144	-13.221147
145	-15.681945
146	-27.460794
147	-61.087678
148	-78.156616
149	-98.282366
150	-11.315580
151	-4.449026
152	-26.714338
153	-22.878018
154	-89.386701
155	-55.562728
156	-61.014016
157	-28.165938
158	-69.407825
159	-35.393487
160	-18.413846
161	-76.865660
162	-59.340991
163	-97.020908
164	-10.059931
165	-35.195551
166	-68.979491
167	-19.431148
168	-20.853331
169	-5.181681
170	-50.668698
171	-54.503284
172	-76.120866
173	-72.413802
174	-22.719580
175	-83.202707
176	-77.466946
177	-26.388433
178	-73.611629
179	-73.037435
180	-2.430871
181	-51.262874
182	-16.992770
183	-98.502230
184	-33.992042
185	-18.925969
186	-84.192110
187	-73.791137
188	-75.259793
189	-97.249036
190	-26.090641
191	-54.242932
192	-9.262085
193	-92.215829
194	-28.538760
195	-73.241549
196	-96.221493
197	-53.723641
198	-17.755746
199	-9.250034
200	-74.171430
;

param: weight :=
1	86.000000
2	59.000000
3	99.000000
4	72.000000
5	61.000000
6	15.000000
7	59.000000
8	4.000000
9	55.000000
10	57.000000
11	88.000000
12	19.000000
13	50.000000
14	71.000000
15	50.000000
16	13.000000
17	4.000000
18	57.000000
19	62.000000
20	73.000000
21	77.000000
22	55.000000
23	42.000000
24	66.000000
25	62.000000
26	79.000000
27	80.000000
28	43.000000
29	57.000000
30	8.000000
31	92.000000
32	86.000000
33	44.000000
34	76.000000
35	37.000000
36	29.000000
37	9.000000
38	45.000000
39	91.000000
40	96.000000
41	38.000000
42	44.000000
43	37.000000
44	96.000000
45	90.000000
46	33.000000
47	45.000000
48	61.000000
49	25.000000
50	72.000000
51	45.000000
52	41.000000
53	59.000000
54	40.000000
55	52.000000
56	11.000000
57	27.000000
58	43.000000
59	45.000000
60	14.000000
61	53.000000
62	63.000000
63	22.000000
64	76.000000
65	81.000000
66	72.000000
67	33.000000
68	20.000000
69	36.000000
70	76.000000
71	42.000000
72	81.000000
73	95.000000
74	6.000000
75	58.000000
76	93.000000
77	99.000000
78	91.000000
79	26.000000
80	92.000000
81	37.000000
82	76.000000
83	6.000000
84	72.000000
85	18.000000
86	92.000000
87	40.000000
88	96.000000
89	87.000000
90	59.000000
91	98.000000
92	34.000000
93	76.000000
94	69.000000
95	88.000000
96	67.000000
97	42.000000
98	8.000000
99	43.000000
100	46.000000
101	45.000000
102	68.000000
103	64.000000
104	69.000000
105	50.000000
106	40.000000
107	25.000000
108	18.000000
109	93.000000
110	97.000000
111	67.000000
112	93.000000
113	54.000000
114	97.000000
115	27.000000
116	77.000000
117	5.000000
118	7.000000
119	6.000000
120	81.000000
121	21.000000
122	59.000000
123	38.000000
124	15.000000
125	18.000000
126	27.000000
127	99.000000
128	2.000000
129	24.000000
130	57.000000
131	70.000000
132	74.000000
133	19.000000
134	73.000000
135	37.000000
136	67.000000
137	8.000000
138	35.000000
139	68.000000
140	73.000000
141	36.000000
142	22.000000
143	37.000000
144	73.000000
145	31.000000
146	35.000000
147	59.000000
148	82.000000
149	55.000000
150	12.000000
151	25.000000
152	84.000000
153	90.000000
154	16.000000
155	99.000000
156	6.000000
157	82.000000
158	13.000000
159	4.000000
160	21.000000
161	35.000000
162	27.000000
163	48.000000
164	4.000000
165	33.000000
166	2.000000
167	68.000000
168	38.000000
169	40.000000
170	80.000000
171	15.000000
172	10.000000
173	67.000000
174	34.000000
175	54.000000
176	28.000000
177	83.000000
178	79.000000
179	89.000000
180	27.000000
181	17.000000
182	81.000000
183	81.000000
184	20.000000
185	65.000000
186	12.000000
187	43.000000
188	48.000000
189	50.000000
190	72.000000
191	70.000000
192	33.000000
193	58.000000
194	61.000000
195	57.000000
196	38.000000
197	14.000000
198	14.000000
199	86.000000
200	32.000000
;

param: U :=
1	100.000000
2	100.000000
3	100.000000
4	100.000000
5	100.000000
6	100.000000
7	100.000000
8	100.000000
9	100.000000
10	100.000000
11	100.000000
12	100.000000
13	100.000000
14	100.000000
15	100.000000
16	100.000000
17	100.000000
18	100.000000
19	100.000000
20	100.000000
21	100.000000
22	100.000000
23	100.000000
24	100.000000
25	100.000000
26	100.000000
27	100.000000
28	100.000000
29	100.000000
30	100.000000
31	100.000000
32	100.000000
33	100.000000
34	100.000000
35	100.000000
36	100.000000
37	100.000000
38	100.000000
39	100.000000
40	100.000000
41	100.000000
42	100.000000
43	100.000000
44	100.000000
45	100.000000
46	100.000000
47	100.000000
48	100.000000
49	100.000000
50	100.000000
51	100.000000
52	100.000000
53	100.000000
54	100.000000
55	100.000000
56	100.000000
57	100.000000
58	100.000000
59	100.000000
60	100.000000
61	100.000000
62	100.000000
63	100.000000
64	100.000000
65	100.000000
66	100.000000
67	100.000000
68	100.000000
69	100.000000
70	100.000000
71	100.000000
72	100.000000
73	100.000000
74	100.000000
75	100.000000
76	100.000000
77	100.000000
78	100.000000
79	100.000000
80	100.000000
81	100.000000
82	100.000000
83	100.000000
84	100.000000
85	100.000000
86	100.000000
87	100.000000
88	100.000000
89	100.000000
90	100.000000
91	100.000000
92	100.000000
93	100.000000
94	100.000000
95	100.000000
96	100.000000
97	100.000000
98	100.000000
99	100.000000
100	100.000000
101	100.000000
102	100.000000
103	100.000000
104	100.000000
105	100.000000
106	100.000000
107	100.000000
108	100.000000
109	100.000000
110	100.000000
111	100.000000
112	100.000000
113	100.000000
114	100.000000
115	100.000000
116	100.000000
117	100.000000
118	100.000000
119	100.000000
120	100.000000
121	100.000000
122	100.000000
123	100.000000
124	100.000000
125	100.000000
126	100.000000
127	100.000000
128	100.000000
129	100.000000
130	100.000000
131	100.000000
132	100.000000
133	100.000000
134	100.000000
135	100.000000
136	100.000000
137	100.000000
138	100.000000
139	100.000000
140	100.000000
141	100.000000
142	100.000000
143	100.000000
144	100.000000
145	100.000000
146	100.000000
147	100.000000
148	100.000000
149	100.000000
150	100.000000
151	100.000000
152	100.000000
153	100.000000
154	100.000000
155	100.000000
156	100.000000
157	100.000000
158	100.000000
159	100.000000
160	100.000000
161	100.000000
162	100.000000
163	100.000000
164	100.000000
165	100.000000
166	100.000000
167	100.000000
168	100.000000
169	100.000000
170	100.000000
171	100.000000
172	100.000000
173	100.000000
174	100.000000
175	100.000000
176	100.000000
177	100.000000
178	100.000000
179	100.000000
180	100.000000
181	100.000000
182	100.000000
183	100.000000
184	100.000000
185	100.000000
186	100.000000
187	100.000000
188	100.000000
189	100.000000
190	100.000000
191	100.000000
192	100.000000
193	100.000000
194	100.000000
195	100.000000
196	100.000000
197	100.000000
198	100.000000
199	100.000000
200	100.000000
;

