DATASET: Gunluk and Lee 2009
FACILITIES: 20
CUSTOMERS: 40
FIXED_COSTS:
1 84.0
2 8.0
3 100.0
4 27.0
5 62.0
6 89.0
7 6.0
8 68.0
9 100.0
10 78.0
11 87.0
12 25.0
13 87.0
14 58.0
15 53.0
16 7.0
17 76.0
18 44.0
19 27.0
20 73.0
CAPACITIES:
1 1878
2 1878
3 1878
4 1878
5 1878
6 1878
7 1878
8 1878
9 1878
10 1878
11 1878
12 1878
13 1878
14 1878
15 1878
16 1878
17 1878
18 1878
19 1878
20 1878
DEMANDS:
1 31
2 16
3 13
4 20
5 88
6 28
7 2
8 35
9 56
10 28
11 18
12 69
13 71
14 6
15 55
16 51
17 6
18 31
19 68
20 20
21 72
22 30
23 30
24 64
25 73
26 39
27 75
28 77
29 66
30 58
31 11
32 82
33 57
34 85
35 58
36 48
37 53
38 25
39 100
40 63
ASSIGNMENT_COSTS:
1 1 30.104098668054657
1 2 22.11010514978988
1 3 38.533079214521685
1 4 39.301265639789435
1 5 32.42329224290918
1 6 31.832929051014318
1 7 29.582171771709483
1 8 14.920188988247613
1 9 30.360342246123366
1 10 15.213790423323461
1 11 38.33524015750567
1 12 19.31600594434185
1 13 21.63832766011488
1 14 14.600424241337032
1 15 16.152133951431157
1 16 35.25253858980216
1 17 37.54037037762125
1 18 24.102278881219437
1 19 3.9954276883842113
1 20 26.707757238429625
1 21 26.86367272106256
1 22 46.168843003335844
1 23 16.673051061843054
1 24 26.313579380479784
1 25 34.75049985290354
1 26 27.631356981681428
1 27 37.498689935160016
1 28 15.24168484802184
1 29 12.74471247113454
1 30 42.102231207869075
1 31 6.586458001985054
1 32 7.781989747971337
1 33 28.294772057433722
1 34 30.558014099753795
1 35 26.511213966391132
1 36 40.733092756837834
1 37 16.67362067479745
1 38 24.57374073217889
1 39 32.14729838602439
1 40 46.56868797591559
2 1 34.52541967637003
2 2 50.618061403338274
2 3 9.599988576627503
2 4 11.414691791703035
2 5 23.55321691955871
2 6 17.426033340695867
2 7 29.46520684074276
2 8 30.741021250798635
2 9 6.5624450658239075
2 10 21.237864633269695
2 11 11.141371540318406
2 12 28.003714086400976
2 13 52.94406598212008
2 14 21.920133580899527
2 15 34.36669520228859
2 16 30.183056170917826
2 17 46.33103210104056
2 18 18.41091202768416
2 19 32.66108239309355
2 20 10.469197850942379
2 21 12.83066642718077
2 22 42.25895252080632
2 23 39.63757433401225
2 24 15.44412390497616
2 25 44.00674361609192
2 26 10.638052834915593
2 27 33.83138576553572
2 28 21.38102403986392
2 29 47.583376402893975
2 30 23.6682093547437
2 31 31.88166424680972
2 32 28.688888012621156
2 33 7.97536682764681
2 34 50.43676398121277
2 35 50.92326370909615
2 36 37.37893526977316
2 37 33.33445686447925
2 38 53.304866554564335
2 39 43.76434863491312
2 40 14.106551542847814
3 1 31.2913724223861
3 2 38.96788624959083
3 3 21.637824989335655
3 4 23.017895594925747
3 5 25.167066728196552
3 6 20.78378756864855
3 7 27.499482657445945
3 8 20.80847961688598
3 9 9.821181495968693
3 10 5.563181377389331
3 11 22.195354664468955
3 12 13.717967780105653
3 13 40.26053827561458
3 14 6.203893370092508
3 15 19.03779958361572
3 16 31.113396216880723
3 17 42.642424566270854
3 18 15.236125225549427
3 19 18.18281687094757
3 20 10.213077961089821
3 21 12.908378465352685
3 22 44.18475731060889
3 23 29.056606757663616
3 24 14.652055136923034
3 25 39.864963944599246
3 26 6.884685435839747
3 27 34.63483478005948
3 28 5.591130734134896
3 29 33.200554113078226
3 30 31.149367997038368
3 31 16.036619037689885
3 32 14.647709733616363
3 33 8.01924245224876
3 34 42.276129500738165
3 35 40.931922053136006
3 36 38.50984923230792
3 37 18.146271776651602
3 38 41.696846899909964
3 39 38.52762953766196
3 40 28.836717286746953
4 1 19.45106695486218
4 2 12.684921863536688
4 3 47.36659193982252
4 4 46.876574419774784
4 5 31.494106706948067
4 6 36.208390923462154
4 7 24.19650291294093
4 8 22.03501090023334
4 9 48.82675252740142
4 10 39.134531911256005
4 11 46.07221558552798
4 12 48.62986440751727
4 13 17.32042448967048
4 14 38.94112847101198
4 15 46.92117201509895
4 16 27.8872699946152
4 17 14.242673352918539
4 18 32.676314806909936
4 19 29.443495236775536
4 20 40.90620153257045
4 21 38.25358158543546
4 22 29.515429011548854
4 23 14.689361948015003
4 24 35.70953113418112
4 25 13.339574533659945
4 26 48.49488930318074
4 27 26.704405485547504
4 28 39.481293752584456
4 29 25.44411760326482
4 30 40.532455411348
4 31 36.64219355494346
4 32 30.46792699490982
4 33 46.660262632671554
4 34 0.6686973787256028
4 35 6.257177310349372
4 36 27.01756131572326
4 37 47.30270569490715
4 38 12.704383011214041
4 39 10.83348876265484
4 40 54.339654511811005
5 1 15.570897234164846
5 2 11.317465779955036
5 3 38.20526622254904
5 4 38.09106590356354
5 5 24.55584207471201
5 6 27.70261861939551
5 7 18.203710256652748
5 8 9.869144424885281
5 9 37.258481773332136
5 10 26.562700395742567
5 11 37.18770167546761
5 12 36.04662152240433
5 13 15.279744961679112
5 14 26.344523723761228
5 15 34.724969750945014
5 16 23.598174437029055
5 17 19.11997149310076
5 18 22.359597959411232
5 19 17.07594596894364
5 20 29.87671080250512
5 21 27.72927966900979
5 22 30.762293550277963
5 23 2.4461403431470146
5 24 25.503429472341445
5 25 16.545250565449017
5 26 36.48998671700537
5 27 24.17681256029364
5 28 26.897684950231675
5 29 17.70485521545682
5 30 34.77162278040319
5 31 24.33035238944007
5 32 17.832823980706497
5 33 35.03523255744949
5 34 12.161066425377648
5 35 10.660982144248129
5 36 26.26057270011527
5 37 35.01538255772942
5 38 13.701546719779284
5 39 13.634931439870426
5 40 45.847161412715394
6 1 31.958825415962682
6 2 19.687608955367892
6 3 42.80232843175358
6 4 43.501911212335266
6 5 35.66500836055567
6 6 35.5998056965887
6 7 32.108631338412316
6 8 17.30480758609956
6 9 34.92109245547506
6 10 19.765001797685102
6 11 42.53162611623396
6 12 22.853875991225642
6 13 18.381316798527777
6 14 19.14545754935797
6 15 18.610279646494853
6 16 37.88379829343809
6 17 38.149779409603056
6 18 27.94653936849891
6 19 7.993611865445582
6 20 31.101043714483716
6 21 31.07385315396044
6 22 48.06345551308871
6 23 16.676528337662706
6 24 30.33968664180668
6 25 35.47139489731344
6 26 32.180085079502945
6 27 39.817931194570434
6 28 19.783245499165147
6 29 8.581989664029338
6 30 45.60880435711905
6 31 10.47410179997529
6 32 12.014632275824745
6 33 32.85086430886534
6 34 29.626458719326003
6 35 24.850387939497097
6 36 42.82415388907077
6 37 19.353363456081635
6 38 21.9117855229498
6 39 32.672072514070734
6 40 50.867385173092
7 1 39.1649932080972
7 2 32.879804016933484
7 3 40.296384689549065
7 4 41.48096969494871
7 5 38.69882627953181
7 6 36.45613067252398
7 7 37.58477749812636
7 8 24.06174140076149
7 9 28.668951818463867
7 10 14.5180329661386
7 11 40.582639717190276
7 12 10.553608998932665
7 13 31.76599747902155
7 14 13.867317152104736
7 15 5.225176902877095
7 16 42.84755241251237
7 17 47.81228795194596
7 18 28.96463637261004
7 19 13.064464313436948
7 20 28.225698251447916
7 21 29.71945648760461
7 22 54.82679627389617
7 23 27.581203005705234
7 24 30.20401218664499
7 25 44.96219713800642
7 26 24.971650341079933
7 27 45.62243780992743
7 28 14.225971141131518
7 29 21.621189449751636
7 30 47.21924868402706
7 31 6.154514766943228
7 32 14.270037438099825
7 33 27.09049741837922
7 34 41.60691527342903
7 35 37.5537865959237
7 36 49.17356418777115
7 37 6.002840437707045
7 38 35.21187470404888
7 39 42.54734699472957
7 40 47.825226909624185
8 1 27.1698385041986
8 2 20.706967947505508
8 3 36.610494356911474
8 4 37.283173322291425
8 5 29.716788972464027
8 6 29.403489162121154
8 7 26.689712892212334
8 8 11.992494403206411
8 9 29.37821021513662
8 10 14.661675244263566
8 11 36.31199979937862
8 12 20.61533283272986
8 13 20.856530488828334
8 14 14.120145539184456
8 15 18.285857369447044
8 16 32.381624234575455
8 17 34.737712141567144
8 18 21.725454197975548
8 19 1.932006319170592
8 20 25.02127894513248
8 21 24.86540789277253
8 22 43.234994582475615
8 23 14.167049272657012
8 24 24.100203917818714
8 25 31.930971291817123
8 26 26.965267998808386
8 27 34.586533870250605
8 28 14.775663296313521
8 29 13.141420937942394
8 30 39.52213014690405
8 31 8.074025293341887
8 32 5.921987135122412
8 33 27.237360662967237
8 34 28.263268573200662
8 35 24.59656755763977
8 36 37.80503000580352
8 37 18.672342965200254
8 38 23.290481573190977
8 39 29.374291055069502
8 40 44.687120459877775
9 1 12.338936922100684
9 2 37.79111746518898
9 3 28.202521980690264
9 4 26.804248802813984
9 5 13.42244522343607
9 6 19.177365079994782
9 7 12.164673631705712
9 8 26.736056628864358
9 9 38.000927741209104
9 10 38.395626370998436
9 11 26.463111140769524
9 12 50.49158843616068
9 13 42.44605514445978
9 14 38.71352600767766
9 15 52.898340663981614
9 16 7.2023950965735235
9 17 16.277895917043484
9 18 23.06281788226
9 19 37.91879690239446
9 20 29.966316026540667
9 21 26.451721159973463
9 22 6.058958836869934
9 23 29.569699516670788
9 24 24.018477010457502
9 25 15.963427519756895
9 26 40.18465613472099
9 27 4.135118968922683
9 28 38.84617427359613
9 29 45.13608892982802
9 30 15.306523335637479
9 31 43.639784812128205
9 32 35.55780219383225
9 33 36.649327065234964
9 34 28.515196686925716
9 35 33.39229990416642
9 36 2.1785892691210553
9 37 52.5831675056634
9 38 39.365205406882026
9 39 18.268549663949575
9 40 32.148501743595496
10 1 6.363653766839356
10 2 26.567135780102436
10 3 24.400379280510908
10 4 23.923241028841755
10 5 9.281061219859989
10 6 13.252708695769735
10 7 3.8200293337044307
10 8 10.999810461859253
10 9 27.904475231872063
10 10 23.697789510030436
10 11 23.108162849249542
10 12 35.64556113469104
10 13 30.519487020592866
10 14 23.890574731537964
10 15 37.336374547070726
10 16 9.583199916483201
10 17 18.057566179257613
10 18 10.891348212268595
10 19 22.011201678934412
10 20 19.437241681664716
10 21 16.24444044342867
10 22 20.919320127330213
10 23 16.128228984799897
10 24 13.502594803334336
10 25 15.460868379285694
10 26 28.746095970228552
10 27 11.78630490749139
10 28 24.14551456032001
10 29 30.690223459824033
10 30 19.504489614814034
10 31 27.795490632114277
10 32 19.684803251664157
10 33 25.979448721334442
10 34 22.301913586450418
10 35 24.426482521018052
10 36 15.253374532147829
10 37 37.116872386774936
10 38 28.823535788428718
10 39 14.914626676315649
10 40 31.468698434017966
11 1 32.62110181034457
11 2 47.75074156443208
11 3 10.505861985258331
11 4 12.259044824704645
11 5 22.245329309809904
11 6 16.20160705526871
11 7 27.673349030847433
11 8 27.930992579863208
11 9 4.18617545223592
11 10 18.180227802770172
11 11 11.754798877454384
11 12 25.451136287530655
11 13 49.98577706066477
11 14 18.863907597588117
11 15 31.63251039353021
11 16 28.92275393846715
11 17 44.487072448020946
11 18 16.04889502814211
11 19 29.56421813721675
11 20 7.737501309955228
11 21 10.51980012373197
11 22 41.3742634673407
11 23 36.8332895297439
11 24 13.24810831625847
11 25 42.07139007602151
11 26 8.247360004203161
11 27 32.61612867605995
11 28 18.33553936458861
11 29 44.50160933750121
11 30 23.707438489154768
11 31 28.824441807423266
11 32 25.598024892911948
11 33 5.07468141769875
11 34 47.971625360992185
11 35 48.23512499002425
11 36 36.280283754045634
11 37 30.631058077956443
11 38 50.448705459629615
11 39 41.66085222259377
11 40 16.34190105306802
12 1 11.475624672568333
12 2 36.90990211914458
12 3 28.25872011682586
12 4 26.89809318544843
12 5 13.127602850329223
12 6 18.986611833506363
12 7 11.462147045867304
12 8 25.956765909717255
12 9 37.76247108562179
12 10 37.84144572608628
12 11 26.527114842539458
12 12 49.93764686996968
12 13 41.563879804936654
12 14 38.148481315890095
12 15 52.25978965432859
12 16 6.728454234818932
12 17 15.56459813965177
12 18 22.605930204935806
12 19 37.16770074575328
12 20 29.660346535218622
12 21 26.136444431422994
12 22 6.369376090538738
12 23 28.701962338255072
12 24 23.66147232970972
12 25 15.16791132551392
12 26 39.87077881800675
12 27 3.4238803943227993
12 28 38.29248489997775
12 29 44.27652536047828
12 30 15.635427507376317
12 31 42.943963025168
12 32 34.85163614142397
12 33 36.37047670811139
12 34 27.67792303043013
12 35 32.524848209797575
12 36 1.5449565215625132
12 37 51.958447420452714
12 38 38.487985787906474
12 39 17.43201130685158
12 40 32.406275246242835
13 1 20.120471579612897
13 2 45.63498979833946
13 3 17.432015258262602
13 4 15.743428287764297
13 5 10.8893693635247
13 6 12.78668866295767
13 7 16.3510119545563
13 8 29.680688134978617
13 9 30.12244775998712
13 10 35.430342792926446
13 11 15.716656528540593
13 12 46.97627688602178
13 13 49.82342634481057
13 14 35.931693942046806
13 15 50.9597927300013
13 16 11.525668145073894
13 17 28.291758385422145
13 18 19.96791280183534
13 19 39.25067234782241
13 20 23.573284133286208
13 21 20.57965089654968
13 22 17.664007115032394
13 23 35.57471178953179
13 24 19.139168974117496
13 25 27.280229911540804
13 26 33.23318097037934
13 27 13.134056618297638
13 28 35.84502654697285
13 29 49.965769134543756
13 30 3.06018883739159
13 31 43.313278695845206
13 32 35.918517203422205
13 33 29.386784921433616
13 34 38.74401706716761
13 35 42.50569996579816
13 36 14.792370812672456
13 37 50.368575858606505
13 38 47.68620479949607
13 39 28.870069091045803
13 40 19.747286446141523
14 1 33.9118653851369
14 2 8.994312557829296
14 3 54.209201042469516
14 4 54.445521322385225
14 5 42.49472115237473
14 6 44.722760765561524
14 7 36.54459647186925
14 8 24.661682609380918
14 9 49.500455804515894
14 10 35.26941434753033
14 11 53.490110623090224
14 12 39.845780427870075
14 13 4.224180687617736
14 14 34.74721607905078
14 15 35.299520525554115
14 16 42.01363582203394
14 17 34.53486583936203
14 18 38.11412751962906
14 19 22.482941522315446
14 20 43.878713607916005
14 21 42.731549728292585
14 22 48.342961173205396
14 23 17.253532236542636
14 24 41.109323476141654
14 25 32.651006230921425
14 26 47.42909255724181
14 27 42.51248449715176
14 28 35.402584925476496
14 29 8.521464911609074
14 30 52.84022019894506
14 31 27.324740971043493
14 32 25.982177897384673
14 33 47.28926372804973
14 34 21.682855012499353
14 35 15.287214998446863
14 36 44.32476126584384
14 37 36.14528366694743
14 38 9.062637237123432
14 39 29.58617189822374
14 40 62.20387312481014
15 1 24.128330582225182
15 2 2.5493860580269883
15 3 46.7823216061883
15 4 46.78188601753103
15 5 33.586121745552795
15 6 36.5531867131846
15 7 27.176293188628325
15 8 17.388022536001593
15 9 44.33133047504306
15 10 31.744550993607373
15 11 45.858473264821306
15 12 39.14224092034186
15 13 6.364693989504657
15 14 31.367491678607557
15 15 36.1997446994546
15 16 32.43477808609827
15 17 24.70793796054777
15 18 30.72262307573866
15 19 19.883906886175126
15 20 37.611184840479325
15 21 35.854012283077886
15 22 38.32383866474508
15 23 8.673064515813401
15 24 33.84493638192443
15 25 22.70465413190076
15 26 42.9728937970757
15 27 32.68918712103678
15 28 31.992195833752703
15 29 12.666019021858293
15 30 43.80137194007679
15 31 26.498975958205413
15 32 22.242489310149942
15 33 42.08322479972863
15 34 12.741302467079501
15 35 6.977429421985912
15 36 34.36308233451789
15 37 36.77331033367561
15 38 5.2657316725368775
15 39 19.630171027693137
15 40 54.56310896065604
16 1 24.302036873865426
16 2 37.80911363936267
16 3 14.372161766538943
16 4 15.35867596507155
16 5 16.360212507153374
16 6 11.661308896262163
16 7 19.840508068929815
16 8 17.973377258245073
16 9 9.990560276333344
16 10 11.808390522222508
16 11 14.428052712772606
16 12 22.67911283944369
16 13 40.14844826139618
16 14 12.425025485882077
16 15 27.276681015530173
16 16 22.639025577614763
16 17 36.10616080722685
16 18 7.2400595082179455
16 19 20.696162330487986
16 20 2.4838833051588707
16 21 3.797045734941821
16 22 35.702333772963655
16 23 26.87557621802216
16 24 5.707019802092973
16 25 33.50078398151406
16 26 10.808716806640941
16 27 26.277680345361954
16 28 12.156464488200523
16 29 35.24568654471174
16 30 22.074347184419672
16 31 21.64231899938418
16 32 16.65920188852304
16 33 7.955656016421245
16 34 38.3066731460656
16 35 38.32100305714932
16 36 30.14133605101109
16 37 26.536645030293943
16 38 40.50172759656132
16 39 32.707714411304046
16 40 22.31828328389901
17 1 26.220830692584983
17 2 49.07894061413599
17 3 6.849529180801288
17 4 5.039977700108925
17 5 13.933240882064823
17 6 10.246570686476359
17 7 21.242569817908393
17 8 30.384872849651245
17 9 21.079719244051756
17 10 30.256837504311235
17 11 5.362780128694801
17 12 40.556562435095366
17 13 52.638256055440166
17 14 30.873017254918945
17 15 45.649610722581286
17 16 18.864756829509943
17 17 36.61616379258703
17 18 17.473184244424118
17 19 37.47525207631475
17 20 16.724779998794833
17 21 14.976864953843656
17 22 28.34186805322161
17 23 38.122722833054986
17 24 15.075385970695928
17 25 34.98873468716394
17 26 24.75926670220522
17 27 21.841051346349243
17 28 30.60104956843842
17 29 50.49272003799883
17 30 8.012719388517988
17 31 39.79093336214715
17 32 33.62020867908605
17 33 20.937622412177586
17 34 44.758213347942714
17 35 47.27718254446838
17 36 24.560716492943012
17 37 44.85755043276539
17 38 51.469566131411085
17 39 35.84082650503247
17 40 9.409671853437032
18 1 28.35408481896044
18 2 2.9174009887407903
18 3 52.1410724677127
18 4 52.0975107670727
18 5 38.52839159215768
18 6 41.774390174666685
18 7 31.85990575342899
18 8 22.842121477033484
18 9 49.76817523923345
18 10 36.94020399047756
18 11 51.18228726482372
18 12 43.72408130387927
18 13 4.403860677705943
18 14 36.534429893398155
18 15 40.249788618421825
18 16 36.86232766211039
18 17 26.95036240960948
18 18 36.12208468718973
18 19 24.749740857694412
18 20 43.07584556571683
18 21 41.29451397672151
18 22 41.5012114174605
18 23 14.055865120063707
18 24 39.252203076368644
18 25 25.389988831896897
18 26 48.34402694998554
18 27 36.748669060647124
18 28 37.16857967305312
18 29 14.661360834945844
18 30 48.61745546919282
18 31 30.99260892328941
18 32 27.39966978142659
18 33 47.52006651510702
18 34 13.528312756804016
18 35 7.168471801850466
18 36 38.03180824934445
18 37 40.92153560721005
18 38 0.600240194633219
18 39 22.413660224216112
18 40 59.8698172576667
19 1 28.8994282489554
19 2 51.01755443186471
19 3 4.823777269189619
19 4 3.187769903101344
19 5 16.532037285166247
19 6 12.067846091955364
19 7 23.828939463111826
19 8 31.905259271635472
19 9 19.444501889883732
19 10 30.040256185324466
19 11 3.994173621391569
19 12 39.73266374905661
19 13 54.408832902818226
19 14 30.684026866364576
19 15 45.169757394350384
19 16 21.818931829157957
19 17 39.53809165799373
19 18 18.607652359624378
19 19 38.208230437459115
19 20 16.332955756675027
19 21 15.22925748038717
19 22 31.493582786740156
19 23 39.95696071601998
19 24 15.885019914953261
19 25 37.830153941286774
19 26 23.323483992302467
19 27 24.889103343114687
19 28 30.352337053310883
19 29 51.7122565942329
19 30 11.133187768621992
19 31 39.96482586229311
19 32 34.264590059559566
19 33 19.611079902301505
19 34 47.25752224389584
19 35 49.51505032675565
19 36 27.678719724410485
19 37 44.315765777034144
19 38 53.46904259710018
19 39 38.56275139129181
19 40 6.490632027652183
20 1 12.69303704985156
20 2 14.465326362309321
20 3 35.27552037256873
20 4 35.10515694978329
20 5 21.39076430560121
20 6 24.646460618305156
20 7 15.061759931795255
20 8 8.070378625710246
20 9 35.03996777477302
20 10 25.326219206300305
20 11 34.21302230536521
20 12 35.51167841720535
20 13 18.440555294473775
20 14 25.183053193060566
20 15 34.82035136777314
20 16 20.519996848547084
20 17 17.77829260487701
20 18 19.601287467618047
20 19 17.20865012032889
20 20 27.394959977886923
20 21 25.063843693892736
20 22 28.270290355539913
20 23 4.54782065319661
20 24 22.736111592636128
20 25 15.02437557097698
20 26 34.5420347216027
20 27 21.262880366770734
20 28 25.692986237356035
20 29 20.1851189627607
20 30 31.601989649092992
20 31 24.397247155184317
20 32 17.23287295524542
20 33 32.84310942469201
20 34 13.414323983137718
20 35 13.198393809333073
20 36 23.541190187530006
20 37 35.00232023164672
20 38 16.797055197520574
20 39 12.36988044902943
20 40 42.84116361446232
