DATASET: Gunluk and Lee 2009
FACILITIES: 30
CUSTOMERS: 60
FIXED_COSTS:
1 1.0
2 16.0
3 95.0
4 95.0
5 85.0
6 40.0
7 22.0
8 4.0
9 82.0
10 84.0
11 15.0
12 100.0
13 97.0
14 80.0
15 1.0
16 85.0
17 8.0
18 87.0
19 100.0
20 65.0
21 9.0
22 76.0
23 20.0
24 25.0
25 13.0
26 17.0
27 100.0
28 64.0
29 48.0
30 49.0
CAPACITIES:
1 2825
2 2825
3 2825
4 2825
5 2825
6 2825
7 2825
8 2825
9 2825
10 2825
11 2825
12 2825
13 2825
14 2825
15 2825
16 2825
17 2825
18 2825
19 2825
20 2825
21 2825
22 2825
23 2825
24 2825
25 2825
26 2825
27 2825
28 2825
29 2825
30 2825
DEMANDS:
1 69
2 92
3 37
4 28
5 88
6 33
7 77
8 12
9 56
10 32
11 19
12 10
13 42
14 27
15 74
16 92
17 27
18 33
19 16
20 77
21 24
22 30
23 73
24 45
25 96
26 29
27 7
28 18
29 68
30 88
31 29
32 24
33 78
34 37
35 22
36 6
37 98
38 49
39 25
40 5
41 58
42 65
43 13
44 82
45 32
46 86
47 96
48 42
49 78
50 61
51 14
52 13
53 2
54 86
55 69
56 43
57 75
58 12
59 76
60 30
ASSIGNMENT_COSTS:
1 1 28.224271375636985
1 2 43.2850103103541
1 3 30.624597881436554
1 4 36.89689033580853
1 5 43.830674377798104
1 6 14.781517067270212
1 7 39.40793357830199
1 8 39.11790991671874
1 9 14.094616859769163
1 10 28.105184807310064
1 11 31.459749917988166
1 12 16.14859138390782
1 13 29.690010820188494
1 14 49.25618726504752
1 15 36.83328180175517
1 16 48.48305407502473
1 17 20.12410557259289
1 18 40.57065928955956
1 19 24.750522218265594
1 20 20.17723338975754
1 21 19.281399561414627
1 22 5.492910350983666
1 23 33.82631330239163
1 24 26.27312269215027
1 25 37.3529110922175
1 26 27.7740450227062
1 27 38.836524966438354
1 28 31.525297778996936
1 29 15.022418560993284
1 30 32.91388621119167
1 31 44.82049921824229
1 32 16.152264640468292
1 33 42.739372723699354
1 34 5.748891830857996
1 35 7.000883967312537
1 36 25.92709284669211
1 37 31.459199837039638
1 38 29.187498865037696
1 39 18.83924264447292
1 40 35.497842367719414
1 41 10.062355415140889
1 42 12.707154240137283
1 43 38.152922574184075
1 44 11.164851448445253
1 45 43.43103703598646
1 46 26.559702748769944
1 47 21.344413354781484
1 48 16.44090492397122
1 49 30.25412881318382
1 50 33.844761392523345
1 51 36.83257356218233
1 52 6.630125673319193
1 53 4.337408435300304
1 54 7.472987353668822
1 55 17.04108926615543
1 56 45.170401951539816
1 57 31.684393766586226
1 58 16.167768552843224
1 59 11.300412067444256
1 60 15.432242424005707
2 1 14.99181040141703
2 2 39.55295367016607
2 3 35.92709855413099
2 4 28.072363264738282
2 5 37.921062392915566
2 6 2.8477678842703615
2 7 30.438079673166047
2 8 29.24601459555225
2 9 6.675259968365774
2 10 15.362491198535283
2 11 18.370433531850665
2 12 11.724216668114739
2 13 22.4592115950944
2 14 42.97661321801907
2 15 27.942189435052168
2 16 42.061883911234126
2 17 18.420608076456325
2 18 29.278305853582122
2 19 24.49878408463854
2 20 8.412835991267572
2 21 19.659487618945715
2 22 13.351153365500657
2 23 27.78246703550239
2 24 26.91687293527187
2 25 28.46820203129848
2 26 34.98407128825028
2 27 30.841878246349356
2 28 32.66434043311897
2 29 21.357784199601898
2 30 24.50773501828982
2 31 37.01874300896804
2 32 8.068144253807027
2 33 34.38774478237534
2 34 17.80654972327603
2 35 13.703499043475306
2 36 24.7199930653982
2 37 18.889116315825916
2 38 16.70869689043433
2 39 9.997144648937041
2 40 39.0841567538288
2 41 23.03696369428932
2 42 25.384204234075924
2 43 25.089724455745284
2 44 10.052893172255251
2 45 34.72185858004176
2 46 26.707404752476382
2 47 10.833688230618623
2 48 23.731954663708564
2 49 17.28895721004174
2 50 23.949586011148345
2 51 29.290908117695523
2 52 11.264978100307472
2 53 9.618190668647374
2 54 10.007785265288268
2 55 9.15302100477528
2 56 37.35490899864317
2 57 35.68622659002194
2 58 17.627832555897225
2 59 21.787827344468322
2 60 5.800291392327868
3 1 30.791023514213006
3 2 17.653619469486248
3 3 16.73307576488651
3 4 19.26169107644617
3 5 19.80862906144738
3 6 22.385703112450514
3 7 21.288382112235222
3 8 23.168306724928488
3 9 31.021946846327925
3 10 26.265432793000183
3 11 35.54684861756435
3 12 12.844657716601246
3 13 12.234737038142725
3 14 25.18518579101383
3 15 19.36687161454639
3 16 24.622129020737397
3 17 6.255551680720887
3 18 28.11680048524997
3 19 2.0006658423070283
3 20 21.090611021062227
3 21 6.603913854026208
3 22 20.440338472450758
3 23 11.938791869068584
3 24 4.002787842294434
3 25 19.69125936432298
3 26 19.56403980610623
3 27 18.888422590817097
3 28 8.76978671916201
3 29 14.51287735656458
3 30 16.047445422494057
3 31 23.289154623729676
3 32 32.619687611989804
3 33 22.553578324692523
3 34 31.128787843448425
3 35 18.95368605139082
3 36 0.1679981207092509
3 37 38.3854281640086
3 38 36.9214399183321
3 39 34.501545697453665
3 40 16.741422110412948
3 41 28.243785558323104
3 42 28.121121398478145
3 43 40.97583024218166
3 44 32.504488404858925
3 45 23.79729584322611
3 46 3.138700168371246
3 47 34.701505880818516
3 48 15.8677606605881
3 49 35.55312434320691
3 50 19.980929309188948
3 51 16.610691586842975
3 52 30.35760457350693
3 53 26.746885040174472
3 54 19.042800236444837
3 55 16.064793032913247
3 56 23.60836185670789
3 57 14.546171982246205
3 58 9.739055288552697
3 59 21.55504384843023
3 60 19.261754816326114
4 1 50.72755063831546
4 2 30.3654107503499
4 3 4.9854985832123395
4 4 40.35890106382633
4 5 36.30357114018716
4 6 39.19569124563625
4 7 42.055164937328954
4 8 44.39944499712627
4 9 45.33119584756007
4 10 46.92718341964316
4 11 55.399362580576735
4 12 30.417470817301517
4 13 33.88067227452202
4 14 40.530236233348795
4 15 40.50052103570502
4 16 40.422015379361945
4 17 24.71809255845831
4 18 49.68977066876588
4 19 20.100060330557888
4 20 40.26226867956888
4 21 22.06847672159865
4 22 29.321799168785724
4 23 32.327080108013575
4 24 17.695970542289775
4 25 40.74445116992643
4 26 6.368608693815185
4 27 39.16540051647095
4 28 15.079414766062262
4 29 19.44058575262423
4 30 37.551073559701386
4 31 41.95219035050602
4 32 47.35345126108854
4 33 42.24049006663078
4 34 36.752337441740515
4 35 28.14980224624943
4 36 21.557246606439268
4 37 57.55934245852412
4 38 55.7358991260558
4 39 49.8263558344558
4 40 8.383866220239396
4 41 29.10986432663974
4 42 26.929878982595586
4 43 61.42049506716899
4 44 44.44352654521443
4 45 43.64813552769298
4 46 18.606993359593666
4 47 51.12756608310016
4 48 17.57132503102295
4 49 55.05519715987061
4 50 41.63707606667397
4 51 37.06563298122023
4 52 40.45089699515298
4 53 37.25061764586609
4 54 30.983428427693926
4 55 34.418584894955856
4 56 42.20135401787459
4 57 7.656760593791892
4 58 23.022501731809577
4 59 23.282248881124104
4 60 36.70695112479317
5 1 31.1184603475945
5 2 54.490133311299175
5 3 42.276826860253905
5 4 45.777433567797395
5 5 54.29465622373589
5 6 20.84576637652552
5 7 48.219165211535994
5 8 47.279029615512265
5 9 13.947180218922966
5 10 33.03099866576279
5 11 32.81620409828768
5 12 26.26058447128625
5 13 39.3367642284694
5 14 59.61302562450044
5 15 45.67038990910584
5 16 58.771179982175134
5 17 31.37399856365458
5 18 47.420588263219415
5 19 36.43695407455283
5 20 26.569698584302024
5 21 30.931725483209366
5 22 17.392758900671943
5 23 44.09724924628394
5 24 38.10210636728354
5 25 46.19973731199163
5 26 38.96363750784757
5 27 48.236976605484216
5 28 43.43601652292672
5 29 26.85804504953638
5 30 41.9965478767983
5 31 54.3887738375899
5 32 14.991546567016623
5 33 51.97121686059661
5 34 8.721382511460348
5 35 18.886524623261653
5 36 37.46917692375975
5 37 31.29269798204584
5 38 29.086516645430166
5 39 16.882340855233128
5 40 47.35530135403037
5 41 17.49738789053435
5 42 20.385797409116808
5 43 38.92688950400884
5 44 8.771997725879888
5 45 52.44584258827051
5 46 38.33363680552855
5 47 20.084651036171376
5 48 28.044773404293043
5 49 31.247466516372995
5 50 41.949299093935984
5 51 46.452899052946776
5 52 7.423847030373739
5 53 10.790214586874622
5 54 18.35102447303948
5 55 25.745732110856462
5 56 54.7340340034696
5 57 43.526254209271784
5 58 27.87763030112389
5 59 22.02264812087474
5 60 23.017506725067914
6 1 36.87139659469184
6 2 33.324482470130555
6 3 14.325823270596057
6 4 34.47001290076135
6 5 36.39909535428
6 6 23.747577362162083
6 7 36.79107430198273
6 8 37.94617030390186
6 9 28.420266337645796
6 10 34.28377874697725
6 11 41.216770406238396
6 12 17.003204873730716
6 13 26.668980005758396
6 14 41.71710675458932
6 15 34.51548077862338
6 16 41.198227951317755
6 17 14.516827487085434
6 18 41.71306815301448
6 19 14.733898395023054
6 20 26.45176414387283
6 21 11.60519839902566
6 22 11.992670407958027
6 23 28.2088825102619
6 24 14.60790934495511
6 25 34.93674462812226
6 26 11.373680745784247
6 27 34.89169709277085
6 28 18.10422460742698
6 29 3.2296853517468618
6 30 30.66985835520294
6 31 39.78317414848217
6 32 30.500400239666703
6 33 38.743891604771406
6 34 19.675881365438507
6 35 10.975491483297832
6 36 16.62471988083442
6 37 42.63966860562736
6 38 40.59391247807396
6 39 33.08481301767131
6 40 19.772711909608113
6 41 13.384573514459348
6 42 12.302653058781521
6 43 47.72320209422101
6 44 27.078216768100877
6 45 39.87410877802263
6 46 15.388748560140488
6 47 34.767484953935615
6 48 0.8062596889426824
6 49 40.53142464642291
6 50 33.596319015404454
6 51 32.59921194416997
6 52 22.988115057697147
6 53 19.85273905337532
6 54 14.283632067902829
6 55 20.720501894597813
6 56 40.111645985017134
6 57 15.939366356895993
6 58 9.98629120511211
6 59 6.506667728178959
6 60 21.954335242181916
7 1 42.920799473370835
7 2 19.412719516366582
7 3 7.293648315678193
7 4 29.555761831071624
7 5 25.049612842269873
7 6 33.33272426630842
7 7 31.088948454507097
7 8 33.626762880754306
7 9 41.067993177192285
7 10 38.48474594010727
7 11 47.67630190405411
7 12 23.778328465179182
7 13 23.71543708995559
7 14 29.43396155965398
7 15 29.715114430260765
7 16 29.26926588294092
7 17 17.14943314298241
7 18 39.188944402121756
7 19 11.266148220541956
7 20 32.94279440045388
7 21 15.437765575259672
7 22 27.15410623704227
7 23 21.403183589679294
7 24 8.594328017400557
7 25 29.913862140241676
7 26 12.564452775003708
7 27 28.0897700883365
7 28 3.9786163895533786
7 29 17.791349954640133
7 30 27.094643377053114
7 31 30.66663589687281
7 32 42.89317783843039
7 33 31.031701110066734
7 34 36.788313236126974
7 35 25.70259892130068
7 36 12.060886720750082
7 37 50.37343026879565
7 38 48.80479368339573
7 39 45.0683208400666
7 40 4.52791887568916
7 41 31.09986342904921
7 42 29.807863183018746
7 43 53.19322936874903
7 44 41.469848381577556
7 45 32.45306204096099
7 46 9.186035699410848
7 47 45.72682239519405
7 48 17.31006877578207
7 49 47.60865965761011
7 50 31.376217819891345
7 51 26.064495784619073
7 52 38.328452269231995
7 53 34.770759920942304
7 54 27.365592858725623
7 55 27.499560294980153
7 56 30.913383568470955
7 57 3.7947414042372154
7 58 17.709771299828375
7 59 24.19691291807926
7 60 30.39870332366606
8 1 7.614766844484978
8 2 46.63095569566512
8 3 48.72237075372215
8 4 30.72885434647094
8 5 42.97361696373326
8 6 14.236888177361287
8 7 32.482827984772065
8 8 30.006816357749976
8 9 12.823907943803933
8 10 12.670373694809086
8 11 6.874657017882235
8 12 23.143541814594723
8 13 28.34671140568234
8 14 47.165433663781045
8 15 30.5223436743306
8 16 46.160934941868994
8 17 29.628370095232036
8 18 27.15659293310689
8 19 35.587266609946255
8 20 14.002577758134576
8 21 31.66940113678402
8 22 27.17160564812228
8 23 33.95461490540149
8 24 38.22149140105031
8 25 30.96535992804187
8 26 48.37666203888355
8 27 34.22241350183182
8 28 43.76277353373791
8 29 34.95054696261071
8 30 28.460459457367598
8 31 39.875739477490704
8 32 11.304283591426818
8 33 36.79350044609117
8 34 29.515466092624987
8 35 27.560267196397653
8 36 35.2373731050434
8 37 5.316942184981973
8 38 3.0272879097290324
8 39 9.391425415554794
8 40 51.0686703264994
8 41 36.2387728977453
8 42 38.793268840666435
8 43 12.72199621079359
8 44 17.80634494882213
8 45 36.566975771121726
8 46 37.77067033812779
8 47 6.205610441655716
8 48 37.395381278345106
8 49 5.1905191684915755
8 50 25.72881581797391
8 51 33.49869488716832
8 52 21.813212688988166
8 53 21.970349834607134
8 54 23.848355985648787
8 55 19.288253703842564
8 56 40.15742948611036
8 57 47.98948802208584
8 58 30.32216565132722
8 59 35.61667637225273
8 60 16.65151519965431
9 1 23.143918491944795
9 2 18.484108410885188
9 3 26.078740903782293
9 4 10.970483861067045
9 5 16.926892759649842
9 6 18.505383724193106
9 7 13.343587960819212
9 8 14.491051401523777
9 9 27.883515495431055
9 10 18.07883341285127
9 11 27.80422995528179
9 12 11.221806522902314
9 13 3.173955470246079
9 14 22.21611274761256
9 15 11.009295154912003
9 16 21.378899203238582
9 17 9.058990693538986
9 18 18.927289644089036
9 19 11.032444468792319
9 20 15.037695298502646
9 21 11.906462388392558
9 22 22.67983610601832
9 23 6.7069030649042505
9 24 13.351405329144914
9 25 11.440058356501739
9 26 28.62740853412306
9 27 11.889573445725594
9 28 17.408921865055756
9 29 20.65797648034253
9 30 7.190305986548884
9 31 17.621620513981753
9 32 29.019142266176406
9 33 15.854303304293632
9 34 33.012486904287705
9 35 21.443781692844816
9 36 9.490707040119895
9 37 31.10609327468313
9 38 29.979308866739316
9 39 30.318484706286934
9 40 25.727809901050236
9 41 32.593332292346936
9 42 33.24558970872337
9 43 32.628552237975164
9 44 30.75803064939699
9 45 16.785786356412537
9 46 12.45987840493926
9 47 29.710036344692163
9 48 22.703805426378707
9 49 28.1044415073743
9 50 10.715986437801808
9 51 9.716489362535532
9 52 29.98578929855007
9 53 26.6799048749088
9 54 19.811742875364445
9 55 12.131472631488478
9 56 17.971046905879245
9 57 23.834703657184804
9 58 14.00157174202787
9 59 26.802592634919513
9 60 15.431677943436492
10 1 32.67798694316835
10 2 8.154658694693842
10 3 24.50651816578437
10 4 12.85731933053631
10 5 8.694141250321568
10 6 28.751803357613138
10 7 13.841246440664756
10 8 16.818402037248916
10 9 38.09168886806106
10 10 27.321608571165072
10 11 37.15756396832724
10 12 20.578528573122213
10 13 10.440188999300405
10 14 14.067055072306964
10 15 13.063330049791642
10 16 13.50254974318999
10 17 15.737960239368276
10 18 22.86529950767523
10 19 12.974445215702607
10 20 25.33737992243681
10 21 17.33058124203799
10 22 30.664312752643934
10 23 5.223401690152308
10 24 13.543093407398189
10 25 13.108095794068431
10 26 28.74584898478507
10 27 10.621699315678176
10 28 13.906614901294526
10 29 25.631711908365855
10 30 11.868762797833131
10 31 13.07218233910707
10 32 39.29939528439974
10 33 13.295427374088053
10 34 41.36201801051522
10 35 29.246874889116903
10 36 11.115534092250732
10 37 40.734178300765535
10 38 39.8106803095131
10 39 40.64922572974433
10 40 21.66708505082389
10 41 39.2325026311671
10 42 39.21843488073708
10 43 41.23962178724433
10 44 40.66722273290096
10 45 14.725583564811359
10 46 12.605166986890689
10 47 40.033761612268925
10 48 26.949102970963885
10 49 37.67127428888959
10 50 16.237209822996004
10 51 8.905201792834376
10 52 39.4092146649591
10 53 35.93179605090068
10 54 28.526418621958307
10 55 22.266463652272954
10 56 13.346553859343006
10 57 21.333237643762917
10 58 20.3394091436155
10 59 32.64056989354725
10 60 25.626164575492133
11 1 22.731741021169444
11 2 27.482237028709545
11 3 23.358487634170377
11 4 21.45246402053253
11 5 27.553948192144922
11 6 11.746762976883552
11 7 23.947457335569574
11 8 24.31842135209387
11 9 19.990867790527194
11 10 19.484701139490177
11 11 27.347622798881453
11 12 2.3208916450220105
11 13 13.799350444930047
11 14 32.97233525689756
11 15 21.432570928868564
11 16 32.19716688780611
11 17 4.816582845753152
11 18 27.23673839179742
11 19 10.849545193626936
11 20 12.19939288692692
11 21 6.241901693541382
11 22 11.5654365483281
11 23 17.55273300822632
11 24 13.274939996554917
11 25 21.924639560931467
11 26 23.681307976846703
11 27 22.91865341956076
11 28 19.016544412045047
11 29 11.81235644203172
11 30 17.42780316516376
11 31 28.736152842415436
11 32 21.645833416435554
11 33 26.875214832510153
11 34 21.974961477836004
11 35 10.354692177756258
11 36 11.202388598421226
11 37 29.475921061670874
11 38 27.700796888342165
11 39 23.646429385755823
11 40 25.74013997543127
11 41 21.735312303772652
11 42 22.69533978814401
11 43 33.53739605704122
11 44 21.524505416836064
11 45 27.710653164375987
11 46 13.055052251973656
11 47 24.147931662561916
11 48 14.296584678136487
11 49 26.960701992224013
11 50 19.430196480228968
11 51 20.803588020861667
11 52 19.770033734765356
11 53 16.248315270708236
11 54 8.87187422438442
11 55 6.324619961693448
11 56 29.085671599212976
11 57 22.562281950978466
11 58 5.358580038496754
11 59 16.55886616367023
11 60 8.849107449250743
12 1 13.668729136253763
12 2 44.610808226831466
12 3 41.71196638698979
12 4 31.622585052160403
12 5 42.404870521920564
12 6 7.90303504727196
12 7 33.8317954040609
12 8 32.154800453010765
12 9 3.504091331707078
12 10 16.100930160316697
12 11 15.678213636099624
12 12 17.43331068472752
12 13 26.932537578810273
12 14 47.25128104466049
12 15 31.46277445849873
12 16 46.30047321542742
12 17 24.17217861986342
12 18 31.10362021063098
12 19 30.269078464205172
12 20 11.689810317063195
12 21 25.49747134658924
12 22 18.15472783298984
12 23 32.458619994932164
12 24 32.719369095729704
12 25 31.973124062477705
12 26 40.58739766444424
12 27 34.69764309641441
12 28 38.460620429439174
12 29 26.89553412017855
12 30 28.404618204998762
12 31 40.80302312041142
12 32 3.1944556035475404
12 33 37.98114685702085
12 34 19.84220975325202
12 35 18.787791817558187
12 36 30.40938959350168
12 37 15.019842202696676
12 38 12.731171657198093
12 39 4.261618295345592
12 40 44.929847552538874
12 41 26.618379865888503
12 42 29.237021878963976
12 43 22.15112315255809
12 44 8.694861142547209
12 45 38.129548362128865
12 46 32.48333536595388
12 47 5.172486079464996
12 48 29.190399127535542
12 49 14.24184769599837
12 50 27.06416146860334
12 51 33.38694024838906
12 52 12.206735592278783
12 53 12.296809893903097
12 54 15.312744464097197
12 55 14.437307140999511
12 56 41.12588559148808
12 57 41.52384315682213
12 58 23.463260254131118
12 59 26.528686110351547
12 60 11.081192497163492
13 1 28.075771654637737
13 2 15.052799103508027
13 3 35.30919935038096
13 4 4.516321955315982
13 5 8.700545392089417
13 6 29.25122380974365
13 7 3.4640455230665945
13 8 6.872184710436163
13 9 38.381286959204694
13 10 22.648018736776475
13 11 31.849779142869284
13 12 23.991692430517837
13 13 10.45417524024672
13 14 11.96581753552937
13 15 4.7287548609016765
13 16 10.952842864487703
13 17 21.992892834850934
13 18 12.985311172731373
13 19 21.93221777505671
13 20 24.2312680177792
13 21 24.575547305927465
13 22 35.75268432656418
13 23 7.997510200955313
13 24 23.36133497757547
13 25 4.319022535720982
13 26 39.112043277392914
13 27 1.3002338644528124
13 28 24.889767289197355
13 29 33.418630095480026
13 30 7.591699651055918
13 31 4.922771558955629
13 32 39.04471711730931
13 33 2.7142786851960516
13 34 45.884450483806646
13 35 34.557286315810195
13 36 20.002623700788604
13 37 35.851918962446426
13 38 35.51968329205922
13 39 39.692446145765075
13 40 32.823372362920225
13 41 45.746143966389205
13 42 46.34141446310072
13 43 34.416160150954504
13 44 42.10680465669597
13 45 3.8638650162532993
13 46 22.363181688489046
13 47 38.229819707757926
13 48 35.24868854474774
13 49 32.803596527152635
13 50 9.536446466651375
13 51 3.47776494939692
13 52 42.121920898869085
13 53 39.05811969122896
13 54 32.684442577026665
13 55 23.783420381788904
13 56 5.256660032929098
13 57 32.28924558053266
13 58 27.00185868714354
13 59 39.847382654840516
13 60 26.622805218480565
14 1 22.853405773954275
14 2 36.303164885374585
14 3 27.813428189690388
14 4 29.085968679391694
14 5 36.327178998083355
14 6 9.026631246975336
14 7 31.59750803557318
14 8 31.35857523221012
14 9 13.419994315059983
14 10 21.633820662279255
14 11 26.77276964628412
14 12 8.392935086383732
14 13 21.912098515841933
14 14 41.71465315994677
14 15 29.023415525900504
14 16 40.913156242873285
14 17 13.237570935678376
14 18 33.07047652788636
14 19 18.65084077777726
14 20 13.426624171045159
14 21 13.204490956338033
14 22 4.904735493529122
14 23 26.218856216064378
14 24 20.636290840270874
14 25 29.5425314455102
14 26 26.345218240718598
14 27 31.046266564152543
14 28 26.26940628855383
14 29 12.637506111422445
14 30 25.102063744008017
14 31 37.05923919287491
14 32 15.4269892859156
14 33 34.93913260113894
14 34 13.554517869166874
14 35 4.874581094811834
14 36 19.475343860275494
14 37 27.692071964776016
14 38 25.556441582630292
14 39 17.912639442127066
14 40 31.65529714424763
14 41 15.671244493734186
14 42 17.54639745518638
14 43 33.455973980396166
14 44 13.458518592399574
14 45 35.62097447368377
14 46 20.70033712509304
14 47 19.441574965783044
14 48 14.917991781493598
14 49 25.865511428830995
14 50 26.11440111965459
14 51 29.066484533734748
14 52 11.014910972623387
14 53 7.431569919219966
14 54 1.0977459453100802
14 55 9.389425618111426
14 56 37.408908904757496
14 57 28.036069440042198
14 58 10.418406899693196
14 59 13.08658166879731
14 60 8.447738367977326
15 1 34.324163392302566
15 2 34.20207400830127
15 3 17.19724252632129
15 4 33.64957264419285
15 5 36.68954819630326
15 6 20.966162427937476
15 7 36.04492125344023
15 8 36.93634935626031
15 9 25.327536936721884
15 10 32.019893384898964
15 11 38.5759908763938
15 12 14.953979993172615
15 13 25.80017128169787
15 14 42.089701674375654
15 15 33.67420792745776
15 16 41.50719646916794
15 17 13.652332957771169
15 18 40.331867100589285
15 19 15.16554656577473
15 20 24.02941905063731
15 21 11.048172133717662
15 22 8.872742914169148
15 23 27.943003425091874
15 24 15.580286279342742
15 25 34.12192935024338
15 26 14.488170239242235
15 27 34.387546925418945
15 28 19.787008370146914
15 29 2.4420049880278376
15 30 29.741162629765093
15 31 39.577421189086714
15 32 27.412815324764793
15 33 38.30521771665348
15 34 16.98579332132937
15 35 7.8770823542655775
15 36 16.931064980450312
15 37 39.8514183220144
15 38 37.77188388136472
15 39 30.009060755614588
15 40 22.361904500065172
15 41 11.646295129613828
15 42 11.215940665263496
15 43 45.14404316951506
15 44 23.96389452000546
15 45 39.35918800751777
15 46 16.22662996163027
15 47 31.746351917806148
15 48 2.9831176162878896
15 49 37.82750047542494
15 50 32.345345317608306
15 51 32.117301476376056
15 52 19.9127946152761
15 53 16.742432048236687
15 54 11.283730010623854
15 55 18.44996003983568
15 56 39.91432002505617
15 57 18.51831966594677
15 58 8.726388856566544
15 59 4.704510968572826
15 60 19.372139762826563
16 1 38.710115275641726
16 2 38.48493095112019
16 3 18.19548440271088
16 4 38.83951504245063
16 5 41.43451049466702
16 6 25.03600466339223
16 7 41.223847052608356
16 8 42.145778791274054
16 9 28.0292790099367
16 10 36.76272728792942
16 11 42.78648423131166
16 12 19.966660898525806
16 13 30.992181871114
16 14 46.78334832485799
16 15 38.86713586948519
16 16 46.243491370509055
16 17 18.82317199648217
16 18 45.51777763269448
16 19 19.774113605354056
16 20 28.647491217789305
16 21 16.12373961419011
16 22 11.626085581071885
16 23 32.97132919020286
16 24 19.763569622540608
16 25 39.31126469890499
16 26 14.044909038693957
16 27 39.50731130393106
16 28 23.18442893859746
16 29 7.282856313644964
16 30 34.942713930342954
16 31 44.592891978887366
16 32 30.138475731043645
16 33 43.407623595766445
16 34 16.45299084621847
16 35 11.202952395517517
16 36 21.629983165661535
16 37 43.746361935343174
16 38 41.59203789326014
16 39 32.81144699516662
16 40 24.102863269035677
16 41 8.85680334663318
16 42 7.2886054047206565
16 43 49.43669579885414
16 44 25.778071115727602
16 45 44.48566308018258
16 46 20.528948915777477
16 47 34.88948118950434
16 48 5.852970031236655
16 49 41.92016075893974
16 50 37.551189089292514
16 51 37.228287752383196
16 52 21.261169814645527
16 53 18.65069088567857
16 54 14.968940841272879
16 55 23.271806115522374
16 56 44.92640644925219
16 57 20.34651108509562
16 58 13.931479017564689
16 59 3.358806221076543
16 60 23.826564749826858
17 1 27.55748074595102
17 2 23.62779314495608
17 3 18.334961377594723
17 4 21.535466671686983
17 5 24.945858064733063
17 6 17.25764634255676
17 7 23.881570218379885
17 8 25.006302450504908
17 9 25.361827743573457
17 10 23.75050170845209
17 11 32.26134754671443
17 12 7.697555597031454
17 13 13.723102553189436
17 14 30.403496282624836
17 15 21.57669822305629
17 16 29.740605780578555
17 17 1.6743079627857653
17 18 28.974003948803194
17 19 5.488896758745092
17 20 17.196909205731046
17 21 1.389465587651929
17 22 14.35932651489051
17 23 15.745980192769373
17 24 7.786066268269288
17 25 22.00384410775601
17 26 19.427635011210818
17 27 22.137280779770535
17 28 13.53677920858192
17 29 10.115386576801297
17 30 17.724377605708426
17 31 27.374034672995723
17 32 27.076502355006305
17 33 26.052424361999815
17 34 25.077177392414672
17 35 12.893887513645607
17 36 6.280543228684403
17 37 34.638970585295375
17 38 32.95105481741323
17 39 29.13055277065097
17 40 20.288862872055148
17 41 22.885462239997334
17 42 23.151673930224614
17 43 38.21205020035782
17 44 26.501580762787203
17 45 27.11215272319677
17 46 7.642891680364146
17 47 29.660660340880955
17 48 12.140711917452611
17 49 32.00849215537673
17 50 20.781782791103048
17 51 19.86484778510139
17 52 24.206901194591097
17 53 20.590450604691355
17 54 12.878644978418896
17 55 11.515860253683655
17 56 27.713936843087456
17 57 17.22874218491087
17 58 3.8756708521427456
17 59 16.590761863616258
17 60 14.315460832775056
18 1 19.720531769526588
18 2 49.01771782001112
18 3 42.873373876388506
18 4 37.24493547458012
18 5 47.429764998269675
18 6 12.309644738503698
18 7 39.53475058604927
18 8 38.04485066760998
18 9 3.0357810056446457
18 10 22.303384003013036
18 11 21.177314593859023
18 12 20.787397522364973
18 13 31.951486132427586
18 14 52.450541294103644
18 15 37.09916170978047
18 16 51.52654019673714
18 17 27.23137476307209
18 18 37.24909671909705
18 19 33.15455482382063
18 20 17.24337085912604
18 21 27.944009706179095
18 22 17.625572034915614
18 23 37.3036997476923
18 24 35.38854288976693
18 25 37.618658950256666
18 26 40.94783672582017
18 27 40.16299566408333
18 28 41.11458436594207
18 29 27.361890030412756
18 30 33.828716828981
18 31 46.32137813254788
18 32 3.3685307426192828
18 33 43.597658612831296
18 34 15.860119662433226
18 35 18.679821864756736
18 36 33.62147576250475
18 37 19.732953165531804
18 38 17.497163113480845
18 39 5.394679643851475
18 40 46.80502052478497
18 41 23.836881406020463
18 42 26.678798738310178
18 43 27.306923790754663
18 44 3.491394962409875
18 45 43.83647606380103
18 46 35.31435035358117
18 47 8.536959292104424
18 48 29.361467198443158
18 49 19.603367859338753
18 50 32.86027705154472
18 51 38.69824767514999
18 52 8.2052052926156
18 53 10.058520079934288
18 54 15.967969701068304
18 55 18.641644648372704
18 56 46.65234590115769
18 57 43.18988598336524
18 58 25.423041316518606
18 59 25.348320140778675
18 60 15.316800310094559
19 1 15.29793322397632
19 2 30.2415122870341
19 3 30.66318271968798
19 4 19.202536982112232
19 5 28.479942182302498
19 6 6.689593477443072
19 7 21.663193719917714
19 8 20.999995162994168
19 9 16.074971093096778
19 10 12.2380314698094
19 11 19.938790408450313
19 12 5.173191429688986
19 13 13.049689066207648
19 14 33.572513857410016
19 15 19.102074931839876
19 16 32.669583294130845
19 17 11.124229221955698
19 18 22.396303101877994
19 19 17.03722404022804
19 20 4.804395522295506
19 21 13.42426142469465
19 22 15.252243179089584
19 23 18.3340744826923
19 24 19.675340657882003
19 25 19.63117497737069
19 26 31.119263809410302
19 27 21.68921956702792
19 28 25.221005269335627
19 29 18.824666870994772
19 30 15.414545502404527
19 31 27.86142328187327
19 32 17.212564210811983
19 33 25.386654470260762
19 34 23.85540003900067
19 35 14.617331157603791
19 36 16.739948764611015
19 37 22.237611968284853
19 38 20.581226768971778
19 39 18.623191775193103
19 40 32.578266734821526
19 41 26.153367093936307
19 42 27.73477394542162
19 43 26.098713263682683
19 44 19.23934124862015
19 45 25.86596398487295
19 46 19.221888073638443
19 47 18.34903336955667
19 48 21.36212650072257
19 49 19.61945761182929
19 50 15.679020811939024
19 51 20.00498306835657
19 52 19.21391528691425
19 53 16.351606775738375
19 54 11.421776926871503
19 55 1.3966854038012044
19 56 28.203756163282634
19 57 29.623424707446162
19 58 12.76853586866871
19 59 22.316190664900734
19 60 3.7017262541186398
20 1 28.860250375547054
20 2 49.303410238436626
20 3 37.142655927847635
20 4 41.34860267179092
20 5 49.34228766931099
20 6 17.054730089935184
20 7 43.825288114591466
20 8 43.118050617071546
20 9 12.273856360590573
20 10 29.97617993541607
20 11 31.2497657733759
20 12 21.3067624630019
20 13 34.614410454108594
20 14 54.704286150201156
20 15 41.25657816302165
20 16 53.884631300728635
20 17 26.14422413333241
20 18 43.755238098823625
20 19 31.11466061966067
20 20 22.834552573635243
20 21 25.612547342871178
20 22 12.048233650398037
20 23 39.18719988670558
20 24 32.75750381658193
20 25 41.78476292282679
20 26 34.04838042587465
20 27 43.63385184453166
20 28 38.08851615592598
20 29 21.61482813015068
20 30 37.478998641787
20 31 49.74397118807749
20 32 13.921093862661937
20 33 47.43941130858387
20 34 5.011794996608953
20 35 13.53955728268859
20 36 32.17831763877881
20 37 30.380187498325895
20 38 28.10031827801618
20 39 16.346553234923903
20 40 42.10543915069819
20 41 13.702776601910186
20 42 16.642825812682467
20 43 37.705135926558015
20 44 7.5242373438194665
20 45 47.993406105456984
20 46 32.99659616619429
20 47 19.36646377045298
20 48 22.917288734972026
20 49 29.81281607767653
20 50 37.779686599329565
20 51 41.76761118969105
20 52 3.4586338122971316
20 53 5.873257681505505
20 54 13.12616612634855
20 55 21.205225086204027
20 56 50.09169455594924
20 57 38.28587884425657
20 58 22.545797342917236
20 59 17.208947976730745
20 60 18.779158162401842
21 1 37.17342779764735
21 2 5.888626311266347
21 3 31.311744987014162
21 4 14.082560427979729
21 5 1.4568271198589344
21 6 35.72650792529093
21 7 13.508310580434676
21 8 16.912677269141227
21 9 45.11120519047056
21 10 31.683151383997178
21 11 41.25237782026643
21 12 28.3747771101641
21 13 16.17772239253821
21 14 5.6795943078684505
21 15 14.320072376252547
21 16 5.266490017603868
21 17 24.072405072136842
21 18 22.963389961373572
21 19 21.347905292830678
21 20 31.55081886001911
21 21 25.77631368530527
21 22 38.96713213656368
21 23 10.72574041523225
21 24 21.63392230214247
21 25 14.047620152278986
21 26 36.06726215426122
21 27 10.530424719942083
21 28 20.724373258438053
21 29 34.05523513704691
21 30 15.500240021016184
21 31 8.260565366961403
21 32 46.11118821256159
21 33 10.440218309782132
21 34 49.62466023888084
21 35 37.57434904669685
21 36 19.528732572999903
21 37 45.13831589409228
21 38 44.57653510617244
21 39 47.17154112316511
21 40 27.308495334922917
21 41 47.68396522158686
21 42 47.659801562423645
21 43 44.267253506720586
21 44 48.130598096750745
21 45 11.75333098685126
21 46 20.75366760619339
21 47 46.155511733612585
21 48 35.29936536637502
21 49 42.05771312302258
21 50 18.895981729012714
21 51 10.558165779699708
21 52 47.254428936109406
21 53 43.861769788316295
21 54 36.63768353927516
21 55 29.48216087160111
21 56 8.340848377284987
21 57 27.89418769006513
21 58 28.76429520376529
21 59 41.08562578968779
21 60 32.730672355911274
22 1 6.115821958965196
22 2 34.22480622436276
22 3 40.89052283891467
22 4 17.798599620739626
22 5 30.140664064817358
22 6 12.402551882393816
22 7 19.593118449009424
22 8 17.28717579797535
22 9 18.872780355407922
22 10 1.1501505125802292
22 11 10.657016570873393
22 12 16.182824549723733
22 13 16.135520856590215
22 14 34.240511368599364
22 15 17.59266722044599
22 16 33.2346657610145
22 17 21.09108515287396
22 18 15.498610332249541
22 19 26.265978909420106
22 20 7.1485198512666495
22 21 23.83667747805158
22 22 25.457007145099926
22 23 21.56198828883543
22 24 28.926725780432527
22 25 18.038447314160223
22 26 41.88844031273401
22 27 21.297636281603424
22 28 33.93289003279395
22 29 29.91301205792592
22 30 15.667459559368726
22 31 26.96386535864219
22 32 18.756466290108097
22 33 23.90082588386269
22 34 32.18194990191175
22 35 25.113496818016028
22 36 25.38726571537252
22 37 14.176168390680074
22 38 13.42319133775664
22 39 18.586008214088068
22 40 41.929833537293746
22 41 36.20702993696054
22 42 38.11063115508979
22 43 15.763046123356157
22 44 23.72444396809607
22 45 23.73804140113179
22 46 28.254465011680363
22 47 16.49686359650696
22 48 32.448241941492114
22 49 11.105917783699455
22 50 12.804447572528673
22 51 20.649235179456294
22 52 25.765224332053947
22 53 24.019714335135543
22 54 21.532527616913907
22 55 12.435678787448564
22 56 27.250112165960815
22 57 39.39851145210002
22 58 23.69038093070493
22 59 33.1268185946016
22 60 12.131034027160368
23 1 19.9070447431102
23 2 45.867737919817586
23 3 39.003563988347885
23 4 35.07221432962364
23 5 44.65986370916756
23 6 9.837863435546089
23 7 37.44332533958744
23 8 36.23008352644031
23 9 3.3616744298052406
23 10 21.552141469877828
23 11 22.171309785869255
23 12 17.41306319569473
23 13 29.276067577781006
23 14 49.79494418377914
23 15 34.943811034445424
23 16 48.896015252292926
23 17 23.679696205826485
23 18 36.03010292522259
23 19 29.51975347672377
23 20 15.345339982754682
23 21 24.237589073854046
23 22 13.808793159144184
23 23 34.46353483184528
23 24 31.69542493205973
23 25 35.47027368534238
23 26 37.09996416289724
23 27 37.802511589043014
23 28 37.40195917649483
23 29 23.496386351678357
23 30 31.475217875770877
23 31 43.982080328759125
23 32 5.336578593213978
23 33 41.378914459306884
23 34 13.425205812428684
23 35 14.828026254197022
23 36 30.072310240520157
23 37 21.411166290537675
23 38 19.12281349234643
23 39 8.010460181709156
23 40 42.97137406627029
23 41 20.72919397207615
23 42 23.485839906663987
23 43 28.643853834920524
23 44 3.047318243238808
23 45 41.72531199672967
23 46 31.657423675835428
23 47 10.680732009031049
23 48 25.51476011217079
23 49 20.740022638046117
23 50 30.945045620805388
23 51 36.20282870298549
23 52 5.717968912224461
23 53 6.517687745348658
23 54 12.107791685271918
23 55 15.69888899654811
23 56 44.320026008728426
23 57 39.341935261378
23 58 21.64465878146709
23 59 21.693854028704994
23 60 12.526860742542995
24 1 24.271223929273976
24 2 17.220870913195224
24 3 34.1766932978334
24 4 1.435248354502065
24 5 11.910588355319785
24 6 25.153588892690117
24 7 3.3810529960893074
24 8 5.497382547737237
24 9 34.25707324567948
24 10 18.800313491902816
24 11 28.22306493000959
24 12 20.29450828719105
24 13 6.9554129234843085
24 14 15.868481514624925
24 15 1.6308162168763494
24 16 14.868973342511218
24 17 19.03249266899075
24 18 11.432656602992537
24 19 19.939011389836903
24 20 20.101134966127844
24 21 21.81443476431683
24 22 32.18249740932416
24 23 6.7633475644390675
24 24 21.73256505030203
24 25 1.7675270885505443
24 26 37.517987265418625
24 27 2.955206878337537
24 28 24.16934240362194
24 29 30.616036456201424
24 30 3.533335166391808
24 31 9.046065983792285
24 32 34.91439146675809
24 33 6.441824276578862
24 34 42.129401786462644
24 35 31.04833450083194
24 36 18.086551104913358
24 37 32.157355033874786
24 38 31.710009096561958
24 39 35.57237976291149
24 40 32.40942949685134
24 41 42.41374802446806
24 42 43.17324392578032
24 43 31.24174753328645
24 44 38.022224746389085
24 45 7.04786206385495
24 46 20.742670242093627
24 47 34.144760683045966
24 48 32.60424376468069
24 49 29.08708530129976
24 50 5.825488710657567
24 51 2.7283869599060284
24 52 38.14011882970171
24 53 35.1382067191392
24 54 28.972359340660397
24 55 19.81311600966297
24 56 9.37548093719251
24 57 31.398776121434885
24 58 23.98194095422572
24 59 36.76476593993613
24 60 22.572298394356874
25 1 26.845437043761418
25 2 15.074809058869418
25 3 33.89396332474239
25 4 3.4785392576106466
25 5 9.393826461967576
25 6 27.440963260885948
25 7 3.6783391608587817
25 8 6.857800982294669
25 9 36.62198977510332
25 10 21.377273392579447
25 11 30.769809250141666
25 12 22.04025404381943
25 13 8.500217787371408
25 14 13.299203061763807
25 15 3.716735003667923
25 16 12.303023394742164
25 17 20.083391339576234
25 18 13.045056162303299
25 19 20.225962690506886
25 20 22.518104651841444
25 21 22.701882800379384
25 22 33.795858659439
25 23 6.3668710671396855
25 24 21.761785260620684
25 25 3.484508045279315
25 26 37.55099908025545
25 27 0.6857552618491789
25 28 23.597838686896672
25 29 31.54570383806584
25 30 5.807333916720984
25 31 6.760184024571084
25 32 37.333009244384115
25 33 4.645560157923455
25 34 43.93462525546761
25 35 32.601377423828495
25 36 18.31059950703499
25 37 34.718067726632015
25 38 34.28561017256299
25 39 38.048749079007436
25 40 31.666916990626426
25 41 43.802012776218184
25 42 44.415468492243875
25 43 33.66091973943798
25 44 40.27546046938119
25 45 5.66560900425193
25 46 20.762980776290117
25 47 36.67073653929598
25 48 33.40802372111597
25 49 31.650728977085297
25 50 8.359757827316383
25 51 1.6258915270732712
25 52 40.22273024446432
25 53 37.138272148784715
25 54 30.73240413432783
25 55 21.887140793875123
25 56 7.1036474702031605
25 57 30.95373119466754
25 58 25.08860831188236
25 59 37.931439000076345
25 60 24.767850498804435
26 1 49.63992754794892
26 2 27.406781127537556
26 3 4.060300956230338
26 4 38.07705452785212
26 5 33.47844709649946
26 6 38.64981483606452
26 7 39.678167729881984
26 8 42.13856943822051
26 9 45.28657869161503
26 10 45.613466679847264
26 11 54.35380259763891
26 12 29.56014646261403
26 13 31.88309654601962
26 14 37.60225848943733
26 15 38.228581090672975
26 16 37.51938405347713
26 17 23.504626869509888
26 18 47.57463962419547
26 19 18.42146841393805
26 20 39.283384865584544
26 21 21.067651569615826
26 22 29.69614275640684
26 23 29.966552264026458
26 24 15.876228626747135
26 25 38.447686762993285
26 26 8.04751606101675
26 27 36.71201181665168
26 28 12.562581222310481
26 29 19.719723332021637
26 30 35.43788092870593
26 31 39.26087638594368
26 32 47.26458067922238
26 33 39.671418840721415
26 34 37.79293663338093
26 35 28.430208322442198
26 36 19.704465835741672
26 37 56.6944197818956
26 38 54.94644034760006
26 39 49.66507056648476
26 40 5.3326010719415
26 41 30.560909465373282
26 42 28.572477475631153
26 43 60.21974118212319
26 44 44.750607473340445
26 45 41.09350973510261
26 46 16.719680928408902
26 47 50.78561168494073
26 48 18.154991925959944
26 49 54.09898130308607
26 50 39.62041432886531
26 51 34.6625565203413
26 52 40.95914731720075
26 53 37.63578962895844
26 54 30.988615348593484
26 55 33.51961111136336
26 56 39.50094953660776
26 57 5.342796059377468
26 58 22.412756113525067
26 59 24.35892425736162
26 60 36.010186834003356
27 1 15.220949989848798
27 2 48.97667543218403
27 3 45.96658428077042
27 4 35.39432475132041
27 5 46.54818212387088
27 6 12.409085443254998
27 7 37.5090125330327
27 8 35.60093272019715
27 9 5.203401890618121
27 10 18.800335735149094
27 11 15.894409460050941
27 12 21.942110246530238
27 13 31.133776430126144
27 14 51.28804666974523
27 15 35.22175886748462
27 16 50.32310259623801
27 17 28.676397593555325
27 18 33.963536769542394
27 19 34.76958979177718
27 20 15.755659010818823
27 21 29.94979507054914
27 22 21.72521905833518
27 23 36.71031529978065
27 24 37.206828537043656
27 25 35.72019213055976
27 26 44.617656593310926
27 27 38.59089305125302
27 28 42.951777278214784
27 29 30.907659777970597
27 30 32.36178590095626
27 31 44.62902558821557
27 32 3.1086540166397376
27 33 41.728271095181654
27 34 21.509776783849695
27 35 22.531511633420394
27 36 34.921577762463414
27 37 14.068701749517759
27 38 11.880454090647625
27 39 0.41849648751192337
27 40 49.33309958329569
27 41 29.14737813689241
27 42 31.914155797593875
27 43 21.742556603560992
27 44 9.23137007270237
27 45 41.78239954423853
27 46 36.98233654199809
27 47 2.8885465389552127
27 48 33.1182248851281
27 49 14.24805334981075
27 50 30.67575379913872
27 51 37.39669273966454
27 52 13.759501183859118
27 53 14.924420658804713
27 54 19.270365401728746
27 55 18.924280096677116
27 56 44.94381959862601
27 57 45.88591107359096
27 58 27.833174495376127
27 59 29.90422672724438
27 60 15.581295471729211
28 1 36.299042680951246
28 2 9.203953695410366
28 3 18.849364147762273
28 4 18.595760070855302
28 5 13.402727443554047
28 6 30.172159265673482
28 7 19.773308825223555
28 8 22.629207703491158
28 9 39.20515620128214
28 10 31.1797033116379
28 11 40.94724514306816
28 12 21.02469917817337
28 13 14.519293941675624
28 14 18.222806671574094
28 15 18.78648241474307
28 16 17.902242918788712
28 17 14.896983839901475
28 18 28.55444835964778
28 19 10.10145559781156
28 20 27.772956822982625
28 21 15.432953670841245
28 22 29.287585401881554
28 23 10.501357127026333
28 24 9.519894301752627
28 25 18.8889679413911
28 26 23.44311517490534
28 27 16.601191973239384
28 28 8.185839148903217
28 29 22.584843781331283
28 30 16.964416955556953
28 31 18.80375359404254
28 32 40.65728222282808
28 33 19.268877044388326
28 34 39.95503653856883
28 35 27.795348030881524
28 36 8.765643632764956
28 37 44.258387074334934
28 38 43.094477682670956
28 39 42.32509573637323
28 40 15.671704618701494
28 41 36.6066805826246
28 42 36.1813727968011
28 43 45.57820623140289
28 44 41.077198494010354
28 45 20.70823083962592
28 46 8.80344605509162
28 47 42.14890527579422
28 48 23.432140506340282
28 49 41.26065823536578
28 50 21.410501070798063
28 51 14.775064855329544
28 52 39.14023201425438
28 53 35.543244234727645
28 54 27.861234157879384
28 55 23.629907698790852
28 56 19.05102541016989
28 57 15.5471192307573
28 58 18.567386447121663
28 59 29.731132760727235
28 60 26.988612608668845
29 1 13.48132779124456
29 2 26.980183276858693
29 3 34.70429768022559
29 4 11.965396407418359
29 5 23.387247635881973
29 6 13.557408829983197
29 7 14.211007508798401
29 8 12.91438755994148
29 9 22.29075212058465
29 10 8.245925917294784
29 11 18.045249021862805
29 12 12.24444799170635
29 13 8.770490431679606
29 14 27.885811359816927
29 15 11.807246291150223
29 16 26.906041973905126
29 17 15.27913701446677
29 18 13.935737567678297
29 19 19.711742559675606
29 20 8.08377372243347
29 21 18.268855337362357
29 22 23.61438242430732
29 23 14.290424449170109
29 24 22.30713157379212
29 25 12.319957749679572
29 26 36.338903615999655
29 27 15.106921830585184
29 28 26.987992676290627
29 29 25.6438634574559
29 30 8.939594812909583
29 31 21.16142330919972
29 32 22.823694135053056
29 33 18.324731858214726
29 34 32.27177798348055
29 35 22.859535665534853
29 36 18.594982144313583
29 37 21.529028823051398
29 38 20.62221844838564
29 39 23.415299773297356
29 40 35.161202372362446
29 41 34.48462026465291
29 42 35.911204055886365
29 43 22.78314107741155
29 44 26.381212764487838
29 45 18.513318471212372
29 46 21.546118490525124
29 47 22.034514798087347
29 48 28.08332212420227
29 49 18.474765940860912
29 50 7.605818492427432
29 51 14.013965288586377
29 52 27.1539520488217
29 53 24.57207016227489
29 54 19.849616231696587
29 55 9.756247920712644
29 56 21.480794962989524
29 57 32.8917573119524
29 58 18.90582718978327
29 59 30.161933336422248
29 60 11.528439932446377
30 1 48.042469465353236
30 2 34.03856288200417
30 3 7.5965387646874705
30 4 41.043432564652655
30 5 39.139731244896815
30 6 35.52156515292989
30 7 43.0240575046818
30 8 44.946126354373476
30 9 40.61316178836555
30 10 44.82228718635289
30 11 52.567532602963226
30 12 27.635760376679702
30 13 33.85096063396469
30 14 43.85575826345617
30 15 41.15039938514087
30 16 43.60087668397936
30 17 23.01784807052474
30 18 49.70342332549854
30 19 19.878589819472708
30 20 37.49388664782339
30 21 20.034652939591684
30 22 24.146478015937987
30 23 33.45543710813497
30 24 18.06412034165299
30 25 41.47014479297626
30 26 2.30432079382712
30 27 40.449919872312556
30 28 17.656424407526643
30 29 14.856697674689434
30 30 37.7683245418682
30 31 44.0976990528509
30 32 42.691816487579274
30 33 43.89415117254674
30 34 30.499492797958055
30 35 23.16785463963747
30 36 21.6801006634168
30 37 54.312020704321185
30 38 52.34554346027157
30 39 45.26938530675524
30 40 13.680233881493367
30 41 22.4786872368611
30 42 20.15130228991168
30 43 58.8869266749218
30 44 39.145903109837256
30 45 45.2256891231855
30 46 19.062175653292282
30 47 46.890787968177136
30 48 12.540755937211006
30 49 52.02901611399463
30 50 41.48296985616183
30 51 38.21882477163904
30 52 34.88306507739838
30 53 31.91173219801261
30 54 26.42117115667527
30 55 31.606257483196387
30 56 44.3815812475853
30 57 11.087265093326268
30 58 20.040103635714452
30 59 17.168949294574148
30 60 33.39813209128873
