DATASET: Gunluk and Lee 2009
FACILITIES: 20
CUSTOMERS: 40
FIXED_COSTS:
1 45.0
2 52.0
3 75.0
4 22.0
5 48.0
6 79.0
7 16.0
8 27.0
9 5.0
10 82.0
11 11.0
12 53.0
13 57.0
14 31.0
15 83.0
16 43.0
17 72.0
18 20.0
19 71.0
20 84.0
CAPACITIES:
1 2414
2 2414
3 2414
4 2414
5 2414
6 2414
7 2414
8 2414
9 2414
10 2414
11 2414
12 2414
13 2414
14 2414
15 2414
16 2414
17 2414
18 2414
19 2414
20 2414
DEMANDS:
1 77
2 28
3 71
4 34
5 26
6 66
7 48
8 54
9 54
10 35
11 87
12 85
13 90
14 79
15 86
16 91
17 12
18 14
19 79
20 92
21 12
22 75
23 17
24 74
25 94
26 46
27 43
28 40
29 60
30 97
31 81
32 91
33 55
34 20
35 51
36 96
37 100
38 37
39 32
40 85
ASSIGNMENT_COSTS:
1 1 37.44379631221613
1 2 15.177588260409305
1 3 17.629223608521247
1 4 42.646602930021125
1 5 27.119995381166234
1 6 27.884062324969594
1 7 39.77459651822685
1 8 36.64846847663008
1 9 34.569011196490834
1 10 20.784339644992592
1 11 49.58247444171035
1 12 18.681078000734068
1 13 7.920338734274207
1 14 11.175258215426027
1 15 30.050811193637827
1 16 47.99189595861401
1 17 51.11763459551454
1 18 31.01644064397003
1 19 24.137982330894452
1 20 21.35100777262545
1 21 16.54101712996806
1 22 11.687761173693541
1 23 40.24977601764155
1 24 39.24910031831242
1 25 18.00115145381675
1 26 39.6274675848408
1 27 47.65480539876864
1 28 7.767203361131888
1 29 38.10413253375578
1 30 30.473373213468015
1 31 44.41346737355561
1 32 44.24905787993623
1 33 37.386807969791846
1 34 42.075885668613424
1 35 23.910869533947274
1 36 34.81222360121005
1 37 43.64243072502168
1 38 43.4499128053541
1 39 48.77126700245376
1 40 36.92513545392913
2 1 38.81662483933792
2 2 19.96826912888701
2 3 23.730366282012337
2 4 18.84920710791512
2 5 10.46510859486651
2 6 33.35581225708661
2 7 33.86474192631229
2 8 23.18093838119603
2 9 22.71870127579364
2 10 37.821251809908354
2 11 47.66110744485498
2 12 44.611748824526885
2 13 27.122275311487158
2 14 40.59993686765257
2 15 56.37297012436492
2 16 33.91199349254536
2 17 44.04692794573192
2 18 6.199698557196057
2 19 37.60297179136387
2 20 27.478443355508077
2 21 45.4395243069775
2 22 39.685008311871265
2 23 45.8026060455208
2 24 30.191000156607785
2 25 22.9890831463835
2 26 5.4052651669800955
2 27 48.24018159594625
2 28 30.89655057050343
2 29 37.268422739422306
2 30 35.401024426489315
2 31 28.04412571150933
2 32 33.0380654479254
2 33 31.683102146251958
2 34 40.81170608955299
2 35 40.98786517965682
2 36 50.525553517618796
2 37 29.103619772712403
2 38 48.70490741064927
2 39 45.93570404168256
2 40 17.62062852779188
3 1 23.36061821179651
3 2 24.556051936949086
3 3 35.42752802859892
3 4 4.948671933499153
3 5 14.177865425919675
3 6 21.820812159957413
3 7 16.67483800761704
3 8 5.977673350757623
3 9 6.945807996708641
3 10 30.45717076295681
3 11 29.988402150515046
3 12 39.62133886199328
3 13 32.61896224448216
3 14 38.80567062219814
3 15 49.268721044196816
3 16 15.424036544953745
3 17 25.68281442066062
3 18 14.169181886818405
3 19 28.43509398074604
3 20 20.41665405954237
3 21 41.97198602905516
3 22 37.40924488396706
3 23 30.649535081087965
3 24 12.649085892564985
3 25 34.81087095607874
3 26 16.940291055433452
3 27 31.140734256953834
3 28 38.04702052427971
3 29 21.268268415465243
3 30 22.66161975526029
3 31 9.605368396932484
3 32 14.63030227372211
3 33 15.090841063241974
3 34 24.008909067457395
3 35 32.41233822274071
3 36 38.87516842051945
3 37 10.568945728138468
3 38 33.01982299956525
3 39 28.18111739251636
3 40 1.385681701605584
4 1 32.96276692466286
4 2 32.524909344260564
4 3 41.12543443719567
4 4 5.932621609120601
4 5 20.647955309170847
4 6 32.51478451608327
4 7 25.448371985848233
4 8 16.134944563378614
4 9 17.552594662590696
4 10 41.19264946845468
4 11 37.27289214734609
4 12 50.25516397033287
4 13 40.74211113737693
4 14 48.99993135810688
4 15 60.03463278750698
4 16 19.867086553878337
4 17 31.53744469608502
4 18 18.162736697482597
4 19 39.19921449619272
4 20 30.986359165598277
4 21 52.45988188462957
4 22 47.663792426060645
4 23 40.13291882170096
4 24 21.459239904011117
4 25 40.426737154612354
4 26 14.869996665332582
4 27 39.13681636216586
4 28 45.77610911630839
4 29 30.665243539058018
4 30 33.17777869875629
4 31 14.81456977139409
4 32 21.313143003733035
4 33 24.523135238220394
4 34 32.64357395240322
4 35 43.177838193054015
4 36 49.319921951090464
4 37 16.774478137267646
4 38 42.12652714150962
4 39 35.417432796804334
4 40 11.597014985953626
5 1 17.196160759027393
5 2 24.940215614271516
5 3 36.547654343747524
5 4 36.68348275803363
5 5 29.91969049623978
5 6 10.577083142426794
5 7 23.111144324622792
5 8 26.908721313899065
5 9 25.16233396241899
5 10 3.2502414883419575
5 11 28.172854313635593
5 12 10.19758059025083
5 13 25.8624350840894
5 14 14.914584244068546
5 15 17.480621940786982
5 16 33.47563840443142
5 17 31.812795451257593
5 18 34.34387156846542
5 19 3.3869719229861284
5 20 12.955623387283962
5 21 13.97085761590092
5 22 13.511961364210915
5 23 17.38484765771092
5 24 24.925074659817838
5 25 36.50467707195262
5 26 42.91574626202143
5 27 25.53738014703158
5 28 30.024975142359278
5 29 18.929563467576386
5 30 11.390935855706303
5 31 32.63646289427074
5 32 29.178081728094003
5 33 21.74903999926872
5 34 21.839368237140146
5 35 0.6278120594474748
5 36 11.787643809472247
5 37 30.964860877556788
5 38 20.3208805532784
5 39 27.875130310993306
5 40 31.050973589008578
6 1 18.77130511919802
6 2 14.88593922156899
6 3 27.48678422836815
6 4 28.86291656538652
6 5 19.508963461320292
6 6 9.1631502715901
6 7 21.097003392411274
6 8 20.31066594026812
6 9 18.26157329229908
6 10 7.878809258949111
6 11 30.945253843390535
6 12 15.856604128279484
6 13 17.88263334815474
6 14 15.302618849921569
6 15 26.711030185850586
6 16 30.079262345246093
6 17 32.268825457701624
6 18 24.011254029742098
6 19 8.412947634004741
6 20 3.5307338771667465
6 21 18.040916269171596
6 22 13.80135219597142
6 23 22.6606148416835
6 24 21.118300512136727
6 25 27.317774088988116
6 26 32.80572745467455
6 27 29.306589902508456
6 28 23.033482335726283
6 29 19.27273561391874
6 30 11.889366553160437
6 31 27.473714090583794
6 32 26.060599856802853
6 33 18.838646457982986
6 34 23.30643139548669
6 35 11.182104915874627
6 36 21.829475700019035
6 37 26.28455242888475
6 38 25.985591305435136
6 39 30.029552355288956
6 40 22.91454232908742
7 1 9.085327180874577
7 2 38.09980534573676
7 3 51.36232183116446
7 4 26.07873351397057
7 5 33.52588935138734
7 6 18.00003549531792
7 7 7.609624772269183
7 8 18.129232765128016
7 9 18.633599173127163
7 10 27.53847702370526
7 11 6.4721923899552145
7 12 36.47410414329856
7 13 43.87673484614846
7 14 40.16421746817753
7 15 40.61778941179466
7 16 12.318779972924315
7 17 5.559725291425279
7 18 35.78391074288528
7 19 23.77006724765591
7 20 24.774047791358175
7 21 40.21809122941793
7 22 38.612341198465266
7 23 12.484035158579873
7 24 11.091048521980767
7 25 50.961880637955005
7 26 40.41276533875827
7 27 8.200933210556865
7 28 49.39421629120332
7 29 7.73444883165531
7 30 15.698469737982329
7 31 16.21305472587484
7 32 9.703103148434032
7 33 10.133372768950073
7 34 4.550227816674054
7 35 26.625396523588357
7 36 25.308748348472054
7 37 14.235318221750367
7 38 12.826323783722687
7 39 4.676208519536567
7 40 24.042210523535303
8 1 16.742474001389514
8 2 15.544957286379285
8 3 28.796530538767477
8 4 19.704628461285896
8 5 13.561565889552964
8 6 9.676676752021015
8 7 15.383066649188665
8 8 11.40621883328711
8 9 9.311172177527533
8 10 15.978177882980479
8 11 27.96616424636217
8 12 24.889125114153913
8 13 21.9292480527708
8 14 24.27174550859683
8 15 35.03213851272083
8 16 22.454328991634668
8 17 27.26808803122559
8 18 17.491814667554586
8 19 14.605036484291666
8 20 5.6527382976849285
8 21 27.21433018145607
8 22 22.821829192097397
8 23 22.958150614330414
8 24 13.929036662650471
8 25 28.404062064403092
8 26 25.47505433487438
8 27 27.356966613043742
8 28 27.579988303486935
8 29 16.023466969158882
8 30 11.899418900863909
8 31 18.964528891513844
8 32 18.879453291905886
8 33 12.77947872810587
8 34 20.189637637346575
8 35 18.412957828978634
8 36 26.930201923337705
8 37 18.081371834320773
8 38 26.125617576050598
8 39 26.61523086816268
8 40 13.78208676251591
9 1 19.550839245041974
9 2 26.10477583873979
9 3 37.14150320777342
9 4 39.23238793880758
9 5 31.89154252257378
9 6 13.218169209820768
9 7 25.687822991096976
9 8 29.51153043007459
9 9 27.743851322346984
9 10 4.529159016823421
9 11 30.16976317204305
9 12 7.974017752780981
9 13 26.22312797112339
9 14 13.626080007945902
9 15 14.945991187120173
9 16 36.0787417634905
9 17 34.11294917213446
9 18 36.36780865646326
9 19 6.005247003750066
9 20 15.090485404666554
9 21 11.881190602498737
9 22 12.364941843252582
9 23 19.084351876104588
9 24 27.558429133518608
9 25 37.15038937047679
9 26 45.05464442257525
9 27 27.38500073164834
9 28 30.005702860911697
9 29 21.38025280946741
9 30 13.977310244154534
9 31 35.27790832881046
9 32 31.780424126127027
9 33 24.369248395125048
9 34 24.121150842695403
9 35 2.104081596812943
9 36 11.540923795498724
9 37 33.60434433765674
9 38 21.835402017727947
9 39 29.977532582670925
9 40 33.55726736761756
10 1 9.610541680445255
10 2 23.00720698426948
10 3 36.13622581003932
10 4 27.237653503542823
10 5 23.778400955791444
10 6 0.6566236533225909
10 7 13.52863902040323
10 8 17.194502899961563
10 9 15.615059136991835
10 10 10.012419704921745
10 11 21.772202563220752
10 12 19.617004320226958
10 13 27.03567439925384
10 14 22.169500671749322
10 15 27.243904129444946
10 16 23.661284146652168
10 17 23.665283222563023
10 18 27.746390784520475
10 19 6.709828761649674
10 20 8.350913777415172
10 21 22.98642915775734
10 22 20.604319192223503
10 23 13.798827602392219
10 24 14.959683526243591
10 25 35.89214070346343
10 26 35.52910897506102
10 27 20.085965748548713
10 28 32.252045836283635
10 29 10.428647065418138
10 30 2.667674644287606
10 31 22.631962291217622
10 32 19.38301376709098
10 33 11.879097166593876
10 34 14.257890219492438
10 35 10.563224076102907
10 36 16.861029303487648
10 37 20.964782802866324
10 38 17.12256667255429
10 39 20.936619146237913
10 40 21.909594865522678
11 1 31.573371570674425
11 2 12.029084983387277
11 3 19.10058174804138
11 4 37.67145456929799
11 5 23.166068993899373
11 6 21.9894903332692
11 7 33.842081843140356
11 8 31.08509137815025
11 9 28.991102924912887
11 10 15.592015958560562
11 11 43.73126933658049
11 12 15.789653260037321
11 13 7.939662506458754
11 14 9.356023370196686
11 15 27.943921424551522
11 16 42.1891968828931
11 17 45.17665987344082
11 18 27.407212075282427
11 19 18.675496069067965
11 20 15.43399134641118
11 21 14.868097140049166
11 22 9.028408776473352
11 23 34.652614659744465
11 24 33.39195873642266
11 25 19.255048525158028
11 26 36.34078987736544
11 27 41.884831174534284
11 28 11.310557485131543
11 29 32.18419728900769
11 30 24.613745233303888
11 31 38.785772497728026
11 32 38.39153172570423
11 33 31.467907512503686
11 34 36.1794697670841
11 35 18.981871416044495
11 36 30.234223018866924
11 37 37.931620829135035
11 38 37.8972608441913
11 39 42.886420516081444
11 40 31.822518318855042
12 1 43.17591047385681
12 2 15.942082796713771
12 3 12.395853297684464
12 4 44.417847709172285
12 5 27.69224093071463
12 6 33.57025262507158
12 7 44.557276543730836
12 8 39.888186375107125
12 9 37.89214083106911
12 10 27.570984567027708
12 11 55.34752966954477
12 12 25.968373912558995
12 13 7.863966581253651
12 14 18.435145237844587
12 15 37.167509226982574
12 16 51.87700191738407
12 17 56.22914574332205
12 18 30.877362969978932
12 19 30.696483362463766
12 20 26.283351393451497
12 21 23.69002403978605
12 22 18.981290400554702
12 23 46.619961821939526
12 24 43.48401545730909
12 25 12.964505860404682
12 26 38.70788488882552
12 27 53.67500629083359
12 28 2.629356973369921
12 29 43.55903801678819
12 30 36.28609776951349
12 31 47.71380582090412
12 32 48.4307512602737
12 33 42.04570025305598
12 34 47.6629524209032
12 35 30.865789753603718
12 36 41.942317522900105
12 37 47.22238809776379
12 38 49.882486835892855
12 39 54.39314015788474
12 40 39.08204692066224
13 1 36.91210475143695
13 2 22.845949060506396
13 3 28.347855654781668
13 4 14.371266628526252
13 5 11.553303513800472
13 6 32.598495429691354
13 7 31.19361643925004
13 8 20.2849418063524
13 9 20.239590485563188
13 10 38.369759335117806
13 11 44.809876278131874
13 12 45.93833420253599
13 13 30.55544576075746
13 14 42.6600213803905
13 15 57.29679359651065
13 16 29.994744843773226
13 17 40.64266298929119
13 18 7.1128190761674075
13 19 37.64558589173867
13 20 27.725522467489206
13 21 47.17139810102393
13 22 41.60642941150986
13 23 44.0915840461195
13 24 27.312941666551616
13 25 27.61455231202241
13 26 2.304001173893261
13 27 45.710176268299975
13 28 34.787336770684945
13 29 35.136590971185946
13 30 34.338668772508335
13 31 24.124183038437103
13 32 29.59123110378345
13 33 29.234887380875378
13 34 38.38112274409512
13 35 41.27467544673637
13 36 50.05595684025253
13 37 25.401848258220884
13 38 46.81099650088269
13 39 43.02878446250796
13 40 14.31512424166532
14 1 25.60117774134371
14 2 9.740209283291637
14 3 21.11828526816292
14 4 31.400905185675448
14 5 18.329279175724928
14 6 16.0124078729622
14 7 27.2417788403427
14 8 24.37640527909827
14 9 22.277981604332954
14 10 12.309070889434619
14 11 37.76468135160227
14 12 16.663520643017716
14 13 11.03295994318719
14 14 12.835567414195914
14 15 28.77513559623249
14 16 35.419540216905844
14 17 38.745643866297804
14 18 22.83121317366333
14 19 14.365257036641744
14 20 8.808241766308972
14 21 17.35216492090236
14 22 11.726165165100252
14 23 29.49018741012237
14 24 26.64667723561705
14 25 21.032272324052762
14 26 31.901957590318148
14 27 36.18702631195638
14 28 16.15119188277305
14 29 25.96486184200438
14 30 18.76458492148981
14 31 32.03930992322187
14 32 31.646853286615023
14 33 24.81699096837673
14 34 30.065187881710788
14 35 15.974563949382963
14 36 27.304901454638465
14 37 31.16148547221288
14 38 32.806165414408554
14 39 36.79543474825513
14 40 25.47157076683425
15 1 20.151744213287238
15 2 19.662189611558855
15 3 31.57072210210743
15 4 10.9221334204856
15 5 11.303216944060312
15 6 16.68896049889077
15 7 15.039279598638778
15 8 5.1898960036752815
15 9 3.9616619415016374
15 10 24.662488435190692
15 11 28.86353388348625
15 12 33.6914566396952
15 13 27.453902939216245
15 14 32.79828728746148
15 15 43.61431514089211
15 16 17.66670786544229
15 17 25.921357365781382
15 18 13.219748775226572
15 19 22.885041935382404
15 20 14.441289698128642
15 21 35.978809046179876
15 22 31.397886262473502
15 23 27.32523314930022
15 24 11.613638167651787
15 25 31.018268525022425
15 26 19.024061798247942
15 27 29.340492608464036
15 28 33.01333604818841
15 29 18.44473247750239
15 30 17.987688138679744
15 31 12.642426379228432
15 32 15.392442270927017
15 33 12.787775904486676
15 34 21.911403956872068
15 35 26.82164811069568
15 36 34.10762230397274
15 37 12.628354304694758
15 38 30.057307355949725
15 39 27.181996499094485
15 40 4.978958780474052
16 1 19.155419515705965
16 2 28.693337343870773
16 3 39.823080814066465
16 4 40.53925493476
16 5 34.06918143381172
16 6 14.092478726183364
16 7 25.860240256279752
16 8 30.622830642038103
16 9 28.955147877366315
16 10 6.947401573623589
16 11 29.07314650184786
16 12 9.417622616332743
16 13 28.90508139389138
16 14 15.846772877353837
16 15 13.780756595308235
16 16 36.33388889787073
16 17 33.49166350597908
16 18 38.500799964363544
16 19 7.311613274738095
16 20 17.11571107257232
16 21 13.378620212398785
16 22 14.686495592310742
16 23 17.719898171220418
16 24 28.080041027715772
16 25 39.829508705174256
16 26 47.07351826197465
16 27 26.110515682869185
16 28 32.64676519843132
16 29 21.18367563948591
16 30 14.332719698891394
16 31 35.96333109226671
16 32 32.04686325405519
16 33 24.78845632304012
16 34 23.528878504288304
16 35 3.5473534880246933
16 36 8.959211861116541
16 37 34.20116463959256
16 38 20.23966636287153
16 39 29.03645516910331
16 40 34.99304899634404
17 1 36.43061784084782
17 2 12.505163712720647
17 3 15.54493672092171
17 4 40.240593573329036
17 5 24.493426664971494
17 6 26.823657950447526
17 7 38.27163789711203
17 8 34.57749709428084
17 9 32.516013432041454
17 10 20.622046560908363
17 11 48.603218644789116
17 12 19.802214066123767
17 13 5.2613796204617636
17 14 12.56442776496953
17 15 31.572151429966294
17 16 46.15245104568397
17 17 49.785690876201
17 18 28.33693262509356
17 19 23.732746042171033
17 20 19.849511868272902
17 21 18.111759393051805
17 22 12.769191577814098
17 23 39.68636736938949
17 24 37.51875330201654
17 25 15.849010225221363
17 26 36.91579801305773
17 27 46.837361955406664
17 28 6.478804206042667
17 29 36.93110859981751
17 30 29.498464994208728
17 31 42.3798284800338
17 32 42.50950062498557
17 33 35.824086516743115
17 34 40.98338316149197
17 35 23.958806952328338
17 36 35.125359817157594
17 37 41.69319548411356
17 38 42.93943214082381
17 39 47.70653637716543
17 40 34.58306367871842
18 1 13.099181286797545
18 2 26.273673083113856
18 3 38.596935495943285
18 4 34.36662211548385
18 5 29.559480578873888
18 6 7.779918916070078
18 7 19.392861882327846
18 8 24.31925803145115
18 9 22.745054050742084
18 10 6.361081440859212
18 11 24.029417508629244
18 12 14.320475042045485
18 13 28.329246146053112
18 14 18.905623436914183
18 15 20.27129970866743
18 16 29.847401998471923
18 17 27.6877877179318
18 18 33.802059969552786
18 19 3.1397112499625313
18 20 12.690080176921956
18 21 18.126673025682564
18 22 17.452397807753464
18 23 13.421551289176865
18 24 21.55279072130498
18 25 38.48212654723003
18 26 42.00503677763481
18 27 21.451470584937844
18 28 32.88641063736926
18 29 14.933018751589763
18 30 7.805460192199856
18 31 29.450451486975055
18 32 25.554343581906185
18 33 18.26325033940612
18 34 17.703507310010906
18 35 4.462387753080634
18 36 10.650737842465062
18 37 27.676948162944537
18 38 16.4821307702584
18 39 23.714655799397335
18 40 28.985098712873235
19 1 26.978468695716224
19 2 23.72059118071218
19 3 32.54512122662291
19 4 42.81902865037219
19 5 32.272409506305685
19 6 19.090883433808177
19 7 32.19719289358544
19 8 33.91338880107148
19 9 31.9354881364748
19 10 8.670555656073102
19 11 38.121764747457526
19 12 2.408332567056214
19 13 21.385291408945537
19 14 5.806840963388855
19 15 14.693735732095284
19 16 42.24910818267192
19 17 41.61029568450289
19 18 36.82960636384151
19 19 12.319324644853358
19 20 17.46759507042736
19 21 4.330422824344524
19 22 4.9475535012133784
19 23 27.214637747052056
19 24 33.38399654260511
19 25 32.698877681128344
19 26 45.86229892898911
19 27 35.4521390941548
19 28 24.04034578102406
19 29 28.53180232493321
19 30 20.660282909569563
19 31 40.57812264805343
19 32 37.999691362711516
19 33 30.48288557831706
19 34 31.682084586203196
19 35 9.746982136957767
19 36 18.87282383178102
19 37 39.132990867936144
19 38 30.012217702679074
19 39 37.81292734854352
19 40 36.8847394605698
20 1 39.56148250661142
20 2 26.472146648888245
20 3 31.280376890199303
20 4 15.142280308921343
20 5 15.247403443541502
20 6 35.78839639006266
20 7 33.42129239929873
20 8 22.521675382123036
20 9 22.753663908988827
20 10 41.90495138253949
20 11 46.80688424147396
20 12 49.58775495327609
20 13 34.085289433984755
20 14 46.35698988104258
20 15 60.87840555867141
20 16 31.14381877559409
20 17 42.21070193820355
20 18 10.804444492578694
20 19 41.063851471605986
20 20 31.230274863509994
20 21 50.855860505927254
20 22 45.30091642527629
20 23 46.805035031572686
20 24 29.439481257072824
20 25 30.539503406107677
20 26 2.1474822835048104
20 27 47.93026141861855
20 28 38.172040038840635
20 29 37.67063826860475
20 30 37.40177220302505
20 31 25.359734703505598
20 32 31.22288576518308
20 33 31.63066598718415
20 34 40.70913122367706
20 35 44.74520400843351
20 36 53.28350115035049
20 37 26.848665305160758
20 38 49.414604444055115
20 39 44.99389602156918
20 40 16.427724597666284
