DATASET: Gunluk and Lee 2009
FACILITIES: 40
CUSTOMERS: 80
FIXED_COSTS:
1 66.0
2 85.0
3 12.0
4 3.0
5 7.0
6 98.0
7 69.0
8 7.0
9 79.0
10 20.0
11 40.0
12 88.0
13 34.0
14 66.0
15 29.0
16 97.0
17 48.0
18 82.0
19 93.0
20 87.0
21 36.0
22 68.0
23 48.0
24 80.0
25 59.0
26 92.0
27 46.0
28 29.0
29 89.0
30 32.0
31 28.0
32 83.0
33 1.0
34 72.0
35 6.0
36 63.0
37 40.0
38 56.0
39 19.0
40 63.0
CAPACITIES:
1 4521
2 4521
3 4521
4 4521
5 4521
6 4521
7 4521
8 4521
9 4521
10 4521
11 4521
12 4521
13 4521
14 4521
15 4521
16 4521
17 4521
18 4521
19 4521
20 4521
21 4521
22 4521
23 4521
24 4521
25 4521
26 4521
27 4521
28 4521
29 4521
30 4521
31 4521
32 4521
33 4521
34 4521
35 4521
36 4521
37 4521
38 4521
39 4521
40 4521
DEMANDS:
1 19
2 85
3 90
4 37
5 60
6 36
7 77
8 85
9 6
10 77
11 93
12 31
13 85
14 55
15 22
16 54
17 96
18 97
19 26
20 89
21 85
22 48
23 75
24 40
25 31
26 72
27 41
28 62
29 41
30 98
31 22
32 94
33 49
34 86
35 94
36 88
37 85
38 90
39 81
40 89
41 33
42 24
43 53
44 30
45 58
46 8
47 93
48 59
49 38
50 10
51 9
52 50
53 95
54 89
55 24
56 63
57 45
58 72
59 55
60 24
61 10
62 60
63 89
64 36
65 46
66 44
67 80
68 87
69 2
70 56
71 10
72 39
73 53
74 28
75 83
76 46
77 80
78 17
79 79
80 53
ASSIGNMENT_COSTS:
1 1 57.83305605191138
1 2 17.234400541859294
1 3 42.90497706471362
1 4 26.767373862817518
1 5 14.830193369817184
1 6 44.09170281776554
1 7 28.53405174866324
1 8 62.68767540426696
1 9 13.053653542605382
1 10 21.807198482136624
1 11 45.829499191909605
1 12 7.197589153331978
1 13 37.29485425457123
1 14 61.19865692935675
1 15 46.28808966928841
1 16 18.02074706397844
1 17 20.05952219458788
1 18 56.82263426224444
1 19 21.68074389679255
1 20 37.92045099054463
1 21 31.68818833823811
1 22 25.454571697699425
1 23 61.00084956323375
1 24 47.358587967559004
1 25 26.13890812801511
1 26 53.55018795531412
1 27 27.748706121203483
1 28 49.86869015732074
1 29 16.09124008515117
1 30 37.69616306345528
1 31 40.27437456798042
1 32 50.38724696975183
1 33 45.99789677860234
1 34 52.67467857345828
1 35 13.953225381100797
1 36 28.035501229768222
1 37 18.643085326271976
1 38 21.480037711303346
1 39 46.20270334070585
1 40 36.05489446821652
1 41 2.3934561206988065
1 42 22.444152601910393
1 43 49.51132817953444
1 44 55.17769513059284
1 45 32.599979617574164
1 46 31.737013081835297
1 47 33.274818213074354
1 48 35.664013665284
1 49 26.91710406544731
1 50 31.15713736348725
1 51 33.89392736340575
1 52 49.05382793402686
1 53 19.478187236183416
1 54 45.87036155142057
1 55 55.740148372564605
1 56 11.461746853888254
1 57 52.173620387878195
1 58 39.18259103970391
1 59 30.432978473447665
1 60 42.08717195701763
1 61 46.11880327121074
1 62 54.72634159290829
1 63 37.245938457252414
1 64 21.08521363384022
1 65 28.957285715487913
1 66 51.846740043048165
1 67 52.036005952416986
1 68 33.5130364224224
1 69 51.713648876816684
1 70 43.80910382395193
1 71 47.60414163128658
1 72 34.346303081501006
1 73 32.871371926658036
1 74 54.05841424296863
1 75 36.61572614776931
1 76 49.77051943800634
1 77 35.306379395570595
1 78 46.79935684421285
1 79 50.423987850200035
1 80 41.61085025121009
2 1 35.09612621424979
2 2 29.2290515532125
2 3 12.551808136621295
2 4 20.399543868955867
2 5 31.575290296259716
2 6 3.2924683938328405
2 7 19.321821582071664
2 8 31.70635251888081
2 9 42.55518639138505
2 10 47.991579045908
2 11 52.666147082831394
2 12 39.340067492276624
2 13 15.113154886868271
2 14 32.42785641556128
2 15 51.66963458620039
2 16 28.510416395264055
2 17 33.95947549334311
2 18 34.369376362900596
2 19 25.95256380943048
2 20 40.356367615347125
2 21 16.48901333079991
2 22 34.464961271755435
2 23 27.99962305300145
2 24 56.35994005978655
2 25 32.977472565685886
2 26 16.677520376517958
2 27 24.529824037874384
2 28 21.59531681160676
2 29 30.52539499600285
2 30 32.95807156532389
2 31 52.61626641438477
2 32 11.849829918538681
2 33 13.3077345587411
2 34 38.976745723374066
2 35 33.43683118799552
2 36 19.554631932013645
2 37 27.960386853708023
2 38 25.625218394042566
2 39 39.78159985124797
2 40 19.960272501150136
2 41 48.30578441493006
2 42 37.056907572418105
2 43 58.458316564715986
2 44 35.07006087361808
2 45 16.1765023329326
2 46 43.30785212278988
2 47 17.284995152998047
2 48 43.56007419897862
2 49 49.15367134362598
2 50 17.824841850232193
2 51 14.074027229379851
2 52 41.80435730748375
2 53 28.099420619370235
2 54 16.024802742336032
2 55 35.39997010566087
2 56 35.165151868231135
2 57 27.0817012850156
2 58 13.007399653543523
2 59 26.834339839725935
2 60 4.515424236366707
2 61 29.791449708854405
2 62 28.739797105147957
2 63 41.9366437536724
2 64 25.405918496039682
2 65 18.88827845713352
2 66 31.447405734422095
2 67 42.72222036139903
2 68 28.578663204674754
2 69 17.506651054558418
2 70 14.97809260420967
2 71 19.596247562520922
2 72 13.106364633051133
2 73 46.69628673576532
2 74 30.154309553721003
2 75 25.434659204676436
2 76 38.00557459403866
2 77 35.158999277422815
2 78 25.1405610154701
2 79 25.350179643783267
2 80 14.031091966786457
3 1 36.61776468897042
3 2 7.799065963950798
3 3 19.21777153397435
3 4 11.672805327929341
3 5 10.854959434748194
3 6 23.205943999576313
3 7 5.354086431184144
3 8 39.87864814114706
3 9 17.902502096752286
3 10 24.18561839872483
3 11 36.77413779438009
3 12 16.555058720845015
3 13 21.845031382535524
3 14 38.741845620043335
3 15 36.3964991474002
3 16 9.847455176447856
3 17 9.922510908805785
3 18 35.59671381378394
3 19 12.33415943584869
3 20 24.709053206150262
3 21 8.417418099613897
3 22 12.92774319794468
3 23 37.79863465402338
3 24 39.84471166948002
3 25 11.942499302642078
3 26 29.85414612617012
3 27 5.6947663478412975
3 28 26.70442398167286
3 29 11.27662462832895
3 30 20.109011541496262
3 31 34.095941990636994
3 32 26.771111229410423
3 33 22.299377342134004
3 34 33.97022677761304
3 35 9.759937974048512
3 36 12.992858542112895
3 37 6.22908246657415
3 38 3.1737720152612647
3 39 29.73587008924316
3 40 12.915293751171358
3 41 25.17271017052639
3 42 14.026352913088559
3 43 42.19212584532357
3 44 34.49060252300457
3 45 16.61273156253206
3 46 23.477931307591323
3 47 9.576839199140105
3 48 25.594576518450523
3 49 26.4585050042634
3 50 7.570295657590336
3 51 10.823536200255482
3 52 32.65574484798132
3 53 4.246379719850462
3 54 22.250955544728747
3 55 35.039313947163734
3 56 12.378297386483144
3 57 29.819335439273292
3 58 15.525481879479402
3 59 10.284756032749657
3 60 21.01287446281129
3 61 25.41003950707183
3 62 32.41066405705698
3 63 25.343137116318637
3 64 5.518068849794329
3 65 5.795065876691061
3 66 30.68691205792903
3 67 35.107392173786785
3 68 14.21561349481831
3 69 28.06975016029689
3 70 20.14517878998508
3 71 24.283873447653768
3 72 11.607000454145746
3 73 26.581837416403342
3 74 32.1760145794623
3 75 15.40258687125835
3 76 31.447036569731257
3 77 19.70875780284648
3 78 24.595570970490588
3 79 27.891419361055124
3 80 17.91453968804328
4 1 21.299180088895735
4 2 33.550591591586624
4 3 7.34863372223056
4 4 28.40343085030423
4 5 36.489221752400645
4 6 16.767535392575812
4 7 21.901577108054024
4 8 17.874201672068793
4 9 42.81573411921931
4 10 45.42304197418196
4 11 43.47176787173206
4 12 43.07726697891516
4 13 27.64413493831277
4 14 18.40739200587793
4 15 42.22872754343175
4 16 34.170232122945215
4 17 33.18236764201976
4 18 20.651989852782666
4 19 33.419947362335726
4 20 32.32419197467119
4 21 18.86226757512211
4 22 31.253776119565757
4 23 14.364325523589978
4 24 47.250600311149455
4 25 29.73747822548375
4 26 3.511433532801292
4 27 23.3437431760087
4 28 8.312971069139506
4 29 36.1318708687422
4 30 24.89065611316759
4 31 44.94652602866862
4 32 2.4951751768911903
4 33 4.260767270236278
4 34 26.490813746747882
4 35 36.30275229668036
4 36 28.22240869470382
4 37 31.98296197885088
4 38 28.90929221287281
4 39 29.10226315862896
4 40 15.383997796261081
4 41 51.69687038462062
4 42 34.65838720415084
4 43 49.0914660206722
4 44 21.67657841626345
4 45 26.65266720915876
4 46 37.425121180220586
4 47 16.96774877893888
4 48 36.42694807474569
4 49 45.09258287473863
4 50 19.13732913598261
4 51 17.04358603437895
4 52 30.521953516001766
4 53 30.76370894329695
4 54 5.461642910100805
4 55 21.935260363968094
4 56 38.85537043559476
4 57 13.602440124199244
4 58 11.117475800840317
4 59 23.033042519058753
4 60 16.45421181268677
4 61 18.41441898041615
4 62 14.916870012476076
4 63 34.20558451122676
4 64 29.917105288845047
4 65 21.509576069513876
4 66 18.433708464694178
4 67 30.78046505999054
4 68 22.75697253304437
4 69 3.459637273072038
4 70 6.814799271845192
4 71 7.265264429953443
4 72 17.08200865537694
4 73 40.635694586500705
4 74 16.547003158906747
4 75 18.622875378744506
4 76 26.152322087181858
4 77 27.969331985642103
4 78 13.291789721533458
4 79 12.186880760236553
4 80 8.681180845725791
5 1 18.971496570062435
5 2 27.951530399965314
5 3 5.580650406874159
5 4 25.36242101311567
5 5 31.006164618050157
5 6 19.63573517772817
5 7 16.70318088984944
5 8 19.807571689564345
5 9 35.196363298316804
5 10 37.1142508241161
5 11 35.64379204007182
5 12 36.74473899964863
5 13 28.072125370688454
5 14 19.083141406025657
5 15 34.49271743295304
5 16 29.224658886940613
5 17 25.50861854721183
5 18 18.058637932742045
5 19 29.566203147821472
5 20 24.053284847744813
5 21 14.237170836478072
5 22 23.01123576178221
5 23 17.471573100372716
5 24 39.41092574063846
5 25 21.522315748252158
5 26 10.823760168854768
5 27 16.10080498434509
5 28 6.515854250831832
5 29 31.029744490232364
5 30 16.544636335828333
5 31 36.679998120969145
5 32 10.273984847401776
5 33 5.399991988920448
5 34 21.09006171833784
5 35 29.863741143773325
5 36 25.62782489352658
5 37 26.345974723412414
5 38 23.1599947454581
5 39 21.935436934332067
5 40 7.751191438669834
5 41 44.98848374217952
5 42 26.515831671461644
5 43 41.36124460959196
5 44 18.064808872570794
5 45 25.49316031895266
5 46 28.915720854972243
5 47 11.301002152062763
5 48 28.020339382562458
5 49 36.61538017378248
5 50 13.823464068459232
5 51 13.366028589109286
5 52 23.819018166736726
5 53 24.56426385996633
5 54 3.065475757984718
5 55 18.49440028331829
5 56 32.665247913698416
5 57 10.92693132654459
5 58 7.503239339017679
5 59 14.914555187773527
5 60 18.38207175416371
5 61 11.763492260299648
5 62 13.314770846423077
5 63 25.88575994263792
5 64 24.701359290029963
5 65 16.40891991141417
5 66 14.135954401607986
5 67 24.697730471220734
5 68 14.277575582869053
5 69 8.397620961943803
5 70 3.0534988677642216
5 71 3.9630455000472837
5 72 14.012158732251715
5 73 32.14062365950386
5 74 13.90741176981544
5 75 10.116602208296662
5 76 19.98340154607955
5 77 19.514214514257848
5 78 7.340462149483777
5 79 8.878829915418548
5 80 4.663419491207606
6 1 33.19145567709896
6 2 38.735509630295205
6 3 39.98999624415843
6 4 46.02875115276461
6 5 40.50426897117184
6 6 52.25430336996811
6 7 37.143882647268114
6 8 42.612506995117
6 9 29.006008412283695
6 10 20.675792014154894
6 11 4.222987306727084
6 12 38.939662625199745
6 13 55.36302671787053
6 14 39.9084130801498
6 15 5.333679835139922
6 16 41.89783431136262
6 17 26.692226807363
6 18 32.61059780995696
6 19 45.900886732271665
6 20 11.572754074316341
6 21 38.16982662252273
6 22 21.643424436474522
6 23 43.75539625550762
6 24 5.677347108380392
6 25 22.44149350730236
6 26 44.844726037785286
6 27 30.233553428740624
6 28 36.72670686034255
6 29 42.12547686021002
6 30 19.094796878856183
6 31 2.5053935349221867
6 32 45.72344719930139
6 33 40.90481301270881
6 34 23.699385749178973
6 35 35.42009726910746
6 36 47.30993303926896
6 37 38.00222481231069
6 38 36.61672959793853
6 39 16.5132043197761
6 40 31.96552132053092
6 41 41.20133483530813
6 42 22.15169681981998
6 43 8.015574765753739
6 44 30.04695710785461
6 45 50.475726130741535
6 46 11.283858398048535
6 47 35.72408817041171
6 48 8.834168725677324
6 49 15.660878062104944
6 50 36.54439612844861
6 51 39.86988508481481
6 52 17.22146695754205
6 53 35.083070308344745
6 54 38.497634725628814
6 55 30.40491550560237
6 56 37.830918434703314
6 57 34.0135922984722
6 58 38.886858648691955
6 59 26.154632422911885
6 60 50.30880204832873
6 61 26.196065214376198
6 62 35.24574436410875
6 63 9.96640432447292
6 64 39.0711408366712
6 65 37.36185124400496
6 66 29.712335648990802
6 67 19.600647910310443
6 68 23.48678007227651
6 69 42.1006159569246
6 70 38.24827619798275
6 71 36.60640788905638
6 72 41.10928767571583
6 73 9.144962268292497
6 74 33.225527680152425
6 75 26.480575435786157
6 76 21.5430945792162
6 77 16.755994259415612
6 78 31.027976049894335
6 79 33.87433816241241
6 80 38.251238131533555
7 1 12.401980536806496
7 2 34.81236046777613
7 3 21.563610945654812
7 4 36.802583477855535
7 5 37.6793515660711
7 6 35.51887372758736
7 7 26.70602332562952
7 8 20.731472590877235
7 9 34.79192714964222
7 10 32.20164783579549
7 11 21.269105933371826
7 12 40.63934821593239
7 13 42.52160728132127
7 14 18.21081413244086
7 15 19.878030293754346
7 16 37.22643951899386
7 17 26.5098720808451
7 18 11.53643742839387
7 19 39.383749812046844
7 20 12.88473271241882
7 21 25.79319377039414
7 22 21.22655901762042
7 23 21.446373790251553
7 24 24.996053583092895
7 25 20.418263372266424
7 26 23.258927343892598
7 27 21.70704478966877
7 28 14.985781450785787
7 29 38.491450562455334
7 30 8.935042209769572
7 31 24.221746517038493
7 32 25.199822470323824
7 33 21.21115182939931
7 34 6.568656232945398
7 35 34.36437179916208
7 36 37.56939479336853
7 37 33.387315610882375
7 38 30.559638214623796
7 39 6.353957815942371
7 40 17.085794172761076
7 41 47.00297518256168
7 42 24.627963761964516
7 43 26.62607085766809
7 44 9.270638171065851
7 45 38.89175181588737
7 46 20.440012769651165
7 47 22.432938049136755
7 48 17.569654499689857
7 49 29.54272616448705
7 50 24.53301128285628
7 51 26.25737179116221
7 52 7.760160884843895
7 53 30.6384345696742
7 54 18.47863617242401
7 55 9.795218578851905
7 56 37.43492006036464
7 57 11.625628415419133
7 58 22.245825979142666
7 59 17.321924549706434
7 60 34.05929551914702
7 61 4.446362274526749
7 62 12.916350588709138
7 63 14.830464379333474
7 64 32.887196658681574
7 65 26.651826356378006
7 66 7.523106728005629
7 67 8.795851451408458
7 68 13.537318598198029
7 69 20.593611660308998
7 70 19.136765161784027
7 71 15.594606931370727
7 72 27.326511402467542
7 73 22.70218110663333
7 74 10.99886770768286
7 75 12.242371687406107
7 76 4.27628131036457
7 77 11.932652314544264
7 78 9.556500770955076
7 79 11.67825949849752
7 80 20.24458637561965
8 1 26.614123868091795
8 2 18.41577046540151
8 3 9.687269142531006
8 4 17.66308522093201
8 5 21.48133823304302
8 6 19.34674926357185
8 7 7.817724154214877
8 8 29.190918465127748
8 9 26.218851829074858
8 10 29.59631924243596
8 11 34.21035049805375
8 12 27.0974299685977
8 13 23.671149939465526
8 14 28.1511110417312
8 15 33.40202562294215
8 16 19.943470984849014
8 17 16.62735646530753
8 18 25.610432189025044
8 19 20.9584823248651
8 20 21.628814056173663
8 21 6.498487596711748
8 22 15.542154805282868
8 23 27.07980999862558
8 24 37.773980185490466
8 25 14.008646315536858
8 26 19.681855747668724
8 27 6.735064439456035
8 28 15.984806034736934
8 29 21.647685186733167
8 30 14.734621775905074
8 31 33.48119644293812
8 32 17.36372933537309
8 33 12.384659002655173
8 34 25.63729573382007
8 35 20.219008348441374
8 36 18.330319967926687
8 37 16.813753499804143
8 38 13.628320865154292
8 39 23.375571760438678
8 40 2.423292536267627
8 41 35.41879578759215
8 42 18.598978339707728
8 43 39.98414428496066
8 44 24.84978214241224
8 45 19.672284901918626
8 46 23.96022455900996
8 47 3.181075625442103
8 48 24.393772504861253
8 49 30.123837840101654
8 50 5.293197909057026
8 51 7.299738765068003
8 52 26.004139503972272
8 53 14.918866839295772
8 54 11.795479614386394
8 55 25.37191649435753
8 56 23.012380213482015
8 57 19.347319813685925
8 58 6.781999976163624
8 59 7.531372681269873
8 60 17.36014799832716
8 61 16.241407116564613
8 62 21.923508015412537
8 63 23.01300824084526
8 64 15.376696712162774
8 65 7.654099073801723
8 66 20.887062448162162
8 67 27.87297676823812
8 68 9.472279875124515
8 69 17.647003103586716
8 70 9.865849264490034
8 71 13.570014442393246
8 72 8.497377916044305
8 73 27.349131646548557
8 74 21.905345010697477
8 75 7.455718438304405
8 76 23.568172799479633
8 77 16.250896834411364
8 78 14.325426332841223
8 79 17.36097060575198
8 80 8.02309409010736
9 1 43.37069393694535
9 2 5.546439906596029
9 3 27.952140813673825
9 4 16.01512741124543
9 5 6.520057516674137
9 6 31.14322902024615
9 7 13.978294485672984
9 8 47.688099624599204
9 9 10.377870814520588
9 10 18.87758203493703
9 11 37.201483125651144
9 12 8.216019654668823
9 13 27.32573504669384
9 14 46.303051899243876
9 15 37.19662646877562
9 16 8.586235472270824
9 17 7.471916405764555
9 18 42.34965432217068
9 19 13.237400259374665
9 20 26.645095015669103
9 21 17.12240234253633
9 22 13.229464979153557
9 23 45.90365036525375
9 24 39.690294667408494
9 25 13.231631646841608
9 26 38.50747120155804
9 27 12.665163750191072
9 28 34.76703035962422
9 29 8.265538584154761
9 30 24.345507919387956
9 31 33.117126067840296
9 32 35.54410566569395
9 33 30.993017921937977
9 34 39.21880871895266
9 35 1.591452521818466
9 36 17.506563494200154
9 37 5.806473943014973
9 38 7.329392508500724
9 39 33.6479007589845
9 40 20.93264874000545
9 41 16.45453120897263
9 42 11.864522180483107
9 43 42.02939725082754
9 44 40.9048488211861
9 45 22.01798737870577
9 46 22.743427324784783
9 47 18.302366650443442
9 48 25.942084016302623
9 49 22.515841429546747
9 50 16.3556377784036
9 51 19.47642379605263
9 52 36.60443383855342
9 53 4.844430140041823
9 54 30.76317558002955
9 55 41.46649696897646
9 56 4.639769803064354
9 57 37.279925681547184
9 58 24.29207533853687
9 59 15.821374602287259
9 60 28.992967292754734
9 61 31.740728780048954
9 62 39.85501556297826
9 63 26.618906457538365
9 64 8.245105219319617
9 65 14.419367077339015
9 66 37.36182678033015
9 67 39.39461325393028
9 68 19.315108602545056
9 69 36.61242233927619
9 70 28.728577976247944
9 71 32.47978855553551
9 72 20.137218505664762
9 73 25.17217060032866
9 74 39.32784371133331
9 75 21.910877912876746
9 76 36.43747366267369
9 77 22.71017192130783
9 78 31.923157925643743
9 79 35.47093895206704
9 80 26.583400319755206
10 1 28.095748850365226
10 2 24.909847671334585
10 3 4.1106893165227625
10 4 18.90324412151906
10 5 27.713170259394616
10 6 10.050503371866768
10 7 13.494030594377449
10 8 26.7881984777115
10 9 36.10926002399019
10 10 40.406857314497266
10 11 43.72815519990904
10 12 34.79902531178437
10 13 18.945422336997552
10 14 26.824122765167697
10 15 42.73027703680859
10 16 25.14522583587478
10 17 26.882130991548458
10 18 27.25331098781601
10 19 24.021729299768058
10 20 31.450425902783547
10 21 10.330056699377753
10 22 26.466681842546475
10 23 23.564840574231553
10 24 47.42573154663031
10 25 24.93983789597836
10 26 13.020212865097283
10 27 16.983627410292875
10 28 14.625394678407098
10 29 27.151620827474478
10 30 24.02685626818335
10 31 43.78571192533601
10 32 8.758303971615797
10 33 6.352387772631854
10 34 30.728175458621866
10 35 28.25965249576724
10 36 18.69479614661944
10 37 23.409040361602184
10 38 20.52060359585489
10 39 30.97312096339327
10 40 11.181789567196777
10 41 43.644880223597255
10 42 29.38731474255894
10 43 49.51964286987533
10 44 27.53630325623677
10 45 17.28913167030333
10 46 34.72006700865141
10 47 9.657583138826817
10 48 34.760868760518704
10 49 41.080546069762114
10 50 11.111309684792637
10 51 8.116663058591685
10 52 33.100198469572746
10 53 22.67614252400459
10 54 8.489242976231424
10 55 27.932965040423152
10 56 30.534156736828166
10 57 19.916404197440603
10 58 4.235461731661867
10 59 18.475065786753277
10 60 8.73059198796026
10 61 21.28653612757917
10 62 21.988976719947175
10 63 33.06109728992408
10 64 21.131631090563356
10 65 13.061891918083907
10 66 23.686124755231603
10 67 34.200034692089176
10 68 19.82663405366759
10 69 12.400122123800674
10 70 6.765712866367381
10 71 12.187540870007659
10 72 7.85311393287854
10 73 38.09780933684597
10 74 23.011302955281582
10 75 16.525620378526305
10 76 29.50640708039044
10 77 26.300925142389737
10 78 16.985760135935717
10 79 17.974975737425364
10 80 5.2267869534145746
11 1 9.37068272059467
11 2 37.663039983525124
11 3 14.932495786419791
11 4 35.70786024954213
11 5 40.729102994706814
11 6 28.08566883586322
11 7 26.815607970314748
11 8 10.107322954508547
11 9 42.67379096060672
11 10 42.574451078001104
11 11 34.5390737627477
11 12 45.808092340543716
11 13 37.818696819376505
11 14 8.87070557888239
11 15 33.11962352843282
11 16 39.2075562234951
11 17 33.20927352721442
11 18 8.647956906833903
11 19 39.82831287689043
11 20 25.383633001204505
11 21 24.52295521762052
11 22 29.362139322808957
11 23 9.04567921271908
11 24 38.24198118993353
11 25 28.07213400854244
11 26 11.052773862891101
11 27 24.947780116418052
11 28 4.267576811798835
11 29 40.929364107085554
11 30 19.073835040295624
11 31 37.38202527108728
11 32 14.530446184859303
11 33 12.738481390585674
11 34 15.110048539145662
11 35 38.96770875137638
11 36 35.96769799098907
11 37 36.06713617465184
11 38 32.89014059111915
11 39 19.543708471605555
11 40 16.988383554537283
11 41 53.56912127292879
11 42 33.03178423644974
11 43 39.78794656277182
11 44 9.670067451230512
11 45 35.65474820456062
11 46 32.152010011425865
11 47 21.441301602736026
11 48 29.99934436364176
11 49 40.90665614062989
11 50 23.978364668465357
11 51 23.710844213597447
11 52 20.19074535197097
11 53 33.984248959304196
11 54 10.408869317283456
11 55 9.901112495621842
11 56 41.91336647890338
11 57 1.7902446680320891
11 58 17.72723574950045
11 59 22.330622969153687
11 60 27.30727791131496
11 61 9.61028180106032
11 62 3.098976913030995
11 63 27.38087482264449
11 64 34.64573868289607
11 65 26.555936343320834
11 66 6.890476873829532
11 67 19.762189153234015
11 68 20.05022433019737
11 69 8.846974404063001
11 70 12.384171918111408
11 71 6.774814093939566
11 72 24.328612729639463
11 73 34.903003101799
11 74 4.498866808786593
11 75 16.230378772858796
11 76 15.475700173719309
11 77 22.568439506287856
11 78 6.037646180494854
11 79 2.2467886720877885
11 80 14.704839430291369
12 1 22.273385781640346
12 2 31.219301785450565
12 3 26.726446614383025
12 4 36.10489957454149
12 5 33.68635658119618
12 6 39.56516991939692
12 7 26.319579283782513
12 8 30.796760977438165
12 9 27.161739619525267
12 10 22.878898826575373
12 11 13.758380708078771
12 12 34.791201915999174
12 13 44.09759385613571
12 14 28.286704729716416
12 15 12.799146500588545
12 16 34.1120717525605
12 17 20.574219299093542
12 18 21.475463430326332
12 19 37.293223857646154
12 20 2.8213426021230745
12 21 26.609970805556642
12 22 14.725469209649416
12 23 31.327365555686914
12 24 17.468694487155087
12 25 14.582422863081362
12 26 31.41774638966676
12 27 19.78384003673346
12 28 23.387961564063325
12 29 34.91826580305003
12 30 5.999335015762618
12 31 14.86304039178204
12 32 32.244339782814734
12 33 27.471571735762705
12 34 14.111441487622908
12 35 29.395580466114385
12 36 37.189211125287414
12 37 30.06964086714045
12 38 27.843178582444704
12 39 6.603493982416783
12 40 19.2710669676455
12 41 39.84271015401468
12 42 17.35597753616716
12 43 19.550667716184293
12 44 19.06445175738457
12 45 39.62972634475182
12 46 10.610160248097737
12 47 23.717929952461315
12 48 7.494387147269357
12 49 19.71697961226907
12 50 25.04881346832747
12 51 27.92341779494962
12 52 9.303809663013993
12 53 27.080665078544335
12 54 25.026756935818355
12 55 19.543569468085895
12 56 32.32781139459547
12 57 21.226794336564563
12 58 25.98669806249211
12 59 15.112798922754244
12 60 37.73901966502024
12 61 13.1307743559274
12 62 22.83419881263566
12 63 4.755718312597825
12 64 30.360110243820028
12 65 26.433183945417564
12 66 17.58030130834878
12 67 12.341540309373041
12 68 11.547237264684892
12 69 28.670935023439014
12 70 24.85983310106382
12 71 23.142717359711817
12 72 29.145170656131526
12 73 12.641544831202719
12 74 21.01530729898621
12 75 13.569010610864849
12 76 11.220927659941998
12 77 5.299123936172988
12 78 17.699268787796793
12 79 20.798015809651986
12 80 25.036833376619832
13 1 10.685835302536164
13 2 36.225336838051575
13 3 13.477495933214287
13 4 34.19883645256538
13 5 39.29179318344144
13 6 26.769116781021403
13 7 25.329233222312343
13 8 11.450973486666264
13 9 41.50797428311988
13 10 41.66461800652112
13 11 34.51210185303882
13 12 44.45226230742261
13 13 36.37568252920151
13 14 10.343274864174271
13 15 33.12510961341329
13 16 37.73978950818167
13 17 31.994643097290048
13 18 9.90627813203025
13 19 38.328901460766346
13 20 24.930176310806118
13 21 23.0194677207816
13 22 28.290966993869148
13 23 10.052073254328905
13 24 38.2431128153973
13 25 26.970659982202566
13 26 10.394723657872836
13 27 23.582479308088026
13 28 2.8991013448491634
13 29 39.47173111083213
13 30 18.368814419738154
13 31 37.1035073241266
13 32 13.503627929807745
13 33 11.379430805206706
13 34 15.704160473918963
13 35 37.60079105409731
13 36 34.45917575258706
13 37 34.62734279448371
13 38 31.4470869712437
13 39 19.575086058555137
13 40 15.555047327749575
13 41 52.27896897692171
13 42 31.957391003989233
13 43 39.856705278560206
13 44 10.685055607907517
13 45 34.16524312760872
13 46 31.49165788516725
13 47 19.949399358832704
13 48 29.495929931928465
13 49 40.145498649800466
13 50 22.486639627518183
13 51 22.201795800043737
13 52 20.438119056227897
13 53 32.57609934755511
13 54 8.975554975099444
13 55 10.969173788932679
13 56 40.53232494523876
13 57 2.6124452393097406
13 58 16.226013007350126
13 59 21.097168337268272
13 60 25.938694666629196
13 61 9.261618129330616
13 62 4.5530291390723265
13 63 26.9236484446104
13 64 33.18049319924612
13 65 25.06610025473681
13 66 7.509661250468655
13 67 20.231304030796696
13 68 18.96932415319383
13 69 7.985552604618987
13 70 10.909103498476199
13 71 5.305740898213944
13 72 22.821990272025207
13 73 34.322322965694426
13 74 5.672594396988646
13 75 15.054559020848842
13 76 15.797097439309868
13 77 21.84818707248487
13 78 5.067437696975547
13 79 1.5752797764883693
13 80 13.210528299912012
14 1 10.663126988901718
14 2 40.33253943523083
14 3 16.006833632913846
14 4 37.48144390895678
14 5 43.394490685213896
14 6 28.008070258253515
14 7 29.141889033008212
14 8 7.400168693137256
14 9 46.179657067942934
14 10 46.38386491939406
14 11 38.22688193191486
14 12 48.837601018631396
14 13 38.472741528018815
14 14 7.222327405991816
14 15 36.781596417499095
14 16 41.66418484457962
14 17 36.62857133132156
14 18 10.258907846351606
14 19 41.91441306184403
14 20 29.298795687690525
14 21 26.601681632782263
14 22 33.012573185076974
14 23 5.35202520034652
14 24 41.900053269565376
14 25 31.683132040059096
14 26 9.225040581204125
14 27 27.980818958952703
14 28 5.952609639149581
14 29 43.46071739212595
14 30 22.977300461006934
14 31 41.23406253476834
14 32 13.588806288274661
14 33 13.270751387318452
14 34 18.141555061963587
14 35 41.964776150670396
14 36 37.598487177436034
14 37 38.72791893982158
14 38 35.53974133576733
14 39 23.221575752055685
14 40 19.776464662554076
14 41 56.79825477607461
14 42 36.6773897540464
14 43 43.37944154973559
14 44 12.003272799044469
14 45 36.821174477507114
14 46 36.0687866491579
14 47 23.740683897169912
14 48 33.92049291628666
14 49 44.797609574002614
14 50 26.259027526810275
14 51 25.484485778139355
14 52 23.65057641262478
14 53 36.81787096150717
14 54 11.530384210800822
14 55 12.07392898968216
14 56 44.851206860286204
14 57 5.451391294208406
14 58 19.288666905171944
14 59 25.72425244158439
14 60 27.527515894803443
14 61 13.521545396803331
14 62 4.808029345394847
14 63 31.296075312750816
14 64 37.13561651983145
14 65 28.843006146146337
14 66 10.153169237749507
14 67 22.930333450959246
14 68 23.69139661309253
14 69 7.834340850914695
14 70 13.742247177125602
14 71 8.48894191999779
14 72 25.94330806912759
14 73 38.8273895270054
14 74 6.961279908091465
14 75 19.740302205447712
14 76 18.89018730996161
14 77 26.46909493096002
14 78 9.781314606254234
14 79 6.064180217028395
14 80 16.215615585962727
15 1 34.05257574587835
15 2 36.83548661138819
15 3 39.37298334593065
15 4 44.41380648692247
15 5 38.52068333835543
15 6 51.292297198847
15 7 35.748199353190536
15 8 43.294639583132714
15 9 26.746384823432916
15 10 18.352597689235196
15 11 6.5030963964417685
15 12 36.75310614682931
15 13 53.97038241595739
15 14 40.63478355161777
15 15 7.473576181508069
15 16 40.00965656447735
15 17 24.761032049840033
15 18 33.418117096627356
15 19 44.09308270189942
15 20 11.07651082215508
15 21 36.927420460692886
15 22 19.90409152686071
15 23 44.2428888041599
15 24 7.805635835616652
15 25 20.79875588538676
15 26 44.74280439815696
15 27 28.836681565733578
15 28 36.72955569615016
15 29 40.17285237888111
15 30 18.584361956091968
15 31 1.5612138603786785
15 32 45.37359420697402
15 33 40.45845484421891
15 34 24.703612152264437
15 35 33.392713468807145
15 36 45.7222712486437
15 37 36.155107053826505
15 38 34.88761337076391
15 39 17.230055232925896
15 40 31.106888170520115
15 41 38.89504241807916
15 42 20.171449393110667
15 43 10.086417763371113
15 44 30.867766961832487
15 45 49.01021164015567
15 46 9.387989492553258
15 47 34.61505626661388
15 48 7.563260571667131
15 49 13.342128194069408
15 50 35.298830878968204
15 51 38.71560791193019
15 52 18.28872619257678
15 53 33.266783030777184
15 54 38.133412187219825
15 55 31.255542603166642
15 56 35.74462223948975
15 57 34.3340282705711
15 58 38.06711862952458
15 59 24.93522928228506
15 60 49.306120496685125
15 61 26.362033019467056
15 62 35.713372609110515
15 63 9.2534870485862
15 64 37.31540599949583
15 65 35.98555053137413
15 66 30.2400703687523
15 67 20.85936955810012
15 68 22.520811652287616
15 69 41.995908618639604
15 70 37.750687433699824
15 71 36.442865101290295
15 72 39.95253118029074
15 73 6.95446572483834
15 74 33.7503673579368
15 75 25.763937471096447
15 76 22.36981648807873
15 77 15.93533980327226
15 78 31.0381236764338
15 79 34.05611208067408
15 80 37.60607986366041
16 1 30.624976641979064
16 2 14.309927144316505
16 3 12.752303302946071
16 4 14.221323198878718
16 5 17.37299148979233
16 6 19.537026684919603
16 7 4.1034552543685425
16 8 33.30402699561649
16 9 23.277578865026733
16 10 27.79808504227526
16 11 35.538018005355426
16 12 23.219321742846017
16 13 21.68496206011739
16 14 32.277893430130725
16 15 34.887332777341335
16 16 15.825184446008123
16 17 14.01794712615277
16 18 29.614839944329248
16 19 17.03577320680213
16 20 22.9599999784444
16 21 4.3650416218522485
16 22 14.342312322615614
16 23 31.132248134616763
16 24 38.94604569225598
16 25 12.903865506596663
16 26 23.247984107496464
16 27 4.309346398114249
16 28 20.0709478308456
16 29 17.520912106883525
16 30 16.81241781076715
16 31 34.04817940441201
16 32 20.423610692421917
16 33 15.74408449286986
16 34 29.08715063712008
16 35 16.373158117592286
16 36 15.07907211308885
16 37 12.705664552315882
16 38 9.5177116043796
16 39 26.05178166096752
16 40 6.479385078273127
16 41 31.71408491030736
16 42 16.83573762803891
16 43 41.22700311633531
16 44 28.74869293154849
16 45 17.14586963168969
16 46 23.935790572768013
16 47 3.229958530609295
16 48 25.040352573619206
16 49 28.997316158665633
16 50 2.7373336545946323
16 51 6.38803650451953
16 52 28.823629483235262
16 53 10.94139965894806
16 54 15.562348295351178
16 55 29.28060681574729
16 56 19.070566130908876
16 57 23.46048624075899
16 58 9.220995325937697
16 59 7.6762785669781755
16 60 17.390994852862153
16 61 19.93189732628404
16 62 26.040354620197814
16 63 24.07627227181674
16 64 11.257451193042513
16 65 4.089341417500376
16 66 24.82452906368565
16 67 30.93051590916822
16 68 10.941989144278104
16 69 21.394251218179
16 70 13.483550473118978
16 71 17.614185438323627
16 72 7.575827488179003
16 73 27.28781535269456
16 74 25.9790654582359
16 75 10.385754253881363
16 76 26.83422723582224
16 77 17.567311050654073
16 78 18.38519729129056
16 79 21.48165376436659
16 80 11.328188373890711
17 1 12.87665441568413
17 2 33.88206897103884
17 3 20.73802909148147
17 4 35.82709334018739
17 5 36.758311510257535
17 6 34.66077453412256
17 7 25.730869149873158
17 8 20.895878963212205
17 9 34.0895061956923
17 10 31.72201555774729
17 11 21.623899935137555
17 12 39.79659043897248
17 13 41.575531493411475
17 14 18.43883893354231
17 15 20.26677356156329
17 16 36.28049368061281
17 17 25.705824953854687
17 18 11.974640307713917
17 19 38.417162837239474
17 20 12.70173785296482
17 21 24.821739348350984
17 22 20.48884940287713
17 23 21.43327441790306
17 24 25.37230921308239
17 25 19.641550708883685
17 26 22.770760348922554
17 27 20.75723196601517
17 28 14.501697644098362
17 29 37.556478787306574
17 30 8.238856129981853
17 31 24.32927760305092
17 32 24.56114018553975
17 33 20.473462186500115
17 34 7.523394000403854
17 35 33.48695220516403
17 36 36.5943485082871
17 37 32.450841266037465
17 38 29.611491225270758
17 39 6.869634160503822
17 40 16.120187118904393
17 41 46.2401184416511
17 42 23.92917935705396
17 43 27.059488419499587
17 44 9.811828871873889
17 45 37.92703513760907
17 46 20.116076307008516
17 47 21.46349538113867
17 48 17.39170255450682
17 49 29.190959639061603
17 50 23.5586986100693
17 51 25.29847291312759
17 52 8.527078551836958
17 53 29.713277805698556
17 54 17.755165318074106
17 55 10.351414717942454
17 56 36.55878849004625
17 57 11.45462620094619
17 58 21.342798706991985
17 59 16.397697619601338
17 60 33.180109486398926
17 61 3.839094947492832
17 62 12.920027813532442
17 63 14.674221423492861
17 64 31.93228909130071
17 65 25.676373763645017
17 66 7.690571893704304
17 67 9.717022087609516
17 68 12.638912828716316
17 69 20.08170775406804
17 70 18.341559698863072
17 71 14.972799105686258
17 72 26.372127948529744
17 73 22.486566779114863
17 74 11.092390945834621
17 75 11.269744457210683
17 76 5.244888077361006
17 77 11.36138802805312
17 78 8.964951480442144
17 79 11.339331682746897
17 80 19.38909079904169
18 1 13.43347401247785
18 2 37.19792724305525
18 3 25.27677212201464
18 4 39.89279527596486
18 5 39.97220765174052
18 6 39.21248641153622
18 7 29.77329734433925
18 8 22.65177254992479
18 9 35.718110842389216
18 10 32.09598352040478
18 11 18.33550042867628
18 12 42.3433900815677
18 13 46.00911964097706
18 14 19.966552122620246
18 15 16.865923826298648
18 16 39.761145562537415
18 17 28.05649083136897
18 18 12.755950022788795
18 19 42.18853618698086
18 20 11.984843160153497
18 21 29.073185825280355
18 22 22.469559002462237
18 23 23.88081241638587
18 24 21.977787531381406
18 25 21.88220239801477
18 26 26.70500462792405
18 27 24.352035142968738
18 28 18.457313447865914
18 29 40.90996123004311
18 30 10.401632727301527
18 31 21.997807014845154
18 32 28.834880042768933
18 33 24.91945687619924
18 34 4.917417444707267
18 35 36.32951394662934
18 36 40.72538444686696
18 37 35.836671210646536
18 38 33.140148948888395
18 39 3.455873229111196
18 40 20.46438325371067
18 41 48.20174807319633
18 42 25.623959769697073
18 43 23.45694642481897
18 44 10.222709656147995
18 45 42.24703128670036
18 46 19.840855958400198
18 47 25.75211794721492
18 48 16.471463442339935
18 49 28.925640263503077
18 50 27.745905617799345
18 51 29.675937015315903
18 52 4.069756119698222
18 53 32.99421746664184
18 54 22.18155821593211
18 55 10.640238051523651
18 56 39.377973903677756
18 57 14.59037901901218
18 58 25.87849032008113
18 59 19.771756197531136
18 60 37.729636584022934
18 61 8.127030618015588
18 62 15.447519191482037
18 63 13.739894701142733
18 64 35.538446600032515
18 65 29.751681817961632
18 66 9.873498751940671
18 67 5.288994022915998
18 68 15.860496780823723
18 69 24.081997611461535
18 70 22.85622174467824
18 71 19.226657022491658
18 72 30.775236192225076
18 73 21.638271693856055
18 74 13.355884266058732
18 75 15.300936517314895
18 76 1.9823231285499454
18 77 12.660152033532789
18 78 13.182661906591584
18 79 14.956117914912836
18 80 23.940107537584318
19 1 32.56265042258486
19 2 41.486983936941215
19 3 41.28110343625829
19 4 48.468052104936966
19 5 43.33725187034446
19 6 53.9267974570182
19 7 39.360243420250505
19 8 42.18394948042761
19 9 32.08549408143683
19 10 23.766953153684746
19 11 1.653275801803128
19 12 41.96146540486958
19 13 57.53777198640486
19 14 39.43064277163014
19 15 3.2094462661211702
19 16 44.633470823390155
19 17 29.4948447818039
19 18 32.062989250224575
19 19 48.54835048492655
19 20 13.126241181185442
19 21 40.210086668923736
19 22 24.28099911211678
19 23 43.59178169280107
19 24 3.047552501190879
19 25 24.980498229546967
19 26 45.46372418904453
19 27 32.47682528594265
19 28 37.24916419414801
19 29 44.92617483173265
19 30 20.44574234586444
19 31 5.220981138549335
19 32 46.65751982259418
19 33 41.98005807393656
19 34 22.956451204245447
19 35 38.30034994914674
19 36 49.71715258167513
19 37 40.7009110963732
19 38 39.195530960108904
19 39 16.339751345220762
19 40 33.58898811389405
19 41 44.30308646678077
19 42 25.01085504947466
19 43 5.364143325834749
19 44 29.50136805224347
19 45 52.74113927171364
19 46 14.134635601716145
19 47 37.62051260063343
19 48 11.253107262669422
19 49 18.732251286438746
19 50 38.59389937722357
19 51 41.80320882265035
19 52 16.507426521896143
19 53 37.75510125455426
19 54 39.48115155794264
19 55 29.813277590179972
19 56 40.76438232091545
19 57 34.13220369976533
19 58 40.429158381102795
19 59 28.226828429165746
19 60 52.03457415835723
19 61 26.593690287589528
19 62 35.15535298241685
19 63 11.824164558263377
19 64 41.67331225870605
19 65 39.55591769918559
19 66 29.583043177089095
19 67 18.53461311236247
19 68 25.299938099532948
19 69 42.734936266267155
19 70 39.399902183712165
19 71 37.34510169488038
19 72 43.04152766931864
19 73 12.202346700458296
19 74 33.07067734797295
19 75 27.977535520147352
19 76 21.095171137520385
19 77 18.504372343812186
19 78 31.58148629465536
19 79 34.1797917358175
19 80 39.58474951117783
20 1 28.230675872320788
20 2 17.09015385041265
20 3 10.089085033257993
20 4 15.980612241708892
20 5 20.147258085479187
20 6 18.438709179541107
20 7 6.190387338784023
20 8 30.563782039911057
20 9 25.76547685569527
20 10 29.697617001582476
20 11 35.45685710914988
20 12 26.041632973876318
20 13 22.16286084124536
20 14 29.60547345713216
20 15 34.69258988201711
20 16 18.47457137337377
20 17 16.311970877345765
20 18 27.230595702808667
20 19 19.33792999489189
20 20 22.850646020312297
20 21 4.85045968372112
20 22 15.834635751248474
20 23 28.33413093042967
20 24 38.97905438883968
20 25 14.32462961898319
20 26 20.464913878835027
20 27 6.338277043337352
20 28 17.30221563558645
20 29 20.224880782590514
20 30 16.139699116904435
20 31 34.491122356189294
20 32 17.79447715167831
20 33 13.002771502966425
20 34 27.315900609723663
20 35 19.188545871083747
20 36 16.64882208377815
20 37 15.484614442380495
20 38 12.297839991076012
20 39 24.944195618265343
20 40 4.0776109144878445
20 41 34.50424840331993
20 42 18.678409231635236
20 43 41.21240847603446
20 44 26.505775772866286
20 45 18.060305611475115
20 46 24.745227684134548
20 47 1.6838592817712026
20 48 25.40975334087457
20 49 30.508497275619607
20 50 3.610016115233288
20 51 5.890762780025647
20 52 27.602715418033913
20 53 13.768802941820477
20 54 12.738963117241706
20 55 27.025368171042945
20 56 21.897636402320884
20 57 20.871177498899314
20 58 6.7516724665481895
20 59 8.196631879663022
20 60 16.384821082461105
20 61 17.924097817326786
20 62 23.43617468505029
20 63 24.157719453121747
20 64 13.918146685696623
20 65 6.0041200871422635
20 66 22.534781757442314
20 67 29.511377230048346
20 68 10.649950217079446
20 69 18.576081015908382
20 70 10.676947181345103
20 71 14.819205232929272
20 72 7.120093228717152
20 73 28.131140157563866
20 74 23.481781588305726
20 75 9.022023684456466
20 76 25.23065709992875
20 77 17.445163942348145
20 78 15.921388976027778
20 79 18.86586052015963
20 80 8.582139998583232
21 1 48.59779134326158
21 2 8.791343347785142
21 3 27.214198001036337
21 4 5.911505307517401
21 5 8.603538813750793
21 6 23.415214795810837
21 7 14.185847573530259
21 8 50.196088805855176
21 9 24.096393311537202
21 10 33.14600818254789
21 11 49.83911177714856
21 12 16.062410725057127
21 13 15.26923926584834
21 14 49.56779920673621
21 15 49.5814750359051
21 16 5.71732689020672
21 17 20.68013736200836
21 18 47.59932020116846
21 19 1.215275849494927
21 20 38.09220651154553
21 21 16.25394346005097
21 22 25.475181697917463
21 23 47.47278521760238
21 24 52.70483551028428
21 25 24.829412395539475
21 26 37.63446120047288
21 27 19.059310894591015
21 28 36.9702593739665
21 29 6.7200179072400115
21 30 33.61905557554314
21 31 46.52625071838977
21 32 33.39692934335666
21 33 30.351643423222985
21 34 47.06870693440455
21 35 13.482594813921716
21 36 6.671131383829374
21 37 9.165492005669376
21 38 10.695850022800007
21 39 43.23133284462383
21 40 24.426675535967725
21 41 24.29276933662589
21 42 25.33679979419442
21 43 55.06202509374801
21 44 46.84003006517134
21 45 10.821030119800978
21 46 35.898983188020125
21 47 19.39754796214083
21 48 38.52450397606774
21 49 36.75799564285555
21 50 16.88304030741328
21 51 17.366754821129252
21 52 46.13417210289741
21 53 12.021186115246389
21 54 31.38451135782819
21 55 47.366315849710446
21 56 13.022614347680737
21 57 41.09515931626097
21 58 23.60899747742757
21 59 23.761652073435645
21 60 21.70524001802545
21 61 38.04788386523601
21 62 43.61946577857052
21 63 38.57481166649285
21 64 8.17224028225227
21 65 14.368876658448276
21 66 42.88839945787474
21 67 48.511634180723135
21 68 27.678275780661576
21 69 36.62478481864249
21 70 29.13477128648674
21 71 34.35250872078348
21 72 17.098420808184255
21 73 38.69471288782663
21 74 43.80499582337152
21 75 28.306482849480368
21 76 44.67816988105305
21 77 33.210434377338736
21 78 36.27847514795115
21 79 39.056930689099964
21 80 26.64605794369857
22 1 32.77595598798467
22 2 29.740966764008213
22 3 10.721867217329699
22 4 21.505411775529495
22 5 32.22956611700906
22 6 5.454060617170714
22 7 19.272766050292816
22 8 29.319797218929505
22 9 42.476513255271584
22 10 47.47028548634971
22 11 51.09751752865972
22 12 39.851776902767696
22 13 17.181816022141263
22 14 30.04069825749208
22 15 50.05900108984756
22 16 29.269427758777944
22 17 33.61729389418071
22 18 32.06210781068625
22 19 27.03624654074809
22 20 38.90992499272986
22 21 16.276801935981155
22 22 33.721858810304354
22 23 25.620191897177968
22 24 54.81611517469036
22 25 32.21104568224152
22 26 14.294440347197842
22 27 23.952360731079352
22 28 19.315144177731877
22 29 31.299421440762604
22 30 31.445915647810935
22 31 51.28872556591851
22 32 9.460698676005453
22 33 11.139524814039744
22 34 36.86394052632799
22 35 33.732461055850756
22 36 20.789445548494967
22 37 28.396610287459612
22 38 25.880127251949553
22 39 37.93646647510171
22 40 18.696651275397855
22 41 48.8148974603993
22 42 36.476718813191866
22 43 56.879127034876596
22 44 32.81444770127246
22 45 17.76264481191749
22 46 42.2157573191161
22 47 16.601420749115224
22 48 42.272705283638295
22 49 48.39211167433787
22 50 17.469947879810473
22 51 13.841058008586144
22 52 39.87814958157579
22 53 28.283149801771696
22 54 13.885363693408692
22 55 33.13393793202831
22 56 35.63046509765942
22 57 24.798501807731178
22 58 11.735585704733046
22 59 25.878162531192935
22 60 6.063545619205037
22 61 27.792325879793157
22 62 26.41013764660044
22 63 40.54648912082879
22 64 25.89243248251332
22 65 18.83124148084953
22 66 29.238778999617953
22 67 40.70027288447226
22 68 27.34200046880423
22 69 15.127992661755302
22 70 13.009581665834066
22 71 17.389791063785932
22 72 13.024696456064541
22 73 45.596869006309
22 74 27.85921672880501
22 75 23.99642950123228
22 76 35.982187679884824
22 77 33.79882650848774
22 78 23.04548002542609
22 79 23.101197485077318
22 80 12.326285292834296
23 1 46.92177158623959
23 2 8.802635179887682
23 3 32.39043573291342
23 4 19.577899029591844
23 5 8.191077572551912
23 6 35.42872040171508
23 7 18.454729911196576
23 8 51.68099501638148
23 9 7.414538259729111
23 10 17.036791380810037
23 11 37.94120811845323
23 12 4.867943446625472
23 13 30.87999627270466
23 14 50.19071125829973
23 15 38.121165046004016
23 16 11.208625646461652
23 17 9.466179852832411
23 18 45.90712605088853
23 19 15.90181766676236
23 20 28.400531688500507
23 21 21.60231286254329
23 22 15.223397481544424
23 23 50.03257755592527
23 24 40.0875901951222
23 25 15.64175174934261
23 26 42.89811011877166
23 27 16.801881213529576
23 28 38.90945690900614
23 29 10.109543357364734
23 30 27.159461558761766
23 31 33.236595277716134
23 32 40.00290738380247
23 33 35.409157499049826
23 34 42.15801007911288
23 35 3.928528857484114
23 36 21.042174909530992
23 37 9.63072172250093
23 38 11.692590586225574
23 39 36.091318474289615
23 40 25.142042386394515
23 41 12.113089967855126
23 42 12.855241235408322
23 43 42.38115348717106
23 44 44.327894505170285
23 45 25.662397885585804
23 46 23.390211565439326
23 47 22.746348167360644
23 48 26.97661366168593
23 49 21.362504141789532
23 50 20.83302603742982
23 51 23.949793516689997
23 52 39.011323504740744
23 53 9.287882056272158
23 54 35.10035092896827
23 55 44.89077422719744
23 56 3.9672373301841914
23 57 41.1649662279785
23 58 28.749571003052065
23 59 19.445570485759532
23 60 33.29819576006218
23 61 35.220310486116354
23 62 43.719660185715725
23 63 28.07075299614369
23 64 12.215637721350792
23 65 18.895174963812686
23 66 40.92283666136367
23 67 41.9099791333237
23 68 22.635921986992415
23 69 40.95310347394398
23 70 33.09904611416765
23 71 36.6843170239618
23 72 24.592023951961703
23 73 25.342163251564497
23 74 43.07296611974273
23 75 25.622777198946533
23 76 39.300781706233046
23 77 25.087697685299933
23 78 35.791099926057015
23 79 39.4146211263618
23 80 30.992954459030603
24 1 29.313467208319715
24 2 27.82664051984606
24 3 29.84027126472774
24 4 34.60148120369141
24 5 29.874659479494515
24 6 41.283434251805794
24 7 25.685027427676644
24 8 37.47677153161917
24 9 20.914944156776784
24 10 15.73574319214868
24 11 13.904127215253764
24 12 29.586204703409308
24 13 43.90898235571869
24 14 35.07028826641891
24 15 13.720146835010457
24 16 30.932651542624654
24 17 16.070884296893592
24 18 28.47851315455098
24 19 34.725240489249785
24 20 4.528299787307142
24 21 26.814887167184043
24 22 10.526533672792615
24 23 37.66410167490133
24 24 16.887131734132982
24 25 11.1168933891657
24 26 36.297408650918875
24 27 18.771799897016976
24 28 28.723130734169867
24 29 31.364226128225926
24 30 9.8870701842284
24 31 11.605600061867676
24 32 36.31854141186554
24 33 31.243479842759058
24 34 21.285460873539876
24 35 25.05121293784867
24 36 35.865205630235245
24 37 26.951234594819688
24 38 25.33338852162781
24 39 13.645892260420922
24 40 21.26453918159016
24 41 33.66273912150259
24 42 11.953845308789885
24 43 19.234206237111028
24 44 26.126353846483862
24 45 39.00402541820493
24 46 3.4818958347653868
24 47 24.534042654576954
24 48 2.6434797324060106
24 49 12.596398730185252
24 50 25.18631811274938
24 51 28.614411416460083
24 52 16.093166445167142
24 53 23.976778564552042
24 54 29.126016470005023
24 55 26.621283668789076
24 56 27.745690647645127
24 57 27.442012366644143
24 58 28.235090931328365
24 59 14.826582223093846
24 60 39.27008019432889
24 61 19.310963886026304
24 62 29.30754090277719
24 63 3.3890713969619144
24 64 27.822273955355726
24 65 25.910756645556503
24 66 24.317466422428662
24 67 19.156894068562693
24 68 12.619559421997847
24 69 33.581891479740186
24 70 28.458746780138895
24 71 27.967574383481768
24 72 29.850111304806585
24 73 6.178553288897724
24 74 27.641331832558897
24 75 16.217602154419115
24 76 18.40300561647452
24 77 6.575735131235681
24 78 23.225283565788626
24 79 26.694984815205792
24 80 28.038582018015596
25 1 26.590020567087418
25 2 37.672672171959135
25 3 34.94601005012938
25 4 43.66111923345951
25 5 39.83377920716807
25 6 47.87146784288257
25 7 34.14842965302817
25 8 36.03428867913102
25 9 30.53426750841014
25 10 23.724594898331393
25 11 5.515863747983697
25 12 39.5907482800349
25 13 52.145928541355325
25 14 33.32060348242989
25 15 4.495610715289582
25 16 40.727216038161764
25 17 26.0894735404355
25 18 26.012257830119502
25 19 44.31001423866109
25 20 7.560045911727917
25 21 34.68474872404494
25 22 20.41890065851052
25 23 37.257714696515244
25 24 9.284184048275243
25 25 20.78730922212314
25 26 38.90706855201579
25 27 27.396248893111448
25 28 30.692840905061775
25 29 41.26869772117321
25 30 14.302281492689353
25 31 8.817763857411252
25 32 40.1496164115365
25 33 35.528054347963774
25 34 17.1112881973074
25 35 35.08148350480549
25 36 44.82720447095364
25 37 36.70552767755345
25 38 34.838685814985205
25 39 9.968501508749664
25 40 27.567702001034583
25 41 43.198124191808176
25 42 21.998167719595042
25 43 11.27434842335481
25 44 23.447950901189962
25 45 47.53582502936816
25 46 11.857826832284267
25 47 31.901277415682035
25 48 7.927343513514665
25 49 19.251524706840172
25 50 33.095738224596666
25 51 36.10761388914059
25 52 10.645503128168862
25 53 33.70643947284696
25 54 32.996627795452746
25 55 23.803860375542627
25 56 37.795968129759174
25 57 27.654852037729427
25 58 34.29138929195868
25 59 22.890762905049836
25 60 46.03970780619459
25 61 20.042728675827647
25 62 28.773374630603954
25 63 6.988505105908874
25 64 37.35778418489444
25 65 34.30031412749
25 66 23.216306189586938
25 67 13.149183480010871
25 68 19.607235928591354
25 69 36.179057495754755
25 70 32.988668490834904
25 71 30.800901325445228
25 72 37.33726026232782
25 73 11.567898078255423
25 74 26.72298198498083
25 75 21.874189326263835
25 76 14.947579189190677
25 77 12.901122656304603
25 78 25.02448202754401
25 79 27.648781568424074
25 80 33.282672584996966
26 1 31.116727641518015
26 2 39.3923306288999
26 3 39.05893523231778
26 4 46.23621896190248
26 5 41.300534843052326
26 6 51.649962372164595
26 7 37.087143512599134
26 8 40.629220923149695
26 9 30.45398557482058
26 10 22.50661331559734
26 11 2.3886532091395116
26 12 40.15938267091726
26 13 55.25728088815441
26 14 37.90188590750735
26 15 3.0777042407070043
26 16 42.5269580955053
26 17 27.44814596018556
26 18 30.568141198804454
26 19 46.39229246953134
26 20 10.842538051194293
26 21 37.92154830921202
26 22 22.141537251869867
26 23 41.896299259177
26 24 5.334417477138434
26 25 22.796627935104958
26 26 43.43149347890246
26 27 30.20974976543551
26 28 35.24665963474449
26 29 42.863257976454264
26 30 18.19755251209177
26 31 4.887324806808532
26 32 44.52482817104052
26 33 39.8071677915422
26 34 21.5676743429763
26 35 36.309895205275225
26 36 47.47675794953362
26 37 38.575277307976066
26 38 37.01395734197849
26 39 14.603596785673249
26 40 31.3134132789389
26 41 42.82493301295141
26 42 23.020047796813454
26 43 7.627089737252936
26 44 28.002320040393315
26 45 50.47244175643512
26 46 12.184761115475087
26 47 35.329723756778804
26 48 9.076143677683767
26 49 17.59519802364331
26 50 36.3059538866938
26 51 39.51225137712963
26 52 15.082907759626105
26 53 35.61722105752046
26 54 37.331116195425125
26 55 28.341924364795307
26 56 38.829043396427224
26 57 32.29339991247383
26 58 38.164951681819545
26 59 25.94208589594774
26 60 49.75280935349008
26 61 24.626835390360803
26 62 33.416554258328766
26 63 9.536660365821593
26 64 39.50005170674359
26 65 37.279973161492535
26 66 27.857206704987114
26 67 17.354356031451058
26 68 23.009940708220146
26 69 40.69581426695378
26 70 37.2071788351778
26 71 35.26715187241769
26 72 40.75057329039639
26 73 10.589984037712671
26 74 31.362014079414717
26 75 25.714478878703556
26 76 19.52430592117946
26 77 16.214819669763862
26 78 29.56224688217337
26 79 32.259937941951044
26 80 37.35368838793431
27 1 29.633194136943956
27 2 17.409016144984697
27 3 8.815995363172313
27 4 14.287803164605343
27 5 20.38256105190792
27 6 15.322953070780166
27 7 5.772411661431979
27 8 30.987705070523493
27 9 27.78024640673521
27 10 32.36162703375689
27 11 38.57724151147563
27 12 26.948176064300956
27 13 19.305436516773185
27 14 30.30447656360663
27 15 37.79197374868028
27 16 18.263994551390223
27 17 18.60681021772395
27 18 28.659737816578513
27 19 18.34291360096928
27 20 25.97801863125484
27 21 3.0133868027037134
27 22 18.722169608171424
27 23 28.429429558345294
27 24 42.11492911211315
27 25 17.239061762191014
27 26 19.55867225787236
27 27 8.843793999090273
27 28 17.722807335402184
27 29 20.1599442630215
27 30 19.154418942228226
27 31 37.65050600661708
27 32 16.274216228382944
27 33 11.973262471723599
27 34 29.575158525178075
27 35 20.237927467964695
27 36 14.722538760150956
27 37 15.83122137001042
27 38 12.745498616990943
27 39 27.720324443853794
27 40 6.316593762092546
27 41 35.660546560998995
27 42 21.373309037649037
27 43 44.340581382362544
27 44 28.183251469110754
27 45 15.51614594790663
27 46 27.8653414973348
27 47 1.559399006757738
27 48 28.56965973276403
27 49 33.41051326940832
27 50 2.9765988566334305
27 51 2.909592726588983
27 52 30.299591058012286
27 53 14.661844826889556
27 54 12.388519688917507
27 55 28.679333756793852
27 56 22.710487824113322
27 57 21.906645466514693
27 58 5.057158832881291
27 59 11.319076630780424
27 60 13.247448912228755
27 61 20.01470247233994
27 62 24.399849556394233
27 63 27.30664182607145
27 64 13.859889193123259
27 65 5.405745524535558
27 66 24.173421456897767
27 67 32.06373237289613
27 68 13.783117977662378
27 69 18.013595773382747
27 70 10.158697551383797
27 71 15.117619966272938
27 72 4.081624428287296
27 73 31.24795237624744
27 74 24.712903968187007
27 75 11.835512427861802
27 76 27.657709163945114
27 77 20.5794138357122
27 78 17.33855656909967
27 79 19.856449877656654
27 80 7.737594530221902
28 1 7.939280189167534
28 2 38.52066443929183
28 3 22.34056619891465
28 4 39.622052182974656
28 5 41.45446673857938
28 6 36.38483167124919
28 7 29.655844781660168
28 8 16.8189843711382
28 9 39.25292445135252
28 10 36.722050346707505
28 11 24.126774948705457
28 12 44.80279097319055
28 13 44.38609713941122
28 14 14.162948741605538
28 15 22.63236702555552
28 16 40.778728443689296
28 17 30.796790662608785
28 18 7.133150743543972
28 19 42.61321183188198
28 20 17.164396934840102
28 21 28.356238484087715
28 22 25.643461429868903
28 23 18.060852197610554
28 24 27.72262309596917
28 25 24.769859742583236
28 26 21.851744536329647
28 27 25.276990620577738
28 28 13.844559389438174
28 29 42.15125262892266
28 30 13.4026563115751
28 31 27.822054459525663
28 32 24.59551903178896
28 33 21.336508978766673
28 34 4.397766366358666
28 35 38.395940460792346
28 36 40.26588413561804
28 37 37.04493450251238
28 38 34.106305845988686
28 39 9.30056325424261
28 40 19.599801668089796
28 41 51.372141488469424
28 42 29.093299149505082
28 43 29.10412554847323
28 44 4.757741794877289
28 45 41.15283491199219
28 46 24.854173680571453
28 47 24.962911261760258
28 48 21.80876147837362
28 49 33.972032228187835
28 50 27.2518876809196
28 51 28.47763029058332
28 52 9.317058799370907
28 53 34.39789505136635
28 54 18.588597115712023
28 55 5.269767866025268
28 56 41.46873194199332
28 57 9.22227480077863
28 58 23.73395733401422
28 59 21.145462354754212
28 60 35.14275588840859
28 61 5.718234037024302
28 62 9.711340862364622
28 63 19.05540596279591
28 64 36.34089349130216
28 65 29.547874854746542
28 66 4.19495417910489
28 67 8.774729984034185
28 68 17.536320112483306
28 69 19.37760382925612
28 70 19.737496980189924
28 71 15.186150672596826
28 72 29.446333456192082
28 73 26.975307278810252
28 74 7.5738722343959815
28 75 15.536408275862868
28 76 4.551121536103126
28 77 16.46702173484661
28 78 9.470077174536783
28 79 10.044030328159328
28 80 21.309680535669255
29 1 43.45744146431111
29 2 7.603200661400257
29 3 22.273170966240563
29 4 3.1978098823241674
29 5 9.205363947978475
29 6 20.164635107953764
29 7 9.062678278631688
29 8 45.112598249570645
29 9 23.183879708368544
29 10 31.36809796821923
29 11 45.98373578113758
29 12 17.19732291938134
29 13 14.52353261015388
29 14 44.44623170965674
29 15 45.61740093524205
29 16 5.959305648048894
29 17 17.834739336798624
29 18 42.46034672861164
29 19 4.20105167611466
29 20 33.91696644760251
29 21 11.1316886041514
29 22 21.91272097852247
29 23 42.44809999902402
29 24 49.01695867486788
29 25 21.058454029204285
29 26 32.825867341136565
29 27 14.396927696141958
29 28 31.864753547877818
29 29 7.928441532160744
29 30 28.98136700000478
29 31 43.12964975677665
29 32 28.74726710089417
29 33 25.43916969932291
29 34 42.0965232964495
29 35 12.578583237267463
29 36 4.686997333883442
29 37 7.015225594264475
29 38 6.987052177174004
29 39 38.53826199255636
29 40 19.299794982941236
29 41 26.041695687770588
29 42 22.389218702013064
29 43 51.368296505203695
29 44 41.724613006302796
29 45 9.260074204594893
29 46 32.476948515756725
29 47 14.250882620466173
29 48 34.768291529956
29 49 34.435871182047464
29 50 11.736433456500192
29 51 12.379682797741117
29 52 41.40835671379924
29 53 9.087835221742163
29 54 26.35240760117863
29 55 42.24835600756894
29 56 13.322521469665812
29 57 35.95004635912723
29 58 18.60722445330166
29 59 19.128639963818134
29 60 18.22729754425758
29 61 32.983103888398325
29 62 38.47692658101759
29 63 34.56448907827193
29 64 4.813943170309151
29 65 9.231368226728643
29 66 37.76456212554431
29 67 43.70020371423193
29 68 22.996091148432907
29 69 31.6949580995734
29 70 24.101001958865652
29 71 29.2532777222318
29 72 12.23564973943543
29 73 35.4669000523631
29 74 38.65837423621224
29 75 23.33768948187194
29 76 39.76459830390029
29 77 28.851883188626598
29 78 31.13557849768707
29 79 33.91296451036689
29 80 21.615748399614983
30 1 38.49595815017936
30 2 6.493000198768906
30 3 19.737849393775125
30 4 9.113691103467323
30 5 9.50690722497945
30 6 22.021233986808472
30 7 5.192164531655838
30 8 41.26246014729398
30 9 19.077372861707804
30 10 26.08335265518343
30 11 39.40296834149441
30 12 16.17798678332207
30 13 19.61002158859492
30 14 40.26824570922184
30 15 39.03052749771263
30 16 7.850683311426043
30 17 11.97335105781807
30 18 37.47981587942251
30 19 9.803923674670962
30 20 27.34111511493587
30 21 8.322302078951466
30 22 15.457612086543698
30 23 38.99356774053028
30 24 42.45928688760067
30 25 14.527510569316785
30 26 30.484065710905334
30 27 8.077571083371158
30 28 27.997791312844733
30 29 9.532196763720096
30 30 22.626135515374386
30 31 36.65983571636997
30 32 27.067271443854562
30 33 22.89850902401953
30 34 36.25657733885749
30 35 9.756286157890113
30 36 10.475811101548276
30 37 4.90676936912445
30 38 1.9097877817139735
30 39 32.23839201435719
30 40 14.45785047580225
30 41 25.043885470885613
30 42 16.30505328704647
30 43 44.80826526342735
30 44 36.48957057808012
30 45 14.311108900852776
30 46 26.024783791706056
30 47 10.337986641682663
30 48 28.20856728963845
30 49 28.64247695711677
30 50 7.968008036151483
30 51 10.529833253494598
30 52 35.14408244247302
30 53 4.338599446975862
30 54 23.157446779069954
30 55 37.031606868730336
30 56 11.913462462891056
30 57 31.445503686284265
30 58 15.964686625934476
30 59 12.768494929879948
30 60 19.85655964274794
30 61 27.493016778789364
30 62 34.02785275261769
30 63 27.977466420963097
30 64 3.293428057101007
30 65 5.602108842520752
30 66 32.624273575290616
30 67 37.54589721443616
30 68 16.687911286083633
30 69 28.886713127033747
30 70 20.9740377704763
30 71 25.49487585285727
30 72 11.06577995501921
30 73 29.088808979261714
30 74 33.9257959261054
30 75 17.561817946756054
30 76 33.79213191731642
30 77 22.31962566128059
30 78 26.327584131922094
30 79 29.47200420205986
30 80 18.618945193371726
31 1 37.08355472024809
31 2 15.332581876221985
31 3 14.071450478409433
31 4 7.724372909107662
31 5 17.72221643427265
31 6 11.878684647688456
31 7 6.932359541289353
31 8 37.37083547919997
31 9 29.257018664444356
31 10 35.80067985913265
31 11 45.54653128673552
31 12 25.443412410614684
31 13 11.707447730336682
31 14 37.0453576341381
31 15 44.88228800027065
31 16 14.75400240117912
31 17 21.52046326331137
31 18 36.13783957617247
31 19 12.94160053318949
31 20 32.960273918892966
31 21 5.782239988972401
31 22 23.558719108086258
31 23 34.39909710830625
31 24 48.95460089431612
31 25 22.26695275392015
31 26 24.186673407560455
31 27 13.712748222158751
31 28 24.430624231518706
31 29 16.785888525119542
31 30 26.583462631900943
31 31 43.956255292587336
31 32 19.872498482859015
31 33 17.095737226590018
31 34 37.45712410531345
31 35 19.642572575905206
31 36 7.609227247635062
31 37 14.08556194210584
31 38 11.94859292781898
31 39 35.467520779925046
31 40 14.188999867100785
31 41 34.40968075064838
31 42 25.35207229941892
31 43 51.23724540419975
31 44 35.837169066077394
31 45 7.626721703182733
31 46 33.66916549487989
31 47 8.91916258401709
31 48 34.99796892351863
31 49 37.814900338283024
31 50 7.352028462727761
31 51 5.070106935216315
31 52 38.103918872757774
31 53 14.496372463369312
31 54 18.487771140516777
31 55 36.316158546169426
31 56 21.272392932389558
31 57 29.12787160998282
31 58 10.790957007754422
31 59 17.680735900004464
31 60 9.747295415788464
31 61 27.87559656424166
31 62 31.51370682868299
31 63 34.085745991127496
31 64 11.51680016208849
31 65 6.61686139612537
31 66 31.82593631760676
31 67 39.93074408630363
31 68 20.861199050391292
31 69 23.3560952030255
31 70 16.290909872217707
31 71 21.804515732962724
31 72 4.205679194647867
31 73 36.96943117624945
31 74 32.0660576906093
31 75 19.5426619415132
31 76 35.54510380323856
31 77 27.55859422168747
31 78 24.922212481383493
31 79 27.07511130721869
31 80 13.851966862546956
32 1 32.59331033696808
32 2 40.39626553821796
32 3 40.631939980228175
32 4 47.461942914693644
32 5 42.22734525380182
32 6 53.15713378564456
32 7 38.41683125085859
32 8 42.14636952533302
32 9 30.937704877744316
32 10 22.64965322718335
32 11 2.3625437962562956
32 12 40.81601693785097
32 13 56.61109559471972
32 14 39.40978104544005
32 15 3.708577523786115
32 16 43.547029372896766
32 17 28.390134849587024
32 18 32.06222475248333
32 19 47.48500587068533
32 20 12.34666457350171
32 21 39.32008936063969
32 22 23.214536239400136
32 23 43.45630701338817
32 24 4.027236333050079
32 25 23.939853447338074
32 26 45.04712731623039
32 27 31.522709288491384
32 28 36.86135271029888
32 29 43.82391667917583
32 30 19.75434930574769
32 31 4.237229859712167
32 32 46.131973577152245
32 33 41.40390779921717
32 34 23.017379574751075
32 35 37.17959790107396
32 36 48.72042599000682
32 37 39.62329019333249
32 38 38.149049464955624
32 39 16.16530893587184
32 40 32.82629280293901
32 41 43.16457093150728
32 42 23.892783347683856
32 43 6.380127488961312
32 44 29.496910303684416
32 45 51.78641559885907
32 46 13.013925399194196
32 47 36.77384533743732
32 48 10.223792636803438
32 49 17.630649055259326
32 50 37.70044223745483
32 51 40.94683386406314
32 52 16.53937487544355
32 53 36.68381860764717
32 54 38.93475129535629
32 55 29.82672569746063
32 56 39.63302349331524
32 57 33.886252952415695
32 58 39.696789207792236
32 59 27.320749323311027
32 60 51.24721686370404
32 61 26.238316696743937
32 62 34.986732223905626
32 63 10.947544782842678
32 64 40.62103111825283
32 65 38.61920263079526
32 66 29.422779958098843
32 67 18.71208699657152
32 68 24.46998702974173
32 69 42.31145987987593
32 70 38.79640923201662
32 71 36.88159302644773
32 72 42.18594584975504
32 73 11.053904341211258
32 74 32.923829282724306
32 75 27.25061072523615
32 76 21.039001415773935
32 77 17.683445382721384
32 78 31.17751228034394
32 79 33.866518159435635
32 80 38.92054237243765
33 1 18.402948470206788
33 2 30.099270413185703
33 3 5.6754943901497725
33 4 26.833007737244902
33 5 33.137937843642035
33 6 19.284313686872554
33 7 18.67088721344826
33 8 18.049813246898022
33 9 37.73872689054631
33 10 39.67230032171933
33 11 37.473480593991845
33 12 39.07566085411235
33 13 28.57574903116334
33 14 17.62108060648383
33 15 36.26861619269016
33 16 31.220532764053115
33 17 28.051088372401118
33 18 17.56254253608903
33 19 31.285562169199803
33 20 26.169383191648716
33 21 16.00520471718833
33 22 25.58000166926912
33 23 15.419437247988474
33 24 41.25041820500637
33 25 24.093091686877248
33 26 8.261513085714775
33 27 18.556924122168535
33 28 5.046236845721036
33 29 33.07124545631331
33 30 18.72276673872116
33 31 38.79655273006623
33 32 8.183098589913003
33 33 4.020622750484295
33 34 21.708710439621477
33 35 32.20277339169
33 36 26.97690035134582
33 37 28.49595639843377
33 38 25.321181428411094
33 39 23.37786079139141
33 40 10.232825882472172
33 41 47.40081529813988
33 42 29.088280734694482
33 43 43.14017114442927
33 44 17.93364579053743
33 45 26.43309721326595
33 46 31.30160734523572
33 47 13.310429909379707
33 48 30.257960185053506
33 49 39.11365808441099
33 50 15.780985220968786
33 51 14.83119131331706
33 52 25.039402852576035
33 53 26.835991944987125
33 54 1.2796096087477848
33 55 18.307771186485635
33 56 34.958974493291024
33 57 10.223668525235361
33 58 8.651861748029244
33 59 17.48635170759542
33 60 18.286504630964387
33 61 12.850244952586587
33 62 12.349798058442774
33 63 28.042840326747314
33 64 26.741052802485545
33 65 18.3463200505046
33 66 14.186834594010572
33 67 25.638027512698375
33 68 16.788599132477188
33 69 5.83086345372778
33 70 3.149234771379019
33 71 2.4999832477617305
33 72 15.310603039162226
33 73 34.49184122493929
33 74 13.318728349404415
33 75 12.602969396536395
33 76 20.92982313159941
33 77 21.808540821963568
33 78 7.919071639048012
33 79 8.29235358523051
33 80 5.578259050619257
34 1 41.052276934549376
34 2 6.305688708804884
34 3 26.01140397893797
34 4 15.878332910138065
34 5 8.105207799630106
34 6 30.00346738661639
34 7 12.408066982323392
34 8 45.424858346873044
34 9 11.058043043374383
34 10 18.621087065233205
34 11 35.55247958609792
34 12 10.503633593568322
34 13 27.051799766716062
34 14 44.01617718797113
34 15 35.47831370882182
34 16 9.493153529810753
34 17 5.813423457102516
34 18 40.031323071615404
34 19 13.88586970877963
34 20 24.682379042619306
34 21 15.491068769464214
34 22 11.317714134990617
34 23 43.68553660524056
34 24 38.1664981413748
34 25 11.170001006981796
34 26 36.481176900127856
34 27 10.432881134812128
34 28 32.55237292471798
34 29 9.629181832374806
34 30 22.109459884157484
34 31 31.73753963907904
34 32 33.65371033739672
34 33 29.007232072388316
34 34 36.94488476050119
34 35 3.8571573459052257
34 36 17.36542765343242
34 37 5.946887369818836
34 38 6.380387529134113
34 39 31.473335992282752
34 40 18.74644054521282
34 41 18.530851163810887
34 42 10.42676121067073
34 43 40.51610684060381
34 44 38.58705836795412
34 45 21.70940144194456
34 46 21.222622946067386
34 47 16.385650784053205
34 48 24.238182193627175
34 49 21.832456456524277
34 50 14.585609273273903
34 51 17.894462801204423
34 52 34.433759088944015
34 53 3.8317180949110754
34 54 28.675769422254916
34 55 39.14864052430651
34 56 6.929982925329327
34 57 34.99080282244353
34 58 22.406185672372324
34 59 13.502497047317108
34 60 27.827317906846456
34 61 29.422285784030823
34 62 37.56292906663136
34 63 24.758181698140625
34 64 7.952340886369052
34 65 12.850812578877822
34 66 35.043364866696756
34 67 37.19654851406829
34 68 17.010639139289754
34 69 34.528515811682084
34 70 26.67769052178841
34 71 30.29510708808969
34 72 18.648182645476723
34 73 23.82947310329626
34 74 37.019936039151574
34 75 19.59614143295087
34 76 34.176960989664344
34 77 20.581114216351466
34 78 29.62961454248881
34 79 33.19310242178284
34 80 24.588151977341216
35 1 48.88823924227386
35 2 22.694437001403028
35 3 41.06073698012661
35 4 33.306743916368845
35 5 22.503627606566173
35 6 47.43339216945437
35 7 29.471250416866386
35 8 55.81811609584961
35 9 6.979956157355109
35 10 5.510644825382685
35 11 30.302249287652977
35 12 16.751727209102032
35 13 44.609491541437265
35 14 53.762479051434376
35 15 31.02591870132701
35 16 25.41816118921359
35 17 14.91925844317444
35 18 47.95903228256046
35 19 30.14340589801624
35 20 25.214985375721376
35 21 32.27683730271609
35 22 16.843777143588326
35 23 55.11964393547486
35 24 31.28959686200277
35 25 18.257639085505765
35 26 50.488483189536524
35 27 24.849240225165104
35 28 44.6001724312166
35 29 24.42455120077553
35 30 27.91263927151366
35 31 24.226265717882033
35 32 48.70888243147864
35 33 43.62504280728452
35 34 41.735176840001955
35 35 17.700183348487766
35 36 34.798472048246836
35 37 23.097857959737695
35 38 24.102341600830055
35 39 34.2867811678859
35 40 32.35470065404713
35 41 15.569006628711657
35 42 13.224681165602986
35 43 33.31047357041672
35 44 45.837996461000195
35 45 39.28970175536821
35 46 17.67438114900943
35 47 32.14152377886118
35 48 21.683894407649344
35 49 10.566248130824714
35 50 31.029485416504304
35 51 34.70651986484753
35 52 36.79469215928934
35 53 21.54854720327093
35 54 42.49659891017796
35 55 46.37290330914691
35 56 18.221662951445367
35 57 45.17299781512104
35 58 37.93560966001327
35 59 24.790366702252495
35 60 45.238747833751226
35 61 37.664488606052274
35 62 47.46983226241272
35 63 23.931980198076523
35 64 25.47706241757964
35 65 29.89654528440351
35 66 43.295570261783865
35 67 39.85873845677081
35 68 26.13481057501411
35 69 48.09527160802593
35 70 40.926123805622176
35 71 42.93341922523869
35 72 35.64861392856511
35 73 17.65530803074295
35 74 46.221862893072085
35 75 30.215148592167345
35 76 38.79632669243044
35 77 24.668759927077982
35 78 40.07120409457972
35 79 43.85786533138426
35 80 39.364797790609494
36 1 46.072924695430096
36 2 4.933931570380939
36 3 25.8442526822089
36 4 6.732703953335307
36 5 5.48934801142618
36 6 24.197179328548867
36 7 11.834171662591372
36 8 48.32160088421769
36 9 20.522535101791327
36 10 29.354428615800575
36 11 45.99100142661255
36 12 13.448996454008332
36 13 17.72007259306244
36 14 47.504249753624656
36 15 45.762187776753954
36 16 2.1836539237957138
36 17 16.74638622175387
36 18 45.06200692373268
36 19 2.791167504332948
36 20 34.3618986844656
36 21 14.405788359853869
36 22 21.600225199326122
36 23 45.81080610525204
36 24 48.820374857153105
36 25 21.002958282360396
36 26 36.50760854421834
36 27 15.75330868145073
36 28 35.030513818417575
36 29 3.954864400297839
36 30 30.17664846072423
36 31 42.60676679157034
36 32 32.56335690704371
36 33 29.03219576383247
36 34 43.985012294457576
36 35 9.812016386434943
36 36 8.060878988168344
36 37 5.233762335149143
36 38 7.052162460019501
36 39 39.808125064315085
36 40 21.90634614918839
36 41 22.162902685342498
36 42 21.403178290938243
36 43 51.17743645977865
36 44 44.14741850328871
36 45 12.701412970725883
36 46 31.98770518034104
36 47 17.228075113799086
36 48 34.66462232358716
36 49 32.872446979431565
36 50 14.69530441996083
36 51 15.973999848437895
36 52 42.735100114866945
36 53 8.125875572600295
36 54 29.74837517927396
36 55 44.68520272429094
36 56 9.861325904139472
36 57 38.822987120050065
36 58 22.109043065934067
36 59 20.373596563092644
36 60 22.278807712284394
36 61 35.19704418827487
36 62 41.385554353582464
36 63 34.78305222713724
36 64 4.574220824328576
36 65 12.109392230079678
36 66 40.25094484634534
36 67 45.19716196855307
36 68 24.304625448193253
36 69 35.242523958566096
36 70 27.504776390739654
36 71 32.453273289020146
36 72 15.982638626717064
36 73 34.76611359786877
36 74 41.40874593970476
36 75 25.290633455441945
36 76 41.50454702302288
36 77 29.580395994382997
36 78 33.82299195622109
36 79 36.814066619545414
36 80 25.041566045684327
37 1 7.3868467634101
37 2 42.92716820467753
37 3 26.724867804487555
37 4 44.263340287501954
37 5 45.82640954799129
37 6 40.72014804432361
37 7 34.27793734067872
37 8 17.21934722882614
37 9 42.76979496129743
37 10 39.414763941278196
37 11 23.799087918428608
37 12 48.85986529412348
37 13 48.972113632155065
37 14 14.412148042709585
37 15 22.23197856251936
37 16 45.257855061177985
37 17 34.698983318264496
37 18 7.116335561475068
37 19 47.19420706870691
37 20 19.28272475080945
37 21 33.00665644035741
37 22 29.316160490730812
37 23 19.36175245919199
37 24 27.12743228245371
37 25 28.576603945922034
37 26 25.119672118996128
37 27 29.73275535910332
37 28 17.549109012853414
37 29 46.58394309461582
37 30 17.02337805823203
37 31 28.40945381834151
37 32 28.339211308699202
37 33 25.492242635395268
37 34 2.538782005404706
37 35 42.58503605205022
37 36 44.91453939032263
37 37 41.475424729989854
37 38 38.58259367189538
37 39 10.347475512574288
37 40 24.248064670769192
37 41 55.11196119894311
37 42 32.6217526730906
37 43 28.178733065524753
37 44 4.790592800609136
37 45 45.79185421034703
37 46 27.146885861314807
37 47 29.61325312946575
37 48 23.693333757122293
37 49 36.21241738985213
37 50 31.89502227975241
37 51 33.12059799851351
37 52 8.955105413597652
37 53 38.77430112869529
37 54 22.779626422398984
37 55 4.879544128405986
37 56 45.65635762211295
37 57 12.349196638196934
37 58 28.290672551254236
37 59 25.469316864631274
37 60 39.5547129828065
37 61 10.365620474382004
37 62 11.920200894754297
37 63 20.987921978012682
37 64 40.853571663749904
37 65 34.176583337135
37 66 7.423458257367055
37 67 6.936710542998846
37 68 21.7382132414285
37 69 22.843328686175504
37 70 24.091263189137447
37 71 19.228699799140564
37 72 34.080907164549096
37 73 28.83527550428146
37 74 9.810875594225958
37 75 20.0554367327253
37 76 5.339681009736515
37 77 19.714493897720224
37 78 13.841568283506817
37 79 13.669500276257631
37 80 25.784270630724727
38 1 29.368232503423048
38 2 16.53210422434421
38 3 19.069021067168656
38 4 21.28599563633065
38 5 19.25054554579528
38 6 28.383827255257305
38 7 12.058528088789643
38 8 34.582412205712934
38 9 18.189504368129487
38 10 20.092606776029303
38 11 27.136259438568345
38 12 22.179648723482735
38 13 30.281869617309248
38 14 32.89663217720115
38 15 26.648939492084207
38 16 19.252475838231543
38 17 8.682499983367851
38 18 28.35465909115032
38 19 22.259363233987383
38 20 14.828217016260586
38 21 13.342510165449925
38 22 5.931115518956595
38 23 33.34633715631564
38 24 30.38154690516452
38 25 4.392397733131444
38 26 28.101844814884164
38 27 5.147352207588429
38 28 22.47126542976889
38 29 20.255600156894335
38 30 10.444992712763558
38 31 25.160123090167264
38 32 26.55150305179718
38 33 21.392556880126058
38 34 25.06844633014692
38 35 15.765068792656258
38 36 22.466720446744784
38 37 15.246251391395033
38 38 12.832955347081862
38 39 20.037767325149087
38 40 10.105893600359625
38 41 29.24520916298749
38 42 9.239244149383623
38 43 32.70230371692108
38 44 26.786333484801624
38 45 25.40601881905284
38 46 14.943527432698206
38 47 11.525308062804559
38 48 16.254558769998784
38 49 20.487965003937745
38 50 11.722712932063855
38 51 15.338065524733802
38 52 22.99114271416942
38 53 12.326745676636955
38 54 20.120225797259376
38 55 27.349116130324397
38 56 18.837483063660194
38 57 23.92211440774884
38 58 16.42328954600697
38 59 2.3997679486473524
38 60 26.27446462559752
38 61 17.66518966234083
38 62 26.422794962018177
38 63 15.62401012116326
38 64 15.34013368147673
38 65 12.284576902194791
38 66 23.37316109736191
38 67 25.60400150503811
38 68 5.114514548672033
38 69 25.708124696060587
38 70 18.634224004064787
38 71 20.631575854789823
38 72 16.548125080000705
38 73 18.294373581575595
38 74 25.625270189262405
38 75 8.308461147585648
38 76 22.34109941332548
38 77 9.752684305785998
38 78 18.57268625858525
38 79 22.312305970407813
38 80 17.294191535733532
39 1 35.114642809878305
39 2 25.72625828051884
39 3 11.481972996565567
39 4 17.019205105209497
39 5 28.07778006850973
39 6 2.6759687607395786
39 7 15.973539331339005
39 8 32.69374749814599
39 9 39.169708062531164
39 10 44.83489139172618
39 11 50.62510832603112
39 12 35.83700033838586
39 13 12.980049451995871
39 14 33.127602538316445
39 15 49.69903670784621
39 16 25.025638666673938
39 17 30.714941610845013
39 18 34.31895374843335
39 19 22.56730880859743
39 20 38.169184881318955
39 21 13.25202843218766
39 22 31.506825453474406
39 23 29.14480734320885
39 24 54.27152090796364
39 25 30.045093556082335
39 26 17.88279785436137
39 27 21.483069369769208
39 28 21.535840855881077
39 29 27.044142772475134
39 30 30.90772576202671
39 31 50.22849795413723
39 32 12.987506731980467
39 33 13.049603531363058
39 34 38.146432030226805
39 35 29.953053462416108
39 36 16.245548492136493
39 37 24.46160170291394
39 38 22.155004457756235
39 39 38.28694288034892
39 40 17.69041858916539
39 41 44.80272407064076
39 42 33.96167269726189
39 43 56.42117996656226
39 44 34.76701370152882
39 45 13.177011468883668
39 46 40.6612838592738
39 47 14.404681439509611
39 48 41.144476571726194
39 49 46.17574462328187
39 50 14.668209748132385
39 51 10.883038121174783
39 52 40.476349927948284
39 53 24.643292418767857
39 54 15.57238047786487
39 55 35.14061132822458
39 56 31.663318365368838
39 57 26.966490698613004
39 58 10.950272780490405
39 59 24.117699070167923
39 60 1.6503907636860389
39 61 28.71405626957783
39 62 28.861166085222823
39 63 39.6634406623492
39 64 21.90453090298897
39 65 15.546230067300742
39 66 30.982754299421373
39 67 41.62191630389401
39 68 26.172979194690964
39 69 18.196017577112443
39 70 14.103116582095367
39 71 19.27433297248212
39 72 9.83368213051356
39 73 44.048830434336665
39 74 30.069660481661426
39 75 23.33598788766305
39 76 36.93194052423704
39 77 32.87431198173536
39 78 24.37100473361364
39 79 25.10230364933865
39 80 12.638728290852452
40 1 18.918380125134487
40 2 27.13276908937895
40 3 18.063823108650464
40 4 29.772990091527806
40 5 29.979708668965337
40 6 31.123068705298806
40 7 19.664735834896945
40 8 25.508885645133102
40 9 27.7565624093913
40 10 26.536959086007283
40 11 22.391195865466283
40 12 33.01820372868909
40 13 36.55393981624438
40 14 23.411137470816485
40 15 21.354396570983482
40 16 29.60813754210096
40 17 19.031437482578024
40 18 17.934068805485502
40 19 31.966480384015156
40 20 10.573953793635756
40 21 19.247607951262736
40 22 14.097984886044445
40 23 25.13686789307924
40 24 26.122586390994663
40 25 13.09204791349827
40 26 23.313452524172916
40 27 14.14302282866601
40 28 15.688626840311173
40 29 30.824553497329976
40 30 3.16938752086777
40 31 23.204460142247925
40 32 23.724230842989765
40 33 18.85445607980644
40 34 14.23490160976094
40 35 26.67163215539793
40 36 30.66217031105289
40 37 25.7281727690226
40 38 22.961708045050024
40 39 10.51781895255726
40 40 11.084891812609497
40 41 39.6569394320824
40 42 17.680104211778126
40 43 28.16927650511613
40 44 16.12074085770515
40 45 32.47182490653917
40 46 16.24008807867768
40 47 16.054092842000614
40 48 14.715540495716956
40 49 24.81752251668465
40 50 17.820886965145615
40 51 20.166706743240585
40 52 13.242805488811433
40 53 22.947931231361952
40 54 16.484603196572532
40 55 16.681372181701025
40 56 29.743918547057536
40 57 14.97135123693023
40 58 17.49920085749791
40 59 9.64002675979523
40 60 29.37614721673586
40 61 7.34387480563547
40 62 17.159147787815307
40 63 12.440062683693876
40 64 25.337253057207516
40 65 19.672624025856898
40 66 13.072467019178807
40 67 15.40784759489694
40 68 5.824891208924341
40 69 20.58297358957269
40 70 16.207929249820303
40 71 14.971570608278236
40 72 21.340689450670844
40 73 19.221415921320133
40 74 15.872606282999696
40 75 5.42966857364958
40 76 11.626847564088658
40 77 6.552652064926283
40 78 10.289106195956693
40 79 13.921929346283068
40 80 16.387857483911418
