DATASET: Gunluk and Lee 2009
FACILITIES: 10
CUSTOMERS: 20
FIXED_COSTS:
1 56.0
2 12.0
3 79.0
4 10.0
5 4.0
6 95.0
7 40.0
8 74.0
9 23.0
10 90.0
CAPACITIES:
1 1125
2 1125
3 1125
4 1125
5 1125
6 1125
7 1125
8 1125
9 1125
10 1125
DEMANDS:
1 91
2 94
3 57
4 38
5 68
6 87
7 44
8 44
9 8
10 83
11 68
12 61
13 4
14 56
15 100
16 45
17 4
18 59
19 88
20 26
ASSIGNMENT_COSTS:
1 1 37.204366583225095
1 2 14.622418769282532
1 3 10.005251917459477
1 4 30.652921914528577
1 5 17.727421086002387
1 6 35.06468753939657
1 7 19.02626230018874
1 8 6.3679446978808025
1 9 12.394044817095063
1 10 11.42851080751764
1 11 17.582146355266392
1 12 9.938531842339708
1 13 13.016592968336868
1 14 34.38837628110604
1 15 33.883671400406925
1 16 36.406965817910184
1 17 29.095037198466922
1 18 14.954170655791183
1 19 15.38392583855391
1 20 28.993539095667675
2 1 42.50181066597532
2 2 21.530658521065902
2 3 14.77461759933265
2 4 37.42421859356649
2 5 24.7183001221969
2 6 42.140747497607194
2 7 26.156767746589836
2 8 9.17442236299841
2 9 8.711181965657538
2 10 14.637192345563758
2 11 19.285245544647132
2 12 15.20141401215899
2 13 19.37439467531677
2 14 41.27643417581161
2 15 40.843810781196886
2 16 43.51193971312261
2 17 35.26226059033102
2 18 15.262244986598915
2 19 12.220588588680952
2 20 30.29100425974786
3 1 34.11093181284343
3 2 8.093402331275591
3 3 7.706446994943142
3 4 25.3304874283299
3 5 12.144965420487729
3 6 28.983260492521985
3 7 12.488053046568751
3 8 8.600977660564386
3 9 17.059263076879247
3 10 10.71532946910607
3 11 19.731308287015697
3 12 9.531741463826446
3 13 9.613013608448219
3 14 27.81794650447555
3 15 27.287348350916336
3 16 30.227396764930088
3 17 24.91467753705234
3 18 16.30298858314424
3 19 19.326498347805295
3 20 30.635465129508727
4 1 7.430483172184477
4 2 32.656726350692274
4 3 41.66335134657205
4 4 12.146068089609637
4 5 23.49162253478965
4 6 17.169689410600462
4 7 27.541391304110302
4 8 43.577069234805336
4 9 51.52254509932155
4 10 45.03212300359935
4 11 31.694482639758746
4 12 30.091879502143748
4 13 26.216367269084788
4 14 32.640246931634415
4 15 31.05374187231457
4 16 18.473286388541606
4 17 10.159167382401284
4 18 51.09654496028
4 19 54.183982350605305
4 20 30.988089615759147
5 1 13.785679203468723
5 2 23.70648721216428
5 3 29.605232290904087
5 4 16.468334675359138
5 5 14.988572196144299
5 6 24.36468916251332
5 7 21.28845711661947
5 8 29.525909069622962
5 9 36.22254632432963
5 10 32.66358421318322
5 11 13.678916999821142
5 12 14.017739274469406
5 13 12.424814800453463
5 14 34.58026532382553
5 15 33.2092080728829
5 16 26.197144795734996
5 17 10.207039898297692
5 18 37.97649636079265
5 19 39.3224070318123
5 20 15.969779610380805
6 1 14.388937324555354
6 2 19.24044278249414
6 3 27.83224044544071
6 4 6.68007932011151
6 5 9.778832339826883
6 6 14.330647164832516
6 7 14.797386992084336
6 8 29.723453538253786
6 9 37.806044414033835
6 10 31.190945037318485
6 11 21.96453451103271
6 12 17.196996263175464
6 13 12.689513072501915
6 14 25.21365912391965
6 15 23.751998888490196
6 16 16.15814041751881
6 17 3.934783743628186
6 18 37.22296751356352
6 19 40.37449259749757
6 20 26.072782894958944
7 1 53.61663180283397
7 2 27.2606021925337
7 3 17.491158649121118
7 4 46.56721395869898
7 5 33.39311652805178
7 6 49.98380492060803
7 7 32.87928861614354
7 8 12.879899473400117
7 9 4.202374145460335
7 10 15.016418663243833
7 11 31.135687653347567
7 12 26.18746803346041
7 13 29.462074088983197
7 14 45.59552937424928
7 15 45.560920062085486
7 16 51.09469649953924
7 17 45.52546270964368
7 18 10.660219881276237
7 19 3.386140613172861
7 20 42.00395920026689
8 1 56.86886735114665
8 2 29.18486186710795
8 3 19.123654312253468
8 4 49.17495146111875
8 5 35.99127671967607
8 6 52.16027505982639
8 7 34.93708221850938
8 8 15.288017407724913
8 9 7.302336210573928
8 10 16.229655933069516
8 11 34.8412168547122
8 12 29.516076842239336
8 13 32.50576611611237
8 14 46.73296550638164
8 15 46.82104812136924
8 16 53.18147664895396
8 17 48.49951681209006
8 18 10.782834366447268
8 19 4.555339944448407
8 20 45.75504611902195
9 1 36.58483579781755
9 2 6.954011079817693
9 3 14.341650286938087
9 4 22.32620441177795
9 5 13.783998316098875
9 6 21.502337257314768
9 7 7.593218720005408
9 8 19.765655739760795
9 9 28.044513547853615
9 10 16.86277281753531
9 11 32.422210382592155
9 12 21.946488377134273
9 13 18.417672208100342
9 14 13.870133110705199
9 15 13.789024190990512
9 16 21.946714354337168
9 17 25.964015286907077
9 18 22.603585867896758
9 19 28.83135813370933
9 20 41.902406208343194
10 1 31.189904306173855
10 2 11.036485700617767
10 3 11.776004108898377
10 4 24.253749834110327
10 5 11.515054315645418
10 6 28.988475656869785
10 7 13.96043201561713
10 8 11.169616374828083
10 9 18.655679246592626
10 10 14.513516817416027
10 11 15.484460617254253
10 12 5.2699162081473245
10 13 6.6717285805828395
10 14 30.066356030198442
10 15 29.34674296716325
10 16 30.413720074544038
10 17 22.717624494445772
10 18 19.583873971850686
10 19 21.417714135265577
10 20 26.347092010153705
