DATASET: Gunluk and Lee 2009
FACILITIES: 40
CUSTOMERS: 80
FIXED_COSTS:
1 1.0
2 16.0
3 95.0
4 95.0
5 85.0
6 40.0
7 22.0
8 4.0
9 82.0
10 84.0
11 15.0
12 100.0
13 97.0
14 80.0
15 1.0
16 85.0
17 8.0
18 87.0
19 100.0
20 65.0
21 9.0
22 76.0
23 20.0
24 25.0
25 13.0
26 17.0
27 100.0
28 64.0
29 48.0
30 49.0
31 69.0
32 92.0
33 37.0
34 28.0
35 88.0
36 33.0
37 77.0
38 12.0
39 56.0
40 32.0
CAPACITIES:
1 3591
2 3591
3 3591
4 3591
5 3591
6 3591
7 3591
8 3591
9 3591
10 3591
11 3591
12 3591
13 3591
14 3591
15 3591
16 3591
17 3591
18 3591
19 3591
20 3591
21 3591
22 3591
23 3591
24 3591
25 3591
26 3591
27 3591
28 3591
29 3591
30 3591
31 3591
32 3591
33 3591
34 3591
35 3591
36 3591
37 3591
38 3591
39 3591
40 3591
DEMANDS:
1 19
2 10
3 42
4 27
5 74
6 92
7 27
8 33
9 16
10 77
11 24
12 30
13 73
14 45
15 96
16 29
17 7
18 18
19 68
20 88
21 29
22 24
23 78
24 37
25 22
26 6
27 98
28 49
29 25
30 5
31 58
32 65
33 13
34 82
35 32
36 86
37 96
38 42
39 78
40 61
41 14
42 13
43 2
44 86
45 69
46 43
47 75
48 12
49 76
50 30
51 21
52 62
53 88
54 74
55 7
56 97
57 15
58 40
59 2
60 42
61 34
62 73
63 99
64 40
65 9
66 37
67 24
68 4
69 70
70 93
71 49
72 22
73 70
74 37
75 6
76 25
77 3
78 87
79 50
80 10
ASSIGNMENT_COSTS:
1 1 11.340800018264417
1 2 4.54907966636222
1 3 33.99421245724733
1 4 22.92629128125538
1 5 34.506450000193
1 6 14.211045832366306
1 7 39.770844519704994
1 8 10.721499781382839
1 9 21.094289068884184
1 10 28.40032700957017
1 11 37.562303549055414
1 12 21.33447237286949
1 13 38.35308695413426
1 14 8.13987584115309
1 15 5.525354705823659
1 16 20.36284167919333
1 17 35.181900056669356
1 18 26.66994183397212
1 19 14.308614160490304
1 20 8.697726614623527
1 21 14.473722571877607
1 22 25.207472365670313
1 23 43.696070520043634
1 24 14.269916193982969
1 25 43.357944124211755
1 26 22.96846382943051
1 27 27.78180461426935
1 28 16.56804656311394
1 29 31.80148165370717
1 30 31.29346106610677
1 31 34.823372995469
1 32 10.326155629298164
1 33 5.102635640827291
1 34 11.171035963854724
1 35 20.294642795539353
1 36 41.01331961091441
1 37 13.252760685298753
1 38 20.035574690293895
1 39 20.480023332047164
1 40 21.114144929922134
1 41 31.129037296116373
1 42 10.528394724446256
1 43 10.102515432912584
1 44 20.06544655548451
1 45 22.902217406177787
1 46 31.052784016071488
1 47 14.222960415078454
1 48 11.178038618202951
1 49 33.9226039996329
1 50 26.035135314933004
1 51 38.114515670489254
1 52 24.520665294432167
1 53 9.884289655136651
1 54 14.409221753208467
1 55 17.616885927407303
1 56 8.445352706671185
1 57 8.99173991615696
1 58 16.19591052666111
1 59 23.508014248832072
1 60 31.861665827729997
1 61 8.879244141170851
1 62 29.658154242211133
1 63 19.006072592880045
1 64 14.198672173453836
1 65 20.271640819465095
1 66 9.10875321570382
1 67 24.27061312720419
1 68 18.188063647664144
1 69 16.98826912239057
1 70 8.964127615282742
1 71 17.659053012208663
1 72 37.698173922383326
1 73 12.155995583970586
1 74 30.16651288013173
1 75 22.204533058400287
1 76 2.7210395306598736
1 77 44.92854486490214
1 78 38.69239004632992
1 79 40.01989168976062
1 80 15.940963623443539
2 1 13.241947135930246
2 2 18.757235664713267
2 3 12.660287024438599
2 4 3.4770910177810523
2 5 36.42664346669849
2 6 37.311441207715504
2 7 19.548192919611726
2 8 24.670151340527884
2 9 12.540207486225242
2 10 26.264256625701442
2 11 37.57422096850495
2 12 1.9779154110633645
2 13 23.344359522357443
2 14 21.834135023325278
2 15 17.763307216283206
2 16 34.80723934118839
2 17 42.62631387901574
2 18 26.124820703170514
2 19 18.34149249112847
2 20 14.986914803382495
2 21 23.303047065761
2 22 23.820353262216326
2 23 23.848264697513315
2 24 33.02686845708108
2 25 24.22432881647674
2 26 39.565482270341505
2 27 41.09469842361243
2 28 14.816110701512617
2 29 36.64096963714204
2 30 28.925994734794493
2 31 40.85563282851153
2 32 14.051831828829512
2 33 18.2042134757401
2 34 29.640704975111458
2 35 32.09657595383696
2 36 23.36651151323589
2 37 34.12021823258435
2 38 38.26680278802906
2 39 17.76083185535253
2 40 5.003918115697554
2 41 19.9996371854742
2 42 28.961499238066672
2 43 21.559706903776775
2 44 6.277114951289986
2 45 19.277380898625843
2 46 12.153691204315361
2 47 33.15733557535143
2 48 13.053255241899336
2 49 30.769828631269952
2 50 30.44917212247496
2 51 42.0019490083623
2 52 2.6511083141036855
2 53 14.31816675745938
2 54 23.937405845026
2 55 6.778114253176419
2 56 29.373167716363152
2 57 18.995303679735482
2 58 11.053004523092566
2 59 10.873917117265279
2 60 10.199039772639258
2 61 16.325878959937913
2 62 7.383106203003377
2 63 10.652038068054779
2 64 35.66280320453365
2 65 6.378552229688217
2 66 31.953260055922122
2 67 44.43760576675189
2 68 40.94446703287113
2 69 33.146352096835855
2 70 16.41058054021169
2 71 39.63380037008955
2 72 39.22253262965676
2 73 33.34762031375477
2 74 17.424117446302482
2 75 32.033888645662486
2 76 21.31759411482428
2 77 25.37875715215847
2 78 25.787375674959577
2 79 41.61209876446424
2 80 39.12448533947352
3 1 18.401763130257528
3 2 19.151748826115067
3 3 36.28637576677226
3 4 32.278263769200535
3 5 19.31293541832584
3 6 18.98584888227572
3 7 39.65681032373108
3 8 7.328105027229774
3 9 34.848411967256844
3 10 17.744842909665508
3 11 22.896473151594712
3 12 28.813849993401874
3 13 33.87972827812619
3 14 25.44788179290135
3 15 19.453219269975733
3 16 4.146772972904391
3 17 17.873759166245843
3 18 15.633875464030167
3 19 12.407442752263039
3 20 22.14801014016646
3 21 31.781776340082562
3 22 41.72271530869655
3 23 42.50766087867057
3 24 7.489875535217308
3 25 41.48316913927283
3 26 9.15850306044276
3 27 11.045238974814884
3 28 31.56180272276578
3 29 15.58187857850743
3 30 19.643604274065616
3 31 17.85669394835572
3 32 24.01167052498868
3 33 18.096197919667244
3 34 7.594434490992841
3 35 2.909424841573841
3 36 38.164380896237915
3 37 11.210910344098554
3 38 9.227907479464358
3 39 36.106757415350216
3 40 26.195512677703913
3 41 26.03930146475273
3 42 27.13733373157915
3 43 27.327346748087916
3 44 30.98005312877684
3 45 38.63933235942093
3 46 31.946227813810523
3 47 7.776129805526377
3 48 18.842782149690542
3 49 21.995875632657377
3 50 11.482493418134414
3 51 21.609662816179277
3 52 30.381253647014283
3 53 18.05294391786983
3 54 31.782597793302656
3 55 28.27209821391333
3 56 24.067819064249395
3 57 12.830136583395824
3 58 19.65948987741425
3 59 36.21806563980968
3 60 35.02793790406668
3 61 15.956695403241133
3 62 34.07791311981615
3 63 32.14449740843841
3 64 12.890782402010725
3 65 31.255329248887133
3 66 15.626513341501742
3 67 16.187397202305785
3 68 19.296069611570307
3 69 4.001278364141919
3 70 15.777988264053105
3 71 16.0420693410776
3 72 22.23732578090726
3 73 11.685032289978462
3 74 26.70814690230222
3 75 5.338494782498183
3 76 16.022998448775567
3 77 43.23270361781942
3 78 32.481888600190956
3 79 24.26565605380238
3 80 23.620106650254126
4 1 14.536779820726181
4 2 7.909005470852352
4 3 34.192158247141876
4 4 20.230012831312923
4 5 42.208696400871496
4 6 20.29259734788605
4 7 40.74061053943245
4 8 19.224208950469105
4 9 15.01817367653531
4 10 34.87420364510561
4 11 44.98106997708573
4 12 20.324265696590064
4 13 41.54891859012653
4 14 0.8397243625537023
4 15 8.209286548106146
4 16 29.325073157318197
4 17 43.78523584073652
4 18 33.41684797316355
4 19 20.541538799090162
4 20 8.23211272071384
4 21 5.509817828263911
4 22 16.49574294221979
4 23 44.947616673928735
4 24 23.137975695751027
4 25 44.97385227195017
4 26 31.888418554943694
4 27 36.75177055531201
4 28 9.955512781501131
4 29 39.94610964482687
4 30 37.89606333077663
4 31 43.233958460250626
4 32 8.171076683392343
4 33 9.345031596456236
4 34 20.136660450129465
4 35 29.054203595681944
4 36 43.25753536033916
4 37 21.654800020831388
4 38 28.826625840031483
4 39 12.669763089875161
4 40 21.72539171447964
4 41 35.22194457401614
4 42 7.21758809780231
4 43 1.1831028128089076
4 44 16.72679228410094
4 45 14.840743341622895
4 46 32.32242289561455
4 47 23.068163697582367
4 48 14.06267748225369
4 49 40.47065184644958
4 50 33.86083257529485
4 51 46.27114665159474
4 52 23.924195350099524
4 53 13.302376161438259
4 54 5.513999601782696
4 55 15.150022142623298
4 56 8.689240060142295
4 57 15.678649291836692
4 58 19.238017011879787
4 59 18.031487271296538
4 60 31.804135090779422
4 61 13.812667549711474
4 62 29.14790471934518
4 63 13.884518883597984
4 64 22.25129946841794
4 65 16.828100491624724
4 66 16.4005880134762
4 67 32.444655580203474
4 68 24.72750115488954
4 69 25.967747147529874
4 70 13.996929426444702
4 71 25.1294196810922
4 72 45.42427367280936
4 73 20.49515172894303
4 74 33.650624814768385
4 75 30.78092513854554
4 76 10.32964859469051
4 77 46.361581314062875
4 78 42.64628528412586
4 79 47.82104178431808
4 80 20.02381652881347
5 1 14.719409015048146
5 2 7.7626390523290585
5 3 37.3789764558387
5 4 26.045758520813102
5 5 36.3438945136678
5 6 11.276790306451232
5 7 43.150952301900475
5 8 12.361820782167376
5 9 23.483217197278755
5 10 30.91797920167657
5 11 39.55253920109202
5 12 24.62674204043333
5 13 41.57473934669531
5 14 9.040040587089903
5 15 8.75662803160708
5 16 20.65472914682132
5 17 36.18261819123085
5 18 29.095618852740895
5 19 17.159949036802956
5 20 11.743557073897032
5 21 14.978000192345384
5 22 26.307473004453353
5 23 47.06442309422798
5 24 13.75268015784907
5 25 46.709512570842925
5 26 22.51892594593917
5 27 27.92750360888746
5 28 18.704298885175103
5 29 33.32625091364891
5 30 33.73147513567002
5 31 36.063039930617435
5 32 13.204471364264883
5 33 8.469320595387591
5 34 11.193782601831687
5 35 21.21383230965527
5 36 44.325942849486424
5 37 11.88376992326185
5 38 19.248867871683757
5 39 22.20722281358242
5 40 24.49346109831887
5 41 34.2504973845155
5 42 8.829857620290042
5 43 11.001693371138646
5 44 23.052779771089437
5 45 24.51141173645944
5 46 34.43235534799223
5 47 13.63994344089865
5 48 14.563878146856164
5 49 36.36078578904894
5 50 27.87585701896734
5 51 39.579401479136614
5 52 27.859390518108658
5 53 13.26643503799586
5 54 14.756867800686363
5 55 20.700457003444416
5 56 5.9622754832011795
5 57 11.911731989138078
5 58 19.545301096760213
5 59 26.094323359161663
5 60 35.23973165282725
5 61 12.178255172522801
5 62 33.016204035816834
5 63 21.613877170881405
5 64 12.433151709804818
5 65 23.244225084825242
5 66 6.6747752916842815
5 67 22.627382756968455
5 68 15.484691615268867
5 69 17.08717607733664
5 70 12.248571516696453
5 71 15.443714944536884
5 72 39.49583224341165
5 73 10.714186069761157
5 74 33.38350656894723
5 75 23.383965011250492
5 76 5.9474001980144395
5 77 48.28786357797555
5 78 41.80165064560167
5 79 41.750862121262905
5 80 12.610410327489891
6 1 14.372651698171044
6 2 7.418083351511978
6 3 37.0292415135331
6 4 25.711922605826565
6 5 36.164715235002035
6 6 11.58138466602871
6 7 42.80412517759902
6 8 12.179954790299334
6 9 23.20862674218864
6 10 30.66691720297972
6 11 39.358390252758355
6 12 24.280723364718376
6 13 41.24897173463113
6 14 8.869239679758367
6 15 8.411829243762723
6 16 20.623790131647855
6 17 36.08964026481881
6 18 28.853502986044894
6 19 16.869456739109705
6 20 11.41116906370806
6 21 14.867006491304407
6 22 26.1528171771038
6 23 46.71972454020127
6 24 13.793342483204949
6 25 46.367383644076284
6 26 22.567050555747848
6 27 27.91837871786153
6 28 18.448454296240378
6 29 33.17822927896878
6 30 33.48940373836691
6 31 35.94539888797291
6 32 12.88456220315751
6 33 8.119397578657942
6 34 11.168719353363743
6 35 21.11939219394631
6 36 43.98908721947054
6 37 12.011625282379546
6 38 19.328587141818737
6 39 21.990654441394692
6 40 24.143514876654976
6 41 33.93578974265084
6 42 8.937753793318116
6 43 10.840683848076894
6 44 22.728628530246628
6 45 24.307358963265703
6 46 34.08561123332953
6 47 13.68730581288419
6 48 14.215564261240129
6 49 36.119291603566964
6 50 27.693035121399546
6 51 39.4396634461974
6 52 27.51078338508065
6 53 12.918990265930145
6 54 14.6608674946732
6 55 20.368561615274782
6 56 6.159379841531332
6 57 11.610344242660533
6 58 19.20297395035404
6 59 25.803786960279744
6 60 34.88977396501122
6 61 11.840963547276749
6 62 32.666740775209405
6 63 21.319905990444994
6 64 12.606812220379213
6 65 22.92126094934643
6 66 6.907926112450874
6 67 22.801349141491958
6 68 15.767081083769657
6 69 17.070747155704876
6 70 11.912819502385597
6 71 15.672515662284948
6 72 39.321642232918904
6 73 10.846336505396916
6 74 33.05791333714871
6 75 23.26526589919563
6 76 5.611605453729575
6 77 47.94459365148083
6 78 41.48881681452999
6 79 41.584140987496234
6 80 12.95728366413428
7 1 12.403620884494215
7 2 10.266146282101802
7 3 34.178610321763934
7 4 26.37799071667609
7 5 27.31528901882957
7 6 13.895727845625567
7 7 38.96843105513515
7 8 3.501539331984057
7 9 26.99239487152899
7 10 22.652131524943943
7 11 30.596345003409013
7 12 23.671408195667382
7 13 35.523584945798525
7 14 16.048977430679052
7 15 10.792562151901757
7 16 12.479084154369545
7 17 27.2614857515807
7 18 20.6964290296523
7 19 10.496352132686292
7 20 13.907861284373062
7 21 22.39567656305302
7 22 32.71534127355007
7 23 42.4836010878947
7 24 7.610581518032572
7 25 41.82280225351857
7 26 15.662269149261457
7 27 19.91555329045408
7 28 23.111756323559213
7 29 24.236189705613114
7 30 25.291241178189683
7 31 27.02595331841821
7 32 15.813471551249133
7 33 9.518186049015139
7 34 4.12485088274545
7 35 12.32439816690264
7 36 38.98102746359013
7 37 8.57411374139066
7 38 13.307358812422985
7 39 27.454444158660486
7 40 22.118813252264356
7 41 27.77312333781307
7 42 17.872051247543546
7 43 17.96496364984205
7 44 24.2912126588654
7 45 29.961841364429382
7 46 30.452628018683654
7 47 7.687346174419798
7 48 12.623970107644933
7 49 27.895002155536357
7 50 18.873418366062264
7 51 30.49334061141293
7 52 26.142535843287117
7 53 11.431464248787758
7 54 22.3669920879214
7 55 21.58159443874324
7 56 15.020330601166263
7 57 6.805470999830983
7 58 15.814922990567315
7 59 28.859945164743717
7 60 32.405102738109136
7 61 9.335303401527861
7 62 30.751168703419353
7 63 24.495556266988398
7 64 10.264089420349123
7 65 24.545220404721803
7 66 8.813632233233324
7 67 18.889761225620166
7 68 16.34389587953683
7 69 9.302576908288657
7 70 9.239682763008679
7 71 14.32279933464724
7 72 30.447359489213838
7 73 7.971397567110252
7 74 27.49029537811925
7 75 14.351020682881984
7 76 6.846453669559392
7 77 43.5077249716331
7 78 35.11320448584803
7 79 32.6812789952667
7 80 17.628083159028428
8 1 21.269070343320763
8 2 28.244728483251357
8 3 1.6580369628962588
8 4 13.848523051895256
8 5 34.9039324992497
8 6 45.85738802474827
8 7 8.579391745348202
8 8 30.858362337565715
8 9 23.03342378661334
8 10 24.7828208182169
8 11 34.944430085786685
8 12 12.268061755084798
8 13 14.71512253384508
8 14 32.413502521132834
8 15 27.273679781797856
8 16 39.21718385924681
8 17 42.93467911491337
8 18 25.535476790592714
8 19 23.244917691993166
8 20 25.02527520431205
8 21 34.29581958712655
8 22 34.14337874170908
8 23 12.878000150207376
8 24 39.44044226567567
8 25 13.402141460397146
8 26 44.37095702950233
8 27 44.26653905405749
8 28 25.80278430292916
8 29 36.49207808397153
8 30 26.629673894767013
8 31 40.70366389720333
8 32 24.465258296314857
8 33 27.363542612145537
8 34 36.376590390979295
8 35 35.82116799162636
8 36 13.190149755942363
8 37 41.34365680005961
8 38 43.930444404264136
8 39 28.44072266269019
8 40 11.338217833622062
8 41 15.057674340463157
8 42 39.45992471595878
8 43 32.3377162837465
8 44 17.19397968068833
8 45 29.666627104491976
8 46 4.281087802624205
8 47 39.629405455091266
8 48 21.3337882186371
8 49 27.652419730540394
8 50 31.223452682253814
8 51 40.69869576979394
8 52 8.65389446382667
8 53 22.662493670777508
8 54 34.92301601590606
8 55 17.706794113458535
8 56 39.47343747254732
8 57 26.055239298891276
8 58 17.020059068118012
8 59 20.71111770501967
8 60 0.8658467684346906
8 61 24.199096363910776
8 62 3.757794814196673
8 63 21.510803847849274
8 64 43.07419584819286
8 65 17.254905338872614
8 66 40.40518210398741
8 67 50.63787870152531
8 68 49.00099130631021
8 69 38.4908161310509
8 70 24.205874141897258
8 71 47.13449786634492
8 72 37.1160165970914
8 73 40.78473274657215
8 74 12.41442332406796
8 75 34.93125631796384
8 76 30.11330965863554
8 77 14.436621931998792
8 78 18.032628231768104
8 79 39.24948356840711
8 80 48.32604534131864
9 1 11.989355590717635
9 2 19.203121178184034
9 3 18.19041459881909
9 4 19.241727824112896
9 5 20.14656445592523
9 6 32.4000945332311
9 7 21.370291303096298
9 8 15.598668916508768
9 9 26.011211085986098
9 10 10.169602915090739
9 11 21.54398666913738
9 12 15.106002418295708
9 13 17.03417817020813
9 14 25.959804760832778
9 15 18.567906047097733
9 16 22.16435834378208
9 17 26.597647988113366
9 18 9.825260763765991
9 19 8.034618470654708
9 20 18.499869820250954
9 21 30.716149910257943
9 22 36.3217448929307
9 23 24.440462696561973
9 24 23.676916835280156
9 25 23.58956448019397
9 26 27.38172476725798
9 27 26.965706536893386
9 28 25.378312505089724
9 29 20.433139402753657
9 30 13.053721380522495
9 31 24.677776067773127
9 32 19.370010886785412
9 33 17.79338030005889
9 34 21.154698430504844
9 35 18.617412704189135
9 36 20.56065348441928
9 37 26.320593108137956
9 38 27.39508070810605
9 39 29.813879241512453
9 40 11.330451111044674
9 41 9.430220601351497
9 42 31.60935142082056
9 43 26.957749929010294
9 44 19.923983546661837
9 45 32.05684481061085
9 46 13.710181896705393
9 47 23.910750676922028
9 48 12.492566771338423
9 49 15.254238568757025
9 50 14.468117156546226
9 51 25.694134009957708
9 52 14.821149919096726
9 53 13.214642582429903
9 54 31.106724636289364
9 55 17.96638164287895
9 56 30.147811900274956
9 57 12.962020459180735
9 58 7.855797983997563
9 59 25.75124374651654
9 60 17.256785588938982
9 61 13.154956902808435
9 62 16.948512987214652
9 63 23.262436886704954
9 64 28.170926626108077
9 65 20.182710801022477
9 66 27.20028989811315
9 67 34.297582876048885
9 68 34.624921356873806
9 69 21.927838466783882
9 70 13.017644490686722
9 71 32.13059588898213
9 72 23.01630541253426
9 73 26.05842680376229
9 74 8.997453363319236
9 75 17.630523214896602
9 76 19.03959645193598
9 77 25.314551047180274
9 78 16.963654187792642
9 79 25.43938429232091
9 80 35.92948348354511
10 1 17.77629820543304
10 2 25.120863775917524
10 3 5.517212813392441
10 4 13.51898801186134
10 5 30.762766412737474
10 6 42.12019535448776
10 7 10.703085147730253
10 8 26.666335163053635
10 9 22.683068514392687
10 10 20.5391097237237
10 11 31.033995306927654
10 12 10.710586319344591
10 13 13.263757844614416
10 14 29.978179387493743
10 15 24.18424039169323
10 16 34.754107431863645
10 17 38.56692506843667
10 18 21.1733556187982
10 19 18.958014728127203
10 20 22.30124506719126
10 21 32.59764457631451
10 22 33.96309376100909
10 23 14.791268257674911
10 24 35.21535210554074
10 25 14.769852416377361
10 26 39.924035919251224
10 27 39.7506389513764
10 28 24.621377500086023
10 29 32.151826475663256
10 30 22.561871438262056
10 31 36.382578780264716
10 32 22.035967518650807
10 33 24.103968529260506
10 34 32.23398215904146
10 35 31.327602648245527
10 36 13.382666915601016
10 37 37.26701611990982
10 38 39.572037781442134
10 39 27.864529373455078
10 40 8.482045882814054
10 41 11.477596344793339
10 42 36.85940483328925
10 43 30.14997818248095
10 44 16.33799724343093
10 45 29.420248454230002
10 46 2.1325604285613413
10 47 35.413400739756426
10 48 17.925686781063916
10 49 23.788783331076935
10 50 26.767867721824913
10 51 36.552803973515225
10 52 7.491811384960507
10 53 19.22192197571306
10 54 33.18219794185128
10 55 16.146159191208294
10 56 36.54419216114449
10 57 22.127510115750646
10 58 13.1779396387859
10 59 20.871553770763057
10 60 4.54855872086456
10 61 20.547931670160686
10 62 5.316614730193043
10 63 20.70558514528081
10 64 39.029691876592466
10 65 16.46854159913531
10 66 36.67698781960985
10 67 46.32922620220427
10 68 45.0910578235502
10 69 34.11675856833797
10 70 20.53033441109802
10 71 43.08810013431608
10 72 33.104763886182816
10 73 36.76191837850193
10 74 8.735599614582021
10 75 30.416149167572847
10 76 26.64256471199014
10 77 16.16592797817973
10 78 15.97717407854726
10 79 35.30776626216314
10 80 44.82896309433325
11 1 27.63244740715054
11 2 26.905981000035705
11 3 45.80509833540724
11 4 41.69443817598872
11 5 22.78641092304875
11 6 19.207756958201543
11 7 48.83997912123449
11 8 15.983689552438236
11 9 43.497371933706866
11 10 25.07752534069297
11 11 26.489860579119224
11 12 38.351341877042685
11 13 42.2886615558292
11 14 32.14434378801273
11 15 27.428201666239122
11 16 5.566838877391475
11 17 16.88082531445926
11 18 23.093244175845022
11 19 22.048932166602413
11 20 30.472833540679257
11 21 38.41409569870455
11 22 49.20892149462921
11 23 51.44864317990604
11 24 9.903834133254376
11 25 50.30421634729431
11 26 1.1846535801485247
11 27 5.717766930857142
11 28 39.74952978429469
11 29 18.218959830076084
11 30 26.163683904516255
11 31 18.264906701296656
11 32 32.3789505117745
11 33 26.134057351934363
11 34 12.888913989633233
11 35 9.161471432647511
11 36 46.84774784879105
11 37 12.461795614019575
11 38 4.945509371230526
11 39 44.090677371108214
11 40 35.827952963819904
11 41 34.642828758525894
11 42 31.94618082163206
11 43 34.125463123402824
11 44 40.16236111854226
11 45 46.59205229279982
11 46 41.395652818342754
11 47 10.015189068736401
11 48 28.022597904976937
11 49 28.044721714831887
11 50 17.419309834922913
11 51 22.60274890089572
11 52 40.01646096914858
11 53 27.08884221039809
11 54 38.27410750710072
11 55 37.43332658771617
11 56 28.50693585264814
11 57 21.835005189036515
11 58 29.271597301315854
11 59 45.15204320587006
11 60 44.618426101602985
11 61 24.929927939709064
11 62 43.72128408390938
11 63 40.906528971834305
11 64 13.05417863507215
11 65 40.43206433143157
11 66 18.50454457218922
11 67 9.203747030955785
11 68 17.25564031698353
11 69 7.427275912642865
11 70 24.772118984086774
11 71 13.794914999590976
11 72 24.924556226642885
11 73 13.565900642522791
11 74 35.65505922909786
11 75 10.925817556794252
11 76 23.44484021583019
11 77 52.055627181823404
11 78 40.42033703147267
11 79 26.274668100222947
11 80 23.89089593614152
12 1 6.301122687905027
12 2 13.860864660210584
12 3 16.65864463231117
12 4 11.584403742718468
12 5 28.135640607724998
12 6 30.667573459556646
12 7 22.138715296792626
12 8 16.046373278913155
12 9 17.70331579058608
12 10 18.429839261905627
12 11 29.773089411589194
12 12 7.624071979588609
12 13 21.60629953230065
12 14 19.55911777451047
12 15 12.979730433340983
12 16 25.66098025652327
12 17 33.61177314454771
12 18 17.848919631314256
12 19 9.120127672306557
12 20 11.723145230712472
12 21 23.4340018003725
12 22 28.097993346886245
12 23 26.060948664321415
12 24 24.612902949981606
12 25 25.77151051164104
12 26 30.54211066766123
12 27 31.81333954943032
12 28 17.253591122667046
12 29 27.83169749006249
12 30 21.35450493540522
12 31 31.981094219923307
12 32 12.064210737645825
12 33 12.728975243140079
12 34 21.39391568502446
12 35 22.83321740176045
12 36 23.626041498846536
12 37 26.241115462071807
12 38 29.52782642957797
12 39 21.58489265961893
12 40 4.6912339512891315
12 41 15.520065334130983
12 42 26.044434122448877
12 43 20.155976787723993
12 44 11.722659900130239
12 45 23.783024401407296
12 46 13.42021803242949
12 47 24.77758660288785
12 48 6.5144000785515646
12 49 23.560845087769223
12 50 21.493904084926196
12 51 33.493266909722905
12 52 8.88092888702241
12 53 7.7645924302407066
12 54 23.907109121724766
12 55 9.659880619738251
12 56 25.352069238410596
12 57 10.87798748446574
12 58 1.9112234669342512
12 59 17.57061950678958
12 60 14.762808668418861
12 61 9.039999642145466
12 62 13.102388921573874
12 63 14.951997605299777
12 64 27.934485382396574
12 65 11.990017061900025
12 66 25.216712722675013
12 67 35.97838348375878
12 68 33.78710461653777
12 69 24.24718085093663
12 70 9.029713403716876
12 71 31.989129755572733
12 72 31.115016335543782
12 73 25.631156689885092
12 74 13.737930504540529
12 75 22.739458315835524
12 76 15.138508327718553
12 77 27.314540530097325
12 78 22.77973964394554
12 79 33.56276642958306
12 80 33.3141755843434
13 1 26.7224148122726
13 2 34.347528536277444
13 3 9.107053328451368
13 4 23.399857854557055
13 5 30.014864086319264
13 6 50.031863992348256
13 7 5.067575238191424
13 8 33.51700065012936
13 9 32.64107656633688
13 10 21.15299145760178
13 11 29.052740959830086
13 12 20.834381130185754
13 13 5.279276796916271
13 14 39.74752821781144
13 15 33.46777809335416
13 16 39.49691114608541
13 17 39.15628754966093
13 18 22.640201375960554
13 19 25.77282029515508
13 20 31.954464903676282
13 21 42.666978559536595
13 22 43.892977913776136
13 23 6.583897401998419
13 24 41.651807565501564
13 25 5.6114028735097445
13 26 44.717124228851034
13 27 43.05533756746669
13 28 34.747452783714266
13 29 32.73087648103791
13 30 21.9086387949845
13 31 36.642483289308714
13 32 31.88325256271249
13 33 33.18463784556643
13 34 39.10627072885077
13 35 35.71363184055259
13 36 3.258740392065171
13 37 44.26940736255785
13 38 45.14233637748655
13 39 37.9075650755272
13 40 18.41168295236024
13 41 10.446276351769649
13 42 46.45997579799285
13 43 40.05580375089113
13 44 26.402172290072635
13 45 39.36440595721881
13 46 8.026197208336907
13 47 41.88760252111795
13 48 26.9857761785384
13 49 22.00238464004035
13 50 28.822753962447084
13 51 35.60814830155324
13 52 17.512494247092896
13 53 28.190492079058615
13 54 43.23970721259342
13 55 26.271976721666046
13 56 45.83822257047292
13 57 30.035833085783377
13 58 21.781623403179566
13 59 30.599368791077318
13 60 11.069849078929877
13 61 29.12595975208005
13 62 13.742713966643585
13 63 30.77920957568151
13 64 46.1113446872329
13 65 26.51826606744722
13 66 44.691446021211654
13 67 52.090553880414184
13 68 52.505673710000046
13 69 39.717208916863385
13 70 29.06361252475445
13 71 50.09310918349246
13 72 31.53777380258186
13 73 43.961612609477875
13 74 9.237973986921606
13 75 34.128192212528894
13 76 35.35659319354655
13 77 7.335725240167459
13 78 9.04445690021258
13 79 33.313625666655994
13 80 53.21784384770941
14 1 14.688956221571575
14 2 12.916016745537556
14 3 35.86425848531475
14 4 28.77695246531503
14 5 26.04713187876569
14 6 13.441510845710994
14 7 40.35095866236512
14 8 3.84177333774772
14 9 29.63215477887732
14 10 22.35913957843348
14 11 29.464967772600538
14 12 25.920446450414765
14 13 36.294878068413595
14 14 18.51261095294777
14 15 13.448974595364488
14 16 9.975767770798726
14 17 25.238208497493776
14 18 20.320331295635317
14 19 11.64031635544164
14 20 16.5537432126707
14 21 24.855683650448913
14 22 35.31711722613645
14 23 43.72214048552953
14 24 5.1527773508387185
14 25 42.96790814204211
14 26 13.005899997111072
14 27 17.39978944640882
14 28 25.767964688163165
14 29 22.672666771221202
14 30 24.81326429749805
14 31 25.188311800127344
14 32 18.46027445304142
14 33 12.172163668023103
14 34 1.8195480472726888
14 35 10.275958089006041
14 36 39.99027316384791
14 37 6.921254075253063
14 38 10.716557582815264
14 39 30.102519720827125
14 40 24.138695028412386
14 41 28.449346414820802
14 42 19.773715858012817
14 43 20.454647722670156
14 44 26.80236490937629
14 45 32.60710163143673
14 46 31.970468459759978
14 47 5.274617237811693
14 48 14.959498237193467
14 49 27.36695991977676
14 50 17.738378651323874
14 51 28.834315925966653
14 52 28.231822211248886
14 53 13.82701649255575
14 54 24.796304535770847
14 55 24.08193916943306
14 56 16.708997062137026
14 57 8.892340182519257
14 58 17.685621770667616
14 59 31.462036424690098
14 60 34.194649959396294
14 61 11.684540651111217
14 62 32.68248586233381
14 63 27.117359796175045
14 64 8.753892445999185
14 65 27.060234257624536
14 66 8.978251818005841
14 67 16.554743831934154
14 68 15.20866821336696
14 69 6.681137782014641
14 70 11.56756574998776
14 71 12.762199332763945
14 72 29.108862074989684
14 73 6.637638217329507
14 74 28.414099577588587
14 75 12.543473481207526
14 76 9.47108129526339
14 77 44.676833696026605
14 78 35.61406565526414
14 79 31.259885542696637
14 80 17.62813481810807
15 1 19.96982967488443
15 2 14.883960458804909
15 3 42.48631876348579
15 4 33.050497856792326
15 5 33.77786238640222
15 6 5.161085458414423
15 7 47.54827210107529
15 8 11.87728210420124
15 9 31.576040989862967
15 10 30.708298958799674
15 11 37.32276362672176
15 12 30.968996809265953
15 13 44.26575552592214
15 14 17.398043795980335
15 15 15.78813753378247
15 16 15.257865872658277
15 17 31.511143995426107
15 18 28.660858307142927
15 19 19.242190994626025
15 20 19.087668178848933
15 21 23.15140606483872
15 22 34.61500951837193
15 23 51.143242890267906
15 24 7.5733633413923185
15 25 50.52242113584722
15 26 15.555427729653601
15 27 21.781595639302992
15 28 26.935363484777568
15 29 30.028976616178948
15 30 33.12259093305341
15 31 31.95225690594113
15 32 20.79824872718047
15 33 14.971981283787331
15 34 7.155283411273721
15 35 17.196128563225916
15 36 47.71767353295087
15 37 4.277503905010662
15 38 11.911321428099066
15 39 30.564805425387238
15 40 30.012130367144884
15 41 36.49477154663241
15 42 15.488885967692855
15 43 19.34262304001908
15 44 30.398185186253546
15 45 32.88134739641665
15 46 38.95080693644625
15 47 7.338056189475453
15 48 20.030291438747003
15 49 35.65452669777715
15 50 25.711738083806146
15 51 35.91788354056415
15 52 33.826745616844505
15 53 18.71113694890171
15 54 22.86166857135919
15 55 27.84847131676107
15 56 11.985882587216617
15 57 15.097337983342355
15 58 24.063488901621092
15 59 34.01668240585665
15 60 40.5835396052954
15 61 16.921503352696103
15 62 38.710276695630576
15 63 29.514748963801445
15 64 4.184382285587005
15 65 30.618192283173705
15 66 1.8662797424264292
15 67 14.312146443184655
15 68 8.018571081111936
15 69 11.685833004426724
15 70 16.893086335934058
15 71 7.159917589121337
15 72 36.71794143400425
15 73 3.2186775561451406
15 74 36.23839939946659
15 75 19.798303718784695
15 76 11.730122510486737
15 77 52.19703344197567
15 78 43.784528659530494
15 79 38.72814144793577
15 80 9.309670664663852
16 1 33.71496209556813
16 2 28.64143714776971
16 3 55.922843494942086
16 4 46.900555199424076
16 5 40.709718703452026
16 6 10.287770464847426
16 7 60.58874256456524
16 8 24.079096201645417
16 9 44.92248650982971
16 10 40.71019720958542
16 11 44.438777534172495
16 12 44.80563068167979
16 13 56.23071242075517
16 14 29.924181160093273
16 15 29.573561054382296
16 16 21.05426414594083
16 17 35.22331790413066
16 18 38.598720540549486
16 19 31.883450375036716
16 20 32.835193963698586
16 21 34.76937322528226
16 22 46.36870341823998
16 23 63.95669322410572
16 24 16.06340872287709
16 25 63.173759937965215
16 26 17.54301456566402
16 27 23.97377724282471
16 28 40.07783462355688
16 29 36.26785164090792
16 30 42.53472376869085
16 31 36.640432121614865
16 32 34.47570444371627
16 33 28.813228170685946
16 34 18.46782180890763
16 35 24.631989563204527
16 36 60.12547854399143
16 37 13.323728774131732
16 38 14.648718266714141
16 39 43.24115511163089
16 40 43.69775832714783
16 41 48.33919736749788
16 42 25.68119081450167
16 43 31.694759693311035
16 44 44.18940856319812
16 45 45.37147619150613
16 46 52.15740017803224
16 47 15.805126478744342
16 48 33.81111118840074
16 49 44.78882436342685
16 50 34.032997717099484
16 51 40.97417152882058
16 52 47.593679955139876
16 53 32.50525732109579
16 54 34.319054288028255
16 55 41.673563486158606
16 56 22.530241661784718
16 57 28.500027915733767
16 58 37.536048058667745
16 59 47.537346466752524
16 60 54.12816947764099
16 61 30.633465163982287
16 62 52.38325480519572
16 63 43.048951235743296
16 64 11.519720606169509
16 65 44.40260188262394
16 66 15.04997820688121
16 67 9.60550525148401
16 68 5.973404351285567
16 69 18.981095578577733
16 70 30.58658792747211
16 71 7.48101533478977
16 72 43.09552059621004
16 73 13.77711587695666
16 74 48.527805463424414
16 75 27.226530862859022
16 76 25.581776262854998
16 77 64.89073842520841
16 78 55.19409928588686
16 79 44.57970196409095
16 80 11.86864653566827
17 1 17.257427421050426
17 2 21.47996671280669
17 3 14.581060576624767
17 4 3.1589889792854264
17 5 41.53236078280625
17 6 40.23751088179251
17 7 21.509226235981377
17 8 28.939697692636535
17 9 10.343344437604243
17 10 31.34584480007636
17 11 42.6275438968238
17 12 6.605882388752452
17 13 27.005210754434767
17 14 23.046702947336506
17 15 20.517019433262305
17 16 39.40027436094603
17 17 47.7133990267372
17 18 31.237359263612692
17 19 23.10330539340179
17 20 17.369435924590352
17 21 23.109743018968746
17 22 21.139396246989474
17 23 25.737650678113706
17 24 37.06093306608062
17 25 26.440000411409326
17 26 44.01721028897552
17 27 45.88124661473082
17 28 14.150945236761173
17 29 41.75252830285523
17 30 33.97025817912194
17 31 45.96287859326665
17 32 15.985588719866293
17 33 21.22645148316614
17 34 33.610896857019966
17 35 36.85611917142328
17 36 26.231972900318596
17 37 37.80884637055508
17 38 42.48706064819096
17 39 15.805143428247542
17 40 10.117792425083891
17 41 24.58283080797676
17 42 30.11465004507311
17 43 22.33581078901592
17 44 6.210978127262874
17 45 16.735648120346006
17 46 15.544723401714647
17 47 37.16786615514954
17 48 16.956004380005208
17 49 35.754229027690506
17 50 35.54171610503684
17 51 47.11726755056753
17 52 7.021636677382065
17 53 18.098239732248945
17 54 23.79202134828953
17 55 8.413678572266555
17 56 31.09170782685768
17 57 23.126359371781525
17 58 15.880351553861022
17 59 7.680785893043505
17 60 12.239330521486865
17 61 20.227789853407018
17 62 9.427521968819583
17 63 9.582046193376444
17 64 39.241072672929455
17 65 6.082586498633172
17 66 35.03072567652446
17 67 48.41481127400504
17 68 44.11675847918262
17 69 37.52270304222094
17 70 20.34486242401163
17 71 43.114556758978715
17 72 44.310199222502
17 73 36.95048422042428
17 74 21.91640083938591
17 75 36.92618376052409
17 76 24.46410861700712
17 77 27.337972374655912
17 78 29.796661180934798
17 79 46.69111081935887
17 80 41.551968543706025
18 1 25.245614808554123
18 2 23.846567526979673
18 3 44.56399218773563
18 4 39.38803366177404
18 5 24.574391647345685
18 6 15.777330954753587
18 7 48.05145722120753
18 8 13.539066104157921
18 9 40.64614962769637
18 10 25.44654562394701
18 11 28.303510004620996
18 12 36.2297941675026
18 13 42.13587893911756
18 14 28.798094873669783
18 15 24.430303311290167
18 16 5.1725973975352595
18 17 19.713372916312395
18 18 23.377357883017833
18 19 20.327892520653183
18 20 27.56594079142375
18 21 35.02776200282112
18 22 45.95342730951796
18 23 50.894968427498966
18 24 6.491393879694643
18 25 49.85281135205903
18 26 2.396898291663366
18 27 8.937125044913797
18 28 36.72933231287493
18 29 20.143403455450663
18 30 26.910724824762887
18 31 20.80142267101558
18 32 29.471898861848818
18 33 23.173134584608476
18 34 9.703594049773205
18 35 9.033749054212366
18 36 46.50342788492179
18 37 8.882725343383514
18 38 1.586723029263296
18 39 40.98499966556996
18 40 33.95555520237218
18 41 34.34018982999685
18 42 28.39571085243292
18 43 30.785931260319888
18 44 37.643446752249474
18 45 43.468138263459664
18 46 40.27776679305531
18 47 6.568471684527717
18 48 25.59160951354012
18 49 29.008634926792737
18 50 18.216164929839596
18 51 25.08842518873283
18 52 38.139190987715196
18 53 24.56870651900017
18 54 34.86678741649107
18 55 34.912792683599584
18 56 24.946770842453013
18 57 19.380671491967245
18 58 27.367360352944196
18 59 42.4438385325647
18 60 43.21924671557304
18 61 22.400581288792896
18 62 42.11829971029294
18 63 38.12216283358879
18 64 9.524700762430772
18 65 37.907531056598394
18 66 14.92699335433801
18 67 7.983847859907714
18 68 14.184137298882197
18 69 5.021629238276406
18 70 22.257914170782318
18 71 10.667801437195314
18 72 26.988504522348975
18 73 9.9887034608806
18 74 35.08806094303359
18 75 11.3992034590265
18 76 20.34284037529926
18 77 51.60354972940663
18 78 40.55840385836931
18 79 28.550925285637373
18 80 20.507745301303963
19 1 8.754146847283637
19 2 15.26856950972312
19 3 21.49931641277064
19 4 19.259001384791645
19 5 21.03543879885632
19 6 27.878606697471014
19 7 25.410738751225885
19 8 11.19363709389147
19 9 24.614254837238196
19 10 12.192690566830418
19 11 23.105059255504436
19 12 15.292520973307234
19 13 21.57161207622264
19 14 22.272895346840407
19 15 14.746437853020769
19 16 18.881220140994905
19 17 25.959170977852875
19 18 11.072431155522475
19 19 3.5008507408795575
19 20 15.239988953963277
19 21 27.463108079807895
19 22 34.18489101759403
19 23 28.694251784239167
19 24 19.49111712327923
19 25 27.93437154220556
19 26 23.99674308817025
19 27 24.4892459917175
19 28 23.14929763499499
19 29 20.3051449707711
19 30 15.241845870400406
19 31 24.398079391632603
19 32 16.4170270420894
19 33 13.81911777190507
19 34 16.795307542605986
19 35 15.670772618727034
19 36 25.007026158223162
19 37 21.952395863005457
19 38 23.601585354937555
19 39 27.762048536248894
19 40 12.007175304672037
19 41 13.93992083467747
19 42 27.521543274038752
19 43 23.458410611607004
19 44 19.10630230833716
19 45 30.144572221611888
19 46 17.277258272606222
19 47 19.710885335578325
19 48 9.318983437744025
19 49 17.735908409331795
19 50 13.900199385954767
19 51 26.154318499517625
19 52 16.06298246355263
19 53 9.704899746436588
19 54 27.789531219968104
19 55 16.750586112677897
19 56 25.868741060630107
19 57 8.517295088423534
19 58 6.2615258593937
19 59 24.914611523952995
19 60 20.1897515376529
19 61 9.158672345776392
19 62 19.31288135933526
19 63 21.781409781025076
19 64 23.789291362623395
19 65 19.382898803706855
19 66 22.66320177264868
19 67 30.404705562478444
19 68 30.187330999719293
19 69 18.139004350715474
19 70 8.994200117633987
19 71 27.785359055363845
19 72 24.13730462870767
19 73 21.636325847134216
19 74 13.499202996613194
19 75 15.254794017523299
19 76 14.722947541497275
19 77 29.6415964809325
19 78 21.435659058572266
19 79 26.603498197087855
19 80 31.390998377005165
20 1 24.69746477710901
20 2 20.21633007849749
20 3 46.77363574958794
20 4 38.17749396248007
20 5 33.84708650955788
20 6 5.482509108419199
20 7 51.451982088471006
20 8 14.979033495475047
20 9 37.01543608611362
20 10 32.436207657445955
20 11 37.52737637767867
20 12 35.878023124366635
20 13 47.330167051960494
20 14 22.799684861300047
20 15 21.089424514026174
20 16 14.179994189642017
20 17 30.035918990466836
20 18 30.330142175150222
20 19 22.76501302281413
20 20 24.41034724435601
20 21 28.411247289277725
20 22 39.94549392523962
20 23 54.8560467034519
20 24 7.511817503660345
20 25 54.104660482979874
20 26 12.644606576075873
20 27 19.36494191876674
20 28 32.39432579683554
20 29 29.694395879493396
20 30 34.52223167313959
20 31 30.918785839650653
20 32 26.16100017446501
20 33 20.18656368727073
20 34 9.398276054743091
20 35 17.141186693101574
20 36 51.10973911469405
20 37 4.233951792747566
20 38 8.895432810296443
20 39 36.01108797766716
20 40 34.62038674404172
20 41 39.45456148762903
20 42 20.254468000448213
20 43 24.724868370579284
20 44 35.64800261751573
20 45 38.31320610430594
20 46 43.004561093323716
20 47 7.228478749574909
20 48 24.826225151655247
20 49 36.9175118194225
20 50 26.39440791827176
20 51 35.11662609111635
20 52 38.565213901117495
20 53 23.540614203093703
20 54 28.08391811287493
20 55 33.052562096547256
20 56 16.766743399172864
20 57 19.370484580444277
20 58 28.40179036809302
20 59 39.417425853585385
20 60 44.99489910630678
20 61 21.60360054511003
20 62 43.29064659032553
20 63 34.916931189302765
20 64 2.383377365206699
20 65 35.87563505347773
20 66 7.149055450351652
20 67 9.173630193692384
20 68 4.363262568496349
20 69 11.213686017227783
20 70 21.545329421767654
20 71 1.7825687549000375
20 72 36.55033340581302
20 73 4.624874462131404
20 74 39.52234053247693
20 75 19.836587420138212
20 76 16.93207662586239
20 77 55.814085888509055
20 78 46.46938761464286
20 79 38.3325036548286
20 80 10.105038951384126
21 1 22.076767465784414
21 2 29.75646113148425
21 3 10.097880976762116
21 4 21.24891861168467
21 5 25.643529730440733
21 6 44.80289373969557
21 7 9.673568630517297
21 8 28.15257507283595
21 9 30.25054186448624
21 10 16.196560182858875
21 11 25.158327371351458
21 12 17.99937064532676
21 13 5.716479916812514
21 14 35.5786854466629
21 15 28.9248723682172
21 16 34.04711242333183
21 17 34.43791001531566
21 18 17.510543646173037
21 19 20.46117331318222
21 20 27.738169778333077
21 21 39.03353375515129
21 22 41.509266654130236
21 23 12.036526777227733
21 24 36.217680325258264
21 25 11.048545213923637
21 26 39.27143749574049
21 27 37.759481938526626
21 28 31.660955083036242
21 29 27.961500544195633
21 30 17.36059712332702
21 31 32.00365373972674
21 32 27.89832558021127
21 33 28.51638160513096
21 34 33.72267597964094
21 35 30.278123457698864
21 36 8.031346273405848
21 37 38.88841636719007
21 38 39.67364607837781
21 39 35.25407768198357
21 40 14.909797931468127
21 41 5.448536943345082
21 42 42.06565150749756
21 43 36.07504908833774
21 44 23.7791168606961
21 45 36.967273338256845
21 46 6.464367192084379
21 47 36.45605524951794
21 48 22.399691216449273
21 49 17.896711047425747
21 50 23.656135798650563
21 51 31.370095427385753
21 52 15.182722479314798
21 53 23.52973761793272
21 54 39.56399980746635
21 55 23.143156304705094
21 56 41.202856388417686
21 57 24.92078920071801
21 58 17.09207338585336
21 59 28.645754287484753
21 60 11.02343015058604
21 61 24.260173141441854
21 62 12.932812997899434
21 63 28.071836182682773
21 64 40.73667592169857
21 65 23.941780498053923
21 66 39.507391808557855
21 67 46.62194543654269
21 68 47.168224241306575
21 69 34.249182148787995
21 70 24.17980424514688
21 71 44.700660587560535
21 72 27.50036037553168
21 73 38.609564015865374
21 74 3.7814835267666846
21 75 28.746699538460398
21 76 30.477840247683442
21 77 12.787973265057847
21 78 8.062709418619853
21 79 29.475665645928057
21 80 48.117101375092815
22 1 18.479988625490833
22 2 26.147493330185174
22 3 11.7584571735286
22 4 19.669359620069283
22 5 23.407243240962313
22 6 40.826638666696724
22 7 13.177408598257067
22 8 24.15035937469694
22 9 28.263140014671862
22 10 13.41238470612301
22 11 23.453121076205374
22 12 15.990467541401587
22 13 9.01855195562284
22 14 32.22719377465422
22 15 25.352679120652272
22 16 30.240160915033705
22 17 31.700559116068938
22 18 14.41393135601809
22 19 16.469217781575566
22 20 24.405219617725983
22 21 36.036396046123606
22 22 39.39503843089952
22 23 15.935929199309307
22 24 32.23146845162545
22 25 15.026483298970797
22 26 35.47210098022466
22 27 34.24925550570176
22 28 29.127138574434362
22 29 25.220069027568098
22 30 15.116585552342352
22 31 29.37897259594429
22 32 24.734312865152084
22 33 24.86197477221365
22 34 29.720822500387406
22 35 26.51646887441636
22 36 12.020514274834946
22 37 34.88648216784983
22 38 35.76736889436197
22 39 33.001636613987536
22 40 12.471045504231174
22 41 3.894355958946663
22 42 38.539580862572556
22 43 32.85123054785275
22 44 21.744881108883856
22 45 34.88613919858524
22 46 7.246861706849604
22 47 32.46820944509993
22 48 18.843755428379385
22 49 16.17692008335935
22 50 20.41487179348845
22 51 29.199452817965366
22 52 13.768433883966255
22 53 19.910154740184563
22 54 36.5339511563433
22 55 20.72156210142483
22 56 37.52874278865974
22 57 21.00688392787583
22 58 13.520473600622573
22 59 27.020402969184943
22 60 11.863682887073152
22 61 20.4961546027733
22 62 12.966802354827992
22 63 25.879339673604544
22 64 36.73443804311683
22 65 21.940205648473814
22 66 35.54853033604439
22 67 42.705949330690906
22 68 43.16736967581608
22 69 30.326958784089513
22 70 20.404488899382322
22 71 40.70006171300348
22 72 25.599175142674746
22 73 34.607730006437315
22 74 1.221525488475153
22 75 25.109614421516106
22 76 26.68361733429781
22 77 16.757549999209242
22 78 10.170698712193973
22 79 27.748762873462358
22 80 44.18789756979034
23 1 21.613636579172187
23 2 20.046235009011742
23 3 41.57399450617612
23 4 35.7606208789203
23 5 24.763261025755202
23 6 13.860938306675655
23 7 45.3985674423097
23 8 9.964744089615715
23 9 36.851202996015985
23 10 24.06898302188234
23 11 28.451742029739023
23 12 32.699334549766945
23 13 40.06180230587166
23 14 25.111397161665156
23 15 20.627732002362606
23 16 5.155645056842112
23 17 21.338007279553246
23 18 21.95941494681961
23 19 17.154879939924736
23 20 23.767809958498418
23 21 31.37829397791812
23 22 42.210922397126836
23 23 48.42547139913733
23 24 2.928541091332852
23 25 47.474446416970224
23 26 5.946660638246789
23 27 11.522581761475363
23 28 32.92786592140438
23 29 20.609587309202784
23 30 25.89528107275461
23 31 22.001410589746417
23 32 25.67326200840869
23 33 19.371834371403583
23 34 5.913492009393247
23 35 8.127612485156089
23 36 44.23309105186505
23 37 6.1943863952367515
23 38 3.6324291234872943
23 39 37.19371417942819
23 40 30.575672748581574
23 41 32.188888608634095
23 42 25.085643199546258
23 43 27.094032085938768
23 44 33.93225784688614
23 45 39.680720946548185
23 46 37.39788286768839
23 47 3.0896013003100955
23 48 21.937888397409502
23 49 28.186987734538153
23 50 17.49919300993113
23 51 26.130812597076076
23 52 34.742312361430976
23 53 20.879376508479144
23 54 31.24010878151968
23 55 31.204077946139254
23 56 21.69676482073038
23 57 15.742977559854292
23 58 23.99911819567336
23 59 38.67373334538268
23 60 40.120021625648434
23 61 18.714196450250725
23 62 38.88313836089186
23 63 34.33800927379619
23 64 7.433284693432059
23 65 34.19409241383947
23 66 11.93537172625266
23 67 10.285532362907968
23 68 13.346858917526697
23 69 2.3317869220484653
23 70 18.578562311129456
23 71 9.940595836736495
23 72 27.46126782882617
23 73 7.110811186943406
23 74 32.694125709145844
23 75 10.806170556523877
23 76 16.5461841666687
23 77 49.21781792891365
23 78 38.767585332930416
23 79 29.264615847217257
23 80 18.640618676026236
24 1 24.674446828643596
24 2 32.27156625107177
24 3 7.374780771778641
24 4 21.23061385559366
24 5 29.84651898458771
24 6 48.209221316762786
24 7 5.291542391694383
24 8 31.844176155566306
24 9 30.464414754457415
24 10 20.558977769167676
24 11 29.15682588433669
24 12 18.624862984948926
24 13 6.503174609516009
24 14 37.588497585421415
24 15 31.381493028638562
24 16 38.24796139033161
24 17 38.76204538155302
24 18 21.8925268187842
24 19 24.059100075584766
24 20 29.80893470581299
24 21 40.46212940421979
24 22 41.724685161461395
24 23 8.037758876156548
24 24 40.08617480340076
24 25 7.419652355602627
24 26 43.47938495928723
24 27 42.11022961300576
24 28 32.53744772746517
24 29 32.294442970722045
24 30 21.6106786432379
24 31 36.30431650685279
24 32 29.708718586134154
24 33 31.13044204530762
24 34 37.45127430825414
24 35 34.514788605637534
24 36 5.469236788821027
24 37 42.60504389609038
24 38 43.75356014273954
24 39 35.71590958205847
24 40 16.2167753158965
24 41 9.785182044066746
24 42 44.331659156166594
24 43 37.875278347836726
24 44 24.20457181610046
24 45 37.192301882367694
24 46 5.8201107315257
24 47 40.31561389582487
24 48 24.92149816523123
24 49 21.968682962419432
24 50 28.036993306161413
24 51 35.529504045032155
24 52 15.317429822937372
24 53 26.143284788744374
24 54 41.036575375200435
24 55 24.060583948001543
24 56 43.76218865746189
24 57 28.164761912124987
24 58 19.761956850166868
24 59 28.46221680319882
24 60 9.120528214088878
24 61 27.142496570559633
24 62 11.690785660204272
24 63 28.58060257339041
24 64 44.43645909711514
24 65 24.323258818237615
24 66 42.8414933451082
24 67 50.683023479405186
24 68 50.77991687154765
24 69 38.303190833047765
24 70 27.087063946430227
24 71 48.44090359872335
24 72 31.56905981679092
24 73 42.259759170370295
24 74 8.077535242779302
24 75 33.052174449360436
24 76 33.366718832532925
24 77 9.058120503399364
24 78 10.073355441415693
24 79 33.45724607492201
24 80 51.310727626940924
25 1 24.60699953535245
25 2 32.24623938198605
25 3 8.484992132357535
25 4 21.879833518466505
25 5 28.69588809866912
25 6 47.86954144010189
25 7 6.326675170269843
25 8 31.37074910422043
25 9 31.083169994967168
25 10 19.513366234526185
25 11 27.958912398737155
25 12 19.103151214729955
25 13 5.394887634720848
25 14 37.73104146455568
25 15 31.374035691794884
25 16 37.49335416113511
25 17 37.66848869174238
25 18 20.90128725093478
25 19 23.618627069498423
25 20 29.92094219244377
25 21 40.778764319134766
25 22 42.358685603717255
25 23 8.615752312549423
25 24 39.53165680178406
25 25 7.75714966304564
25 26 42.71991708248664
25 27 41.208529980096884
25 28 32.99321022336766
25 29 31.210034979013447
25 30 20.483603052556866
25 31 35.19533851079466
25 32 29.899006265063466
25 33 31.070366082838884
25 34 36.964241029106915
25 35 33.732018223698255
25 36 5.236876445024415
25 37 42.126021493522416
25 38 43.08153443459169
25 39 36.282557063750716
25 40 16.498694898976375
25 41 8.736217400976685
25 42 44.40074295900084
25 43 38.08135512847582
25 44 24.75620760409627
25 45 37.81885347601877
25 46 6.408046621543341
25 47 39.765750513342645
25 48 24.87968346575266
25 49 20.788279845602716
25 50 27.06490010699285
25 51 34.363263683599584
25 52 15.897468145749125
25 53 26.07406380465455
25 54 41.341386589864264
25 55 24.485571150187663
25 56 43.73450403047418
25 57 27.874179755364604
25 58 19.65495977133373
25 59 29.170526283688318
25 60 10.095555764465633
25 61 26.983250473329967
25 62 12.556075314658685
25 63 29.122899620768838
25 64 43.96606322841045
25 65 24.88618660573744
25 66 42.52881059566464
25 67 50.02367868694131
25 68 50.35221813969106
25 69 37.645825775813044
25 70 26.91890549882051
25 71 47.952695817472545
25 72 30.382692237780674
25 73 41.811370122077584
25 74 7.236123625418779
25 75 32.20698294788099
25 76 33.21462872354577
25 77 9.4664267054426
25 78 8.886090610403512
25 79 32.25529705125207
25 80 51.05817305794835
26 1 12.860980094045596
26 2 5.314286258637986
26 3 35.13156697179702
26 4 23.16442434206431
26 5 37.0645660857716
26 6 14.426457335492698
26 7 41.132250950172974
26 8 13.275904997005009
26 9 20.28907547477689
26 10 30.83411077969081
26 11 40.106618743548985
26 12 22.01292131676984
26 13 40.219436429841075
26 14 6.082132694391365
26 15 6.273157980232701
26 16 22.68641468399019
26 17 37.69218443422847
26 18 29.13607422295566
26 19 16.630667744048274
26 20 8.903771741814086
26 21 12.285751910770859
26 22 23.366202152275033
26 23 45.14147115310983
26 24 16.258860737957402
26 25 44.888271735524796
26 26 25.02523226226164
26 27 30.07516027520987
26 28 15.503706575893657
26 29 34.36249537416985
26 30 33.750227040923335
26 31 37.364880826492936
26 32 10.20772700024497
26 33 6.397693321710552
26 34 13.351990919987813
26 35 22.77535629864286
26 36 42.67982925987815
26 37 14.79197944595288
26 38 21.927065443934936
26 39 19.060647245491886
26 40 22.220777883105725
26 41 33.152609571593885
26 42 8.03592548694624
26 43 8.073324297530615
26 44 20.066212185230377
26 45 21.39591643957964
26 46 32.437057627031
26 47 16.18181856842828
26 48 12.60415029408585
26 49 36.376697569484136
26 50 28.5950587695951
26 51 40.673956951649956
26 52 25.36102610861614
26 53 11.39422483968317
26 54 12.15474671499089
26 55 17.80440275910311
26 56 6.3265181391439
26 57 11.322916420600617
26 58 17.82671203201932
26 59 22.927952092996424
26 60 32.91834652166777
26 61 10.76604671297628
26 62 30.57836417853445
26 63 18.458748191954154
26 64 15.489941209258898
26 65 20.246584530300517
26 66 9.856312158003908
26 67 25.67574569933776
26 68 18.67579403106596
26 69 19.236795022224314
26 70 10.882288012615048
26 71 18.618730980187838
26 72 40.25786409652615
26 73 13.642544058431453
26 74 32.05696240210444
26 75 24.730631638125608
26 76 5.014433916120828
26 77 46.42138512158153
26 78 40.717162270923374
26 79 42.58191670474846
26 80 15.372062804789183
27 1 14.981606897612606
27 2 20.747814062190773
27 3 10.794776691160125
27 4 4.75771628110192
27 5 36.724555352555974
27 6 39.23693773513157
27 7 17.73937354588139
27 8 26.221162775979828
27 9 14.007750194939018
27 10 26.469106208828315
27 11 37.67514726117198
27 12 3.88331461088351
27 13 22.152087465739452
27 14 23.882034064636738
27 15 19.75342403292052
27 16 36.13193193778783
27 17 43.291137769085466
27 18 26.492579156915752
27 19 19.59657408542624
27 20 17.01927848480233
27 21 25.247149991040313
27 22 25.240420347374915
27 23 22.039987290244746
27 24 34.658151469561155
27 25 22.495810748253422
27 26 40.974454521358076
27 27 42.24479616076485
27 28 16.64955645336458
27 29 37.19003884701163
27 30 29.01345770422597
27 31 41.42947676985867
27 32 16.102713987816774
27 33 20.15560359783554
27 34 31.305979907686915
27 35 33.29163290828143
27 36 21.833475984484544
27 37 35.872168163859925
27 38 39.80419604009126
27 39 19.34966804740351
27 40 5.854038242604392
27 41 19.44418076511051
27 42 31.010981538803488
27 43 23.58887892426847
27 44 8.031012717397461
27 45 20.716647697763328
27 46 10.771040841343549
27 47 34.797846305529646
27 48 14.834428545002012
27 49 30.724005717571558
27 50 31.114828939437267
27 51 42.37388020680254
27 52 1.9651242979096706
27 53 16.12550572662162
27 54 25.88892986431724
27 55 8.795037119118883
27 56 31.420263121907272
27 57 20.640089801868708
27 58 12.328107675617268
27 59 12.000636646488735
27 60 8.328490277698956
27 61 18.07753866266092
27 62 5.456475697743069
27 63 12.352796728104504
27 64 37.44465651456327
27 65 8.091157317494629
27 66 33.8590241935464
27 67 46.07165086844572
27 68 42.81876263377901
27 69 34.613223891209806
27 70 18.150335050992382
27 71 41.436340711586055
27 72 39.43116463217348
27 73 35.1267441744409
27 74 16.78220099643931
27 75 33.087284090480956
27 76 23.235979961583396
27 77 23.59085753121688
27 78 24.797074449282373
27 79 41.78690419330533
27 80 41.11749156320047
28 1 17.40131274014599
28 2 23.633021320603838
28 3 7.6329563678383
28 4 7.819582654386547
28 5 36.53078305937327
28 6 41.91874830067828
28 7 14.608676571377305
28 8 28.195208720293614
28 9 16.995480906783037
28 10 26.21826109495389
28 11 37.16387224469898
28 12 6.869585125730608
28 13 19.805965927084515
28 14 27.05913858481853
28 15 22.640630366594223
28 16 37.646771143157
28 17 43.65484885688343
28 18 26.500344887458976
28 19 21.136700933864695
28 20 20.040806857291233
28 21 28.490353960533536
28 22 28.132161516949754
28 23 18.900579583674336
28 24 36.73703737002621
28 25 19.437471526410317
28 26 42.61981634506014
28 27 43.42868199212482
28 28 19.859899559569357
28 29 37.39674346126828
28 30 28.548653510296834
28 31 41.65323506713588
28 32 19.222187020072575
28 33 22.946132541305897
28 34 33.46282892800622
28 35 34.59663770918262
28 36 19.015026858522997
28 37 38.18259739522789
28 38 41.68880823831195
28 39 22.402217129421985
28 40 7.524758325110661
28 41 18.11062319371371
28 42 34.17766069692602
28 43 26.807781819372643
28 44 11.23078391441882
28 45 23.642328480438387
28 46 8.351493678848245
28 47 36.89376069831656
28 48 17.328701247268498
28 49 30.03368649988104
28 50 31.554580085647345
28 51 42.26717768901603
28 52 3.53778328438218
28 53 18.651613956166166
28 54 29.13304203339342
28 55 12.024196688388527
28 56 34.49353292720231
28 57 22.827276186594265
28 58 14.073101240461657
28 59 14.733207641442963
28 60 5.182555086855873
28 61 20.481865188789993
28 62 2.2817634651866903
28 63 15.505656461262246
28 64 39.81192580558322
28 65 11.273959504949477
28 66 36.50327407329074
28 67 48.12350560784584
28 68 45.375248743646665
28 69 36.388480661319115
28 70 20.532337373013082
28 71 43.83815415312481
28 72 39.07962743636372
28 73 37.49445708871851
28 74 15.374129202671352
28 75 34.15289225789849
28 76 25.938874802271368
28 77 20.46854912483148
28 78 22.72232704141913
28 79 41.369683074181495
28 80 43.97607333555907
29 1 18.605234601132008
29 2 24.369443823000065
29 3 25.587450847817838
29 4 28.093254309498672
29 5 11.331421549346777
29 6 32.727585353968564
29 7 27.041964812167564
29 8 16.14620419569502
29 9 34.34554547123127
29 10 3.021876498209584
29 11 13.188515535028857
29 12 23.965731876086284
29 13 19.599438056337828
29 14 31.545308193009227
29 15 24.022029119528522
29 16 17.7166391888208
29 17 17.975189459029032
29 18 1.1885222230971524
29 19 11.687719351980016
29 20 24.97535215713082
29 21 37.0814378797719
29 22 44.10034042700548
29 23 29.13538452735997
29 24 22.010770931536637
29 25 27.851307909000578
29 26 22.762388165433887
29 27 20.454783094468606
29 28 33.06449435011012
29 29 11.640892928230745
29 30 5.778817967316581
29 31 15.89736587120259
29 32 26.26363863826943
29 33 22.91181326869982
29 34 20.648754242404035
29 35 13.825311594147957
29 36 24.291201868055136
29 37 25.437452305532922
29 38 23.945062260988703
29 39 37.66707680422846
29 40 20.225459652906387
29 41 12.178467747408297
29 42 36.0098659115162
29 43 32.91398962751836
29 44 28.527581431705574
29 45 40.03300578228206
29 46 20.96346954531788
29 47 22.289536992621365
29 48 19.177938580854192
29 49 8.408673671269657
29 50 6.314136489539597
29 51 16.7957801922557
29 52 23.691501958061746
29 53 19.41557613532553
29 54 37.358563673174395
29 55 26.36295292928515
29 56 33.82549876371825
29 57 16.757991650829236
29 58 15.838034134934443
29 59 34.37566509706324
29 60 25.161108096491212
29 61 18.451375078638097
29 62 25.347133924697758
29 63 31.53335679516808
29 64 27.262363951413032
29 65 28.79547751207907
29 66 28.234404029191623
29 67 30.819001361841643
29 68 33.84616897948201
29 69 18.932445693179446
29 70 18.259703458337466
29 71 30.778438391933964
29 72 14.328797059433093
29 73 25.57915918191453
29 74 13.725398862874034
29 75 11.802496493094933
29 76 22.9698767891458
29 77 29.59091103862675
29 78 17.73979587518906
29 79 16.786730118146863
29 80 36.96537867581074
30 1 18.91330497677378
30 2 14.288744176920254
30 3 34.23220739405966
30 4 18.953289847993755
30 5 48.06381516010126
30 6 27.450179360387533
30 7 41.1329859735087
30 8 26.121128027422596
30 9 10.941404885748181
30 10 39.85974774689211
30 11 50.553359413253126
30 12 20.573882267694483
30 13 43.74144585918592
30 14 8.383563547620893
30 15 14.185417124881736
30 16 36.607341360908904
30 17 50.50031045222031
30 18 38.652112953239566
30 19 25.97993550916065
30 20 12.512012144500243
30 21 3.0755636892661236
30 22 8.937027558437206
30 23 45.43203479172683
30 24 30.6577077788242
30 25 45.76098420677576
30 26 39.380820263111026
30 27 44.04372596261826
30 28 6.812416854563512
30 29 46.22546076377635
30 30 42.90876479015316
30 31 49.744854215916135
30 32 11.261842545941654
30 33 15.522979167521244
30 34 27.578349562806647
30 35 36.03882178704833
30 36 44.6178958952134
30 37 29.226249714660923
30 38 36.37536117650485
30 39 6.477596621223403
30 40 23.134045002444783
30 41 38.35726895010207
30 42 12.446557765018872
30 43 6.393893297158177
30 44 15.438949398995847
30 45 7.99594814169518
30 46 33.35704174401726
30 47 30.596834151102343
30 48 18.350836454284487
30 49 45.384741543663225
30 50 39.94028457657141
30 51 52.50621817159917
30 52 24.074223320880993
30 53 18.060897827395674
30 54 3.707066007267347
30 55 15.093674942110269
30 56 15.176271362823247
30 57 21.76094176723175
30 58 22.767273457192974
30 59 14.153268947606643
30 60 31.766258202423487
30 61 19.268059434679447
30 62 28.90412868796203
30 63 11.315322322250749
30 64 29.79586632200891
30 65 15.411474055984778
30 66 23.88992591037758
30 67 39.98277497762105
30 68 31.923982438632542
30 69 33.342950587373224
30 70 19.471833539033454
30 71 32.560578780668195
30 72 51.2643675065649
30 73 28.065360535040007
30 74 36.37977343917295
30 75 37.561256102809104
30 76 17.347133213590322
30 77 46.955327730434945
30 78 45.41853989352344
30 79 53.7061760177273
30 80 26.53252171919646
31 1 18.538636334767038
31 2 26.07677459800773
31 3 6.515250521157847
31 4 15.74874376569351
31 5 28.855356263654887
31 6 42.478774357865106
31 7 10.063858389822105
31 8 26.553243594423698
31 9 24.83411972512435
31 10 18.736942295739624
31 11 28.96022804670315
31 12 12.687692026430522
31 13 11.024804211562024
31 14 31.318542875758553
31 15 25.172859202249516
31 16 34.02814548780411
31 17 36.92647295298448
31 18 19.53755730240067
31 19 18.75472024286167
31 20 23.542387495562973
31 21 34.27008237202142
31 22 36.11164543398838
31 23 13.834116452912362
31 24 35.00757951512277
31 25 13.53974161790254
31 26 39.238520383781086
31 27 38.681959728397466
31 28 26.529269709135665
31 29 30.471170605237408
31 30 20.59042797972087
31 31 34.672570897272095
31 32 23.443550672398217
31 33 24.970850890515145
31 34 32.162447914079536
31 35 30.481707175585132
31 36 11.67959688636976
31 37 37.26399844136238
31 38 39.10903790806638
31 39 29.934901723954194
31 40 9.991797964582801
31 41 9.211601193113712
31 42 38.073754586402444
31 43 31.61552526019009
31 44 18.415445490729144
31 45 31.56658780838932
31 46 1.8938378053261613
31 47 35.21921899116177
31 48 18.755868439505463
31 49 21.68270304406053
31 50 25.325040207183484
31 51 34.65032751847242
31 52 9.684511883142653
31 53 20.005045041946634
31 54 34.834285225493325
31 55 18.008597605679487
31 56 37.55983635506842
31 57 22.40179863810889
31 58 13.706666913753708
31 59 23.13335227144367
31 60 6.3585176597838755
31 61 21.12749198716503
31 62 7.642890610690397
31 63 22.75523101469187
31 64 39.06147661680043
31 65 18.5626116325394
31 66 37.06421535112561
31 67 45.94821260154632
31 68 45.26241786821787
31 69 33.636355944755984
31 70 21.087076270793524
31 71 43.10502377042684
31 72 31.096241703841933
31 73 36.82883293057332
31 74 6.492387480800967
31 75 29.38831195950585
31 76 27.319811562166045
31 77 15.071115668897054
31 78 13.610420815440595
31 79 33.25485566918088
31 80 45.39612139365699
32 1 19.484038999955214
32 2 25.823238042511715
32 3 23.570612398247558
32 4 27.574459015864843
32 5 12.062151641717133
32 6 35.31655144247719
32 7 24.531780393372166
32 8 18.525337441886215
32 9 34.43836335707101
32 10 1.7671584008710772
32 11 13.119692617565118
32 12 23.441932029704724
32 13 16.75411836987015
32 14 32.930255148579704
32 15 25.3823413315902
32 16 20.628363070064513
32 17 19.832242540072535
32 18 2.6755175210622753
32 19 13.181841521224994
32 20 25.99295385441684
32 21 38.216940141084
32 22 44.586387576217845
32 23 26.441062493648083
32 24 24.783450011748663
32 25 25.108127231512967
32 26 25.668975195352857
32 27 23.203095631595865
32 28 33.58099664286011
32 29 13.360410293583882
32 30 4.6258361089223365
32 31 17.55370453982326
32 32 27.125642157737985
32 33 24.36125340300049
32 34 23.26963762659355
32 35 16.737011933321913
32 36 21.51225383806766
32 37 28.14627278607904
32 38 26.846225535899098
32 39 38.09767029844953
32 40 19.607494110252272
32 41 9.524765659747894
32 42 37.77823875708248
32 43 34.18069170862939
32 44 28.372186933329314
32 45 40.3902052703043
32 46 18.974383304250054
32 47 25.05950867151196
32 48 20.041046758205294
32 49 6.999699309199584
32 50 8.8615388463619
32 51 17.79753401435752
32 52 22.73772042054395
32 53 20.458734861660357
32 54 38.538629384816815
32 55 26.396566713519636
32 56 35.76995258057341
32 57 18.44706656394706
32 58 16.07671648902906
32 59 34.19520600139385
32 60 23.36467622552699
32 61 19.767801541181086
32 62 23.833321535769844
32 63 31.672536827968443
32 64 29.98445633479216
32 65 28.630203462832114
32 66 30.686274410039854
32 67 33.72740015539921
32 68 36.580966685215586
32 69 21.796968166484945
32 70 19.588126514662207
32 71 33.56210362391903
32 72 14.733962391230747
32 73 28.238757316682744
32 74 11.341009725872523
32 75 14.693823783740942
32 76 24.750446226688606
32 77 26.839247975204277
32 78 14.828809205624857
32 79 17.113014005502773
32 80 39.46392617939968
33 1 7.580327948322815
33 2 6.503470751865842
33 3 25.524407092802946
33 4 12.362309766306742
33 5 37.018572718612944
33 6 25.05325628846521
33 7 32.03100073423605
33 8 17.029358897735694
33 9 10.760013283658884
33 10 28.4814612216267
33 11 39.33640664688941
33 12 11.751005349419394
33 13 33.1146826698124
33 14 8.537210782056233
33 15 5.669289851570328
33 16 28.075608183048832
33 17 40.331763189806956
33 18 27.352737262215282
33 19 14.956588445281763
33 20 2.3545951583773213
33 21 11.747673469654654
33 22 18.16841262647908
33 23 36.2351476289813
33 24 23.745566644974524
33 25 36.269481516902665
33 26 31.83048887062721
33 27 35.337278228716194
33 28 7.3595062991600555
33 29 35.54936855984149
33 30 31.52752188011614
33 31 39.297588338664305
33 32 0.6383310289924994
33 33 6.776548450123883
33 34 20.289319530530737
33 35 26.660221731846207
33 36 34.6147779230244
33 37 23.638375439686758
33 38 29.51821971615215
33 39 12.0244610170128
33 40 13.022258539569954
33 41 27.198661079535462
33 42 15.597818049698262
33 43 8.676170654265983
33 44 9.234820366751114
33 45 14.54075123021501
33 46 23.619365713123226
33 47 23.781771766206756
33 48 7.0060761708697115
33 49 33.97887167490664
33 50 29.143533143133872
33 51 41.73368914196634
33 52 15.311137405909673
33 53 6.966751578983136
33 54 12.218129812110522
33 55 7.01039515887735
33 56 15.973261913028052
33 57 11.619437876576356
33 58 11.37828629662114
33 59 12.775249602621466
33 60 23.159250010529547
33 61 8.643665548008297
33 62 20.564663928766485
33 63 8.318239451789369
33 64 24.828678068103756
33 65 9.422496129933014
33 66 20.02263228030852
33 67 34.61807168557435
33 68 29.100462538490586
33 69 25.336697626568156
33 70 8.845924989636154
33 71 28.47653233276627
33 72 40.191191359936276
33 73 22.640078420929044
33 74 25.40376332492535
33 75 27.71951273509245
33 76 9.91560511163633
33 77 37.650355786941084
33 78 34.45670701455402
33 79 42.64985738210453
33 80 26.200975407308352
34 1 23.21882665249371
34 2 20.318464160749933
34 3 33.72969968375006
34 4 18.418069065028345
34 5 52.6818420369327
34 6 34.619127334553326
34 7 40.703863322770225
34 8 32.11396744135857
34 9 9.167852188357358
34 10 43.75885835896491
34 11 54.85436126980776
34 12 21.289006513118895
34 13 44.93157967950428
34 14 15.356934132824684
34 15 19.983354269581817
34 16 42.91763227318507
34 17 56.02126100613328
34 18 42.81240030153635
34 19 30.692237824295372
34 20 17.5399728593199
34 21 10.089176394433817
34 22 2.4345255177399965
34 23 44.96768347213649
34 24 37.37934978003693
34 25 45.57465468438883
34 26 46.01429789171332
34 27 50.32744591253901
34 28 8.601372080473116
34 29 51.303914908491336
34 30 46.7729089185974
34 31 55.04078062449875
34 32 15.84450835604426
34 33 21.341827031540138
34 34 34.17619469379062
34 35 41.98879666154948
34 36 45.00234142064203
34 37 36.174634568488656
34 38 43.155042777430694
34 39 4.1221126708029665
34 40 24.625687414902032
34 41 40.57947942384166
34 42 19.457303974913522
34 43 13.404829760650038
34 44 15.516292373249927
34 45 2.5699554827811655
34 46 33.832308602339445
34 47 37.33902241849642
34 48 22.642972583263937
34 49 49.10988042065454
34 50 44.89284592831429
34 51 57.477997312056296
34 52 24.329256761702013
34 53 22.719567215601447
34 54 10.608989378823958
34 55 16.41270695741168
34 56 22.319294678574426
34 57 27.17466868225976
34 58 26.09418412636536
34 59 11.627304685255307
34 60 31.310329472515885
34 61 24.337644422665644
34 62 28.417477142187064
34 63 11.232227215319334
34 64 36.82895366676149
34 65 15.365590967477608
34 66 30.980678403099716
34 67 47.02371177937687
34 68 39.092491077638876
34 69 39.80400199977366
34 70 24.542580908511997
34 71 39.68621767538207
34 72 55.83141419842694
34 73 35.026096800714484
34 74 38.294583914632405
34 75 43.26869574559057
34 76 23.661104171839938
34 77 46.55650684217203
34 78 47.11162104055323
34 79 58.29573462501837
34 80 33.62303007777723
35 1 29.83233009682278
35 2 37.49355807573024
35 3 12.344101405762455
35 4 26.894835563574272
35 5 30.143831730523416
35 6 52.70483479962264
35 7 6.831737092867368
35 8 35.98223618476906
35 9 36.13797163264452
35 10 22.07732295474485
35 11 28.76181570581758
35 12 24.319858155221652
35 13 4.544573978375918
35 14 43.0552361072736
35 15 36.63435039163634
35 16 41.256695159288235
35 17 39.5648291705286
35 18 23.771441863046412
35 19 28.342717608509517
35 20 35.23887403904362
35 21 46.09538112615328
35 22 47.386513548647656
35 23 5.918670268298178
35 24 43.913583362568616
35 25 4.232748251809375
35 26 46.43772027093021
35 27 44.31491362204875
35 28 38.230668719998896
35 29 33.254511502249954
35 30 22.361766921337427
35 31 36.97963281438919
35 32 35.230935648312546
35 33 36.29238246310354
35 34 41.522242328375384
35 35 37.41320122664933
35 36 0.6264023653628883
35 37 46.68632955951885
35 38 47.10533512872651
35 39 41.406598330253445
35 40 21.81986571475332
35 41 11.874949651935092
35 42 49.697931251823995
35 43 43.413756778820144
35 44 29.900085740585407
35 45 42.85959569334265
35 46 11.518359743655223
35 47 44.15902764879464
35 48 30.12377399995608
35 49 22.039981968506122
35 50 29.93039563274764
35 51 35.54323380439302
35 52 21.010940819090457
35 53 31.29551836657658
35 54 46.66164422530729
35 55 29.744589876320664
35 56 48.97208790982909
35 57 32.83729506480629
35 58 24.85951540777683
35 59 34.077298147726445
35 60 14.443273488686192
35 61 32.11826011874144
35 62 17.17652686541021
35 63 34.27680188124277
35 64 48.54140567793421
35 65 30.016850192608246
35 66 47.42025267047088
35 67 54.0649707198397
35 68 55.008994528076336
35 69 41.740312132723126
35 70 32.04432371723043
35 71 52.47681352235539
35 72 31.335154106074125
35 73 46.44163891168066
35 74 11.397693344891431
35 75 35.64409308130486
35 76 38.34559743581309
35 77 5.85008495599252
35 78 7.9367829697708006
35 79 32.915987766401855
35 80 56.03426513976522
36 1 14.827027958509117
36 2 18.53710385022795
36 3 16.54485529659732
36 4 1.3611079503068488
36 5 40.624310096145635
36 6 37.28273791154131
36 7 23.52492884641533
36 8 26.53688533791519
36 9 8.069313974670607
36 10 30.605761891479073
36 11 41.9701917742489
36 12 5.416384319858212
36 13 28.078264923419265
36 14 19.983967387530736
36 15 17.58643836638536
36 16 37.19954170799167
36 17 46.310132791498546
36 18 30.29637947562075
36 19 21.174918548665328
36 20 14.39109871158036
36 21 20.22941604662237
36 22 19.257241106857734
36 23 27.808534175981116
36 24 34.485406148308265
36 25 28.363577554406323
36 26 41.684833221994836
36 27 43.86705420066253
36 28 11.32180755810786
36 29 40.52214373896069
36 30 33.362629570916006
36 31 44.68309485605233
36 32 12.955609940227392
36 33 18.354407424869724
36 34 31.015137420644113
36 35 34.83676674550178
36 36 27.815016256551395
36 37 35.07597938112055
36 38 40.000544191419266
36 39 13.484416791200807
36 40 9.274758820736977
36 41 24.810146252490767
36 42 27.060839379590814
36 43 19.30004236410663
36 44 3.143838492156221
36 45 14.742911647197976
36 46 16.750561748420704
36 47 34.57993230110112
36 48 14.470727607222797
36 49 35.30857317501065
36 50 34.198774770313285
36 51 46.09401515154062
36 52 7.401483850701131
36 53 15.532359294689499
36 54 20.903925260055832
36 55 5.476199517717997
36 56 28.024996823527832
36 57 20.682190440548307
36 58 14.15262827141491
36 59 6.062476869346287
36 60 14.106571532293371
36 61 17.69111728764109
36 62 11.207492435289732
36 63 6.788664389952611
36 64 36.463890484070745
36 65 3.0180240559892164
36 66 32.11759623147242
36 67 45.78420189277671
36 68 41.21076518034647
36 69 35.15357310118267
36 70 17.823163797312162
36 71 40.29684122747766
36 72 43.50775954063799
36 73 34.18771970147712
36 74 22.25132697437722
36 75 35.0854636762965
36 76 21.60495963854282
36 77 29.384537754332023
36 78 30.598140228383127
36 79 45.92581474823887
36 80 38.521144253183756
37 1 18.183613018541084
37 2 10.629514881973487
37 3 40.40324017471559
37 4 27.950778037505984
37 5 40.758222890400155
37 6 11.499290042062347
37 7 46.452652137467595
37 8 16.788411640275555
37 9 23.924695982532747
37 10 35.32960527717777
37 11 43.987163623590064
37 12 27.1138937921743
37 13 45.46956199243014
37 14 8.490927140053138
37 15 11.569961477596586
37 16 24.510828990517425
37 17 40.321694416056154
37 18 33.523522415802724
37 19 21.431791635989967
37 20 13.93165423996191
37 21 13.134937670007274
37 22 24.753466484363848
37 23 50.47001421804106
37 24 17.2169953497707
37 25 50.218666260909586
37 26 25.81524973894585
37 27 31.612404955729428
37 28 18.899061419053123
37 29 37.67120841770235
37 30 38.15932918360973
37 31 40.30556353967881
37 32 14.96813112242586
37 33 11.722940692486242
37 34 15.1069137680344
37 35 25.385278853526987
37 36 47.99594695164819
37 37 14.677003429675711
37 38 22.315150277893775
37 39 21.641256066543356
37 40 27.50094118145964
37 41 38.30209332980608
37 42 4.966688343096788
37 43 10.094752622198289
37 44 24.678878955483025
37 45 23.702991150620047
37 46 37.762356972046625
37 47 17.057962169657113
37 48 17.93366195972498
37 49 40.78945467280272
37 50 32.29743335425491
37 51 43.896885488856604
37 52 30.531373362161663
37 53 16.715543343921546
37 54 12.733850470053923
37 55 22.612786414744875
37 56 1.5930577525324012
37 57 16.13117915153005
37 58 23.13926697865633
37 59 26.827190480205388
37 60 38.16479973458732
37 61 15.97702175285465
37 62 35.772287332531825
37 63 22.499371989366093
37 64 14.724723625569979
37 65 24.832045046108174
37 66 8.69608119270873
37 67 24.654422152047637
37 68 15.97719285476333
37 69 20.882839029374942
37 70 16.0778986311121
37 71 16.887459156338682
37 72 43.90073759155902
37 73 13.515185892252719
37 74 37.2924511296102
37 75 27.64449267026804
37 76 9.902809947097916
37 77 51.75187785531612
37 78 45.866878267186614
37 79 46.14006312742037
37 80 11.028511863146878
38 1 32.88400819002516
38 2 40.32478578607053
38 3 11.396158971383375
38 4 26.83161848653482
38 5 36.95915884455367
38 6 56.82544205392165
38 7 4.556582320157437
38 8 40.59510215593104
38 9 35.92645628619924
38 10 28.491192733148974
38 11 35.66259621737667
38 12 25.207501909672136
38 13 11.372373374594785
38 14 45.108908819885755
38 15 39.39511899363688
38 16 46.92198827342909
38 17 46.29000214614083
38 18 30.041892507852257
38 19 32.79728477843825
38 20 37.49865785614355
38 21 47.29254222033708
38 22 46.87447131280527
38 23 0.995952057689046
38 24 48.86247752863614
38 25 2.783444898221634
38 26 52.14678361642305
38 27 50.496665885782534
38 28 38.835545780137515
38 29 39.920198243074786
38 30 29.0379782111503
38 31 43.731390181867965
38 32 37.14560740608897
38 33 39.27582512710451
38 34 46.20677395645511
38 35 43.15168820494106
38 36 6.338356518602822
38 37 51.354635745491294
38 38 52.503286624535086
38 39 41.3702424412747
38 40 23.642775834647264
38 41 17.868144945682264
38 42 52.04866467920186
38 43 45.16942009188894
38 44 30.221810011373623
38 45 42.463391379127714
38 46 13.191640356777024
38 47 49.091226883112135
38 48 33.07160424542299
38 49 28.866256594607865
38 50 36.22787437119388
38 51 42.413539412227884
38 52 21.616075769318943
38 53 34.34456889257895
38 54 47.911814522136744
38 55 30.689350552023846
38 56 51.76319702690769
38 57 36.748719248395076
38 58 28.098280092192457
38 59 33.417625756741906
38 60 13.862448960363864
38 61 35.52051819729433
38 62 16.746707613599305
38 63 34.52064619062295
38 64 53.18040063330335
38 65 30.27732264388584
38 66 51.42728255867212
38 67 59.44039466953277
38 68 59.48987027635753
38 69 47.06070596539882
38 70 35.48182205089253
38 71 57.19395333689471
38 72 38.22637749199587
38 73 50.989884798542505
38 74 16.656813448635457
38 75 41.58176995083373
38 76 41.70150546482094
38 77 2.0343636041877917
38 78 14.850131340988662
38 79 39.827643852870324
38 80 59.79151862971358
39 1 9.228344116239764
39 2 8.803474832633107
39 3 30.79479945368606
39 4 23.33622217527341
39 5 26.349805336797022
39 6 17.04935126994375
39 7 35.63221271331284
39 8 3.0841768632571585
39 9 24.682238583892325
39 10 20.575042346798757
39 11 29.40970434368885
39 12 20.462036403585063
39 13 32.46481486243188
39 14 15.50199133850398
39 15 9.048712059388436
39 16 14.081597730403624
39 17 27.497346669815325
39 18 18.74144144340617
39 19 7.4032035572211
39 20 11.781979816649581
39 21 21.732628745057497
39 22 31.32986149398058
39 23 39.18982606697616
39 24 10.613628015395378
39 25 38.56485147550972
39 26 17.973485333887083
39 27 21.391170744645173
39 28 21.183961202573062
39 29 23.742800231559613
39 30 23.37727034755782
39 31 26.933258712293608
39 32 13.667515769427377
39 33 7.689404858616459
39 34 7.215841207256347
39 35 12.98225592794541
39 36 35.7865257026229
39 37 11.941717782430509
39 38 16.061828154441006
39 39 25.70257444324213
39 40 18.77596133481269
39 41 24.801459662882095
39 42 18.657263954921667
39 43 17.27173302641772
39 44 21.459747397626707
39 45 28.23412596141706
39 46 27.08993736686103
39 47 10.735473796436969
39 48 9.508574735436378
39 49 26.006565229810114
39 50 17.882880657919937
39 51 30.068564746043652
39 52 22.83034224326586
39 53 8.409549393221067
39 54 21.809153188796333
39 55 18.730505715151597
39 56 16.24704074425064
39 57 3.461208221093029
39 58 12.434049388391381
39 59 26.310745574042187
39 60 29.021856195797756
39 61 6.250058264673599
39 62 27.386972773317954
39 63 22.0641267041157
39 64 13.647327580202917
39 65 21.72258560400818
39 66 11.774356256486914
39 67 22.0143856233122
39 68 19.6909292250308
39 69 11.425625280446873
39 70 6.123475653861544
39 71 17.706767029846255
39 72 29.544673166355256
39 73 11.356179436549334
39 74 24.36588048319669
39 75 14.507149922926077
39 76 6.014984806828017
39 77 40.23883809762658
39 78 32.23448369708722
39 79 31.876082919686205
39 80 20.50225183990137
40 1 11.657986249453291
40 2 4.896668875923274
40 3 32.16462076240512
40 4 18.9243174927961
40 5 39.20759953952909
40 6 19.58391501902682
40 7 38.55633130769404
40 8 16.439074580787143
40 9 15.10426816413565
40 10 31.851089407785437
40 11 41.96094563666903
40 12 18.471181394741894
40 13 38.90380553322274
40 14 2.3814390962622665
40 15 5.183501038241872
40 16 26.809478610239857
40 17 40.957048932419774
40 18 30.388338190758297
40 19 17.513291193437187
40 20 5.647673879817709
40 21 8.278862797504743
40 22 18.49529728929901
40 23 42.713561188822204
40 24 20.992922185802527
40 25 42.656550081844266
40 26 29.65859152949341
40 27 34.245949810377155
40 28 10.247445756397116
40 29 37.00225470253499
40 30 34.870945291857176
40 31 40.34408497521124
40 32 6.110538717198401
40 33 6.3217808519913845
40 34 17.828905687757025
40 35 26.328887140691908
40 36 40.799488528684925
40 37 19.891543977943055
40 38 26.76642012241754
40 39 13.836532196456252
40 40 19.464823751174208
40 41 32.41343680652229
40 42 8.945515995257209
40 43 3.837252067174023
40 44 15.585021646270453
40 45 16.216893466637977
40 46 30.020887632298326
40 47 20.95057242260799
40 48 11.210443693019844
40 49 37.447973200615145
40 50 30.879776976195593
40 51 43.32324282202185
40 52 22.011423928548524
40 53 10.371616725436056
40 54 8.394216471712426
40 55 13.636629251533655
40 56 9.311023365059574
40 57 12.669278755980754
40 58 16.464969286358
40 59 17.855687794491068
40 60 29.826516629285432
40 61 10.793068784147572
40 62 27.271014384462738
40 63 13.449871860470203
40 64 20.695421142093856
40 65 15.730073191253362
40 66 15.128259256053733
40 67 30.855565806583417
40 68 23.896763227231943
40 69 23.554402190306604
40 70 10.975623857943503
40 71 23.888707519874043
40 72 42.42322315739305
40 73 18.765380487406507
40 74 30.92704401912062
40 75 27.965345241336365
40 76 7.580845399774051
40 77 44.090428168536086
40 78 39.880238303233824
40 79 44.82540760070614
40 80 20.035271702625785
