DATASET: Gunluk and Lee 2009
FACILITIES: 30
CUSTOMERS: 60
FIXED_COSTS:
1 56.0
2 12.0
3 79.0
4 10.0
5 4.0
6 95.0
7 40.0
8 74.0
9 23.0
10 90.0
11 91.0
12 94.0
13 57.0
14 38.0
15 68.0
16 87.0
17 44.0
18 44.0
19 8.0
20 83.0
21 68.0
22 61.0
23 4.0
24 56.0
25 100.0
26 45.0
27 4.0
28 59.0
29 88.0
30 26.0
CAPACITIES:
1 2784
2 2784
3 2784
4 2784
5 2784
6 2784
7 2784
8 2784
9 2784
10 2784
11 2784
12 2784
13 2784
14 2784
15 2784
16 2784
17 2784
18 2784
19 2784
20 2784
21 2784
22 2784
23 2784
24 2784
25 2784
26 2784
27 2784
28 2784
29 2784
30 2784
DEMANDS:
1 69
2 43
3 8
4 84
5 15
6 76
7 100
8 31
9 53
10 53
11 7
12 36
13 86
14 23
15 51
16 83
17 13
18 70
19 2
20 40
21 17
22 3
23 50
24 65
25 73
26 9
27 99
28 26
29 42
30 99
31 46
32 42
33 17
34 49
35 28
36 34
37 34
38 39
39 68
40 26
41 44
42 62
43 15
44 38
45 84
46 27
47 61
48 70
49 13
50 46
51 30
52 65
53 68
54 5
55 69
56 82
57 51
58 38
59 96
60 11
ASSIGNMENT_COSTS:
1 1 27.379196992683784
1 2 29.823963089745035
1 3 33.60447779918144
1 4 19.351495469138296
1 5 14.893013134666944
1 6 15.174142814588713
1 7 23.800734203239866
1 8 31.260714219326218
1 9 9.550107813534153
1 10 12.055502274416655
1 11 35.19570505374432
1 12 16.265877880312924
1 13 31.392325414969356
1 14 2.702041799440624
1 15 16.016262132109215
1 16 29.65704854436066
1 17 33.47236940226589
1 18 11.1278902596181
1 19 37.05270189261613
1 20 27.339846961078006
1 21 18.47845315837378
1 22 8.846045269569368
1 23 13.528834025605374
1 24 20.59113631762984
1 25 2.0708829409482417
1 26 11.563934531926956
1 27 27.171302730910124
1 28 22.46259121731855
1 29 31.347332669717577
1 30 38.225073599522005
1 31 12.820776707593772
1 32 34.9973187635209
1 33 35.443837914819014
1 34 11.764759358125618
1 35 41.64382806876456
1 36 25.52192531880611
1 37 10.011086983239112
1 38 10.003397720031023
1 39 17.027570695762464
1 40 26.555819124380868
1 41 24.53874237467371
1 42 33.449819934546355
1 43 14.48536726388672
1 44 37.54358618943602
1 45 30.445129834366615
1 46 34.08327390083117
1 47 31.902252853757602
1 48 10.95531059661991
1 49 9.236895308832302
1 50 3.373195958928511
1 51 4.4012774613399
1 52 7.171662645700644
1 53 24.031429258658036
1 54 13.293531408788517
1 55 9.821457132602946
1 56 6.197791916015419
1 57 9.499563014746037
1 58 34.518876198412066
1 59 33.278117824356826
1 60 24.34872420497576
2 1 35.44790884101144
2 2 36.080258010306565
2 3 28.89812398520022
2 4 26.837327761808837
2 5 7.3672989060233505
2 6 6.35801126197979
2 7 23.87886445475891
2 8 35.60940829928807
2 9 15.022642312779592
2 10 10.47045179046466
2 11 33.384497448989336
2 12 25.142809730658882
2 13 24.778733293264533
2 14 11.650880410351194
2 15 13.929386307745087
2 16 32.445215701422256
2 17 38.37990693667443
2 18 16.466288884466902
2 19 38.67216238624961
2 20 34.90151884204114
2 21 25.38592413650188
2 22 16.605587668248685
2 23 12.256839279753622
2 24 19.66100834833354
2 25 7.40289911750173
2 26 10.550994895217498
2 27 35.95784691111423
2 28 20.737349850586092
2 29 30.711573201990877
2 30 41.48272832978776
2 31 21.753092664641386
2 32 32.38056165661951
2 33 30.875196425367314
2 34 11.098670927306486
2 35 45.87714545166665
2 36 25.192484755853478
2 37 7.145869760052599
2 38 18.88089647432069
2 39 12.857205367554814
2 40 19.897624859900674
2 41 33.28541942112597
2 42 36.824295957025384
2 43 13.394261638380128
2 44 35.04377638633547
2 45 30.104576519736405
2 46 41.21027267034862
2 47 40.44195324327281
2 48 18.451524323675443
2 49 17.23826396430565
2 50 6.122241359542549
2 51 11.371473899708672
2 52 2.04438931713127
2 53 28.65090195440735
2 54 22.221332467861778
2 55 18.30516924003303
2 56 15.081238210888733
2 57 5.668109611526216
2 58 27.91484367506662
2 59 32.745293091392476
2 60 17.488287213374978
3 1 25.04166762784826
3 2 22.574004839591026
3 3 24.128692114674337
3 4 16.018853734635513
3 5 14.389711556033049
3 6 19.79985033470257
3 7 11.439414238506535
3 8 21.02774053248555
3 9 21.86514018664428
3 10 23.178627291530958
3 11 23.262929473069708
3 12 19.79752885139533
3 13 24.840810357087907
3 14 13.186999752392639
3 15 6.939858300754569
3 16 17.972668765988598
3 17 23.92550605806098
3 18 5.297993869806694
3 19 24.835864727213814
3 20 23.354622708430128
3 21 13.689369621172414
3 22 10.076363932012043
3 23 5.136539221824621
3 24 8.921130542535115
3 25 11.164913486676364
3 26 22.897176459682537
3 27 28.40758792233989
3 28 11.180148530554279
3 29 19.03854772871082
3 30 26.934841877756295
3 31 17.904296811369154
3 32 23.53858830586965
3 33 25.686427123582238
3 34 4.5563156644123906
3 35 31.253668944940934
3 36 13.235223145568947
3 37 8.139342871648083
3 38 17.978857549221757
3 39 10.248348599966917
3 40 20.752671070700288
3 41 25.72997276526825
3 42 22.236211259799404
3 43 5.035319137607979
3 44 25.92942642229692
3 45 18.07621046104909
3 46 28.57111927824889
3 47 31.24901047313066
3 48 10.189087476188549
3 49 19.91534167941234
3 50 11.047121292176024
3 51 16.718176297408853
3 52 12.940692478265225
3 53 14.245704370095941
3 54 19.909063526759034
3 55 12.916354844552776
3 56 15.431819697966784
3 57 19.082725566360352
3 58 27.63812793729708
3 59 20.921046969597544
3 60 19.327221789468226
4 1 37.43944046922822
4 2 26.27211357292604
4 3 31.510545680590376
4 4 34.60538696218916
4 5 43.73138802168916
4 6 50.87342260927164
4 7 23.526308782268895
4 8 18.060551234525153
4 9 54.4338659581172
4 10 56.551859826363525
4 11 19.732217311194226
4 12 44.31908886556409
4 13 39.70794075457225
4 14 45.594253629017196
4 15 33.73942124367305
4 16 16.196392050714657
4 17 19.055144626073776
4 18 34.89017637009958
4 19 8.58476361253719
4 20 33.81308986560265
4 21 32.75617985201576
4 22 39.489530804197706
4 23 35.010466424668714
4 24 28.001124692663126
4 25 44.509313631523064
4 26 56.292363799399084
4 27 45.217058207258134
4 28 27.77379637427658
4 29 18.31678444310187
4 30 10.285288752058431
4 31 45.006391942479986
4 32 22.87688866418045
4 33 30.782506985698483
4 34 36.15284510387818
4 35 13.90731945996892
4 36 22.569712926931267
4 37 40.09280849805904
4 38 47.5016810141477
4 39 36.28928885908605
4 40 39.756313985672314
4 41 43.8503993609378
4 42 13.857912916354422
4 43 33.888565311388874
4 44 21.676222687863746
4 45 18.304981344633887
4 46 31.1455688018546
4 47 43.14398141465064
4 48 37.87878865089731
4 49 51.05606441945718
4 50 44.451806448908265
4 51 49.50579580604216
4 52 45.88806614158601
4 53 23.644278654885873
4 54 47.56328855692613
4 55 41.36028691761954
4 56 46.618945078849784
4 57 52.27440519831524
4 58 40.060958309990866
4 59 16.579215342665805
4 60 40.60788516507085
5 1 39.61088559527947
5 2 30.37147150365594
5 3 14.026740978646382
5 4 33.06550605190081
5 5 29.45132539150827
5 6 36.79411939929356
5 7 12.47436604311914
5 8 22.147827840175722
5 9 45.52889040449107
5 10 44.9572809846672
5 11 2.246979524586172
5 12 41.0451460183893
5 13 22.319017497336905
5 14 36.994904829797306
5 15 20.84682105435751
5 16 15.808601871798578
5 17 25.32137092393492
5 18 27.65273504062599
5 19 12.228469276119213
5 20 36.317571326071054
5 21 30.47909699424039
5 22 32.97583114307436
5 23 22.949083905782324
5 24 15.46642379828929
5 25 34.37143800639764
5 26 44.890147936762155
5 27 46.11099404180282
5 28 13.974826516024688
5 29 5.013268267237606
5 30 19.785005503183392
5 31 40.29537380268835
5 32 5.4256596481216635
5 33 13.392206182758656
5 34 24.566001510652185
5 35 26.11117991548133
5 36 10.611306719631553
5 37 27.846373980616384
5 38 41.34989876080133
5 39 22.13146149355446
5 40 22.89663810663043
5 41 43.942283521693305
5 42 18.558018539479452
5 43 21.84738985097493
5 44 4.970216567762185
5 45 6.219675905905256
5 46 37.131933278769594
5 47 46.28844360219513
5 48 32.17014418927184
5 49 43.70505416922592
5 50 33.825068115287344
5 51 40.363893264081376
5 52 33.87487026831481
5 53 22.50026336406093
5 54 42.65401770240178
5 55 35.585135741805345
5 56 39.18036158656847
5 57 40.25206269465004
5 58 22.575709173182457
5 59 3.785341579097006
5 60 24.125583415907766
6 1 40.065692767419776
6 2 29.5510336224933
6 3 22.362875950933763
6 4 35.13035300035501
6 5 37.297175682324365
6 6 44.62334588454773
6 7 18.2603502257099
6 8 20.751909127220223
6 9 51.30525406249171
6 10 51.87477735695825
6 11 10.768157429046605
6 12 44.16029236337336
6 13 30.842140509003062
6 14 42.51421418690602
6 15 27.97446872618592
6 16 15.884966672379711
6 17 23.127929666464997
6 18 32.30323081109355
6 19 8.442604941625788
6 20 36.51421998379884
6 21 32.80889934240654
6 22 37.43895289516386
6 23 29.749735505515723
6 24 22.238632838514196
6 25 40.53925370314227
6 26 51.72793764410248
6 27 47.33071729140599
6 28 21.31329807914769
6 29 11.22946928854976
6 30 15.428371607613675
6 31 44.07472737285594
6 32 13.727252684212027
6 33 21.45691440538276
6 34 31.189269001307096
6 35 21.118609946237743
6 36 16.74662689092808
6 37 34.8337756194313
6 38 45.82172255236829
6 39 29.83826268695194
6 40 31.480103759981105
6 41 45.506659028756644
6 42 16.371103708381167
6 43 28.60916404909529
6 44 12.225278925818971
6 45 11.791763226896904
6 46 35.64376147476496
6 47 46.417758706761674
6 48 36.2269134789927
6 49 48.76360324106965
6 50 40.20115775149484
6 51 46.17978187439553
6 52 40.852605127737654
6 53 23.811053270713177
6 54 46.570726327996056
6 55 39.76351094013698
6 56 44.20759646053743
6 57 47.30365529184465
6 58 30.905145776921568
6 59 9.199118192279867
6 60 32.64752068427072
7 1 47.6410996266026
7 2 43.97913829099068
7 3 15.226675878969061
7 4 38.60934750361233
7 5 11.521558166239705
7 6 15.69815019990303
7 7 22.923276055308875
7 8 39.649065064270026
7 9 33.686995393391406
7 10 27.615672455982914
7 11 25.175026451181846
7 12 40.75178911007531
7 13 7.477887683583773
7 14 28.875966863847925
7 15 16.001346281251646
7 16 34.01168035597029
7 17 43.12696786867237
7 18 27.527594699052564
7 19 36.59795486274021
7 20 45.8564359798981
7 21 36.279589410458826
7 22 30.794920486791394
7 23 17.467660514900345
7 24 19.03461840489106
7 25 24.31311980123631
7 26 27.990333787410137
7 27 50.54170277261334
7 28 17.797568426074207
7 29 25.753072749184103
7 30 42.347900797880186
7 31 37.922642911140294
7 32 22.638669568463246
7 33 17.065692231761066
7 34 18.458502286342892
7 35 48.240573954192826
7 36 22.835305647767782
7 37 17.125191969241733
7 38 36.08998136312563
7 39 12.393489829158423
7 40 4.375871701874044
7 41 47.816051161303335
7 42 38.67751091832356
7 43 17.67621849254958
7 44 24.96652803718644
7 45 25.952183729486112
7 46 50.52472432899147
7 47 53.786654004973734
7 48 31.812397479774535
7 49 35.434237764727506
7 50 22.96762436741784
7 51 29.74433979410915
7 52 19.66545926424254
7 53 34.63023623177002
7 54 39.10869309724047
7 55 33.37386207805701
7 56 32.3838111020966
7 57 23.295436418411633
7 58 10.213737860460343
7 59 27.44862356834664
7 60 3.7138768612375395
8 1 40.014668419806945
8 2 42.737529012404316
8 3 37.426826093284426
8 4 32.286200885056395
8 5 15.468504654561546
8 6 9.571532367258307
8 7 32.98725169468043
8 8 43.51711050090864
8 9 12.158147825560722
8 10 2.8226737598906904
8 11 42.56846012115037
8 12 27.83237601222583
8 13 32.21440767395612
8 14 14.861871535511387
8 15 23.136465836326654
8 16 40.9936258610858
8 17 45.995687540803914
8 18 23.525822543788045
8 19 47.59902146240766
8 20 40.218564421232124
8 21 31.43954177810778
8 22 21.80647310309099
8 23 21.3674574464325
8 24 28.842353025993717
8 25 12.849244374112088
8 26 3.498263201208084
8 27 38.74392894879469
8 28 29.952011206268903
8 29 39.91533648264414
8 30 49.91926208753096
8 31 24.234826779458434
8 32 41.472543863823105
8 33 39.42865007782843
8 34 20.06515684641513
8 35 53.898575364347714
8 36 34.3565122381239
8 37 16.257604725660766
8 38 20.363308250367744
8 39 21.950492362251193
8 40 27.518509576168782
8 41 36.28827905146922
8 42 45.186615718917906
8 43 22.510080566940932
8 44 44.13960214141813
8 45 39.289340689684394
8 46 47.03187053093838
8 47 43.96403686145791
8 48 23.922405548149698
8 49 16.869651248388152
8 50 12.333585789025664
8 51 11.948005512253161
8 52 10.30424432664072
8 53 36.355451014443815
8 54 23.700812286898902
8 55 22.46573259170196
8 56 17.178378115577523
8 57 3.9392113913767823
8 58 35.24567866402874
8 59 41.947793479768954
8 60 25.07555201513808
9 1 9.152745733516571
9 2 18.66944991262618
9 3 46.954314518910394
9 4 9.698446190441866
9 5 34.68808112319644
9 6 36.518300403391144
9 7 31.246476825550275
9 8 25.789060155111137
9 9 22.591022986025816
9 10 31.168870350016327
9 11 43.02375230326736
9 12 5.270755199040038
9 13 48.110305021582775
9 14 18.840832175655333
9 15 30.208386927129972
9 16 28.966143021075357
9 17 25.613956909177926
9 18 18.01035034417194
9 19 37.079393520508255
9 20 11.705053421093519
9 21 12.19566772500689
9 22 14.343444280963558
9 23 28.0807886400324
9 24 31.102717567588563
9 25 22.791004052658785
9 26 30.45807508272765
9 27 5.769925231474722
9 28 33.5042009322408
9 29 37.727668725170005
9 30 33.83703520166731
9 31 8.868937818901028
9 32 44.40239611870219
9 33 48.30604971789287
9 34 26.78219867925464
9 35 33.84819943332202
9 36 33.07650779339805
9 37 28.150660463053235
9 38 12.852327822712322
9 39 33.21140456833363
9 40 43.85061952875375
9 41 3.186359163925493
9 42 29.993759716375195
9 43 28.263419977822096
9 44 46.28860208912873
9 45 36.477464737560716
9 46 18.39422829430851
9 47 10.94101818084916
9 48 13.322902590991436
9 49 17.05542319901306
9 50 24.100606037629284
9 51 21.154918392192453
9 52 28.241534017208735
9 53 20.994954997761127
9 54 9.803439238780332
9 55 12.016993458175525
9 56 15.962081780802492
9 57 30.39345272436975
9 58 50.938605364954284
9 59 38.97011050287504
9 60 42.17845696194553
10 1 21.918574629404254
10 2 24.367343702068936
10 3 33.88014773740257
10 4 13.76531079952156
10 5 18.1862310020744
10 6 20.05476233367357
10 7 21.552515709095633
10 8 26.43257951361767
10 9 12.734885097194509
10 10 17.47132772773787
10 11 33.55664984764567
10 12 11.83083115627491
10 13 33.105748857724166
10 14 4.130308375356107
10 15 15.966918463655997
10 16 25.59673705418809
10 17 28.39554054351714
10 18 6.876911353237689
10 19 33.41042171171678
10 20 21.76490872316149
10 21 12.956735868317773
10 22 3.2675206628167306
10 23 13.464315030201682
10 24 19.230654660532856
10 25 6.372060418457279
10 26 16.92343094784723
10 27 22.369091193791753
10 28 21.42868451984468
10 29 29.137529311045558
10 30 33.76447478940902
10 31 8.853205659981322
10 32 33.863456077378686
10 33 35.56658556272422
10 34 11.790785938470679
10 35 36.73923055676818
10 36 23.410636467451333
10 37 11.945908902181767
10 38 7.782398229084161
10 39 18.087126316677853
10 40 28.480942831689028
10 41 19.667521088468977
10 42 29.014222056153443
10 43 14.097409023636759
10 44 36.258624927916685
10 45 28.096523315690575
10 46 28.498403887099634
10 47 26.745215496692392
10 48 5.3964170827006175
10 49 9.719234021099824
10 50 7.576673416223476
10 51 8.120801157374189
10 52 11.69323437701591
10 53 19.240530232654898
10 54 10.247715802394774
10 55 4.636417740690116
10 56 5.167472781117489
10 57 15.073771045372292
10 58 36.13503810500706
10 59 30.93715924372063
10 60 26.523303911511753
11 1 9.824878054026854
11 2 19.22288326648952
11 3 46.93425821179093
11 4 9.9773490872482
11 5 34.371016441279615
11 6 36.08661276440765
11 7 31.33895082677003
11 8 26.233242651979722
11 9 21.9632137321938
11 10 30.591622454159324
11 11 43.17187942320331
11 12 4.7384027307646805
11 13 47.96628304298342
11 14 18.36610229719883
11 15 30.075461751686046
11 16 29.292195761125555
11 17 26.1247657083322
11 18 17.892045530671407
11 19 37.4332220043937
11 20 12.328542727617933
11 21 12.413254674440772
11 22 14.070082172116956
11 23 27.916543006452677
11 24 31.09646531084758
11 25 22.373630548826853
11 26 29.877915443665266
11 27 6.241490146715292
11 28 33.499389616044525
11 29 37.89637828213665
11 30 34.29750689549062
11 31 8.329348163827548
11 32 44.5059116137338
11 33 48.307107564672044
11 34 26.58919457749039
11 35 34.39422718305114
11 36 33.17977595285341
11 37 27.868620211981426
11 38 12.26366015073041
11 39 33.03245274085584
11 40 43.672105643796364
11 41 3.7553676053013985
11 42 30.40850374626408
11 43 28.12584302246227
11 44 46.41984326090486
11 45 36.65004361824022
11 46 19.05503716562526
11 47 11.550146175245224
11 48 13.138885878514095
11 49 16.429375440994757
11 50 23.693619470789617
11 51 20.605093316766208
11 52 27.832873322272867
11 53 21.310085046021683
11 54 9.17289934975797
11 55 11.669549358318026
11 56 15.433173066541514
11 57 29.879671790982442
11 58 50.81303904876814
11 59 39.16622411162264
11 60 41.97286847354593
12 1 27.64207409709941
12 2 18.17223854880834
12 3 22.783654362946436
12 4 21.922309411623132
12 5 28.858525785354395
12 6 35.75303259221659
12 7 8.752454045492433
12 8 10.208038932690256
12 9 38.99415473391857
12 10 40.88663854934321
12 11 13.441087544593323
12 12 30.846269461431646
12 13 29.06772358111132
12 14 30.13586831693954
12 15 18.65438561789765
12 16 3.664984161862947
12 17 13.6161464182685
12 18 19.5524240914919
12 19 7.107722038628992
12 20 24.253621590819225
12 21 19.53486550658771
12 22 24.47237537367876
12 23 19.607434212920644
12 24 13.217994052821592
12 25 28.853012373941354
12 26 40.62258705144604
12 27 34.50134191632367
12 28 13.74596688446118
12 29 8.306851869443058
12 30 10.939054342977236
12 31 30.82453384823016
12 32 16.045324289678117
12 33 23.049987507050393
12 34 20.61920787991431
12 35 16.88052029138604
12 36 8.58941690183921
12 37 24.61254078061574
12 38 32.765728253622534
12 39 21.655918267738222
12 40 27.57042840546494
12 41 32.51634609074318
12 42 7.549558051651377
12 43 18.518226118464483
12 44 16.865057475513428
12 45 7.224334360317449
12 46 24.97425924274492
12 47 34.249394268806405
12 48 23.10752691011742
12 49 35.96826308576186
12 50 28.78099452120562
12 51 33.987233575917855
12 52 30.297647264444887
12 53 10.741311539170331
12 54 33.33913285725424
12 55 26.649677842019237
12 56 31.448292301649055
12 57 36.6482222551555
12 58 30.469004706347025
12 59 8.49056178361251
12 60 27.74693654402683
13 1 32.14943838669295
13 2 22.174362779733425
13 3 21.473231138899386
13 4 26.72724912525496
13 5 31.341540865903024
13 6 38.49249893614849
13 7 11.173939571366853
13 8 13.623987591571368
13 9 43.2935967306877
13 10 44.58481121311505
13 11 10.565459768634554
13 12 35.67042771259685
13 13 28.789443417118616
13 14 34.4505371266076
13 15 21.376878621723936
13 16 7.773706166678644
13 17 16.63724883256415
13 18 24.03175989218192
13 19 4.363034207341098
13 20 28.68338772421733
13 21 24.359021548011718
13 22 29.07889549465365
13 23 22.751192463169364
13 24 15.61937420513369
13 25 32.82768197243547
13 26 44.37237359903166
13 27 39.177862121504425
13 28 15.422307843370946
13 29 6.744391426190834
13 30 11.257249600845839
13 31 35.59617995571408
13 32 13.61392219787096
13 33 21.324347580414095
13 34 23.988225836433333
13 35 17.617923916438702
13 36 10.184200063408879
13 37 27.860598302048388
13 38 37.42749509038594
13 39 23.904605993280303
13 40 28.10412282281476
13 41 37.25047487744276
13 42 9.801672144723556
13 43 21.617763816905327
13 44 13.743731797128886
13 45 6.303789393430355
13 46 28.731676004471712
13 47 38.67022869050826
13 48 27.798197233952354
13 49 40.49836338629609
13 50 32.62832453580643
13 51 38.220699447658255
13 52 33.74948509112267
13 53 15.476516926720688
13 54 38.099630596683184
13 55 31.339580683685625
13 56 35.95519908397184
13 57 40.18082942717521
13 58 29.71486490383289
13 59 5.7425785673817025
13 60 28.692204170961926
14 1 34.16439883733952
14 2 34.35883327982695
14 3 27.414993245367743
14 4 25.4211675420329
14 5 6.559003942396929
14 6 7.678396984284061
14 7 21.845195232501865
14 8 33.66566272476889
14 9 15.818617322783338
14 10 12.263622811046407
14 11 31.494830994237677
14 12 24.387614380174625
14 13 23.781924821471286
14 14 11.233234917946897
14 15 11.949569661492438
14 16 30.41918849589058
14 17 36.47918393758726
14 18 14.785104929638127
14 19 36.624544740925586
14 20 33.45970117072197
14 21 23.845844338064868
14 22 15.407273345715897
14 23 10.219501648611127
14 24 17.65351777541746
14 25 6.710927220060479
14 26 12.274777410437899
14 27 35.06245202303479
14 28 18.78721298517842
14 29 28.724403237977658
14 30 39.46427011872047
14 31 21.11048883331341
14 32 30.575200615852342
14 33 29.37322154021676
14 34 9.051546798406033
14 35 43.90736198108334
14 36 23.17631493305029
14 37 5.1041301482633825
14 38 18.553453865290397
14 39 11.10825135884889
14 40 18.884906791220693
14 41 32.363140847866866
14 42 34.816371222221136
14 43 11.358753942705249
14 44 33.23286043670123
14 45 28.100183627482465
14 46 39.63830174712135
14 47 39.35659104794008
14 48 17.140781342516767
14 49 17.40129089675071
14 50 5.329277380034589
14 51 11.668053391684653
14 52 1.6101315304876975
14 53 26.75384962741138
14 54 21.805485019144083
14 55 17.33199370741961
14 56 14.751492956518575
14 57 7.507412689555523
14 58 26.929693888849165
14 59 30.75649326868225
14 60 16.529728849600666
15 1 33.092631165963375
15 2 30.575502707188207
15 3 19.865652098456213
15 4 24.03481693601608
15 5 6.730943482541636
15 6 13.435346768106474
15 7 13.95901699980142
15 8 27.985451699206326
15 9 22.870315098302463
15 10 20.664317385862475
15 11 23.0856002449432
15 12 26.301492118458007
15 13 18.151563288605455
15 14 15.819293341279442
15 15 3.7507811909407116
15 16 23.683694195582962
15 17 31.17180626085207
15 18 12.862073725017348
15 19 29.022228121999838
15 20 31.525620602045638
15 21 21.811169466453055
15 22 16.263391304814252
15 23 3.2513176070129455
15 24 9.538427400578126
15 25 11.749909861316105
15 26 20.648002553403042
15 27 35.86561298101557
15 28 10.42266202830314
15 29 20.449403543979084
15 30 32.738790328059885
15 31 23.712264930168473
15 32 22.228409900364507
15 33 21.737107137413556
15 34 3.789320944175915
15 35 37.77978622099346
15 36 15.080530441869113
15 37 3.8822296601344437
15 38 22.499044650868726
15 39 3.2635406284183635
15 40 13.557060667725688
15 41 33.143473610061086
15 42 28.315228712058172
15 43 4.0442319598276875
15 44 24.876172518396917
15 45 19.904586274879062
15 46 36.72265595523634
15 47 39.13432143774489
15 48 17.15232279929296
15 49 22.899875706640508
15 50 10.72037429537294
15 51 17.98382737706273
15 52 9.639175779123123
15 53 21.773410417874818
15 54 25.19798394166942
15 55 18.953092324701988
15 56 19.07634307534318
15 57 15.916481190383363
15 58 21.193644656793143
15 59 22.484920833954135
15 60 11.731479987761688
16 1 26.965787233339185
16 2 24.374810220121745
16 3 22.738959635351755
16 4 17.936029218288144
16 5 12.613023407638405
16 6 18.325741309889136
16 7 11.3159256498045
16 8 22.43657169762209
16 9 22.084760831901985
16 10 22.582586540788004
16 11 22.709213762850172
16 12 21.378507266283
16 13 23.05983777808746
16 14 13.655934165932726
16 15 5.161902426539877
16 16 18.95263592181628
16 17 25.441922938328254
16 18 7.056241042250442
16 19 25.414847336457047
16 20 25.282098012665056
16 21 15.618463953166364
16 22 11.481468573732508
16 23 3.2091145255468976
16 24 8.130901341925302
16 25 11.012153706080692
16 26 22.35867855224138
16 27 30.22767888173134
16 28 10.2063905228543
16 29 18.811291007008833
16 30 27.99719422721292
16 31 19.297429443857727
16 32 22.733627378667485
16 33 24.365950109554763
16 34 2.7796091263420126
16 35 32.550834235785324
16 36 12.989239040610832
16 37 6.65289656432557
16 38 19.037730508316212
16 39 8.343426296966253
16 40 18.894895408767628
16 41 27.537902143461352
16 42 23.362159727401583
16 43 3.2124050576618894
16 44 25.2042428202424
16 45 17.939850311723976
16 46 30.448177209736343
16 47 33.1511374174881
16 48 11.825180069266061
16 49 20.60269974276528
16 50 10.656213618705621
16 51 16.919806922456193
16 52 11.95818042563362
16 53 15.837246430521807
16 54 21.183964606690296
16 55 14.321908929351427
16 56 16.223552700086145
16 57 18.283785679478704
16 58 25.901018310231144
16 59 20.759767767085705
16 60 17.425358886095808
17 1 23.509875142545244
17 2 12.322741483392848
17 3 33.87916296410459
17 4 21.61069596546102
17 5 38.437283617303216
17 6 44.79376359255898
17 7 19.444664712244023
17 8 4.92303227333421
17 9 43.88254097463367
17 10 47.809488168114825
17 11 23.54260669570426
17 12 31.46009618603148
17 13 40.31050071575722
17 14 35.35874274746601
17 15 28.33324832163937
17 16 8.36089243807296
17 17 5.099739833121939
17 18 24.850079725635165
17 19 10.2341711106572
17 20 19.891094038461347
17 21 20.2132977775456
17 22 28.478941848196083
17 23 28.628655599411978
17 24 23.56902902974634
17 25 35.42187676308103
17 26 47.40871291718546
17 27 31.33587719112329
17 28 24.569773505778628
17 29 19.08116194964586
17 30 3.6742696282085747
17 31 32.698337331707805
17 32 26.515607582891835
17 33 33.98479181349932
17 34 29.17813427917524
17 35 6.068397179516819
17 36 19.676980821774652
17 37 33.167199220358384
17 38 35.747210703596124
17 39 31.732439835886428
17 40 38.65721430631409
17 41 30.09433996482342
17 42 3.7174997728198287
17 43 27.68176759301016
17 44 26.7410383648938
17 45 18.18626563385548
17 46 17.463208809071165
17 47 29.199217919665056
17 48 26.562007602777125
17 49 39.75499833326842
17 50 35.73779374695595
17 51 39.365412394051674
17 52 38.18192757591349
17 53 12.020206372071268
17 54 35.22455587362512
17 55 29.787882465288796
17 56 35.60695435922224
17 57 44.121408081097734
17 58 41.70300444524343
17 59 18.604546333533463
17 60 38.660851958370046
18 1 29.890183359074868
18 2 18.735130864381354
18 3 35.51635351058027
18 4 28.494107578514203
18 5 43.411202089668485
18 6 50.115364499520055
18 7 23.461812264827824
18 8 11.77601532723088
18 9 50.51889321028413
18 10 54.0065632557176
18 11 24.142091454079242
18 12 38.34323299915698
18 13 42.874724191662864
18 14 41.89044411167575
18 15 33.19075810080359
18 16 13.176962057819729
18 17 11.518936389033737
18 18 31.251216610206544
18 19 9.923291673834395
18 20 26.319373462590512
18 21 27.089908356438126
18 22 35.150776326256825
18 23 33.86431960622725
18 24 27.906485738176634
18 25 41.64679997376035
18 26 53.64386020560499
18 27 37.78975244289436
18 28 28.422616511251952
18 29 20.849031309712686
18 30 4.143978371768812
18 31 39.57517024414601
18 32 27.331961595104413
18 33 35.23224666337225
18 34 34.6406282013502
18 35 5.230098476563604
18 36 23.179248846387154
18 37 38.66965946384045
18 38 42.573283709128766
18 39 36.323595730833
18 40 41.940976868159154
18 41 36.706881308398536
18 42 8.905307745993712
18 43 32.83353934316234
18 44 26.87574274987259
18 45 20.303603199775477
18 46 22.847260377413516
18 47 35.1739471225853
18 48 33.286295741923496
18 49 46.52228097637072
18 50 41.85456898236845
18 51 45.893100854588994
18 52 44.002011477874355
18 53 18.661826164057363
18 54 42.10509546947718
18 55 36.571984721785036
18 56 42.31036086805216
18 57 50.12527574324997
18 58 43.818165339923716
18 59 19.72915677317932
18 60 42.30461480881647
19 1 31.79684562614076
19 2 20.819862358045032
19 3 28.337036336161624
19 4 28.272666008569146
19 5 37.99133503959865
19 6 44.99369026794049
19 7 17.708660115481663
19 8 12.172217091164445
19 9 47.85175267064964
19 10 50.1683093442083
19 11 16.87588882994022
19 12 37.89777068213277
19 13 35.90760684377578
19 14 39.019895441258456
19 15 27.84814430553597
19 16 9.59356696036343
19 17 13.92384600176092
19 18 28.304913692915264
19 19 2.8230667805066454
19 20 28.174417204037503
19 21 26.318860978076074
19 22 32.8865033071404
19 23 28.91932272647783
19 24 22.23457274410082
19 25 38.038747970236834
19 26 49.887018281522295
19 27 39.416828747870966
19 28 22.343672329985527
19 29 13.871980999944874
19 30 5.786758342746845
19 31 38.47681174544268
19 32 20.072128759179677
19 33 27.9935164177065
19 34 29.95716413215435
19 35 11.668093150594641
19 36 17.04250438308351
19 37 33.94512659136551
19 38 40.91499733802568
19 39 30.65401179131706
19 40 35.28762958239229
19 41 37.88308747863062
19 42 7.738120314512605
19 43 27.819118516853365
19 44 19.610513064525325
19 45 13.488291143398593
19 46 26.435097557605914
19 47 37.82811355138677
19 48 31.282871234546878
19 49 44.45315055826882
19 50 38.02932588194074
19 51 42.94434176143779
19 52 39.63372811939319
19 53 17.151856736334885
19 54 41.032442299912226
19 55 34.77085735522101
19 56 40.016431282659724
19 57 45.97196364444366
19 58 36.71192616567707
19 59 12.581222131611709
19 60 35.84661906116648
20 1 35.7022241707992
20 2 26.307757676295505
20 3 16.81276303061777
20 4 29.44741778844979
20 5 29.15881783432556
20 6 36.4673186025286
20 7 10.217760563730938
20 8 18.062839264813743
20 9 43.474931823766
20 10 43.707482519219475
20 11 5.700918746418593
20 12 37.770304599932075
20 13 24.504963419388552
20 14 34.76661766684858
20 15 19.76356513704569
20 16 11.735664485977777
20 17 21.255122740993027
20 18 24.918971791674906
20 19 8.791041819608516
20 20 32.36326825179088
20 21 26.91373426903192
20 22 30.18822663569906
20 23 21.569690852948927
20 24 14.039621423657115
20 25 32.541349184171
20 26 43.57491223323069
20 27 42.354006864857084
20 28 13.123861462919924
20 29 3.0579007011621107
20 30 16.09234550067055
20 31 37.255419875605995
20 32 8.751919482253662
20 33 16.540582939482427
20 34 23.04339980448825
20 35 22.452655925323025
20 36 8.5929760392408
20 37 26.6393046664123
20 38 38.603023885645186
20 39 21.681864035643702
20 40 24.31998408235725
20 41 40.25178869886445
20 42 14.534052107764554
20 43 20.43171919444784
20 44 8.954588859439024
20 45 3.6101873058083185
20 46 33.05054694642829
20 47 42.35017684484749
20 48 29.201300450066093
20 49 41.24752566088742
20 50 32.13983532963386
20 51 38.32208977273165
20 52 32.66618897966793
20 53 18.638184321513524
20 54 39.676758703147755
20 55 32.685888591188835
20 56 36.69248164008924
20 57 39.11331190542982
20 58 25.19664891432512
20 59 1.1405450299701954
20 60 25.19259265182964
21 1 5.898090131719671
21 2 7.428272380669207
21 3 40.70848095687137
21 4 5.040636771054065
21 5 33.926852017376845
21 6 37.8956793296697
21 7 23.930093631535502
21 8 14.656279838092434
21 9 29.36555045642925
21 10 36.09455374902869
21 11 34.55300558641914
21 12 13.487284313090719
21 13 43.76730679323984
21 14 22.557864474413496
21 15 26.50491108083583
21 16 18.76589975315901
21 17 14.261738127052464
21 18 15.689765715587663
21 19 26.492957810246487
21 20 3.3897019751197135
21 21 6.431863027495045
21 22 15.541059252240066
21 23 25.083512312371724
21 24 25.283398060048533
21 25 24.907793307491218
21 26 35.4931676877449
21 27 12.750786314404086
21 28 27.521564879383526
21 29 29.12143827498108
21 30 22.593810734363075
21 31 15.808296403479416
21 32 36.479457717332345
21 33 41.71823225257085
21 34 24.401793882753548
21 35 22.54243716064743
21 36 25.514874584578408
21 37 27.212391121281478
21 38 19.71394142815624
21 39 30.079296896651343
21 40 40.21308059325665
21 41 11.149157343224193
21 42 19.010723923127166
21 43 24.79744922757131
21 44 37.96805424683589
21 45 27.856886748189275
21 46 9.7091981435769
21 47 12.644563602728523
21 48 13.466164350953742
21 49 24.220825412995563
21 50 25.874845229685572
21 51 26.12292210476012
21 52 29.66832118759432
21 53 11.277775420030217
21 54 18.03842014054196
21 55 15.11417841915874
21 56 21.149260269373745
21 57 33.8544286104564
21 58 46.223526234793525
21 59 29.993665796668743
21 60 39.06362481700082
22 1 19.321403175447983
22 2 15.101819663438068
22 3 27.359819484060978
22 4 10.99981588873074
22 5 21.925734707233087
22 6 27.344747498436146
22 7 11.120713658121934
22 8 13.801255613913268
22 9 26.14541888767935
22 10 29.454287433190036
22 11 22.990621054709923
22 12 18.224979191185938
22 13 30.099928616900723
22 14 17.363627115921506
22 15 13.178209298677965
22 16 12.177591239612418
22 17 16.470129085366615
22 18 6.638533226080072
22 19 20.101477933750548
22 20 16.976328392263408
22 21 8.317219010372314
22 22 11.21323839406297
22 23 12.237219445452165
22 24 11.670041527827848
22 25 17.066967015349267
22 26 29.059770379017397
22 27 24.29286826190703
22 28 13.973556089669206
22 29 17.819749595838825
22 30 20.527466728899967
22 31 17.719463503892413
22 32 24.271802068905703
22 33 28.532202756895757
22 34 12.082863704901282
22 35 24.176347635017752
22 36 12.945507036605594
22 37 15.723848648099134
22 38 19.48127904406965
22 39 16.857437997315127
22 40 26.640954940873744
22 41 21.845412237465077
22 42 15.752586738806832
22 43 11.688039363243156
22 44 26.197252927758583
22 45 16.604287635443505
22 46 21.398408104508928
22 47 25.942297579486397
22 48 9.833735383216286
22 49 22.759938396772416
22 50 17.39751398675344
22 51 21.33980441309132
22 52 20.07708257962982
22 53 6.741234854509972
22 54 20.187330962297466
22 55 13.37587107421265
22 56 18.285128167295213
22 57 25.81818672629922
22 58 32.560084109127224
22 59 19.265891147364147
22 60 25.6346982200222
23 1 26.525950314622094
23 2 23.99636075053957
23 3 23.10357058135125
23 4 17.494747420767425
23 5 12.976503906472702
23 6 18.596470235239295
23 7 11.397622181700017
23 8 22.167620372647313
23 9 21.939027671738735
23 10 22.62500914472949
23 11 22.9004353696486
23 12 20.97095797819818
23 13 23.491677606175397
23 14 13.448523443692237
23 15 5.58874117803326
23 16 18.78891862922494
23 17 25.145434216204272
23 18 6.620944002698331
23 19 25.35081813172802
23 20 24.851878527850253
23 21 15.181585148306548
23 22 11.096867192374873
23 23 3.648864799151895
23 24 8.353411740266948
23 25 10.934878345621854
23 26 22.387028427262646
23 27 29.789441774313975
23 28 10.475525286039616
23 29 18.92762589394968
23 30 27.817746017530904
23 31 18.919495811610375
23 32 22.978977403416316
23 33 24.71758178773312
23 34 3.129261070458604
23 35 32.313383859992705
23 36 13.102276511980579
23 37 6.913871580609318
23 38 18.719240388761964
23 39 8.786097038596894
23 40 19.335401109920824
23 41 27.1007937282498
23 42 23.16522157352206
23 43 3.6443902767565173
23 44 25.433676019317218
23 45 18.034958655088268
23 46 30.043504851549578
23 47 32.70856384405177
23 48 11.406808600891583
23 49 20.357624771258852
23 50 10.633808679183845
23 51 16.773607679713248
23 52 12.087433420807729
23 53 15.51724894038722
23 54 20.827123993265563
23 55 13.939523664596901
23 56 15.9541825516546
23 57 18.373359902939683
23 58 26.32681753040793
23 59 20.862902642299574
23 60 17.868033220602268
24 1 30.938140730829872
24 2 19.889126665051222
24 3 29.424580842777594
24 4 27.712695580434893
24 5 38.50683144025876
24 6 45.443555475777856
24 7 18.262447033895725
24 8 11.355080479401225
24 9 47.77730221160454
24 10 50.334062023729395
24 11 18.039195329758684
24 12 37.406312415907514
24 13 36.89319501708449
24 14 38.96941889488547
24 15 28.32490726765034
24 16 9.461191852322411
24 17 12.889076774140637
24 18 28.237814021419894
24 19 3.8262117094377706
24 20 27.31029045231083
24 21 25.840001529691126
24 22 32.70224598049924
24 23 29.29848702331076
24 24 22.783614880775378
24 25 38.136769566645846
24 26 50.03523281990102
24 27 38.61474313682843
24 28 23.011386264903354
24 29 14.844462386950699
24 30 4.555345027026966
24 31 38.096961595751374
24 32 21.225416686612228
24 33 29.12414835334811
24 34 30.275921258171156
24 35 10.397958714832614
24 36 17.71043100256852
24 37 34.28315293543264
24 38 40.63961254356226
24 39 31.223426628883942
24 40 36.15608090589734
24 41 37.141410377368324
24 42 7.008313309918629
24 43 28.212401223885458
24 44 20.823678573820516
24 45 14.387845289668643
24 46 25.360439100483763
24 47 36.88776852689687
24 48 31.044137333611566
24 49 44.25981863906595
24 50 38.17352419787549
24 51 42.91710855714528
24 52 39.90033118045683
24 53 16.7302140205601
24 54 40.65398601843589
24 55 34.50606351288915
24 56 39.85651406978627
24 57 46.200331827193395
24 58 37.76059943355953
24 59 13.643334594796297
24 60 36.65132903914976
25 1 31.087917682980542
25 2 21.875684490864593
25 3 19.3387540515794
25 4 24.8738975635564
25 5 27.78243255466748
25 6 34.92113289384019
25 7 7.602145265824396
25 8 13.93218978544177
25 9 40.072005100145304
25 10 41.098706237718915
25 11 9.703476961088288
25 12 33.373058355763106
25 13 26.078339859844696
25 14 31.259183605410968
25 15 17.802600132291605
25 16 7.407603937966904
25 17 17.29877064753498
25 18 21.031788616460965
25 19 7.69364055248454
25 20 27.768460687451217
25 21 22.36813248738309
25 22 26.201372699664123
25 23 19.19734747175147
25 24 12.04771612215672
25 25 29.450816656842736
25 26 40.90016391538654
25 27 37.734011515612224
25 28 11.929835033611333
25 29 4.615518395182306
25 30 13.582796850794749
25 31 33.025768400520505
25 32 12.319445872280093
25 33 19.482170270466693
25 34 20.462760852255443
25 35 19.819291103507073
25 36 6.650793835154239
25 37 24.310891903451676
25 38 34.60295170622679
25 39 20.35962909334528
25 40 25.021610370335807
25 41 35.646614873925806
25 42 10.945040825497166
25 43 18.061454753636855
25 44 13.134414557417076
25 45 3.6457097992512906
25 46 28.70498297681829
25 47 37.74783728438556
25 48 25.065545377271388
25 49 37.48559886945994
25 50 29.202985475965313
25 51 34.96518781904402
25 52 30.22212082786957
25 53 14.013048567372257
25 54 35.487125118497644
25 55 28.58754651017578
25 56 32.92881008496785
25 57 36.66184293941696
25 58 27.26601936991806
25 59 4.794566511518447
25 60 25.4604564963003
26 1 17.65316852087891
26 2 7.395140549671687
26 3 40.86460210087274
26 4 18.870988871809928
26 5 41.9304155617293
26 6 47.535115065648384
26 7 25.069187900300804
26 8 8.149000564401963
26 9 43.081342728075505
26 10 48.51277472062478
26 11 31.25539862722451
26 12 28.238190304615774
26 13 46.51587849280659
26 14 35.25129494620738
26 15 32.37500099824046
26 16 14.613137223327666
26 17 4.597052991635304
26 18 25.741985473989835
26 19 18.47564351134285
26 20 14.310305203592636
26 21 18.491158411485422
26 22 28.006611585547443
26 23 32.052165826572306
26 24 28.56139749632291
26 25 36.36817031121354
26 26 48.008706505050256
26 27 25.54009533642942
26 28 30.05476695154867
26 29 26.41137944005016
26 30 11.537543278485021
26 31 30.286199297453553
26 32 34.07681615246066
26 33 41.19591135727162
26 34 32.16615993769621
26 35 8.469276023288447
26 36 25.782573105237944
26 37 35.906860686306146
26 38 33.93037530021666
26 39 36.01224332299274
26 40 44.25050854535998
26 41 24.86354709158457
26 42 11.087212035611046
26 43 31.29382719871338
26 44 34.56400318274586
26 45 25.37042823411946
26 46 9.8750801304077
26 47 22.361738334481817
26 48 25.892118191062497
26 49 38.30583577690898
26 50 36.980295872718195
26 51 39.15172541113763
26 52 40.08261574034487
26 53 13.552382469246341
26 54 32.64430851090186
26 55 28.54633196877085
26 56 34.673903490537995
26 57 45.42393593853714
26 58 48.23474803597116
26 59 26.248329529960714
26 60 43.88506894389212
27 1 9.634780618239015
27 2 11.481614751151394
27 3 37.663943800815815
27 4 0.6694217721045814
27 5 28.963337478264616
27 6 32.66354099711389
27 7 21.362697284121186
27 8 16.430445490541334
27 9 24.484061501860946
27 10 30.859040550388382
27 11 32.87120092304562
27 12 10.223990034860694
27 13 39.89323408031345
27 14 17.319323064171193
27 15 22.22127431073938
27 16 18.792586062778422
27 17 17.124970603726062
27 18 10.712969864085686
27 19 26.99824699934551
27 20 8.467415539821678
27 21 2.0172391275813957
27 22 10.235875576492672
27 23 20.546012208365973
27 24 21.873767170792213
27 25 19.593869909444912
27 26 30.270970300769523
27 27 13.976646804828723
27 28 24.22659804532623
27 29 27.525345790890636
27 30 24.530919119459224
27 31 11.629376840702568
27 32 34.40888096095669
27 33 38.86017851358285
27 34 19.678027783930084
27 35 25.716347976850713
27 36 23.12706750362965
27 37 22.21281057079021
27 38 15.167189706350555
27 39 25.65994710779481
27 40 36.05892976637943
27 41 11.598613024545033
27 42 20.30927947571237
27 43 20.402969333173186
27 44 36.18540766441654
27 45 26.26718051874311
27 46 15.002074598811221
27 47 15.910594384388164
27 48 8.151896332042474
27 49 19.560434989692848
27 50 20.570693386543685
27 51 20.97389400363095
27 52 24.39747007813776
27 53 10.80357757024532
27 54 14.088272680311883
27 55 10.018321546335612
27 56 16.142005447298917
27 57 28.544064906200024
27 58 42.510420597255056
27 59 28.70898001740705
27 60 34.72939038467256
28 1 46.4435964942778
28 2 39.32664824438714
28 3 0.7146764632764023
28 4 38.30858318537516
28 5 22.492892035570122
28 6 29.213875484772263
28 7 16.72813545016647
28 8 32.436981141623384
28 9 43.09184631434707
28 10 39.74166699994912
28 11 11.167561257925307
28 12 43.98899811405869
28 13 9.469397562862573
28 14 35.800622850217415
28 15 18.191002046533626
28 16 25.902866738530072
28 17 35.94031608695726
28 18 29.41938477001605
28 19 25.07053822313498
28 20 43.69085430385565
28 21 35.633202368398784
28 22 34.34959324280908
28 23 20.72890870008145
28 24 15.902174900909499
28 25 31.95679167404213
28 26 39.89508867534545
28 27 51.55394086740219
28 28 13.501660274129035
28 29 14.40798653997925
28 30 32.20301982344285
28 31 42.18115991483572
28 32 8.016526172565023
28 33 1.5074047987160253
28 34 22.478077026279465
28 35 38.54765169863451
28 36 15.3399364879761
28 37 24.099613936496382
28 38 41.8945019364036
28 39 17.036731109826892
28 40 11.781762759313724
28 41 49.0305636460336
28 42 29.85601103373205
28 43 20.018632943099178
28 44 9.700466362834652
28 45 15.275181381757303
28 46 46.304531185481714
28 47 53.15194995857537
28 48 34.37981626808327
28 49 42.92267528375216
28 50 30.952726544762605
28 51 38.2094118813039
28 52 29.362044689619083
28 53 30.100991227226103
28 54 44.11618980896401
28 55 37.19308829616507
28 56 38.81802671909201
28 57 34.9643190719799
28 58 9.19940712631406
28 59 15.27031966933885
28 60 13.83539618565294
29 1 50.13817486001364
29 2 44.53792863001305
29 3 7.963646174054083
29 4 41.415996111220736
29 5 18.901434716777935
29 6 24.333884404945866
29 7 21.858035925761033
29 8 38.66483350346664
29 9 41.049401292084625
29 10 35.94848543888604
29 11 19.58082785815399
29 12 45.4000551423134
29 13 1.5434379840554169
29 14 35.04319320153955
29 15 18.948563774432508
29 16 32.371700877608305
29 17 42.21998972079382
29 18 31.14203843526281
29 19 32.90596858507237
29 20 47.810384157563014
29 21 38.849256128524466
29 22 35.37452736638481
29 23 21.184012959368903
29 24 19.314014229032857
29 25 30.68748025732052
29 26 36.249911471094826
29 27 54.22286119579063
29 28 17.24644712973943
29 29 21.894605811729047
29 30 39.6299857404059
29 31 43.01819138984163
29 32 16.542403751702892
29 33 9.31398211296983
29 34 22.67863396498247
29 35 45.87737343230108
29 36 21.030068769979152
29 37 22.8257438170755
29 38 41.88893079622586
29 39 16.257821314949865
29 40 6.368386145909629
29 41 51.564299597477536
29 42 36.71927849843919
29 43 20.900403071035555
29 44 18.35585096801171
29 45 22.504443638977335
29 46 51.4212550892709
29 47 56.658077135754915
29 48 35.923492646486544
29 49 41.994596669086455
29 50 29.458585578029428
29 51 36.635988163695856
29 52 26.840502982906127
29 53 35.050184670062315
29 54 44.584774313989485
29 55 38.15555353610409
29 56 38.403674028535406
29 57 31.40127807679115
29 58 1.8006316904850634
29 59 23.136058339608244
29 60 8.78962721663367
30 1 24.994540602932602
30 2 31.18386866299091
30 3 43.613986294477094
30 4 19.645843254308097
30 5 24.983926301224272
30 6 23.771877145108636
30 7 32.067879133014934
30 8 35.22779376755961
30 9 6.035887165346651
30 10 15.313396594271358
30 11 44.03864770031725
30 12 11.695235803320088
30 13 41.67902833196268
30 14 8.121718428352878
30 15 25.762276092035368
30 16 35.42688443760741
30 17 36.5693785800323
30 18 17.180713313129463
30 19 43.47353250569714
30 20 26.32209359896655
30 21 20.186760301010647
30 22 12.162626770712688
30 23 23.221673004450725
30 24 29.605187335110266
30 25 12.357570318814355
30 26 14.564032674639021
30 27 21.870704731327265
30 28 31.7211190507921
30 29 39.65317580682132
30 30 43.01491426898549
30 31 8.541501659554527
30 32 44.23931613981228
30 33 45.39886711659533
30 34 21.455730284880616
30 35 45.15150556278134
30 36 33.922898066903365
30 37 20.254234974128384
30 38 4.563490875964373
30 39 27.185448873334966
30 40 36.84070289412505
30 41 19.713502320572502
30 42 38.37626434769684
30 43 24.03473683080787
30 44 46.67865679350748
30 45 38.608002725779386
30 46 33.47732061435984
30 47 27.523445476864993
30 48 13.760615752674527
30 49 1.0623652660970606
30 50 13.622424415885018
30 51 6.927631106494779
30 52 16.914425984763138
30 53 28.34109811512402
30 54 6.857541279445269
30 55 10.373875513878465
30 56 5.3541110043960565
30 57 16.020974050990063
30 58 44.804718190767176
30 59 41.44663592659185
30 60 34.62062800558784
