DATASET: Gunluk and Lee 2009
FACILITIES: 20
CUSTOMERS: 40
FIXED_COSTS:
1 66.0
2 85.0
3 12.0
4 3.0
5 7.0
6 98.0
7 69.0
8 7.0
9 79.0
10 20.0
11 40.0
12 88.0
13 34.0
14 66.0
15 29.0
16 97.0
17 48.0
18 82.0
19 93.0
20 87.0
CAPACITIES:
1 2230
2 2230
3 2230
4 2230
5 2230
6 2230
7 2230
8 2230
9 2230
10 2230
11 2230
12 2230
13 2230
14 2230
15 2230
16 2230
17 2230
18 2230
19 2230
20 2230
DEMANDS:
1 36
2 68
3 48
4 80
5 59
6 92
7 46
8 29
9 89
10 32
11 28
12 83
13 1
14 72
15 6
16 63
17 40
18 56
19 19
20 63
21 19
22 85
23 90
24 37
25 60
26 36
27 77
28 85
29 6
30 77
31 93
32 31
33 85
34 55
35 22
36 54
37 96
38 97
39 26
40 89
ASSIGNMENT_COSTS:
1 1 65.18169575884565
1 2 6.331998990180561
1 3 34.60719412874743
1 4 5.15237989772751
1 5 12.36518054545507
1 6 46.25555271670122
1 7 26.43353100307877
1 8 49.5671755752794
1 9 35.579871377457216
1 10 22.541183069553046
1 11 46.37284602658095
1 12 32.177918939782266
1 13 9.705547321585115
1 14 46.719389866042896
1 15 64.37492369165366
1 16 20.872970095997463
1 17 28.034350097941175
1 18 52.793163996791534
1 19 44.63138406665466
1 20 40.63479694504032
1 21 27.333985082783684
1 22 22.78579996199835
1 23 56.485937022855595
1 24 60.09235530725776
1 25 44.59707940871756
1 26 52.968478334324054
1 27 24.773848862080083
1 28 39.251733234691145
1 29 21.463432357122336
1 30 41.12322470017829
1 31 42.245237547841114
1 32 51.607965367589
1 33 27.63234550745455
1 34 57.015733298279315
1 35 50.05525132791311
1 36 25.18725088652895
1 37 20.94040674197106
1 38 29.93756544533869
1 39 43.04155468111156
1 40 34.28236000473834
2 1 42.9953899860581
2 2 17.41553110754056
2 3 12.700217440032915
2 4 17.05578641377839
2 5 13.285078198568492
2 6 30.631288776459233
2 7 8.259048290866975
2 8 29.540902839116978
2 9 19.04892147348245
2 10 8.200648968087584
2 11 29.251613275192838
2 12 22.000799395271596
2 13 16.675922551359996
2 14 31.128817684810343
2 15 42.225173812035635
2 16 14.344698706240555
2 17 7.681924524479173
2 18 31.57623326796401
2 19 33.73090365398337
2 20 19.8794039939577
2 21 8.10745816855941
2 22 15.038695864417695
2 23 34.28067372496284
2 24 37.9264517915708
2 25 24.44844053226021
2 26 31.711060658143154
2 27 2.6165273277032908
2 28 18.168688997541004
2 29 15.583178462670686
2 30 19.122705655834217
2 31 23.18760417349059
2 32 31.308933808082646
2 33 10.743300379389444
2 34 35.078552220553924
2 35 35.81190065383817
2 36 16.815580516853903
2 37 10.311292978256084
2 38 14.97265557820755
2 39 28.25744863281746
2 40 12.246300151529207
3 1 50.26117241956206
3 2 13.07026589545462
3 3 19.541763738857952
3 4 11.087860906175814
3 5 4.60837921220962
3 6 31.37707499242197
3 7 10.66955953228123
3 8 38.35019177812103
3 9 20.175282827365525
3 10 14.46579697553221
3 11 37.758311520850796
3 12 18.98270702377752
3 13 8.188814355110267
3 14 39.3470011101595
3 15 49.32432138904249
3 16 8.154307881371356
3 17 12.521321895076964
3 18 40.226663496355606
3 19 31.69781870845256
3 20 28.670944363270912
3 21 11.638633095676136
3 22 19.557111654404117
3 23 41.80442799323096
3 24 45.74318908878164
3 25 28.81728337183253
3 26 37.296414677197205
3 27 11.264260626834972
3 28 26.928387744877302
3 29 9.340189126079295
3 30 27.438481751084264
3 31 31.932059670786117
3 32 35.82708788978862
3 33 18.588813873933052
3 34 43.30979422143899
3 35 35.763087911184236
3 36 12.19015831934001
3 37 5.882993659444822
3 38 14.68049044063188
3 39 36.2309103085433
3 40 19.38830296528331
4 1 21.908304336164516
4 2 38.34791632615639
4 3 9.652413216860113
4 4 38.222297638892364
4 5 33.469477936586266
4 6 26.90540293176933
4 7 19.723035022770784
4 8 16.514171331374637
4 9 20.692833935318937
4 10 23.690069214945222
4 11 22.98774420294826
4 12 29.785255945449652
4 13 37.077812665085865
4 14 26.783653696280744
4 15 21.263162108061785
4 16 30.183460126976584
4 17 16.93861567368407
4 18 14.249117169940442
4 19 35.46065123626779
4 20 10.546337596389659
4 21 18.3749902985135
4 22 29.292218562071632
4 23 13.119781853754947
4 24 16.85505519476628
4 25 14.013058984602624
4 26 14.61253960281083
4 27 18.606434691848545
4 28 9.498884396327242
4 29 30.987171748305403
4 30 4.302460551833603
4 31 16.10852161156996
4 32 17.371426495991127
4 33 20.268686407167806
4 34 14.814646819764556
4 35 32.40573992310071
4 36 29.55786949331062
4 37 26.692000520092122
4 38 22.55252786894861
4 39 26.450113974879546
4 40 9.589144002977019
5 1 16.510996814473906
5 2 46.06760278775731
5 3 19.46522866192037
5 4 46.446579885777425
5 5 42.60524515318198
5 6 35.20660464149718
5 7 29.50566447705576
5 8 10.764542610219104
5 9 30.466691288283126
5 10 30.161520244080346
5 11 19.730733450607126
5 12 39.7166987206715
5 13 46.155361087685996
5 14 23.701248875578088
5 15 16.65127723008391
5 16 40.01686741367762
5 17 26.620136351293826
5 18 5.447402571872502
5 19 44.47399892071662
5 20 12.259127323791787
5 21 28.141476705999423
5 22 34.343520126033226
5 23 8.59588837096436
5 24 9.621589271886863
5 25 22.100555462465838
5 26 18.383630267321323
5 27 27.065165159595512
5 28 12.907854716535017
5 29 40.8699595027193
5 30 10.572949352372243
5 31 15.114473313927151
5 32 22.860193606684216
5 33 25.706968147304476
5 34 5.4542907339689775
5 35 40.37048823126985
5 36 39.559432612292426
5 37 36.38426357710618
5 38 32.575930686390244
5 39 24.82349193875252
5 40 19.242110797924177
6 1 5.198931245470726
6 2 55.24453565394203
6 3 25.5786865637152
6 4 54.956632111453565
6 5 49.55808213260954
6 6 31.814682757506553
6 7 35.020115741177555
6 8 23.52067467911762
6 9 31.65838197244439
6 10 40.549661484177825
6 11 32.69994835380729
6 12 41.10985930257642
6 13 53.18281272163434
6 14 36.63696748486779
6 15 4.304026001428321
6 16 44.86888460663169
6 17 32.643919317202936
6 18 17.33375379942233
6 19 41.98427164902933
6 20 24.408195915651763
6 21 33.79068620247294
6 22 45.746825788581326
6 23 4.545682212714854
6 24 5.88669868804111
6 25 20.586117840558956
6 26 12.130804430421138
6 27 35.42626872834232
6 28 24.447437125916842
6 29 45.42383920071297
6 30 20.25482844658176
6 31 28.084904295297434
6 32 17.154688672962674
6 33 36.768833906456486
6 34 10.535689711691273
6 35 35.846157711231974
6 36 43.15082936984456
6 37 41.956726967734085
6 38 35.64416676406389
6 39 37.89028427770631
6 40 25.83008436590437
7 1 29.632030869993574
7 2 41.908312644344
7 3 16.543594667334656
7 4 40.16755245422055
7 5 32.45649109889522
7 6 7.769554005957594
7 7 18.897639322767894
7 8 35.71524274341841
7 9 9.386107794940166
7 10 33.24686755550179
7 11 41.791475586417334
7 12 17.359867978955045
7 13 35.70173792754778
7 14 45.38948706996819
7 15 28.081215190532195
7 16 24.964849949584263
7 17 18.59102124900947
7 18 32.62927593248358
7 19 17.31918899684295
7 20 28.80252264150244
7 21 18.454811791551947
7 22 40.25676229273603
7 23 24.47098134940372
7 24 29.076348718163985
7 25 5.360822757756159
7 26 13.062183009352147
7 27 24.952294656679285
7 28 27.175210648884097
7 29 24.979060911339072
7 30 22.5715646638391
7 31 34.596640758091596
7 32 8.805653377015425
7 33 32.53826139103934
7 34 30.278030158324498
7 35 13.187696093048684
7 36 21.680630959081743
7 37 23.81554608088423
7 38 14.992772197309604
7 39 44.422873909753676
7 40 17.46507530692618
8 1 23.014185559248094
8 2 42.94661500364496
8 3 20.250798995059565
8 4 43.8088439747311
8 5 41.162274280169676
8 6 39.486687718142065
8 7 29.645895705388604
8 8 4.156054488250638
8 9 32.97252431487613
8 10 26.54568639027693
8 11 12.818708545118355
8 12 41.65375485837781
8 13 44.55598975901697
8 14 16.793491142344514
8 15 23.334600673983264
8 16 40.0114582927491
8 17 26.65186529324362
8 18 4.1701630263001075
8 19 48.080559779627244
8 20 8.184192034349756
8 21 28.295852827275
8 22 29.619709331980022
8 23 15.499863786331296
8 24 15.877151824167035
8 25 26.454721860888768
8 26 24.47941990735626
8 27 25.362624938224442
8 28 9.728827079142862
8 29 41.01078490992512
8 30 10.561434934576239
8 31 8.80219841398877
8 32 28.51875029727886
8 33 21.65434750956343
8 34 10.767192378216762
8 35 44.92138754405689
8 36 40.314474812367976
8 37 36.08945425574839
8 38 33.97005070301378
8 39 17.975744053412356
8 40 19.73143347516314
9 1 54.885730248400996
9 2 9.35254672419314
9 3 24.155914026343435
9 4 6.7223842066431105
9 5 2.251090140621296
9 6 35.4801605484924
9 7 15.402953095101282
9 8 41.88562956165235
9 9 24.552039578147664
9 10 16.32261794909231
9 11 40.46541685926702
9 12 22.159334035676633
9 13 4.215814799135921
9 14 41.6769530106919
9 15 53.976554642824695
9 16 10.711234942885227
9 17 17.233908064613342
9 18 44.18670797416881
9 19 34.88714315653008
9 20 32.363351119120864
9 21 16.38043223883609
9 22 19.953804719151517
9 23 46.36429811366499
9 24 50.224163938173035
9 25 33.5248521097673
9 26 42.03845864416622
9 27 15.21986065147031
9 28 30.721154302042752
9 29 11.619122926501607
9 30 31.673545153440898
9 31 35.12044579661183
9 32 40.52819543945007
9 33 21.044377668739553
9 34 47.61211407571767
9 35 39.589891152951985
9 36 15.105960991776929
9 37 9.93197990586686
9 38 18.946540675196953
9 39 38.34141819351073
9 40 23.95240765780679
10 1 44.07800250383202
10 2 19.93135329040285
10 3 13.750153140125821
10 4 18.156061594761262
10 5 10.962004782236798
10 6 24.765216806270402
10 7 3.8718696320797843
10 8 35.09679301185183
10 9 13.30974771060657
10 10 16.002651030935365
10 11 36.180360707314826
10 12 14.23328323033437
10 13 14.515904011403135
10 14 38.41201679595434
10 15 43.03896787595432
10 16 7.309404894284071
10 17 6.454919880232573
10 18 35.97309616275577
10 19 26.400587281715417
10 20 25.339386834665547
10 21 5.104733149338638
10 22 22.54124930418327
10 23 35.8883307622733
10 24 40.05375070682079
10 25 21.79507089328483
10 26 30.454658828059266
10 27 9.045777800127263
10 28 23.42494489001783
10 29 8.403431824498407
10 30 22.740022858438596
10 31 29.589294751426554
10 32 28.792646042010546
10 33 18.538385859073617
10 34 38.14955343997334
10 35 29.478753268682777
10 36 8.96093643267995
10 37 3.3580980540356644
10 38 8.111772889556478
10 39 35.76465031623181
10 40 13.835808347710971
11 1 37.4854828038149
11 2 38.446478857177325
11 3 18.935572828597014
11 4 36.19418719271247
11 5 27.92734141360796
11 6 6.006667509729196
11 7 16.816135403746
11 8 40.932262425778205
11 9 6.03546368759613
11 10 32.9058927278101
11 11 45.84078266980363
11 12 10.010754622786026
11 13 30.78453567304435
11 14 49.1374418408731
11 15 35.95396638931118
11 16 19.573202412236952
11 17 17.793293071427264
11 18 38.71384085557044
11 19 10.886550191218221
11 20 32.85774688368506
11 21 16.962779182454717
11 22 39.94166561596711
11 23 31.906670229717953
11 24 36.5525219729892
11 25 12.370685518454588
11 26 20.943617120388243
11 27 24.473070658526666
11 28 31.017262663584717
11 29 19.266868731719793
11 30 27.15659328689902
11 31 38.53909273998258
11 32 16.650407757528644
11 33 33.415778672088926
11 34 37.255059702822926
11 35 10.783683237408317
11 36 15.624318856203653
11 37 19.590652107870124
11 38 10.75182250227222
11 39 47.62109276556838
11 40 19.817226790438134
12 1 8.005299531932861
12 2 52.50202777168306
12 3 23.45535650109259
12 4 52.42918898992522
12 5 47.50138728912676
12 6 32.9155544326984
12 7 33.27362016232397
12 8 19.291365195417846
12 9 31.22753437095834
12 10 37.351023311994894
12 11 28.473000285293974
12 12 40.755397740698754
12 13 51.12351450199453
12 14 32.40765765224748
12 15 7.8511007247901565
12 16 43.444125465943365
12 17 30.702620401003962
12 18 13.12855231521006
12 19 42.911525882826055
12 20 20.565356888524384
12 21 31.98357422539781
12 22 42.24067623022582
12 23 1.2435150342408998
12 24 3.446804375089231
12 25 20.73690365743801
12 26 13.597705973001014
12 27 32.81071686026233
12 28 20.774575622604065
12 29 44.09890808380321
12 30 16.970393597067122
12 31 23.9770007631428
12 32 18.695033358813593
12 33 33.337168948073
12 34 6.58071484870016
12 35 37.38675562484374
12 36 42.11136903154544
12 37 40.27625010915137
12 38 34.67801814043652
12 39 33.690780839357146
12 40 23.57311127203888
13 1 19.574629374033414
13 2 43.34797805325484
13 3 13.38777198774293
13 4 42.50302186089163
13 5 36.212493793509346
13 6 19.372601948033125
13 7 21.435948475693987
13 8 25.172638407971554
13 9 17.1884938974762
13 10 30.733089483594085
13 11 32.43613002229624
13 12 26.677834306688332
13 13 39.79577379847753
13 14 36.292785273278014
13 15 18.282430301595053
13 16 30.728734252012547
13 17 19.497183505668172
13 18 21.304353660227743
13 19 29.022630069539236
13 20 20.153356847903673
13 21 20.346279553676737
13 22 37.092815996331964
13 23 13.020520095342958
13 24 17.673514588763688
13 25 6.557315155871535
13 26 5.789828842200527
13 27 23.828228082327648
13 28 19.012025791481776
13 29 31.192670198110573
13 30 13.82374342302766
13 31 25.69334903139802
13 32 7.767969885558814
13 33 28.28155195158936
13 34 18.550713452811262
13 35 24.41641136784952
13 36 28.74814277640823
13 37 28.138585305756873
13 38 21.23623771104629
13 39 36.05759806190762
13 40 13.991584512222339
14 1 36.20841821537799
14 2 39.238709806423714
14 3 18.61888751378837
14 4 37.06380641874413
14 5 28.86485505378755
14 6 5.2849822750543165
14 7 17.253419315590175
14 8 40.236382560585575
14 9 6.357971898814263
14 10 33.160160666714134
14 11 45.36776726774306
14 12 11.331260205269368
14 13 31.79179166560933
14 14 48.72441422299041
14 15 34.6668754003545
14 16 20.61992703961579
14 17 18.014018150265482
14 18 37.849784151945315
14 19 11.621028953669784
14 20 32.351027978295
14 21 17.295822220512708
14 22 40.21494006359737
14 23 30.75214058593386
14 24 35.391322579942134
14 25 11.230065585638913
14 26 19.650117492767425
14 27 24.705174793984554
14 28 30.54101715776028
14 29 20.365231761509982
14 30 26.53302733916614
14 31 38.06959061513033
14 32 15.30805571059431
14 33 33.46346861312951
14 34 36.208639930539505
14 35 10.498938623698448
14 36 16.762413274782688
14 37 20.43805739379954
14 38 11.491777619665825
14 39 47.30388302555926
14 40 19.51810076456832
15 1 32.07549830916212
15 2 40.09473082257644
15 3 16.321576076011816
15 4 38.21850152468273
15 5 30.347171964100788
15 6 6.819714349383585
15 7 17.274920372250392
15 8 36.789608194086384
15 9 7.114597705311616
15 10 32.28867445288904
15 11 42.40971147073314
15 12 14.74865763208683
15 13 33.51611774850304
15 14 45.90125042970718
15 15 30.548184640958087
15 16 22.637193864650058
15 17 17.32977092511928
15 18 34.077690092225616
15 19 15.453810203784451
15 20 29.3697688141119
15 21 16.987339472945955
15 22 39.342298583852056
15 23 26.602383409126475
15 24 31.23691113647228
15 25 7.115386708241693
15 26 15.545568830535172
15 27 23.88280236788178
15 28 27.64729679152886
15 29 22.591606395067036
15 30 23.312816672228777
15 31 35.14809496170195
15 32 11.411799079121876
15 33 31.969612585596956
15 34 32.1579470395507
15 35 12.49799820583532
15 36 19.218958148092938
15 37 21.72457719169714
15 38 12.777835665603005
15 39 44.724974877330794
15 40 17.247127147080626
16 1 51.492203909550206
16 2 17.964854863594304
16 3 21.555368649701308
16 4 15.103652421193669
16 5 6.596516307071615
16 6 27.695580084421174
16 7 11.495158959064119
16 8 42.760030773432966
16 9 17.619390714760176
16 10 20.84124006610992
16 11 43.197989873263836
16 12 13.647783816931891
16 13 9.03338946545335
16 14 45.10368869628383
16 15 50.37344999419917
16 16 2.2222426223214855
16 17 14.299450541880637
16 18 43.83163657151046
16 19 26.3200731092738
16 20 32.98530212548215
16 21 12.833947712547742
16 22 26.22754938778237
16 23 43.50230062242535
16 24 47.75583427712166
16 25 27.968560460464335
16 26 37.1004582006777
16 27 15.93531582343025
16 28 31.107517657531393
16 29 2.9973298874955234
16 30 30.616545660656485
16 31 36.91547535059453
16 32 34.76039805458723
16 33 24.53392976218555
16 34 45.99341760366114
16 35 31.40643196820329
16 36 6.587166470295471
16 37 4.529923110892436
16 38 12.016079938728511
16 39 42.1730323899869
16 40 21.687693951459483
17 1 4.810633261673
17 2 57.42468721129972
17 3 28.62619643108384
17 4 57.44876000459159
17 5 52.6573618965261
17 6 37.169685080827676
17 7 38.47116238047815
17 8 21.465635398056552
17 9 36.23352714432737
17 10 42.01087781915127
17 11 30.74487903573925
17 12 45.75128282176784
17 13 56.27692123284124
17 14 34.536071898246576
17 15 5.8113507449029385
17 16 48.64228114850711
17 17 35.887076858672565
17 18 15.080574598637824
17 19 47.293925929612065
17 20 24.57498345537913
17 21 37.17836087611807
17 22 46.57536895092817
17 23 6.4211801589277595
17 24 2.729739634150796
17 25 25.484655755217123
17 26 17.515237310454033
17 27 37.8287881973943
17 28 25.053949650618957
17 29 49.291851077603376
17 30 21.71119372135938
17 31 27.223599404901673
17 32 22.59199021687758
17 33 37.79726323176465
17 34 7.831046873077321
17 35 41.32141018277045
17 36 47.2722630682585
17 37 45.47489262034626
17 38 39.821169390735484
17 39 36.293091688359176
17 40 28.720981258411044
18 1 24.659506174447696
18 2 46.05374534962523
18 3 18.37393190714659
18 4 44.56212022229433
18 5 37.164683508476884
18 6 11.510132577503684
18 7 22.99213567794275
18 8 34.122172440718906
18 9 14.578125430966155
18 10 35.909092656667305
18 11 41.12841884007749
18 12 22.857727881006944
18 13 40.52263949495603
18 14 44.9153770316868
18 15 23.047867999471787
18 16 30.05932164890109
18 17 22.121138673330975
18 18 30.211576148953455
18 19 21.688155002173705
18 20 28.489533404999236
18 21 22.319187301253045
18 22 42.74806437069641
18 23 20.444855084360533
18 24 24.899759417222867
18 25 5.326833669192504
18 26 8.174664315598918
18 27 27.973148207461445
18 28 27.114281495011355
18 29 30.163296591491328
18 30 22.08741778513021
18 31 34.18901771697247
18 32 3.3844765268256647
18 33 34.469578477373545
18 34 26.82696564507144
18 35 15.898978406491796
18 36 26.98363704660578
18 37 28.555484465660502
18 38 20.014036758600216
18 39 44.4081968154931
18 40 19.228370123792597
19 1 34.1607786915564
19 2 44.89102484757644
19 3 22.241315613937335
19 4 42.76184230804833
19 5 34.582393491452756
19 6 1.9391630310742975
19 7 22.570105118562626
19 8 42.01406139162216
19 9 11.767468692988238
19 10 38.04313257915422
19 11 48.03700912062246
19 12 16.49141248398605
19 13 37.50452623382914
19 14 51.598513210960576
19 15 32.5163385040816
19 16 26.315986023548188
19 17 22.965450758451922
19 18 38.824796605911864
19 19 12.153798294412352
19 20 35.02305676724889
19 21 22.453738370974964
19 22 45.10702642243692
19 23 29.968676924971316
19 24 34.475103371145
19 25 11.596734830255103
19 26 17.783828576473464
19 27 29.600718225999252
19 28 33.355970576945715
19 29 26.02616326630344
19 30 28.83842408497539
19 31 40.815693606092104
19 32 12.804095669592868
19 33 37.870940633168765
19 34 36.12329007102224
19 35 6.885828596581291
19 36 22.382811450344086
19 37 26.134291670551985
19 38 17.15311214094913
19 39 50.530471484326
19 40 23.16750813893013
20 1 28.28897214634124
20 2 33.214265181283025
20 3 10.718256019169182
20 4 33.73172100631606
20 5 30.594049254827038
20 6 32.75445006217176
20 7 19.267535470754947
20 8 12.98316357372579
20 9 24.243478798376604
20 10 17.295710306590546
20 11 16.5368101714816
20 12 32.14234564761856
20 13 34.03035557165565
20 14 19.96460584735328
20 15 27.97225181917406
20 16 29.4922276314389
20 17 16.282064924156035
20 18 14.218610476367221
20 19 40.127494985794975
20 20 3.584166379240089
20 21 17.946976016164207
20 22 21.968997255930894
20 23 19.445548376311876
20 24 22.08755207218767
20 25 20.764137764992004
20 26 22.758298178716874
20 27 14.794785644989283
20 28 1.7127748201773194
20 29 30.526647504090654
20 30 3.886426801842058
20 31 9.239796760674396
20 32 25.198943005859853
20 33 13.056456854039814
20 34 18.337724589324196
20 35 38.42061525701629
20 36 30.071671030295843
20 37 25.522393144960088
20 38 24.216714317961777
20 39 18.985941456488977
20 40 9.988190706612684
