# seed = 1254829604

param N := 1000;

param M := 5;

param Umax := 100.000000;

param: C :=
1	497482.000000
2	410867.000000
3	544590.000000
4	550429.000000
5	470582.000000
;

param: a :=
1	0.149517
2	0.144829
3	0.172504
4	0.171370
5	0.187675
6	0.115371
7	0.164967
8	0.192040
9	0.126747
10	0.123325
11	0.183590
12	0.199189
13	0.139746
14	0.171847
15	0.147007
16	0.188975
17	0.198175
18	0.111595
19	0.145402
20	0.190843
21	0.125811
22	0.102944
23	0.134467
24	0.114775
25	0.194603
26	0.168376
27	0.102589
28	0.175521
29	0.111678
30	0.103074
31	0.144273
32	0.162081
33	0.175131
34	0.187712
35	0.161117
36	0.112747
37	0.135347
38	0.114466
39	0.168032
40	0.185442
41	0.191049
42	0.148570
43	0.105584
44	0.115892
45	0.107557
46	0.100573
47	0.183586
48	0.138527
49	0.131146
50	0.148575
51	0.129620
52	0.176574
53	0.116516
54	0.122196
55	0.152132
56	0.131674
57	0.125761
58	0.135380
59	0.158157
60	0.138243
61	0.113666
62	0.169138
63	0.103857
64	0.195264
65	0.168530
66	0.124453
67	0.109773
68	0.155751
69	0.165616
70	0.152304
71	0.137377
72	0.123767
73	0.134740
74	0.133554
75	0.134214
76	0.140334
77	0.138525
78	0.121971
79	0.188010
80	0.137368
81	0.122998
82	0.113479
83	0.146529
84	0.128067
85	0.147136
86	0.182213
87	0.167562
88	0.130806
89	0.134249
90	0.185742
91	0.111549
92	0.128301
93	0.177400
94	0.141459
95	0.128771
96	0.132606
97	0.177492
98	0.102933
99	0.157166
100	0.122422
101	0.196265
102	0.173086
103	0.118755
104	0.151777
105	0.135605
106	0.154633
107	0.185237
108	0.130098
109	0.120957
110	0.126140
111	0.175906
112	0.188669
113	0.129757
114	0.176925
115	0.108352
116	0.121157
117	0.122808
118	0.184639
119	0.104660
120	0.126588
121	0.169655
122	0.105619
123	0.127349
124	0.132375
125	0.104463
126	0.128102
127	0.172906
128	0.156660
129	0.185097
130	0.172206
131	0.139024
132	0.166535
133	0.100550
134	0.146564
135	0.110937
136	0.156201
137	0.188555
138	0.179520
139	0.121928
140	0.106717
141	0.191711
142	0.156140
143	0.111101
144	0.197593
145	0.108517
146	0.119807
147	0.161208
148	0.119592
149	0.144005
150	0.189345
151	0.199286
152	0.111264
153	0.171131
154	0.184224
155	0.130379
156	0.129059
157	0.120317
158	0.192592
159	0.181186
160	0.167773
161	0.118414
162	0.161355
163	0.132927
164	0.160691
165	0.165821
166	0.162480
167	0.143940
168	0.145137
169	0.179366
170	0.174228
171	0.179452
172	0.180460
173	0.198340
174	0.195022
175	0.104530
176	0.197179
177	0.115112
178	0.165987
179	0.126429
180	0.181118
181	0.172717
182	0.197654
183	0.186176
184	0.127001
185	0.159740
186	0.138189
187	0.163314
188	0.108301
189	0.180262
190	0.108334
191	0.136888
192	0.165824
193	0.173979
194	0.124347
195	0.131359
196	0.112186
197	0.123141
198	0.115667
199	0.132710
200	0.148199
201	0.101297
202	0.135205
203	0.127123
204	0.145009
205	0.175054
206	0.179886
207	0.127470
208	0.187956
209	0.113291
210	0.145627
211	0.183024
212	0.174602
213	0.159548
214	0.175118
215	0.114977
216	0.194680
217	0.104806
218	0.181696
219	0.117534
220	0.195430
221	0.127549
222	0.196464
223	0.164272
224	0.190053
225	0.117853
226	0.101849
227	0.165497
228	0.193028
229	0.128664
230	0.104558
231	0.171067
232	0.167894
233	0.106180
234	0.145181
235	0.122711
236	0.167737
237	0.118653
238	0.162238
239	0.120273
240	0.198901
241	0.103907
242	0.172526
243	0.109847
244	0.157473
245	0.180379
246	0.166913
247	0.179424
248	0.193246
249	0.106825
250	0.152851
251	0.149099
252	0.123103
253	0.145718
254	0.167468
255	0.172906
256	0.179035
257	0.190807
258	0.104555
259	0.152120
260	0.132105
261	0.103931
262	0.194652
263	0.128788
264	0.150782
265	0.109380
266	0.102864
267	0.116457
268	0.153090
269	0.179935
270	0.164025
271	0.118708
272	0.198350
273	0.143975
274	0.162533
275	0.111367
276	0.133744
277	0.183031
278	0.157813
279	0.134852
280	0.163887
281	0.195987
282	0.196294
283	0.163948
284	0.103964
285	0.170663
286	0.145790
287	0.169928
288	0.137741
289	0.198996
290	0.118670
291	0.178649
292	0.197012
293	0.186073
294	0.116322
295	0.178902
296	0.103898
297	0.133990
298	0.142024
299	0.179184
300	0.148625
301	0.125120
302	0.174483
303	0.134837
304	0.181830
305	0.192027
306	0.186691
307	0.193100
308	0.112692
309	0.189594
310	0.170318
311	0.160886
312	0.190647
313	0.169870
314	0.183886
315	0.132527
316	0.178179
317	0.186793
318	0.114178
319	0.153802
320	0.104528
321	0.145662
322	0.199849
323	0.115764
324	0.127057
325	0.103373
326	0.114910
327	0.119397
328	0.122638
329	0.176138
330	0.131789
331	0.120973
332	0.105555
333	0.145777
334	0.158669
335	0.183612
336	0.129812
337	0.161336
338	0.152524
339	0.121917
340	0.175690
341	0.164917
342	0.156841
343	0.143344
344	0.188713
345	0.175185
346	0.167375
347	0.169825
348	0.158486
349	0.155200
350	0.114515
351	0.142351
352	0.154015
353	0.168734
354	0.119576
355	0.114403
356	0.181257
357	0.154052
358	0.182296
359	0.152528
360	0.149391
361	0.150188
362	0.147382
363	0.199532
364	0.114008
365	0.146387
366	0.138295
367	0.104342
368	0.126689
369	0.148044
370	0.133428
371	0.111519
372	0.145641
373	0.169156
374	0.197276
375	0.192972
376	0.175446
377	0.174908
378	0.161872
379	0.183002
380	0.180026
381	0.155612
382	0.151953
383	0.166043
384	0.159171
385	0.174277
386	0.135585
387	0.141820
388	0.193321
389	0.173170
390	0.128654
391	0.182285
392	0.134222
393	0.147552
394	0.137802
395	0.117093
396	0.190758
397	0.137800
398	0.136090
399	0.106800
400	0.166052
401	0.173881
402	0.173179
403	0.140428
404	0.108256
405	0.130566
406	0.151608
407	0.106715
408	0.121203
409	0.136679
410	0.144614
411	0.183821
412	0.167570
413	0.179657
414	0.177313
415	0.126211
416	0.162091
417	0.137570
418	0.143928
419	0.132560
420	0.182164
421	0.176883
422	0.184801
423	0.170512
424	0.153995
425	0.148302
426	0.105534
427	0.194114
428	0.127979
429	0.136493
430	0.112766
431	0.166233
432	0.143147
433	0.138277
434	0.118743
435	0.145976
436	0.161298
437	0.122791
438	0.158034
439	0.141335
440	0.145772
441	0.133928
442	0.101337
443	0.107053
444	0.151239
445	0.108336
446	0.114818
447	0.113720
448	0.104645
449	0.134874
450	0.166916
451	0.112242
452	0.174623
453	0.122258
454	0.126485
455	0.103899
456	0.129048
457	0.162582
458	0.174274
459	0.192328
460	0.140790
461	0.121557
462	0.165356
463	0.138013
464	0.166283
465	0.170128
466	0.166650
467	0.121645
468	0.116364
469	0.177708
470	0.102671
471	0.123570
472	0.104689
473	0.158598
474	0.171654
475	0.190930
476	0.138820
477	0.106425
478	0.168645
479	0.194562
480	0.172967
481	0.110373
482	0.153614
483	0.115593
484	0.144582
485	0.135669
486	0.155705
487	0.104711
488	0.117734
489	0.175944
490	0.197235
491	0.179712
492	0.193221
493	0.105771
494	0.148113
495	0.151130
496	0.142533
497	0.117393
498	0.137295
499	0.135981
500	0.184761
501	0.157491
502	0.179834
503	0.131273
504	0.127310
505	0.104556
506	0.137534
507	0.186599
508	0.190435
509	0.106296
510	0.167293
511	0.106241
512	0.133124
513	0.167495
514	0.196958
515	0.109870
516	0.111703
517	0.120694
518	0.173829
519	0.148314
520	0.195252
521	0.160714
522	0.144294
523	0.174288
524	0.156208
525	0.161497
526	0.132035
527	0.125100
528	0.104501
529	0.131419
530	0.186020
531	0.129844
532	0.111520
533	0.149602
534	0.124866
535	0.185798
536	0.148102
537	0.100536
538	0.109981
539	0.147934
540	0.189932
541	0.147789
542	0.135599
543	0.182146
544	0.105016
545	0.192838
546	0.189933
547	0.180719
548	0.192182
549	0.143218
550	0.109707
551	0.148071
552	0.168683
553	0.167850
554	0.110968
555	0.106483
556	0.100986
557	0.184172
558	0.144310
559	0.195504
560	0.162601
561	0.130489
562	0.196279
563	0.155073
564	0.125373
565	0.185417
566	0.101672
567	0.105834
568	0.131370
569	0.169029
570	0.156023
571	0.118217
572	0.121199
573	0.131708
574	0.161171
575	0.136782
576	0.156760
577	0.123111
578	0.124700
579	0.148391
580	0.101497
581	0.149796
582	0.147461
583	0.134205
584	0.192534
585	0.179979
586	0.122724
587	0.141331
588	0.155547
589	0.199813
590	0.189693
591	0.112669
592	0.134927
593	0.193354
594	0.130340
595	0.104259
596	0.127530
597	0.193748
598	0.158454
599	0.135866
600	0.144064
601	0.158984
602	0.104848
603	0.135024
604	0.191688
605	0.109390
606	0.130848
607	0.179477
608	0.174116
609	0.188119
610	0.120844
611	0.143003
612	0.175687
613	0.135573
614	0.126369
615	0.189842
616	0.161253
617	0.148131
618	0.182339
619	0.186054
620	0.123763
621	0.120481
622	0.171165
623	0.112117
624	0.135114
625	0.120594
626	0.105940
627	0.124762
628	0.182365
629	0.173063
630	0.157107
631	0.198711
632	0.137888
633	0.183738
634	0.165839
635	0.109210
636	0.165538
637	0.137571
638	0.177193
639	0.162912
640	0.138941
641	0.128552
642	0.100425
643	0.146216
644	0.185375
645	0.104093
646	0.140716
647	0.190383
648	0.192980
649	0.193507
650	0.166420
651	0.133790
652	0.155423
653	0.152756
654	0.192247
655	0.144577
656	0.169330
657	0.192600
658	0.121907
659	0.124224
660	0.194691
661	0.107692
662	0.151705
663	0.187568
664	0.107029
665	0.157657
666	0.170093
667	0.154919
668	0.191570
669	0.132397
670	0.139356
671	0.177888
672	0.117215
673	0.101520
674	0.113032
675	0.135714
676	0.101303
677	0.150882
678	0.111161
679	0.134188
680	0.105062
681	0.143030
682	0.195123
683	0.135834
684	0.191739
685	0.127856
686	0.143814
687	0.197167
688	0.124333
689	0.187387
690	0.151418
691	0.153996
692	0.124714
693	0.167712
694	0.175787
695	0.193197
696	0.126204
697	0.141508
698	0.144484
699	0.106824
700	0.183313
701	0.144068
702	0.100580
703	0.123600
704	0.146586
705	0.144721
706	0.120296
707	0.160945
708	0.178154
709	0.182817
710	0.105570
711	0.123636
712	0.192901
713	0.140864
714	0.181292
715	0.192265
716	0.177489
717	0.172124
718	0.140885
719	0.121484
720	0.128745
721	0.187393
722	0.196025
723	0.142633
724	0.160730
725	0.196940
726	0.144578
727	0.100810
728	0.143498
729	0.113469
730	0.148382
731	0.144402
732	0.168604
733	0.177387
734	0.127857
735	0.199368
736	0.152761
737	0.119148
738	0.186923
739	0.175814
740	0.149039
741	0.196915
742	0.106080
743	0.180687
744	0.123593
745	0.126135
746	0.194502
747	0.119434
748	0.140289
749	0.183770
750	0.167059
751	0.107087
752	0.168198
753	0.138949
754	0.106807
755	0.156500
756	0.140772
757	0.188203
758	0.123278
759	0.192215
760	0.139836
761	0.167853
762	0.189504
763	0.126237
764	0.184535
765	0.199369
766	0.136743
767	0.132409
768	0.100200
769	0.166793
770	0.196760
771	0.196818
772	0.147461
773	0.198866
774	0.100487
775	0.180622
776	0.157188
777	0.151631
778	0.180702
779	0.165282
780	0.134752
781	0.143093
782	0.108771
783	0.189860
784	0.152071
785	0.111038
786	0.144204
787	0.121690
788	0.176109
789	0.168888
790	0.115913
791	0.168758
792	0.123504
793	0.134368
794	0.131481
795	0.160341
796	0.163582
797	0.173020
798	0.127507
799	0.128593
800	0.165781
801	0.176652
802	0.127260
803	0.194515
804	0.137217
805	0.110369
806	0.184514
807	0.194778
808	0.192612
809	0.166383
810	0.161462
811	0.137477
812	0.138528
813	0.150981
814	0.133168
815	0.100791
816	0.197657
817	0.195373
818	0.181634
819	0.183725
820	0.130791
821	0.115515
822	0.150237
823	0.165559
824	0.125555
825	0.151223
826	0.188976
827	0.173599
828	0.182150
829	0.182344
830	0.130243
831	0.183893
832	0.105392
833	0.167570
834	0.100864
835	0.161788
836	0.116482
837	0.124870
838	0.163893
839	0.173440
840	0.186206
841	0.173954
842	0.126956
843	0.184886
844	0.126812
845	0.111432
846	0.142990
847	0.195991
848	0.146774
849	0.176802
850	0.138843
851	0.121458
852	0.193581
853	0.177271
854	0.171736
855	0.133871
856	0.186792
857	0.178784
858	0.158845
859	0.191182
860	0.108988
861	0.109313
862	0.117764
863	0.177952
864	0.118134
865	0.180451
866	0.120321
867	0.149204
868	0.119616
869	0.164742
870	0.105381
871	0.189810
872	0.185275
873	0.179533
874	0.122869
875	0.146927
876	0.178804
877	0.180240
878	0.172081
879	0.176235
880	0.129438
881	0.106669
882	0.135748
883	0.184562
884	0.127012
885	0.135059
886	0.176505
887	0.109324
888	0.195667
889	0.162717
890	0.180445
891	0.187870
892	0.188265
893	0.120691
894	0.181691
895	0.131756
896	0.102285
897	0.150654
898	0.158479
899	0.143772
900	0.103337
901	0.145648
902	0.155621
903	0.149620
904	0.175955
905	0.173083
906	0.192394
907	0.182074
908	0.128792
909	0.104142
910	0.189685
911	0.198721
912	0.109446
913	0.107536
914	0.173495
915	0.124931
916	0.134652
917	0.150486
918	0.148094
919	0.185896
920	0.170803
921	0.110181
922	0.161954
923	0.132144
924	0.197740
925	0.143306
926	0.142054
927	0.196983
928	0.172629
929	0.124697
930	0.102955
931	0.177158
932	0.188528
933	0.129122
934	0.187949
935	0.159169
936	0.126069
937	0.192530
938	0.172551
939	0.150921
940	0.124228
941	0.170989
942	0.112874
943	0.144297
944	0.194662
945	0.191656
946	0.177593
947	0.123665
948	0.159127
949	0.110978
950	0.136578
951	0.114170
952	0.149075
953	0.177952
954	0.189227
955	0.129509
956	0.138378
957	0.159481
958	0.167666
959	0.169825
960	0.147881
961	0.156014
962	0.148007
963	0.166848
964	0.147878
965	0.178736
966	0.154105
967	0.169205
968	0.158221
969	0.198617
970	0.157564
971	0.155017
972	0.158119
973	0.103527
974	0.149913
975	0.138842
976	0.120527
977	0.159980
978	0.144010
979	0.125269
980	0.107578
981	0.189330
982	0.182089
983	0.138683
984	0.145005
985	0.161809
986	0.105881
987	0.159292
988	0.153388
989	0.122831
990	0.139461
991	0.114734
992	0.130216
993	0.134402
994	0.157634
995	0.184998
996	0.173490
997	0.150923
998	0.160553
999	0.134785
1000	0.197080
;

param: b :=
1	5.008106
2	23.357812
3	92.693916
4	71.822866
5	29.601389
6	21.084759
7	3.297507
8	91.175720
9	91.116184
10	95.930884
11	87.134184
12	89.679503
13	17.285230
14	85.679222
15	47.041118
16	55.225367
17	37.954283
18	57.607326
19	42.200908
20	64.007492
21	92.656912
22	10.193856
23	68.651381
24	87.880361
25	62.119164
26	12.656734
27	15.706263
28	36.875994
29	89.770922
30	28.965462
31	82.353202
32	45.185376
33	82.956557
34	1.615350
35	46.508838
36	40.194822
37	10.956524
38	5.229478
39	6.420223
40	6.530900
41	0.323118
42	50.485764
43	73.581904
44	30.348470
45	16.874486
46	61.553195
47	25.751701
48	20.027459
49	21.750222
50	75.164053
51	78.091858
52	98.250602
53	2.384842
54	56.124802
55	67.318291
56	32.550819
57	29.274997
58	43.217250
59	67.652077
60	39.057434
61	84.244216
62	39.380400
63	96.654531
64	20.414158
65	78.623746
66	71.173828
67	79.493377
68	21.458895
69	60.378482
70	29.190587
71	27.348700
72	1.032773
73	68.082250
74	78.020823
75	25.750126
76	75.523865
77	43.537218
78	90.573492
79	88.163965
80	67.918187
81	13.443271
82	58.252349
83	40.872356
84	30.190942
85	37.227106
86	1.469356
87	93.665704
88	34.843667
89	89.522287
90	70.265618
91	31.130339
92	65.541039
93	35.372480
94	2.348002
95	45.545462
96	92.576342
97	72.087976
98	62.502456
99	77.033711
100	28.500173
101	42.773781
102	63.733861
103	8.588343
104	29.389438
105	29.899760
106	23.713151
107	1.821874
108	43.665151
109	91.037259
110	69.095022
111	67.037332
112	36.596279
113	19.347035
114	40.344346
115	94.565893
116	17.841609
117	43.947189
118	83.205509
119	6.437686
120	25.560239
121	68.532054
122	94.476052
123	9.405858
124	28.299235
125	99.541393
126	67.714038
127	54.785741
128	72.260033
129	62.084808
130	23.935654
131	63.817040
132	78.543197
133	13.177677
134	53.635843
135	54.241599
136	51.406891
137	29.269208
138	73.448706
139	52.727431
140	86.951158
141	69.732278
142	98.368015
143	14.433701
144	65.198969
145	77.774387
146	42.131511
147	14.856946
148	27.685362
149	31.032865
150	59.480745
151	92.657637
152	89.196917
153	77.584524
154	61.382439
155	83.620955
156	87.721231
157	10.255644
158	24.682355
159	33.927006
160	92.609767
161	74.967438
162	59.820566
163	86.661463
164	90.039454
165	10.719215
166	52.237455
167	17.993570
168	21.142033
169	39.129503
170	21.102054
171	64.812282
172	28.694079
173	36.114977
174	15.270445
175	82.963728
176	52.906846
177	3.246741
178	56.927019
179	65.840890
180	67.717849
181	2.692814
182	30.498265
183	77.243674
184	68.872977
185	51.584804
186	26.074608
187	62.150880
188	15.248333
189	28.755265
190	64.802915
191	78.711562
192	77.292038
193	21.136750
194	9.210138
195	30.577216
196	94.315997
197	49.588803
198	30.509382
199	39.388880
200	85.932897
201	33.536849
202	94.028176
203	91.527628
204	34.789619
205	43.702829
206	32.722016
207	30.691556
208	29.500131
209	28.913263
210	14.617343
211	7.403032
212	2.498572
213	93.294234
214	15.941027
215	94.970210
216	50.017836
217	60.530046
218	48.721947
219	65.891408
220	55.235952
221	27.496688
222	68.874419
223	80.465755
224	35.737777
225	93.227648
226	21.123874
227	39.215946
228	93.847262
229	39.205874
230	25.627151
231	25.718666
232	80.888645
233	61.973329
234	60.349106
235	56.130091
236	77.241242
237	67.789375
238	81.095641
239	40.954074
240	97.225595
241	74.815938
242	46.132005
243	8.510377
244	82.909710
245	5.463133
246	18.825437
247	39.443446
248	32.771609
249	27.833283
250	74.941756
251	36.037654
252	74.648891
253	57.259814
254	84.710285
255	38.263925
256	56.897393
257	59.549125
258	79.504318
259	25.060110
260	69.216686
261	55.288582
262	13.496619
263	16.133736
264	81.937145
265	44.835806
266	56.084485
267	8.030366
268	50.028236
269	98.110000
270	14.213160
271	25.444102
272	7.912213
273	30.607624
274	90.819813
275	98.456848
276	66.880619
277	9.880971
278	33.145122
279	7.295161
280	17.427148
281	11.266177
282	87.981881
283	55.426078
284	30.149592
285	61.658089
286	12.453730
287	77.621859
288	0.627191
289	82.692024
290	91.996230
291	12.699874
292	25.204371
293	0.919035
294	47.433141
295	35.160214
296	26.021186
297	67.725702
298	11.462176
299	1.817438
300	79.966852
301	33.406468
302	77.887363
303	23.661287
304	57.619389
305	33.357543
306	84.024190
307	70.752901
308	18.873847
309	14.307582
310	6.113391
311	11.918310
312	22.757890
313	60.717246
314	54.497679
315	96.108802
316	35.051006
317	26.586261
318	71.085329
319	15.390698
320	76.832238
321	61.037025
322	72.116878
323	13.147572
324	96.802640
325	66.270775
326	7.320661
327	72.265714
328	98.701677
329	99.222990
330	67.598851
331	99.833031
332	93.596148
333	61.001278
334	65.282747
335	73.128500
336	53.605068
337	29.435083
338	13.229530
339	8.247375
340	73.051979
341	17.857700
342	42.694369
343	99.446623
344	45.765442
345	12.348207
346	66.709466
347	48.467057
348	69.836861
349	95.108632
350	24.505016
351	10.049861
352	26.209741
353	23.622822
354	46.033263
355	78.819509
356	36.311015
357	57.724295
358	35.351338
359	18.809329
360	30.331272
361	70.248603
362	24.351837
363	40.550044
364	63.054262
365	9.304760
366	8.549344
367	40.872288
368	84.493745
369	54.576965
370	59.500323
371	37.052635
372	81.752620
373	0.374848
374	30.488993
375	53.638690
376	37.941997
377	85.354598
378	46.131159
379	35.788752
380	93.587773
381	94.979136
382	71.168406
383	85.492579
384	93.575116
385	52.737759
386	96.842119
387	61.274855
388	46.594371
389	96.799123
390	62.699202
391	35.044328
392	13.867064
393	18.678700
394	34.700649
395	39.137632
396	88.418206
397	95.121187
398	57.194727
399	32.344186
400	25.407749
401	43.060403
402	26.895680
403	16.344539
404	60.747919
405	2.325930
406	49.350367
407	33.914092
408	10.407432
409	52.874570
410	79.787183
411	71.691539
412	13.314234
413	89.623985
414	19.237969
415	10.938211
416	76.121603
417	84.192536
418	82.778630
419	27.925504
420	17.133286
421	45.634919
422	23.532529
423	84.627320
424	3.379329
425	45.767024
426	85.778025
427	27.614901
428	81.245698
429	51.755361
430	98.584408
431	43.683195
432	51.339932
433	39.981639
434	17.092452
435	67.825000
436	71.672655
437	42.116270
438	23.496253
439	29.386187
440	89.765005
441	9.420117
442	45.316792
443	35.126279
444	75.823353
445	31.835767
446	63.453947
447	84.338155
448	3.978325
449	51.696439
450	49.428965
451	14.224268
452	23.379061
453	80.965354
454	63.221907
455	75.033123
456	22.255395
457	86.598895
458	8.971683
459	91.892165
460	76.940337
461	32.274485
462	10.167090
463	50.590705
464	54.654438
465	77.149323
466	68.100889
467	1.897449
468	79.132890
469	64.246543
470	15.113559
471	66.709836
472	6.399673
473	30.878650
474	3.712987
475	42.545719
476	11.332392
477	61.671840
478	88.198285
479	89.364346
480	54.853889
481	87.684950
482	43.386266
483	66.529340
484	58.861446
485	46.965736
486	36.947138
487	46.503505
488	20.562671
489	41.005533
490	63.686198
491	71.141130
492	14.408978
493	82.951413
494	44.892274
495	18.512267
496	95.560790
497	12.328060
498	73.669388
499	15.135019
500	81.137016
501	6.353367
502	11.333892
503	98.529013
504	70.741616
505	48.732069
506	24.178739
507	82.210476
508	8.650322
509	21.947805
510	89.884585
511	24.496217
512	39.015932
513	82.616274
514	43.686086
515	65.599220
516	65.478685
517	44.080331
518	5.185995
519	29.416135
520	91.217907
521	25.205172
522	28.726723
523	83.045909
524	58.031092
525	89.100315
526	40.569519
527	19.102988
528	85.514010
529	67.658191
530	98.273275
531	7.810545
532	11.247690
533	11.198278
534	35.213013
535	21.137857
536	2.729944
537	87.838163
538	40.216287
539	53.280587
540	61.539355
541	13.662314
542	92.132821
543	97.610950
544	48.981035
545	31.248171
546	20.282997
547	56.927719
548	88.714562
549	7.430283
550	86.198774
551	69.068655
552	43.943564
553	78.863127
554	21.841118
555	47.277355
556	99.591003
557	44.467226
558	53.615070
559	31.863270
560	16.481831
561	89.776789
562	86.030820
563	95.110169
564	44.273352
565	63.297784
566	78.639007
567	15.525239
568	69.931880
569	65.694251
570	21.296058
571	75.097427
572	60.039679
573	12.326956
574	14.787354
575	16.801008
576	68.785370
577	84.908367
578	96.697940
579	26.182101
580	70.163238
581	94.190894
582	97.658779
583	4.592134
584	92.468009
585	44.240126
586	96.993970
587	96.906286
588	23.528581
589	65.490364
590	41.605286
591	46.460779
592	48.517702
593	99.652922
594	97.495272
595	65.616380
596	3.554278
597	65.926142
598	10.368677
599	90.759902
600	58.740331
601	47.572251
602	80.785507
603	54.888340
604	9.974491
605	67.792080
606	21.797346
607	20.035731
608	74.484000
609	74.127934
610	79.776079
611	70.932324
612	71.990796
613	10.096914
614	22.372446
615	68.564996
616	1.198740
617	39.878543
618	3.312078
619	88.375673
620	65.501543
621	67.821934
622	17.338353
623	55.724618
624	28.130175
625	74.180323
626	88.385957
627	85.425049
628	10.439157
629	43.858004
630	62.269431
631	64.362969
632	73.959496
633	41.464264
634	0.290764
635	97.750995
636	40.075222
637	82.029009
638	0.035495
639	78.303851
640	53.079670
641	39.328681
642	69.980016
643	25.172599
644	71.616550
645	72.294991
646	1.236389
647	65.788364
648	66.326859
649	1.567982
650	14.209162
651	57.868868
652	18.991924
653	58.420815
654	16.418837
655	25.963999
656	90.098423
657	70.727456
658	43.909810
659	96.063865
660	38.486899
661	29.917607
662	50.360929
663	13.312198
664	11.218326
665	99.248588
666	22.716316
667	13.707058
668	3.532087
669	22.831963
670	97.452830
671	42.721795
672	98.571601
673	56.110283
674	31.064009
675	90.528085
676	12.626701
677	2.551844
678	39.823540
679	6.144115
680	65.513121
681	52.244554
682	33.492843
683	24.409622
684	87.407849
685	55.528905
686	30.042737
687	63.546893
688	6.462394
689	98.308822
690	39.834193
691	66.115104
692	95.986250
693	95.405253
694	90.863758
695	92.403254
696	49.013919
697	42.163431
698	82.925803
699	33.335209
700	62.661104
701	89.716865
702	21.919904
703	22.419942
704	21.472259
705	43.732315
706	4.603306
707	55.093793
708	21.605951
709	38.080764
710	81.654581
711	13.847796
712	64.362659
713	47.114520
714	9.858274
715	36.838992
716	22.772888
717	37.666129
718	27.320363
719	21.490792
720	33.257210
721	10.756911
722	27.301087
723	21.711323
724	89.265582
725	28.308785
726	86.288992
727	95.024832
728	20.953226
729	36.863786
730	53.196119
731	28.772759
732	80.362524
733	82.946000
734	36.422213
735	13.464375
736	40.001060
737	71.672361
738	76.082689
739	36.915767
740	86.689905
741	77.233399
742	17.193560
743	84.355035
744	68.217017
745	87.226262
746	16.337468
747	57.679806
748	25.663792
749	29.830128
750	23.500203
751	61.109618
752	66.250957
753	20.382128
754	50.675277
755	29.883366
756	98.785048
757	27.199990
758	78.540524
759	6.973706
760	83.717589
761	61.966245
762	38.273491
763	30.997956
764	44.385577
765	41.950439
766	39.075593
767	72.631555
768	81.627572
769	18.914747
770	36.914729
771	16.009880
772	52.944564
773	82.448428
774	5.574103
775	75.686812
776	32.802333
777	38.413192
778	27.692456
779	33.893486
780	96.123915
781	71.572662
782	17.447353
783	25.382574
784	36.015853
785	24.911410
786	5.970362
787	32.138843
788	11.165035
789	6.385863
790	18.415277
791	60.257774
792	17.898800
793	61.865393
794	78.970854
795	10.215359
796	86.553875
797	30.055026
798	99.480349
799	99.322129
800	99.157986
801	1.547219
802	42.115595
803	95.255730
804	18.053893
805	87.458824
806	77.671256
807	42.321141
808	72.738742
809	45.869185
810	37.067730
811	42.543056
812	4.321955
813	87.599133
814	64.018008
815	62.521486
816	52.482907
817	89.603758
818	17.293100
819	64.719502
820	29.205100
821	37.397755
822	74.413239
823	45.049982
824	74.392962
825	23.012659
826	79.726506
827	4.634386
828	11.700617
829	28.610164
830	24.041502
831	22.574012
832	25.719702
833	27.245893
834	3.451046
835	39.011722
836	98.457715
837	96.137929
838	16.603666
839	82.699047
840	93.777555
841	48.403948
842	85.548151
843	13.365627
844	41.161718
845	58.854312
846	95.134909
847	24.395087
848	12.404452
849	46.736323
850	97.544986
851	91.456017
852	3.437902
853	35.117555
854	54.200283
855	27.547054
856	86.980607
857	73.416994
858	14.177926
859	31.635852
860	41.192104
861	75.829461
862	58.892896
863	92.372005
864	95.258474
865	46.618419
866	77.861132
867	22.896864
868	86.452140
869	8.515140
870	67.145358
871	12.979348
872	91.390718
873	91.746126
874	94.797941
875	41.501234
876	44.721161
877	8.800919
878	34.715206
879	11.328015
880	26.975151
881	23.251521
882	19.349432
883	73.646010
884	46.871623
885	74.507902
886	33.499725
887	64.482007
888	90.306821
889	87.541061
890	36.869615
891	73.305006
892	54.368711
893	3.177777
894	49.433242
895	68.784382
896	69.560352
897	99.357795
898	48.568829
899	90.036147
900	2.126527
901	83.137175
902	87.887013
903	21.787227
904	89.210091
905	51.317482
906	22.021489
907	31.278198
908	14.672943
909	20.224331
910	78.830251
911	93.428372
912	39.707040
913	65.399728
914	92.867703
915	82.404719
916	22.208476
917	73.539535
918	97.625392
919	89.764599
920	16.006786
921	34.858358
922	28.529774
923	76.550345
924	16.220375
925	44.195889
926	60.460327
927	98.942236
928	35.611207
929	94.363328
930	99.324927
931	8.616421
932	7.425372
933	88.225315
934	6.997074
935	33.995514
936	0.350556
937	81.937077
938	82.877794
939	60.407239
940	33.999451
941	80.890653
942	60.637622
943	40.308695
944	91.125269
945	0.317573
946	78.228959
947	50.355308
948	13.831929
949	82.060397
950	52.993404
951	45.771160
952	74.581292
953	53.108296
954	17.919564
955	45.766316
956	68.007308
957	44.308221
958	11.263439
959	23.619111
960	63.354551
961	45.289496
962	32.135339
963	64.578527
964	2.407152
965	33.579978
966	20.432718
967	10.451084
968	61.121391
969	69.794530
970	53.076121
971	74.330672
972	80.816497
973	98.386386
974	43.250438
975	84.873882
976	27.203547
977	82.487806
978	68.509686
979	14.852426
980	20.886109
981	19.041975
982	25.848428
983	85.217415
984	79.821362
985	60.289508
986	65.464094
987	38.342989
988	33.397680
989	7.955140
990	3.643271
991	65.387736
992	26.613577
993	41.656696
994	52.496606
995	49.977814
996	68.312146
997	11.811834
998	80.092797
999	83.692684
1000	6.389198
;

param: c :=
1	81.379742
2	26.572340
3	97.813570
4	76.134170
5	90.718383
6	53.129403
7	53.893199
8	48.447049
9	84.893548
10	65.389745
11	60.243522
12	90.860642
13	46.757988
14	54.807262
15	95.408033
16	67.532415
17	41.818647
18	1.941797
19	27.211214
20	21.519065
21	31.342886
22	79.782720
23	2.512796
24	84.676779
25	32.536442
26	18.286923
27	50.963665
28	47.119064
29	76.004208
30	53.937114
31	7.801513
32	16.823914
33	50.786988
34	53.764128
35	46.690010
36	89.664673
37	10.298463
38	32.950990
39	68.553901
40	34.129904
41	87.870999
42	77.639102
43	28.126165
44	21.959916
45	68.058250
46	42.224091
47	1.082476
48	13.976468
49	31.844245
50	67.981519
51	40.881309
52	15.756213
53	58.705012
54	93.869551
55	94.040882
56	1.754618
57	81.177275
58	25.203396
59	64.400682
60	41.374926
61	42.547908
62	0.771172
63	68.310848
64	6.514532
65	39.202740
66	34.542899
67	87.530368
68	26.580245
69	89.006516
70	65.826505
71	28.281371
72	31.453582
73	46.353939
74	41.861568
75	94.921198
76	88.867658
77	61.690894
78	21.149900
79	16.965476
80	88.454891
81	53.802343
82	12.187205
83	7.949617
84	98.252503
85	71.779138
86	39.509694
87	94.142344
88	69.836857
89	78.063095
90	27.933522
91	56.709367
92	96.700901
93	29.874840
94	91.580401
95	34.863178
96	58.009953
97	7.701291
98	20.956849
99	65.685506
100	50.924033
101	85.341840
102	42.184359
103	96.361117
104	5.292380
105	6.056887
106	45.440757
107	80.489573
108	96.683837
109	83.349622
110	46.883299
111	71.728557
112	92.041393
113	43.975102
114	33.591161
115	3.663553
116	80.979012
117	16.310866
118	62.506830
119	36.662443
120	57.028790
121	93.735048
122	78.075725
123	6.463954
124	87.147734
125	11.417424
126	73.736794
127	96.425706
128	22.580430
129	68.263940
130	34.044169
131	18.358381
132	72.656663
133	18.459595
134	52.078705
135	50.456198
136	69.738402
137	74.577829
138	58.253736
139	26.898112
140	3.339294
141	10.337161
142	0.339896
143	17.882524
144	94.796178
145	70.103516
146	5.112730
147	70.659279
148	55.391843
149	67.997373
150	81.910348
151	93.101929
152	70.203875
153	27.200125
154	76.815339
155	12.347484
156	4.989383
157	64.519891
158	68.842510
159	18.643110
160	37.099600
161	15.846518
162	61.065054
163	81.045422
164	24.762672
165	86.762589
166	11.714795
167	71.793318
168	8.575839
169	74.148035
170	26.616156
171	61.354795
172	1.514104
173	46.266999
174	17.043887
175	60.602143
176	64.476820
177	16.710152
178	98.155149
179	85.216615
180	51.244637
181	54.279688
182	34.278154
183	57.540007
184	10.637887
185	2.214772
186	91.998231
187	26.929778
188	25.968565
189	54.623280
190	0.514418
191	41.543945
192	49.742310
193	28.876521
194	53.978961
195	80.544643
196	33.181968
197	91.999595
198	65.983915
199	9.468690
200	49.508070
201	66.825497
202	13.834694
203	56.317482
204	86.722065
205	39.588105
206	91.221802
207	68.437145
208	6.561824
209	89.414278
210	82.825205
211	69.313444
212	24.647744
213	62.584236
214	17.089946
215	46.644826
216	79.195537
217	89.769894
218	85.641153
219	7.840332
220	9.817620
221	31.885870
222	81.905398
223	6.910081
224	3.307299
225	7.972552
226	28.581669
227	61.140654
228	82.284373
229	49.972618
230	28.985805
231	94.548614
232	72.536268
233	31.771355
234	53.203789
235	74.488594
236	17.331731
237	10.825177
238	27.717521
239	39.544970
240	68.624070
241	80.821369
242	24.740451
243	10.643807
244	2.807329
245	58.637623
246	54.733013
247	45.746661
248	63.970835
249	31.139667
250	31.415132
251	65.595093
252	74.787031
253	49.628994
254	50.277082
255	30.529890
256	30.674755
257	48.593730
258	41.934320
259	14.599655
260	1.234811
261	38.919269
262	16.232013
263	83.496188
264	52.039861
265	86.339611
266	15.801354
267	93.755277
268	55.988293
269	91.488995
270	57.428964
271	51.764903
272	5.507944
273	20.041526
274	36.011828
275	58.251723
276	76.101551
277	8.389119
278	22.841261
279	77.903670
280	35.844891
281	34.405488
282	81.002876
283	89.035359
284	23.366750
285	0.765275
286	33.979185
287	23.618997
288	19.842078
289	28.448698
290	85.178629
291	80.459987
292	73.720070
293	84.461474
294	5.879539
295	48.869295
296	15.188268
297	80.758136
298	72.344091
299	43.372421
300	58.942466
301	51.290816
302	66.778513
303	34.690026
304	49.573615
305	75.181373
306	76.969576
307	71.934966
308	22.629296
309	32.206256
310	87.521882
311	93.644770
312	31.341922
313	39.143955
314	23.982086
315	48.276068
316	26.505837
317	66.860626
318	85.411343
319	99.419644
320	11.693764
321	79.456223
322	60.821341
323	64.403583
324	64.670735
325	57.713617
326	36.049364
327	96.867656
328	38.320910
329	38.203756
330	78.649912
331	46.338005
332	9.946469
333	92.465328
334	58.555963
335	47.965070
336	81.269166
337	49.897998
338	1.717679
339	15.835302
340	16.174877
341	43.170747
342	93.278672
343	80.591705
344	20.350552
345	16.483092
346	99.782805
347	18.812718
348	4.043453
349	7.393711
350	34.115710
351	27.284138
352	67.779205
353	58.226897
354	6.455482
355	92.906890
356	39.116305
357	81.226161
358	42.768554
359	12.771929
360	52.389533
361	32.770214
362	28.355900
363	97.449000
364	57.237756
365	31.938697
366	50.391322
367	34.643980
368	8.318805
369	11.541596
370	98.389590
371	25.581448
372	4.760772
373	13.309407
374	21.980834
375	40.110723
376	58.631523
377	65.660402
378	10.564872
379	42.538827
380	70.077873
381	52.821644
382	37.435116
383	30.358644
384	32.113397
385	95.996470
386	42.636930
387	93.828005
388	28.165616
389	42.671316
390	22.077524
391	85.172730
392	48.702650
393	80.805143
394	59.914597
395	62.256012
396	5.365140
397	84.229485
398	87.269965
399	52.732244
400	8.424360
401	30.513350
402	91.243260
403	34.852812
404	96.512107
405	77.884772
406	15.339075
407	18.377839
408	96.947033
409	5.296400
410	38.280392
411	77.638790
412	4.339802
413	7.261169
414	37.259561
415	84.558692
416	62.256864
417	88.939030
418	59.212520
419	55.311806
420	45.198549
421	2.331051
422	53.264344
423	8.096622
424	82.614464
425	79.573100
426	2.721075
427	50.836440
428	12.588793
429	12.930613
430	14.585555
431	57.558860
432	33.075310
433	29.687063
434	17.672302
435	50.091339
436	10.998909
437	10.736761
438	39.262453
439	9.345615
440	35.591911
441	88.922125
442	39.998981
443	63.316180
444	38.972135
445	96.318897
446	92.622449
447	36.318586
448	13.674174
449	51.440138
450	45.309100
451	71.765885
452	95.359942
453	58.127482
454	87.585378
455	59.562239
456	22.652351
457	42.367819
458	18.538662
459	57.182816
460	13.691066
461	92.132498
462	9.869255
463	71.123070
464	93.910742
465	16.180357
466	4.545132
467	28.750622
468	93.183643
469	17.731831
470	99.281606
471	77.084216
472	62.121746
473	88.637705
474	23.788545
475	94.193268
476	6.490166
477	74.623860
478	7.821669
479	28.311078
480	80.425838
481	62.237509
482	7.678845
483	43.160147
484	38.236898
485	78.992255
486	85.019255
487	21.387367
488	94.455600
489	47.196293
490	90.083709
491	63.055746
492	72.068672
493	97.043425
494	70.462638
495	11.310471
496	1.302520
497	2.173724
498	85.440910
499	34.861169
500	87.185749
501	42.217642
502	0.240040
503	56.278395
504	52.646677
505	95.240566
506	62.893341
507	85.755882
508	62.345527
509	88.315818
510	26.135779
511	51.367892
512	88.092558
513	45.946197
514	20.082954
515	56.309063
516	18.058062
517	9.914685
518	84.578156
519	83.819827
520	26.353176
521	16.120486
522	88.869435
523	10.646059
524	60.293681
525	49.368288
526	74.578297
527	81.110103
528	64.853207
529	30.911944
530	9.891870
531	28.160029
532	93.697125
533	88.739231
534	37.932336
535	96.241491
536	61.476126
537	56.853801
538	78.298164
539	37.513281
540	19.205760
541	72.396135
542	33.102573
543	37.965124
544	66.523105
545	5.940153
546	29.461165
547	61.809254
548	93.091091
549	83.400623
550	95.410947
551	0.760708
552	19.703041
553	10.009942
554	20.693266
555	54.555856
556	14.659305
557	44.890203
558	42.421455
559	30.621880
560	83.363624
561	67.818490
562	79.251353
563	26.894761
564	33.657790
565	40.149912
566	85.293235
567	51.709645
568	86.601112
569	75.980375
570	9.930708
571	52.387949
572	69.774856
573	60.600959
574	55.911695
575	91.102954
576	34.020473
577	33.563682
578	3.315307
579	15.517484
580	24.386813
581	34.736608
582	75.738540
583	49.258163
584	76.788660
585	13.124498
586	23.395350
587	48.593859
588	35.463535
589	9.602210
590	25.726850
591	81.694510
592	38.951420
593	92.534758
594	99.249061
595	94.271205
596	56.293161
597	16.496648
598	40.237589
599	68.343572
600	30.203417
601	90.159759
602	64.987877
603	99.968545
604	40.699072
605	98.139911
606	54.933229
607	12.682711
608	54.076700
609	90.513135
610	35.622819
611	79.494179
612	70.462964
613	53.078001
614	54.217281
615	35.604568
616	36.428722
617	33.673666
618	53.012079
619	44.029298
620	59.004255
621	14.512432
622	49.375884
623	54.092611
624	86.661697
625	69.308096
626	78.814215
627	34.187750
628	58.848858
629	73.757573
630	17.779072
631	24.575727
632	17.372304
633	24.328705
634	91.177504
635	75.889547
636	87.175964
637	48.207079
638	24.008097
639	58.202373
640	96.520484
641	75.518734
642	62.371934
643	35.326539
644	87.355189
645	44.486133
646	12.615119
647	70.683293
648	40.209953
649	79.100688
650	67.607656
651	95.887390
652	21.400927
653	22.016626
654	90.649265
655	73.338757
656	69.007182
657	1.742861
658	67.995449
659	70.368582
660	35.921534
661	96.907414
662	43.694072
663	58.025902
664	45.708979
665	50.590517
666	83.975824
667	37.974176
668	45.099053
669	37.556902
670	23.361216
671	71.726295
672	93.463439
673	18.293408
674	11.469024
675	89.159869
676	78.404318
677	40.413546
678	29.601831
679	97.124867
680	76.702308
681	14.171792
682	38.141885
683	60.708663
684	86.841482
685	98.176071
686	73.523615
687	98.818118
688	29.229819
689	4.399613
690	61.963852
691	16.703822
692	21.138774
693	80.049820
694	13.206760
695	51.647767
696	80.332748
697	53.388060
698	90.321560
699	76.568987
700	90.729422
701	60.080974
702	36.327147
703	52.250957
704	63.557232
705	20.430339
706	93.267727
707	90.840285
708	72.729831
709	24.938169
710	36.541186
711	62.294723
712	39.741055
713	30.481878
714	89.746893
715	62.419699
716	53.561886
717	5.747514
718	46.095444
719	60.603956
720	63.053826
721	24.117837
722	50.733088
723	78.997028
724	83.450703
725	91.382692
726	13.531401
727	15.537693
728	72.138379
729	92.251578
730	74.509688
731	88.330161
732	72.605846
733	83.019426
734	28.827310
735	67.516980
736	59.126800
737	0.606440
738	87.819166
739	41.164441
740	66.262301
741	0.149377
742	8.853602
743	16.136695
744	67.916060
745	64.661923
746	32.749355
747	71.436702
748	39.305839
749	75.225686
750	79.340867
751	22.138967
752	44.746029
753	84.695074
754	65.629654
755	29.648250
756	53.290436
757	94.869783
758	65.199893
759	99.870424
760	68.035018
761	59.714147
762	92.477284
763	85.586449
764	19.880588
765	19.383658
766	2.578263
767	6.507778
768	8.406437
769	55.420344
770	84.407557
771	28.600446
772	54.324779
773	30.354534
774	56.199193
775	17.166148
776	64.980884
777	65.453208
778	7.558922
779	60.180268
780	44.841678
781	80.704644
782	40.416920
783	97.456230
784	33.306366
785	4.936512
786	16.671760
787	68.494106
788	9.845423
789	10.299292
790	97.715173
791	2.956196
792	37.446610
793	39.083408
794	75.424664
795	1.882331
796	94.975325
797	96.031217
798	21.648538
799	1.521544
800	81.155143
801	50.700245
802	58.741768
803	33.467446
804	70.712388
805	82.330097
806	54.293319
807	20.424313
808	62.970679
809	90.230091
810	54.469505
811	83.392276
812	32.104395
813	12.312625
814	5.816325
815	61.241167
816	99.439762
817	27.200480
818	13.733283
819	97.713161
820	0.143311
821	87.864973
822	80.901439
823	16.143282
824	41.108572
825	52.850478
826	48.255151
827	53.731330
828	55.804085
829	6.427367
830	95.762468
831	86.342053
832	51.236279
833	19.473181
834	0.410122
835	95.112511
836	61.540115
837	92.383140
838	58.601551
839	97.496814
840	7.451276
841	89.457389
842	15.076538
843	93.930564
844	41.180855
845	38.989958
846	45.545394
847	30.155298
848	79.009372
849	14.266197
850	65.166845
851	41.813262
852	95.519515
853	78.274454
854	32.970456
855	62.787265
856	95.824612
857	58.460865
858	37.302609
859	88.421976
860	93.262298
861	19.484205
862	10.947290
863	84.269127
864	27.146755
865	81.259313
866	57.266953
867	95.649029
868	53.890263
869	92.412587
870	40.186617
871	69.200221
872	59.713633
873	27.871206
874	46.886575
875	33.876081
876	57.658115
877	90.228682
878	71.261028
879	69.003355
880	81.308185
881	45.235222
882	7.312426
883	47.141192
884	57.801353
885	89.994452
886	5.589631
887	33.075611
888	24.376647
889	57.358925
890	9.203125
891	9.650048
892	10.866667
893	76.663599
894	48.043439
895	39.953605
896	15.512109
897	81.111783
898	31.590521
899	45.600763
900	93.235756
901	76.978370
902	41.812807
903	98.733040
904	30.660357
905	48.591628
906	73.879721
907	56.539485
908	4.767117
909	7.593142
910	40.165788
911	37.693103
912	34.133967
913	56.615136
914	39.124749
915	83.696781
916	64.110371
917	35.981876
918	60.559472
919	46.351138
920	46.708065
921	76.673861
922	89.590640
923	76.887575
924	62.354833
925	88.213296
926	2.714221
927	5.246379
928	21.349306
929	38.225905
930	78.709723
931	1.820296
932	58.734130
933	95.129330
934	97.493746
935	63.579586
936	34.905361
937	74.277156
938	54.734165
939	62.345061
940	1.772843
941	77.293132
942	78.636420
943	47.353357
944	17.536552
945	82.817595
946	80.367612
947	80.840958
948	45.561617
949	1.919552
950	91.759976
951	2.707292
952	78.001478
953	4.302807
954	67.898589
955	37.743204
956	57.090975
957	67.893331
958	15.877441
959	93.814801
960	0.331417
961	43.909286
962	44.725801
963	6.581447
964	38.029952
965	71.693590
966	71.062277
967	81.502264
968	36.343851
969	30.797750
970	6.942984
971	50.411137
972	67.314648
973	45.704441
974	72.622310
975	15.991527
976	43.148528
977	97.128433
978	90.015357
979	96.077212
980	43.132544
981	92.016794
982	15.884805
983	35.806578
984	64.117924
985	5.998799
986	52.148773
987	64.706510
988	69.512485
989	43.852823
990	23.587502
991	98.953574
992	88.737792
993	13.970015
994	26.362854
995	29.724318
996	12.258919
997	37.278868
998	59.158084
999	4.114503
1000	35.298127
;

param: d :=
1	-78.208269
2	-98.976088
3	-97.549306
4	-65.288751
5	-17.358300
6	-46.219022
7	-53.653687
8	-81.387374
9	-75.439587
10	-0.540904
11	-25.691990
12	-47.681342
13	-6.361065
14	-79.705724
15	-68.099559
16	-45.635344
17	-41.581929
18	-97.544827
19	-7.839734
20	-54.349981
21	-78.781055
22	-29.523168
23	-23.714169
24	-83.283114
25	-78.186023
26	-10.104650
27	-66.068423
28	-44.696262
29	-85.809627
30	-12.249561
31	-23.190910
32	-19.632134
33	-73.905669
34	-65.168739
35	-62.878838
36	-33.316124
37	-56.851466
38	-68.710443
39	-81.181296
40	-60.793837
41	-62.260998
42	-61.765118
43	-84.117173
44	-51.157230
45	-23.888840
46	-65.297291
47	-28.542750
48	-83.834142
49	-40.727727
50	-29.465402
51	-2.322203
52	-81.201410
53	-82.401953
54	-63.827817
55	-16.023863
56	-0.344549
57	-33.357249
58	-48.863494
59	-83.138281
60	-67.887676
61	-92.293531
62	-29.106910
63	-14.966135
64	-79.532961
65	-67.068946
66	-34.172210
67	-47.679577
68	-43.478107
69	-66.073055
70	-41.181672
71	-23.420091
72	-41.690265
73	-77.729898
74	-39.865970
75	-76.779931
76	-93.839950
77	-33.193344
78	-46.575769
79	-65.635598
80	-20.770282
81	-82.081195
82	-97.652928
83	-91.779707
84	-50.783357
85	-35.898794
86	-29.331903
87	-78.635746
88	-57.007111
89	-57.801126
90	-16.005390
91	-16.672167
92	-32.189431
93	-28.457681
94	-88.703795
95	-93.165764
96	-39.460719
97	-65.798419
98	-0.366263
99	-12.959175
100	-85.997359
101	-68.871898
102	-68.903871
103	-73.543398
104	-27.266225
105	-98.709089
106	-94.443050
107	-29.421025
108	-27.718052
109	-82.681904
110	-68.568074
111	-18.036638
112	-65.890101
113	-89.753243
114	-26.391085
115	-8.297938
116	-31.959286
117	-5.463633
118	-23.319498
119	-51.364839
120	-39.820386
121	-26.681363
122	-13.401951
123	-56.339874
124	-5.118666
125	-58.874415
126	-14.869343
127	-33.359004
128	-65.264452
129	-8.438851
130	-40.646102
131	-49.558670
132	-59.728271
133	-3.023980
134	-30.855596
135	-20.799273
136	-9.754699
137	-93.086229
138	-47.822883
139	-59.612815
140	-41.204509
141	-57.833118
142	-74.121689
143	-14.321485
144	-44.153203
145	-64.585274
146	-76.853738
147	-28.454547
148	-80.067820
149	-38.112317
150	-15.858976
151	-30.610051
152	-83.623769
153	-58.209845
154	-60.384204
155	-1.623615
156	-89.030789
157	-86.581146
158	-37.203871
159	-91.614186
160	-55.411574
161	-69.238297
162	-33.655461
163	-2.552801
164	-70.466474
165	-15.535632
166	-0.420650
167	-40.213123
168	-93.797805
169	-39.588961
170	-1.008976
171	-33.785671
172	-7.825381
173	-29.866697
174	-96.401889
175	-21.321506
176	-76.204999
177	-23.532805
178	-32.499095
179	-27.304423
180	-1.837644
181	-66.680580
182	-37.868726
183	-97.113824
184	-74.843774
185	-55.043860
186	-10.566397
187	-82.406121
188	-57.420760
189	-62.198162
190	-81.027964
191	-60.896927
192	-42.177442
193	-99.090948
194	-49.684615
195	-14.018152
196	-87.299498
197	-35.314945
198	-34.590394
199	-38.413924
200	-97.821719
201	-18.157908
202	-31.613481
203	-80.877677
204	-89.006727
205	-15.477304
206	-70.605893
207	-5.704419
208	-98.209464
209	-30.392015
210	-67.650973
211	-77.387465
212	-34.175849
213	-72.014815
214	-18.320293
215	-95.609126
216	-22.494384
217	-25.880402
218	-93.656633
219	-19.881931
220	-87.479908
221	-25.805992
222	-24.340399
223	-45.957846
224	-24.306185
225	-74.306272
226	-88.333236
227	-2.616802
228	-25.066386
229	-64.425511
230	-92.134731
231	-20.960500
232	-3.524000
233	-32.679111
234	-72.534317
235	-27.316729
236	-3.277573
237	-86.798689
238	-65.226161
239	-47.955715
240	-47.894714
241	-21.604617
242	-10.142319
243	-79.327861
244	-14.809797
245	-80.076060
246	-64.463343
247	-39.754340
248	-82.013679
249	-82.530927
250	-44.341316
251	-92.263696
252	-22.164477
253	-8.535585
254	-68.561342
255	-95.953962
256	-89.549556
257	-43.598193
258	-20.657644
259	-98.251138
260	-17.617790
261	-65.538692
262	-74.672978
263	-22.618180
264	-7.284063
265	-76.020643
266	-95.901052
267	-44.624032
268	-30.678090
269	-36.568457
270	-83.935601
271	-94.951924
272	-85.849075
273	-62.270084
274	-81.478508
275	-97.143919
276	-8.827493
277	-65.204449
278	-36.679478
279	-45.106052
280	-0.100909
281	-45.761662
282	-27.604571
283	-27.662987
284	-73.194333
285	-51.433533
286	-18.364756
287	-95.666687
288	-81.255870
289	-11.968176
290	-57.962923
291	-20.585982
292	-69.008790
293	-90.308113
294	-63.836251
295	-92.649141
296	-10.923040
297	-85.549848
298	-84.255453
299	-36.354819
300	-45.495692
301	-26.010968
302	-10.328878
303	-84.405088
304	-45.826163
305	-64.600579
306	-54.366836
307	-55.609007
308	-20.529194
309	-75.716355
310	-80.108690
311	-63.932809
312	-32.382931
313	-58.194614
314	-93.484817
315	-35.266689
316	-34.299557
317	-19.562165
318	-54.479721
319	-7.053649
320	-71.490030
321	-6.061683
322	-73.645493
323	-17.375718
324	-87.531621
325	-97.207223
326	-73.396535
327	-1.146992
328	-16.540667
329	-59.458185
330	-3.540102
331	-21.313553
332	-58.395506
333	-57.355244
334	-3.009731
335	-78.184095
336	-91.537747
337	-92.325600
338	-37.529725
339	-85.617380
340	-65.754448
341	-87.117973
342	-61.889773
343	-6.758364
344	-9.569085
345	-8.980122
346	-16.449900
347	-87.004201
348	-48.235006
349	-64.208220
350	-65.134715
351	-41.165482
352	-46.202231
353	-12.453059
354	-76.380566
355	-78.203718
356	-84.627132
357	-18.663626
358	-49.924894
359	-89.244709
360	-44.153967
361	-56.905321
362	-13.502192
363	-19.241638
364	-43.223634
365	-40.841206
366	-9.315501
367	-62.887759
368	-44.955235
369	-54.507490
370	-9.334229
371	-56.542346
372	-3.967179
373	-96.199872
374	-94.404820
375	-95.486017
376	-26.164360
377	-99.510340
378	-33.367397
379	-3.688602
380	-97.993250
381	-4.277645
382	-89.415633
383	-68.296715
384	-30.264232
385	-83.183797
386	-94.336776
387	-5.358473
388	-69.243760
389	-96.471694
390	-39.233048
391	-21.718287
392	-23.141183
393	-58.620475
394	-34.032030
395	-40.235349
396	-87.164056
397	-77.027159
398	-15.207333
399	-12.394604
400	-74.032932
401	-63.862740
402	-21.455571
403	-75.342097
404	-4.474322
405	-16.702104
406	-39.967157
407	-62.771856
408	-87.553847
409	-28.468530
410	-58.874112
411	-38.294250
412	-17.090809
413	-1.964924
414	-25.740446
415	-68.492177
416	-99.628443
417	-84.791486
418	-51.731733
419	-60.179235
420	-80.576504
421	-38.558637
422	-52.942404
423	-40.549135
424	-86.792573
425	-96.385910
426	-49.267770
427	-3.555034
428	-18.756474
429	-55.410499
430	-4.619090
431	-54.193749
432	-54.132276
433	-10.886729
434	-68.667879
435	-41.093791
436	-24.116881
437	-19.650396
438	-8.890644
439	-28.978323
440	-36.555478
441	-15.980772
442	-87.664466
443	-82.210693
444	-9.498847
445	-82.318273
446	-49.589734
447	-97.358300
448	-55.356107
449	-1.809736
450	-94.111844
451	-91.439294
452	-32.754221
453	-41.423005
454	-59.840961
455	-44.660625
456	-25.642915
457	-65.651646
458	-30.366245
459	-49.544528
460	-71.624752
461	-18.880896
462	-11.991764
463	-19.619375
464	-15.178666
465	-72.688980
466	-19.659416
467	-86.222995
468	-73.766263
469	-51.169112
470	-3.418368
471	-60.249844
472	-90.765857
473	-12.651495
474	-35.162099
475	-91.338498
476	-61.897958
477	-16.490726
478	-69.233537
479	-16.800370
480	-3.244721
481	-95.434170
482	-39.895718
483	-9.783271
484	-47.596188
485	-36.019596
486	-63.869057
487	-33.051445
488	-74.587336
489	-80.895945
490	-64.528196
491	-41.296128
492	-21.759632
493	-72.841545
494	-57.431640
495	-1.674116
496	-67.383557
497	-19.551724
498	-90.636069
499	-66.975744
500	-44.776224
501	-31.198842
502	-18.863516
503	-66.553642
504	-87.248762
505	-60.582398
506	-75.280211
507	-71.183642
508	-9.324828
509	-37.425743
510	-80.060216
511	-98.518108
512	-3.982442
513	-46.749045
514	-40.696641
515	-1.814422
516	-62.160995
517	-27.938223
518	-38.078938
519	-5.739925
520	-84.664588
521	-82.976503
522	-37.647976
523	-15.797412
524	-59.213562
525	-54.682939
526	-41.611446
527	-58.779952
528	-6.629712
529	-57.935007
530	-53.686689
531	-20.787688
532	-13.901284
533	-69.287840
534	-10.281077
535	-83.289686
536	-42.005860
537	-71.304132
538	-96.321469
539	-63.326361
540	-72.136057
541	-55.969449
542	-2.924889
543	-61.000371
544	-16.686237
545	-69.648610
546	-90.861341
547	-46.884423
548	-74.715545
549	-18.816824
550	-23.769454
551	-45.989335
552	-1.856316
553	-70.340764
554	-95.940697
555	-10.116438
556	-3.603286
557	-15.067449
558	-35.986711
559	-94.486381
560	-16.706150
561	-14.954947
562	-89.061674
563	-0.036895
564	-32.205893
565	-83.961577
566	-14.963958
567	-26.347141
568	-89.378651
569	-4.076593
570	-10.319116
571	-41.632739
572	-93.507413
573	-16.582642
574	-52.227638
575	-87.237725
576	-33.308983
577	-24.501413
578	-5.525612
579	-91.008013
580	-42.591006
581	-59.101530
582	-18.518504
583	-32.231523
584	-4.150902
585	-4.503329
586	-52.889230
587	-23.932442
588	-68.714431
589	-50.928505
590	-33.518409
591	-74.206255
592	-41.678028
593	-58.051757
594	-34.196952
595	-86.138652
596	-46.743105
597	-24.557945
598	-2.594482
599	-71.599182
600	-56.686886
601	-46.744538
602	-38.859205
603	-48.479606
604	-68.073980
605	-22.266706
606	-38.948527
607	-30.363633
608	-60.895812
609	-11.912353
610	-38.457398
611	-58.857260
612	-69.379694
613	-51.743864
614	-19.554107
615	-19.644790
616	-3.124285
617	-72.374999
618	-47.197752
619	-60.867651
620	-22.020141
621	-43.914543
622	-92.406203
623	-54.209108
624	-11.874026
625	-35.376621
626	-35.055840
627	-60.725918
628	-68.259222
629	-72.844463
630	-56.231112
631	-31.980409
632	-83.297386
633	-82.074130
634	-75.311931
635	-17.031969
636	-16.682486
637	-37.852904
638	-5.434269
639	-12.759541
640	-69.881777
641	-95.558427
642	-12.398770
643	-5.576877
644	-90.616763
645	-37.704330
646	-62.763662
647	-34.098408
648	-44.648062
649	-71.165978
650	-46.224429
651	-21.723930
652	-31.962043
653	-76.561168
654	-67.543484
655	-76.321959
656	-63.062482
657	-11.513029
658	-56.691674
659	-53.759664
660	-14.659747
661	-18.968934
662	-79.287383
663	-10.689073
664	-24.975123
665	-71.974673
666	-93.985251
667	-48.173347
668	-64.736103
669	-9.576598
670	-14.934950
671	-71.521614
672	-98.808956
673	-60.505816
674	-41.869414
675	-26.729370
676	-75.336025
677	-77.391680
678	-95.375893
679	-47.518411
680	-83.469173
681	-67.809916
682	-26.472403
683	-23.752819
684	-78.659276
685	-75.019066
686	-79.483322
687	-88.660886
688	-37.524813
689	-51.904699
690	-61.740963
691	-47.828120
692	-1.762069
693	-33.469544
694	-94.983384
695	-2.403636
696	-11.832378
697	-41.788513
698	-34.377129
699	-13.125692
700	-3.479886
701	-4.283866
702	-19.087723
703	-23.011837
704	-63.092173
705	-78.710047
706	-88.974574
707	-78.973578
708	-85.519339
709	-64.931686
710	-30.873170
711	-55.933344
712	-13.830927
713	-68.295240
714	-45.978365
715	-82.796711
716	-85.970188
717	-65.580983
718	-19.373683
719	-48.034594
720	-81.508210
721	-50.187540
722	-50.412971
723	-51.619680
724	-93.174743
725	-42.455906
726	-92.367930
727	-75.071916
728	-5.769020
729	-7.533694
730	-68.167379
731	-64.215720
732	-17.864247
733	-7.075680
734	-0.004903
735	-8.380858
736	-72.729226
737	-92.521663
738	-40.470861
739	-41.166813
740	-22.134165
741	-35.567526
742	-34.793141
743	-18.706277
744	-88.587498
745	-32.701057
746	-39.235689
747	-80.416266
748	-50.857155
749	-0.093133
750	-65.024883
751	-28.251054
752	-99.052229
753	-89.613966
754	-53.886807
755	-68.274009
756	-79.887033
757	-89.657892
758	-31.975626
759	-23.089765
760	-94.534060
761	-2.498610
762	-57.205184
763	-78.892768
764	-50.264722
765	-0.760693
766	-95.221585
767	-7.876808
768	-7.322702
769	-47.620656
770	-83.359004
771	-83.798834
772	-49.960617
773	-94.625911
774	-91.106083
775	-63.958075
776	-58.404316
777	-19.768664
778	-64.972826
779	-4.363565
780	-9.048919
781	-39.740774
782	-26.248317
783	-44.686542
784	-40.370491
785	-28.781526
786	-10.954235
787	-97.605764
788	-83.474386
789	-33.655311
790	-50.780432
791	-26.305288
792	-59.824199
793	-97.137840
794	-58.673101
795	-29.359326
796	-38.703174
797	-24.023692
798	-35.045925
799	-32.323491
800	-58.794163
801	-21.466057
802	-77.764382
803	-9.453572
804	-41.134278
805	-88.109917
806	-34.330471
807	-54.521551
808	-48.646026
809	-0.149454
810	-67.825483
811	-80.192431
812	-7.179071
813	-28.594198
814	-3.861613
815	-8.979223
816	-47.873715
817	-21.234510
818	-86.261986
819	-3.962608
820	-63.392931
821	-23.243540
822	-50.323232
823	-7.240657
824	-60.712108
825	-51.064239
826	-10.880907
827	-38.536388
828	-36.948699
829	-1.513108
830	-28.648588
831	-63.256079
832	-46.352745
833	-78.698816
834	-43.331888
835	-31.785125
836	-87.755515
837	-88.788438
838	-84.870807
839	-7.086472
840	-13.383559
841	-30.933866
842	-11.503882
843	-22.731196
844	-14.586035
845	-91.071410
846	-49.558536
847	-14.551551
848	-38.149342
849	-29.267428
850	-19.975759
851	-39.552286
852	-60.873505
853	-92.573837
854	-49.254954
855	-51.862778
856	-48.040763
857	-79.403175
858	-45.635013
859	-30.543570
860	-58.041564
861	-27.899496
862	-86.411557
863	-63.586997
864	-44.563556
865	-31.126848
866	-86.416375
867	-31.311691
868	-69.436999
869	-50.988477
870	-67.471828
871	-28.930609
872	-57.457978
873	-24.817771
874	-23.241163
875	-60.660256
876	-81.009159
877	-50.559863
878	-68.205185
879	-95.893423
880	-23.675636
881	-59.454792
882	-6.593906
883	-25.209559
884	-1.727469
885	-95.938064
886	-42.187119
887	-45.441158
888	-97.020698
889	-90.141888
890	-61.753575
891	-22.135985
892	-6.145842
893	-46.233633
894	-93.932538
895	-10.884720
896	-88.511768
897	-39.695698
898	-30.654609
899	-79.564288
900	-48.619179
901	-14.398094
902	-28.867028
903	-69.268634
904	-92.454630
905	-81.315893
906	-14.370102
907	-40.947921
908	-29.395253
909	-97.124598
910	-79.654972
911	-52.687102
912	-16.673982
913	-35.924237
914	-21.737643
915	-67.476194
916	-25.181734
917	-11.820905
918	-17.771678
919	-57.488454
920	-90.072306
921	-6.122704
922	-73.935647
923	-31.873980
924	-41.700521
925	-10.342618
926	-11.238278
927	-26.342775
928	-37.780816
929	-98.415080
930	-34.689822
931	-34.628285
932	-8.758048
933	-65.631470
934	-90.701832
935	-2.604789
936	-95.221342
937	-5.649937
938	-68.714912
939	-53.949411
940	-78.278653
941	-65.431313
942	-52.221073
943	-81.425690
944	-50.603686
945	-45.998641
946	-20.633793
947	-99.041637
948	-62.236757
949	-41.668745
950	-45.885138
951	-3.012072
952	-70.556935
953	-41.207258
954	-65.211581
955	-68.571002
956	-69.862112
957	-37.812014
958	-54.332672
959	-25.872252
960	-84.219950
961	-6.242572
962	-94.902167
963	-65.258698
964	-36.244963
965	-27.448742
966	-45.563140
967	-86.885467
968	-97.053441
969	-94.801475
970	-4.405785
971	-73.288947
972	-70.818860
973	-14.970320
974	-13.743196
975	-30.360717
976	-72.529657
977	-89.609177
978	-88.674990
979	-29.026844
980	-19.799558
981	-94.678932
982	-74.762272
983	-64.189000
984	-64.979206
985	-42.114038
986	-50.986551
987	-48.691521
988	-30.727427
989	-41.362166
990	-96.421014
991	-79.267327
992	-17.634989
993	-0.891163
994	-72.853442
995	-71.148915
996	-2.922040
997	-50.123441
998	-50.709642
999	-51.244875
1000	-76.557468
;

param: weight :=
1	38.000000
2	78.000000
3	39.000000
4	19.000000
5	39.000000
6	49.000000
7	25.000000
8	92.000000
9	93.000000
10	31.000000
11	70.000000
12	44.000000
13	63.000000
14	5.000000
15	71.000000
16	55.000000
17	13.000000
18	10.000000
19	36.000000
20	84.000000
21	25.000000
22	64.000000
23	27.000000
24	90.000000
25	54.000000
26	58.000000
27	37.000000
28	8.000000
29	66.000000
30	46.000000
31	5.000000
32	35.000000
33	17.000000
34	57.000000
35	61.000000
36	28.000000
37	87.000000
38	85.000000
39	33.000000
40	41.000000
41	38.000000
42	17.000000
43	17.000000
44	62.000000
45	36.000000
46	1.000000
47	63.000000
48	58.000000
49	38.000000
50	24.000000
51	54.000000
52	33.000000
53	74.000000
54	72.000000
55	27.000000
56	4.000000
57	27.000000
58	62.000000
59	85.000000
60	75.000000
61	68.000000
62	39.000000
63	63.000000
64	71.000000
65	95.000000
66	4.000000
67	87.000000
68	92.000000
69	45.000000
70	50.000000
71	60.000000
72	67.000000
73	21.000000
74	35.000000
75	60.000000
76	34.000000
77	20.000000
78	49.000000
79	11.000000
80	28.000000
81	37.000000
82	64.000000
83	8.000000
84	83.000000
85	71.000000
86	80.000000
87	12.000000
88	37.000000
89	97.000000
90	20.000000
91	95.000000
92	36.000000
93	57.000000
94	45.000000
95	87.000000
96	76.000000
97	55.000000
98	31.000000
99	49.000000
100	40.000000
101	50.000000
102	25.000000
103	43.000000
104	29.000000
105	17.000000
106	38.000000
107	33.000000
108	75.000000
109	18.000000
110	42.000000
111	68.000000
112	42.000000
113	90.000000
114	13.000000
115	12.000000
116	49.000000
117	26.000000
118	18.000000
119	17.000000
120	99.000000
121	60.000000
122	62.000000
123	4.000000
124	5.000000
125	48.000000
126	28.000000
127	28.000000
128	59.000000
129	6.000000
130	19.000000
131	5.000000
132	64.000000
133	80.000000
134	88.000000
135	46.000000
136	11.000000
137	79.000000
138	14.000000
139	50.000000
140	56.000000
141	49.000000
142	88.000000
143	22.000000
144	18.000000
145	18.000000
146	1.000000
147	57.000000
148	54.000000
149	17.000000
150	16.000000
151	28.000000
152	13.000000
153	49.000000
154	81.000000
155	46.000000
156	72.000000
157	79.000000
158	41.000000
159	75.000000
160	32.000000
161	73.000000
162	71.000000
163	1.000000
164	53.000000
165	19.000000
166	96.000000
167	49.000000
168	87.000000
169	37.000000
170	51.000000
171	49.000000
172	28.000000
173	95.000000
174	22.000000
175	43.000000
176	52.000000
177	69.000000
178	49.000000
179	36.000000
180	71.000000
181	81.000000
182	54.000000
183	54.000000
184	37.000000
185	25.000000
186	24.000000
187	95.000000
188	77.000000
189	32.000000
190	90.000000
191	24.000000
192	67.000000
193	39.000000
194	52.000000
195	68.000000
196	14.000000
197	88.000000
198	88.000000
199	40.000000
200	36.000000
201	20.000000
202	7.000000
203	56.000000
204	1.000000
205	6.000000
206	35.000000
207	13.000000
208	97.000000
209	48.000000
210	26.000000
211	92.000000
212	32.000000
213	87.000000
214	18.000000
215	64.000000
216	82.000000
217	83.000000
218	15.000000
219	93.000000
220	37.000000
221	32.000000
222	46.000000
223	55.000000
224	42.000000
225	73.000000
226	34.000000
227	14.000000
228	69.000000
229	93.000000
230	2.000000
231	51.000000
232	92.000000
233	59.000000
234	35.000000
235	91.000000
236	85.000000
237	47.000000
238	77.000000
239	9.000000
240	25.000000
241	48.000000
242	43.000000
243	22.000000
244	18.000000
245	57.000000
246	71.000000
247	18.000000
248	23.000000
249	49.000000
250	60.000000
251	56.000000
252	11.000000
253	18.000000
254	3.000000
255	56.000000
256	13.000000
257	67.000000
258	57.000000
259	17.000000
260	1.000000
261	59.000000
262	24.000000
263	72.000000
264	61.000000
265	47.000000
266	39.000000
267	43.000000
268	75.000000
269	75.000000
270	7.000000
271	49.000000
272	12.000000
273	86.000000
274	60.000000
275	62.000000
276	83.000000
277	15.000000
278	47.000000
279	45.000000
280	36.000000
281	14.000000
282	79.000000
283	90.000000
284	93.000000
285	17.000000
286	13.000000
287	32.000000
288	73.000000
289	55.000000
290	19.000000
291	61.000000
292	7.000000
293	6.000000
294	66.000000
295	23.000000
296	68.000000
297	47.000000
298	43.000000
299	12.000000
300	16.000000
301	41.000000
302	67.000000
303	38.000000
304	73.000000
305	97.000000
306	39.000000
307	45.000000
308	9.000000
309	30.000000
310	60.000000
311	47.000000
312	68.000000
313	6.000000
314	34.000000
315	21.000000
316	55.000000
317	63.000000
318	39.000000
319	57.000000
320	83.000000
321	26.000000
322	38.000000
323	93.000000
324	42.000000
325	59.000000
326	36.000000
327	66.000000
328	25.000000
329	82.000000
330	80.000000
331	3.000000
332	20.000000
333	60.000000
334	49.000000
335	14.000000
336	50.000000
337	9.000000
338	55.000000
339	51.000000
340	70.000000
341	40.000000
342	51.000000
343	8.000000
344	9.000000
345	27.000000
346	1.000000
347	61.000000
348	8.000000
349	88.000000
350	15.000000
351	2.000000
352	10.000000
353	37.000000
354	97.000000
355	15.000000
356	71.000000
357	17.000000
358	89.000000
359	7.000000
360	54.000000
361	92.000000
362	40.000000
363	22.000000
364	13.000000
365	20.000000
366	64.000000
367	84.000000
368	71.000000
369	35.000000
370	17.000000
371	96.000000
372	72.000000
373	38.000000
374	85.000000
375	99.000000
376	29.000000
377	29.000000
378	42.000000
379	40.000000
380	99.000000
381	99.000000
382	45.000000
383	86.000000
384	60.000000
385	49.000000
386	98.000000
387	57.000000
388	57.000000
389	29.000000
390	33.000000
391	52.000000
392	20.000000
393	14.000000
394	65.000000
395	43.000000
396	49.000000
397	73.000000
398	34.000000
399	73.000000
400	91.000000
401	3.000000
402	40.000000
403	39.000000
404	46.000000
405	90.000000
406	75.000000
407	70.000000
408	89.000000
409	77.000000
410	75.000000
411	55.000000
412	73.000000
413	27.000000
414	32.000000
415	82.000000
416	18.000000
417	46.000000
418	66.000000
419	26.000000
420	91.000000
421	77.000000
422	24.000000
423	99.000000
424	52.000000
425	85.000000
426	6.000000
427	89.000000
428	29.000000
429	12.000000
430	12.000000
431	47.000000
432	3.000000
433	37.000000
434	98.000000
435	13.000000
436	67.000000
437	88.000000
438	69.000000
439	19.000000
440	21.000000
441	68.000000
442	21.000000
443	16.000000
444	67.000000
445	3.000000
446	27.000000
447	68.000000
448	17.000000
449	69.000000
450	40.000000
451	32.000000
452	74.000000
453	83.000000
454	8.000000
455	73.000000
456	28.000000
457	95.000000
458	76.000000
459	50.000000
460	17.000000
461	87.000000
462	84.000000
463	85.000000
464	25.000000
465	28.000000
466	96.000000
467	83.000000
468	67.000000
469	45.000000
470	99.000000
471	94.000000
472	86.000000
473	45.000000
474	30.000000
475	91.000000
476	8.000000
477	2.000000
478	97.000000
479	76.000000
480	20.000000
481	96.000000
482	81.000000
483	50.000000
484	89.000000
485	30.000000
486	34.000000
487	51.000000
488	80.000000
489	31.000000
490	16.000000
491	35.000000
492	51.000000
493	50.000000
494	70.000000
495	38.000000
496	31.000000
497	71.000000
498	52.000000
499	42.000000
500	24.000000
501	5.000000
502	44.000000
503	79.000000
504	80.000000
505	81.000000
506	79.000000
507	51.000000
508	89.000000
509	55.000000
510	3.000000
511	64.000000
512	64.000000
513	12.000000
514	35.000000
515	28.000000
516	85.000000
517	46.000000
518	2.000000
519	82.000000
520	51.000000
521	24.000000
522	66.000000
523	55.000000
524	20.000000
525	83.000000
526	56.000000
527	36.000000
528	48.000000
529	52.000000
530	39.000000
531	53.000000
532	69.000000
533	52.000000
534	29.000000
535	63.000000
536	49.000000
537	67.000000
538	27.000000
539	84.000000
540	51.000000
541	31.000000
542	50.000000
543	27.000000
544	53.000000
545	68.000000
546	48.000000
547	1.000000
548	85.000000
549	46.000000
550	69.000000
551	99.000000
552	53.000000
553	32.000000
554	47.000000
555	29.000000
556	76.000000
557	98.000000
558	52.000000
559	61.000000
560	21.000000
561	79.000000
562	82.000000
563	80.000000
564	9.000000
565	69.000000
566	62.000000
567	1.000000
568	81.000000
569	66.000000
570	89.000000
571	91.000000
572	45.000000
573	86.000000
574	26.000000
575	13.000000
576	58.000000
577	43.000000
578	4.000000
579	10.000000
580	18.000000
581	7.000000
582	64.000000
583	80.000000
584	87.000000
585	53.000000
586	54.000000
587	38.000000
588	5.000000
589	33.000000
590	38.000000
591	42.000000
592	95.000000
593	75.000000
594	29.000000
595	15.000000
596	70.000000
597	91.000000
598	69.000000
599	33.000000
600	25.000000
601	61.000000
602	34.000000
603	31.000000
604	8.000000
605	96.000000
606	65.000000
607	73.000000
608	36.000000
609	26.000000
610	12.000000
611	49.000000
612	33.000000
613	79.000000
614	61.000000
615	57.000000
616	63.000000
617	81.000000
618	34.000000
619	37.000000
620	46.000000
621	48.000000
622	15.000000
623	83.000000
624	81.000000
625	14.000000
626	66.000000
627	42.000000
628	18.000000
629	89.000000
630	50.000000
631	29.000000
632	39.000000
633	80.000000
634	32.000000
635	25.000000
636	84.000000
637	50.000000
638	17.000000
639	96.000000
640	77.000000
641	23.000000
642	53.000000
643	87.000000
644	66.000000
645	59.000000
646	32.000000
647	70.000000
648	54.000000
649	96.000000
650	24.000000
651	20.000000
652	56.000000
653	25.000000
654	72.000000
655	55.000000
656	44.000000
657	49.000000
658	12.000000
659	20.000000
660	71.000000
661	54.000000
662	87.000000
663	2.000000
664	54.000000
665	46.000000
666	8.000000
667	94.000000
668	25.000000
669	13.000000
670	72.000000
671	71.000000
672	5.000000
673	8.000000
674	66.000000
675	81.000000
676	97.000000
677	31.000000
678	41.000000
679	46.000000
680	24.000000
681	26.000000
682	58.000000
683	47.000000
684	92.000000
685	8.000000
686	47.000000
687	95.000000
688	80.000000
689	74.000000
690	61.000000
691	91.000000
692	17.000000
693	7.000000
694	53.000000
695	41.000000
696	87.000000
697	94.000000
698	81.000000
699	99.000000
700	68.000000
701	87.000000
702	10.000000
703	80.000000
704	87.000000
705	31.000000
706	2.000000
707	51.000000
708	3.000000
709	15.000000
710	19.000000
711	35.000000
712	75.000000
713	68.000000
714	25.000000
715	72.000000
716	91.000000
717	81.000000
718	14.000000
719	53.000000
720	87.000000
721	28.000000
722	41.000000
723	56.000000
724	70.000000
725	80.000000
726	5.000000
727	45.000000
728	70.000000
729	85.000000
730	60.000000
731	86.000000
732	88.000000
733	8.000000
734	31.000000
735	6.000000
736	72.000000
737	8.000000
738	58.000000
739	30.000000
740	86.000000
741	69.000000
742	45.000000
743	91.000000
744	28.000000
745	46.000000
746	94.000000
747	22.000000
748	90.000000
749	12.000000
750	35.000000
751	29.000000
752	27.000000
753	40.000000
754	99.000000
755	30.000000
756	34.000000
757	98.000000
758	79.000000
759	18.000000
760	30.000000
761	93.000000
762	58.000000
763	41.000000
764	13.000000
765	19.000000
766	45.000000
767	70.000000
768	25.000000
769	40.000000
770	86.000000
771	16.000000
772	58.000000
773	74.000000
774	98.000000
775	28.000000
776	49.000000
777	55.000000
778	77.000000
779	39.000000
780	5.000000
781	8.000000
782	59.000000
783	6.000000
784	71.000000
785	21.000000
786	96.000000
787	92.000000
788	85.000000
789	62.000000
790	78.000000
791	32.000000
792	7.000000
793	64.000000
794	95.000000
795	76.000000
796	36.000000
797	4.000000
798	40.000000
799	3.000000
800	41.000000
801	72.000000
802	4.000000
803	71.000000
804	83.000000
805	55.000000
806	19.000000
807	21.000000
808	95.000000
809	37.000000
810	95.000000
811	54.000000
812	70.000000
813	33.000000
814	16.000000
815	62.000000
816	84.000000
817	10.000000
818	11.000000
819	36.000000
820	26.000000
821	29.000000
822	27.000000
823	24.000000
824	88.000000
825	19.000000
826	17.000000
827	81.000000
828	61.000000
829	22.000000
830	63.000000
831	71.000000
832	15.000000
833	88.000000
834	66.000000
835	38.000000
836	70.000000
837	33.000000
838	70.000000
839	4.000000
840	50.000000
841	17.000000
842	97.000000
843	25.000000
844	56.000000
845	52.000000
846	81.000000
847	93.000000
848	1.000000
849	24.000000
850	83.000000
851	1.000000
852	54.000000
853	21.000000
854	16.000000
855	98.000000
856	67.000000
857	34.000000
858	53.000000
859	39.000000
860	92.000000
861	24.000000
862	11.000000
863	13.000000
864	50.000000
865	16.000000
866	20.000000
867	95.000000
868	1.000000
869	45.000000
870	23.000000
871	82.000000
872	5.000000
873	60.000000
874	26.000000
875	90.000000
876	77.000000
877	80.000000
878	77.000000
879	86.000000
880	4.000000
881	62.000000
882	38.000000
883	23.000000
884	78.000000
885	78.000000
886	10.000000
887	5.000000
888	83.000000
889	62.000000
890	35.000000
891	77.000000
892	13.000000
893	58.000000
894	52.000000
895	78.000000
896	8.000000
897	77.000000
898	42.000000
899	44.000000
900	9.000000
901	72.000000
902	99.000000
903	82.000000
904	58.000000
905	72.000000
906	73.000000
907	17.000000
908	85.000000
909	51.000000
910	86.000000
911	12.000000
912	26.000000
913	25.000000
914	63.000000
915	85.000000
916	43.000000
917	21.000000
918	81.000000
919	54.000000
920	94.000000
921	67.000000
922	4.000000
923	65.000000
924	98.000000
925	86.000000
926	70.000000
927	92.000000
928	62.000000
929	62.000000
930	58.000000
931	98.000000
932	96.000000
933	62.000000
934	69.000000
935	36.000000
936	66.000000
937	47.000000
938	74.000000
939	94.000000
940	43.000000
941	78.000000
942	65.000000
943	35.000000
944	23.000000
945	46.000000
946	99.000000
947	85.000000
948	61.000000
949	1.000000
950	3.000000
951	99.000000
952	54.000000
953	54.000000
954	56.000000
955	5.000000
956	22.000000
957	41.000000
958	41.000000
959	82.000000
960	98.000000
961	76.000000
962	62.000000
963	27.000000
964	48.000000
965	8.000000
966	36.000000
967	5.000000
968	66.000000
969	5.000000
970	17.000000
971	47.000000
972	35.000000
973	12.000000
974	46.000000
975	90.000000
976	23.000000
977	10.000000
978	97.000000
979	99.000000
980	8.000000
981	88.000000
982	53.000000
983	95.000000
984	91.000000
985	31.000000
986	46.000000
987	44.000000
988	59.000000
989	44.000000
990	39.000000
991	24.000000
992	75.000000
993	93.000000
994	22.000000
995	9.000000
996	72.000000
997	33.000000
998	62.000000
999	82.000000
1000	34.000000
;

param: U :=
1	100.000000
2	100.000000
3	100.000000
4	100.000000
5	100.000000
6	100.000000
7	100.000000
8	100.000000
9	100.000000
10	100.000000
11	100.000000
12	100.000000
13	100.000000
14	100.000000
15	100.000000
16	100.000000
17	100.000000
18	100.000000
19	100.000000
20	100.000000
21	100.000000
22	100.000000
23	100.000000
24	100.000000
25	100.000000
26	100.000000
27	100.000000
28	100.000000
29	100.000000
30	100.000000
31	100.000000
32	100.000000
33	100.000000
34	100.000000
35	100.000000
36	100.000000
37	100.000000
38	100.000000
39	100.000000
40	100.000000
41	100.000000
42	100.000000
43	100.000000
44	100.000000
45	100.000000
46	100.000000
47	100.000000
48	100.000000
49	100.000000
50	100.000000
51	100.000000
52	100.000000
53	100.000000
54	100.000000
55	100.000000
56	100.000000
57	100.000000
58	100.000000
59	100.000000
60	100.000000
61	100.000000
62	100.000000
63	100.000000
64	100.000000
65	100.000000
66	100.000000
67	100.000000
68	100.000000
69	100.000000
70	100.000000
71	100.000000
72	100.000000
73	100.000000
74	100.000000
75	100.000000
76	100.000000
77	100.000000
78	100.000000
79	100.000000
80	100.000000
81	100.000000
82	100.000000
83	100.000000
84	100.000000
85	100.000000
86	100.000000
87	100.000000
88	100.000000
89	100.000000
90	100.000000
91	100.000000
92	100.000000
93	100.000000
94	100.000000
95	100.000000
96	100.000000
97	100.000000
98	100.000000
99	100.000000
100	100.000000
101	100.000000
102	100.000000
103	100.000000
104	100.000000
105	100.000000
106	100.000000
107	100.000000
108	100.000000
109	100.000000
110	100.000000
111	100.000000
112	100.000000
113	100.000000
114	100.000000
115	100.000000
116	100.000000
117	100.000000
118	100.000000
119	100.000000
120	100.000000
121	100.000000
122	100.000000
123	100.000000
124	100.000000
125	100.000000
126	100.000000
127	100.000000
128	100.000000
129	100.000000
130	100.000000
131	100.000000
132	100.000000
133	100.000000
134	100.000000
135	100.000000
136	100.000000
137	100.000000
138	100.000000
139	100.000000
140	100.000000
141	100.000000
142	100.000000
143	100.000000
144	100.000000
145	100.000000
146	100.000000
147	100.000000
148	100.000000
149	100.000000
150	100.000000
151	100.000000
152	100.000000
153	100.000000
154	100.000000
155	100.000000
156	100.000000
157	100.000000
158	100.000000
159	100.000000
160	100.000000
161	100.000000
162	100.000000
163	100.000000
164	100.000000
165	100.000000
166	100.000000
167	100.000000
168	100.000000
169	100.000000
170	100.000000
171	100.000000
172	100.000000
173	100.000000
174	100.000000
175	100.000000
176	100.000000
177	100.000000
178	100.000000
179	100.000000
180	100.000000
181	100.000000
182	100.000000
183	100.000000
184	100.000000
185	100.000000
186	100.000000
187	100.000000
188	100.000000
189	100.000000
190	100.000000
191	100.000000
192	100.000000
193	100.000000
194	100.000000
195	100.000000
196	100.000000
197	100.000000
198	100.000000
199	100.000000
200	100.000000
201	100.000000
202	100.000000
203	100.000000
204	100.000000
205	100.000000
206	100.000000
207	100.000000
208	100.000000
209	100.000000
210	100.000000
211	100.000000
212	100.000000
213	100.000000
214	100.000000
215	100.000000
216	100.000000
217	100.000000
218	100.000000
219	100.000000
220	100.000000
221	100.000000
222	100.000000
223	100.000000
224	100.000000
225	100.000000
226	100.000000
227	100.000000
228	100.000000
229	100.000000
230	100.000000
231	100.000000
232	100.000000
233	100.000000
234	100.000000
235	100.000000
236	100.000000
237	100.000000
238	100.000000
239	100.000000
240	100.000000
241	100.000000
242	100.000000
243	100.000000
244	100.000000
245	100.000000
246	100.000000
247	100.000000
248	100.000000
249	100.000000
250	100.000000
251	100.000000
252	100.000000
253	100.000000
254	100.000000
255	100.000000
256	100.000000
257	100.000000
258	100.000000
259	100.000000
260	100.000000
261	100.000000
262	100.000000
263	100.000000
264	100.000000
265	100.000000
266	100.000000
267	100.000000
268	100.000000
269	100.000000
270	100.000000
271	100.000000
272	100.000000
273	100.000000
274	100.000000
275	100.000000
276	100.000000
277	100.000000
278	100.000000
279	100.000000
280	100.000000
281	100.000000
282	100.000000
283	100.000000
284	100.000000
285	100.000000
286	100.000000
287	100.000000
288	100.000000
289	100.000000
290	100.000000
291	100.000000
292	100.000000
293	100.000000
294	100.000000
295	100.000000
296	100.000000
297	100.000000
298	100.000000
299	100.000000
300	100.000000
301	100.000000
302	100.000000
303	100.000000
304	100.000000
305	100.000000
306	100.000000
307	100.000000
308	100.000000
309	100.000000
310	100.000000
311	100.000000
312	100.000000
313	100.000000
314	100.000000
315	100.000000
316	100.000000
317	100.000000
318	100.000000
319	100.000000
320	100.000000
321	100.000000
322	100.000000
323	100.000000
324	100.000000
325	100.000000
326	100.000000
327	100.000000
328	100.000000
329	100.000000
330	100.000000
331	100.000000
332	100.000000
333	100.000000
334	100.000000
335	100.000000
336	100.000000
337	100.000000
338	100.000000
339	100.000000
340	100.000000
341	100.000000
342	100.000000
343	100.000000
344	100.000000
345	100.000000
346	100.000000
347	100.000000
348	100.000000
349	100.000000
350	100.000000
351	100.000000
352	100.000000
353	100.000000
354	100.000000
355	100.000000
356	100.000000
357	100.000000
358	100.000000
359	100.000000
360	100.000000
361	100.000000
362	100.000000
363	100.000000
364	100.000000
365	100.000000
366	100.000000
367	100.000000
368	100.000000
369	100.000000
370	100.000000
371	100.000000
372	100.000000
373	100.000000
374	100.000000
375	100.000000
376	100.000000
377	100.000000
378	100.000000
379	100.000000
380	100.000000
381	100.000000
382	100.000000
383	100.000000
384	100.000000
385	100.000000
386	100.000000
387	100.000000
388	100.000000
389	100.000000
390	100.000000
391	100.000000
392	100.000000
393	100.000000
394	100.000000
395	100.000000
396	100.000000
397	100.000000
398	100.000000
399	100.000000
400	100.000000
401	100.000000
402	100.000000
403	100.000000
404	100.000000
405	100.000000
406	100.000000
407	100.000000
408	100.000000
409	100.000000
410	100.000000
411	100.000000
412	100.000000
413	100.000000
414	100.000000
415	100.000000
416	100.000000
417	100.000000
418	100.000000
419	100.000000
420	100.000000
421	100.000000
422	100.000000
423	100.000000
424	100.000000
425	100.000000
426	100.000000
427	100.000000
428	100.000000
429	100.000000
430	100.000000
431	100.000000
432	100.000000
433	100.000000
434	100.000000
435	100.000000
436	100.000000
437	100.000000
438	100.000000
439	100.000000
440	100.000000
441	100.000000
442	100.000000
443	100.000000
444	100.000000
445	100.000000
446	100.000000
447	100.000000
448	100.000000
449	100.000000
450	100.000000
451	100.000000
452	100.000000
453	100.000000
454	100.000000
455	100.000000
456	100.000000
457	100.000000
458	100.000000
459	100.000000
460	100.000000
461	100.000000
462	100.000000
463	100.000000
464	100.000000
465	100.000000
466	100.000000
467	100.000000
468	100.000000
469	100.000000
470	100.000000
471	100.000000
472	100.000000
473	100.000000
474	100.000000
475	100.000000
476	100.000000
477	100.000000
478	100.000000
479	100.000000
480	100.000000
481	100.000000
482	100.000000
483	100.000000
484	100.000000
485	100.000000
486	100.000000
487	100.000000
488	100.000000
489	100.000000
490	100.000000
491	100.000000
492	100.000000
493	100.000000
494	100.000000
495	100.000000
496	100.000000
497	100.000000
498	100.000000
499	100.000000
500	100.000000
501	100.000000
502	100.000000
503	100.000000
504	100.000000
505	100.000000
506	100.000000
507	100.000000
508	100.000000
509	100.000000
510	100.000000
511	100.000000
512	100.000000
513	100.000000
514	100.000000
515	100.000000
516	100.000000
517	100.000000
518	100.000000
519	100.000000
520	100.000000
521	100.000000
522	100.000000
523	100.000000
524	100.000000
525	100.000000
526	100.000000
527	100.000000
528	100.000000
529	100.000000
530	100.000000
531	100.000000
532	100.000000
533	100.000000
534	100.000000
535	100.000000
536	100.000000
537	100.000000
538	100.000000
539	100.000000
540	100.000000
541	100.000000
542	100.000000
543	100.000000
544	100.000000
545	100.000000
546	100.000000
547	100.000000
548	100.000000
549	100.000000
550	100.000000
551	100.000000
552	100.000000
553	100.000000
554	100.000000
555	100.000000
556	100.000000
557	100.000000
558	100.000000
559	100.000000
560	100.000000
561	100.000000
562	100.000000
563	100.000000
564	100.000000
565	100.000000
566	100.000000
567	100.000000
568	100.000000
569	100.000000
570	100.000000
571	100.000000
572	100.000000
573	100.000000
574	100.000000
575	100.000000
576	100.000000
577	100.000000
578	100.000000
579	100.000000
580	100.000000
581	100.000000
582	100.000000
583	100.000000
584	100.000000
585	100.000000
586	100.000000
587	100.000000
588	100.000000
589	100.000000
590	100.000000
591	100.000000
592	100.000000
593	100.000000
594	100.000000
595	100.000000
596	100.000000
597	100.000000
598	100.000000
599	100.000000
600	100.000000
601	100.000000
602	100.000000
603	100.000000
604	100.000000
605	100.000000
606	100.000000
607	100.000000
608	100.000000
609	100.000000
610	100.000000
611	100.000000
612	100.000000
613	100.000000
614	100.000000
615	100.000000
616	100.000000
617	100.000000
618	100.000000
619	100.000000
620	100.000000
621	100.000000
622	100.000000
623	100.000000
624	100.000000
625	100.000000
626	100.000000
627	100.000000
628	100.000000
629	100.000000
630	100.000000
631	100.000000
632	100.000000
633	100.000000
634	100.000000
635	100.000000
636	100.000000
637	100.000000
638	100.000000
639	100.000000
640	100.000000
641	100.000000
642	100.000000
643	100.000000
644	100.000000
645	100.000000
646	100.000000
647	100.000000
648	100.000000
649	100.000000
650	100.000000
651	100.000000
652	100.000000
653	100.000000
654	100.000000
655	100.000000
656	100.000000
657	100.000000
658	100.000000
659	100.000000
660	100.000000
661	100.000000
662	100.000000
663	100.000000
664	100.000000
665	100.000000
666	100.000000
667	100.000000
668	100.000000
669	100.000000
670	100.000000
671	100.000000
672	100.000000
673	100.000000
674	100.000000
675	100.000000
676	100.000000
677	100.000000
678	100.000000
679	100.000000
680	100.000000
681	100.000000
682	100.000000
683	100.000000
684	100.000000
685	100.000000
686	100.000000
687	100.000000
688	100.000000
689	100.000000
690	100.000000
691	100.000000
692	100.000000
693	100.000000
694	100.000000
695	100.000000
696	100.000000
697	100.000000
698	100.000000
699	100.000000
700	100.000000
701	100.000000
702	100.000000
703	100.000000
704	100.000000
705	100.000000
706	100.000000
707	100.000000
708	100.000000
709	100.000000
710	100.000000
711	100.000000
712	100.000000
713	100.000000
714	100.000000
715	100.000000
716	100.000000
717	100.000000
718	100.000000
719	100.000000
720	100.000000
721	100.000000
722	100.000000
723	100.000000
724	100.000000
725	100.000000
726	100.000000
727	100.000000
728	100.000000
729	100.000000
730	100.000000
731	100.000000
732	100.000000
733	100.000000
734	100.000000
735	100.000000
736	100.000000
737	100.000000
738	100.000000
739	100.000000
740	100.000000
741	100.000000
742	100.000000
743	100.000000
744	100.000000
745	100.000000
746	100.000000
747	100.000000
748	100.000000
749	100.000000
750	100.000000
751	100.000000
752	100.000000
753	100.000000
754	100.000000
755	100.000000
756	100.000000
757	100.000000
758	100.000000
759	100.000000
760	100.000000
761	100.000000
762	100.000000
763	100.000000
764	100.000000
765	100.000000
766	100.000000
767	100.000000
768	100.000000
769	100.000000
770	100.000000
771	100.000000
772	100.000000
773	100.000000
774	100.000000
775	100.000000
776	100.000000
777	100.000000
778	100.000000
779	100.000000
780	100.000000
781	100.000000
782	100.000000
783	100.000000
784	100.000000
785	100.000000
786	100.000000
787	100.000000
788	100.000000
789	100.000000
790	100.000000
791	100.000000
792	100.000000
793	100.000000
794	100.000000
795	100.000000
796	100.000000
797	100.000000
798	100.000000
799	100.000000
800	100.000000
801	100.000000
802	100.000000
803	100.000000
804	100.000000
805	100.000000
806	100.000000
807	100.000000
808	100.000000
809	100.000000
810	100.000000
811	100.000000
812	100.000000
813	100.000000
814	100.000000
815	100.000000
816	100.000000
817	100.000000
818	100.000000
819	100.000000
820	100.000000
821	100.000000
822	100.000000
823	100.000000
824	100.000000
825	100.000000
826	100.000000
827	100.000000
828	100.000000
829	100.000000
830	100.000000
831	100.000000
832	100.000000
833	100.000000
834	100.000000
835	100.000000
836	100.000000
837	100.000000
838	100.000000
839	100.000000
840	100.000000
841	100.000000
842	100.000000
843	100.000000
844	100.000000
845	100.000000
846	100.000000
847	100.000000
848	100.000000
849	100.000000
850	100.000000
851	100.000000
852	100.000000
853	100.000000
854	100.000000
855	100.000000
856	100.000000
857	100.000000
858	100.000000
859	100.000000
860	100.000000
861	100.000000
862	100.000000
863	100.000000
864	100.000000
865	100.000000
866	100.000000
867	100.000000
868	100.000000
869	100.000000
870	100.000000
871	100.000000
872	100.000000
873	100.000000
874	100.000000
875	100.000000
876	100.000000
877	100.000000
878	100.000000
879	100.000000
880	100.000000
881	100.000000
882	100.000000
883	100.000000
884	100.000000
885	100.000000
886	100.000000
887	100.000000
888	100.000000
889	100.000000
890	100.000000
891	100.000000
892	100.000000
893	100.000000
894	100.000000
895	100.000000
896	100.000000
897	100.000000
898	100.000000
899	100.000000
900	100.000000
901	100.000000
902	100.000000
903	100.000000
904	100.000000
905	100.000000
906	100.000000
907	100.000000
908	100.000000
909	100.000000
910	100.000000
911	100.000000
912	100.000000
913	100.000000
914	100.000000
915	100.000000
916	100.000000
917	100.000000
918	100.000000
919	100.000000
920	100.000000
921	100.000000
922	100.000000
923	100.000000
924	100.000000
925	100.000000
926	100.000000
927	100.000000
928	100.000000
929	100.000000
930	100.000000
931	100.000000
932	100.000000
933	100.000000
934	100.000000
935	100.000000
936	100.000000
937	100.000000
938	100.000000
939	100.000000
940	100.000000
941	100.000000
942	100.000000
943	100.000000
944	100.000000
945	100.000000
946	100.000000
947	100.000000
948	100.000000
949	100.000000
950	100.000000
951	100.000000
952	100.000000
953	100.000000
954	100.000000
955	100.000000
956	100.000000
957	100.000000
958	100.000000
959	100.000000
960	100.000000
961	100.000000
962	100.000000
963	100.000000
964	100.000000
965	100.000000
966	100.000000
967	100.000000
968	100.000000
969	100.000000
970	100.000000
971	100.000000
972	100.000000
973	100.000000
974	100.000000
975	100.000000
976	100.000000
977	100.000000
978	100.000000
979	100.000000
980	100.000000
981	100.000000
982	100.000000
983	100.000000
984	100.000000
985	100.000000
986	100.000000
987	100.000000
988	100.000000
989	100.000000
990	100.000000
991	100.000000
992	100.000000
993	100.000000
994	100.000000
995	100.000000
996	100.000000
997	100.000000
998	100.000000
999	100.000000
1000	100.000000
;

