# seed = 1254829604

param N := 1000;

param M := 5;

param Umax := 100.000000;

param: C :=
1	367199.709699
2	853339.996100
3	380406.107186
4	116944.678487
5	871000.060645
;

param: a :=
1	0.175694
2	0.179338
3	0.147334
4	0.173190
5	0.178540
6	0.114936
7	0.165024
8	0.112914
9	0.155012
10	0.145518
11	0.116020
12	0.163564
13	0.148037
14	0.117864
15	0.161014
16	0.189992
17	0.152927
18	0.132100
19	0.125568
20	0.136077
21	0.162478
22	0.199454
23	0.153817
24	0.188997
25	0.111702
26	0.184980
27	0.127838
28	0.120608
29	0.143037
30	0.165266
31	0.190149
32	0.191561
33	0.183502
34	0.174769
35	0.101212
36	0.134164
37	0.149878
38	0.151080
39	0.122719
40	0.101882
41	0.117146
42	0.127771
43	0.197837
44	0.186743
45	0.152827
46	0.131761
47	0.164179
48	0.121224
49	0.120407
50	0.177992
51	0.101886
52	0.130197
53	0.150993
54	0.100236
55	0.178943
56	0.158002
57	0.120965
58	0.160879
59	0.146845
60	0.135879
61	0.187232
62	0.140206
63	0.112119
64	0.170174
65	0.170786
66	0.172694
67	0.139741
68	0.194777
69	0.149941
70	0.168316
71	0.161652
72	0.152182
73	0.129412
74	0.159117
75	0.138660
76	0.116719
77	0.191452
78	0.198348
79	0.109671
80	0.171474
81	0.197285
82	0.156849
83	0.136553
84	0.140132
85	0.175252
86	0.154299
87	0.142074
88	0.146890
89	0.185199
90	0.130424
91	0.157273
92	0.121445
93	0.104261
94	0.127317
95	0.186236
96	0.192259
97	0.126667
98	0.154360
99	0.144899
100	0.194205
101	0.178428
102	0.169132
103	0.129688
104	0.155501
105	0.168808
106	0.161451
107	0.133301
108	0.162465
109	0.113231
110	0.121967
111	0.154179
112	0.112518
113	0.193883
114	0.190123
115	0.164818
116	0.129903
117	0.188082
118	0.160770
119	0.154938
120	0.102378
121	0.172937
122	0.128983
123	0.157752
124	0.197604
125	0.159301
126	0.117255
127	0.115172
128	0.121950
129	0.185812
130	0.145398
131	0.108765
132	0.126954
133	0.122927
134	0.189410
135	0.103230
136	0.190245
137	0.167944
138	0.160026
139	0.182808
140	0.191805
141	0.106379
142	0.113099
143	0.147460
144	0.195312
145	0.177714
146	0.127043
147	0.186308
148	0.140968
149	0.170933
150	0.146461
151	0.180777
152	0.134470
153	0.123040
154	0.105638
155	0.129109
156	0.124480
157	0.154114
158	0.165159
159	0.185532
160	0.143815
161	0.130597
162	0.177149
163	0.148621
164	0.179813
165	0.109477
166	0.192848
167	0.125909
168	0.142041
169	0.128261
170	0.165030
171	0.102748
172	0.161367
173	0.144588
174	0.167430
175	0.171969
176	0.175613
177	0.134842
178	0.130813
179	0.194557
180	0.142154
181	0.110420
182	0.153790
183	0.161622
184	0.125262
185	0.140472
186	0.167738
187	0.159678
188	0.165201
189	0.163060
190	0.188375
191	0.171189
192	0.192753
193	0.178654
194	0.110599
195	0.139909
196	0.122243
197	0.145057
198	0.110053
199	0.158920
200	0.135472
201	0.194358
202	0.129959
203	0.138256
204	0.106107
205	0.186435
206	0.153762
207	0.129311
208	0.198181
209	0.167581
210	0.198944
211	0.181880
212	0.103134
213	0.162270
214	0.184105
215	0.124745
216	0.184928
217	0.120284
218	0.111322
219	0.128341
220	0.145569
221	0.101953
222	0.157961
223	0.156769
224	0.114648
225	0.185647
226	0.164640
227	0.199118
228	0.182275
229	0.109098
230	0.149259
231	0.158204
232	0.118397
233	0.135296
234	0.129426
235	0.109895
236	0.116952
237	0.101917
238	0.113735
239	0.129354
240	0.157071
241	0.100534
242	0.103854
243	0.155976
244	0.138584
245	0.189527
246	0.125878
247	0.117410
248	0.144641
249	0.124628
250	0.174604
251	0.138765
252	0.166271
253	0.165555
254	0.127596
255	0.187238
256	0.154285
257	0.108300
258	0.107014
259	0.159780
260	0.135803
261	0.107252
262	0.179106
263	0.163412
264	0.107803
265	0.181387
266	0.136151
267	0.161633
268	0.198511
269	0.157572
270	0.128016
271	0.107710
272	0.196017
273	0.117823
274	0.180702
275	0.138296
276	0.116967
277	0.133455
278	0.102722
279	0.180916
280	0.146333
281	0.158999
282	0.111052
283	0.144164
284	0.147942
285	0.186010
286	0.134128
287	0.110317
288	0.117452
289	0.120973
290	0.192634
291	0.187688
292	0.172515
293	0.133451
294	0.116735
295	0.187165
296	0.122922
297	0.197460
298	0.142014
299	0.130514
300	0.169190
301	0.124549
302	0.126762
303	0.164199
304	0.195421
305	0.157335
306	0.179823
307	0.148632
308	0.172564
309	0.119897
310	0.150656
311	0.149961
312	0.108571
313	0.194336
314	0.115984
315	0.133481
316	0.164162
317	0.126700
318	0.183754
319	0.130536
320	0.133688
321	0.110892
322	0.197627
323	0.126888
324	0.114959
325	0.190716
326	0.104505
327	0.170479
328	0.124022
329	0.121788
330	0.122627
331	0.146420
332	0.173810
333	0.171407
334	0.187606
335	0.109758
336	0.183288
337	0.151165
338	0.125104
339	0.110481
340	0.192504
341	0.152901
342	0.107417
343	0.162998
344	0.195778
345	0.148275
346	0.179032
347	0.150376
348	0.186281
349	0.143729
350	0.173822
351	0.160478
352	0.185916
353	0.175344
354	0.147027
355	0.189837
356	0.112455
357	0.149069
358	0.170801
359	0.134023
360	0.152315
361	0.101555
362	0.134224
363	0.144419
364	0.137626
365	0.196754
366	0.184902
367	0.126164
368	0.158681
369	0.180057
370	0.153106
371	0.127287
372	0.191204
373	0.105868
374	0.122568
375	0.188919
376	0.169644
377	0.190016
378	0.188594
379	0.116869
380	0.120582
381	0.185158
382	0.190471
383	0.116623
384	0.145156
385	0.143594
386	0.178770
387	0.154794
388	0.140165
389	0.123584
390	0.191249
391	0.118568
392	0.135261
393	0.146349
394	0.182629
395	0.199211
396	0.127043
397	0.111229
398	0.199586
399	0.172415
400	0.141561
401	0.185260
402	0.130765
403	0.185063
404	0.119185
405	0.185783
406	0.103655
407	0.164050
408	0.179660
409	0.153765
410	0.190888
411	0.123487
412	0.196926
413	0.118080
414	0.184686
415	0.116157
416	0.185288
417	0.128208
418	0.154307
419	0.161164
420	0.156671
421	0.134256
422	0.171987
423	0.127158
424	0.124480
425	0.180287
426	0.188303
427	0.180770
428	0.155658
429	0.185608
430	0.154162
431	0.104540
432	0.199085
433	0.169719
434	0.102398
435	0.182054
436	0.169579
437	0.156492
438	0.118350
439	0.113454
440	0.109529
441	0.136122
442	0.176973
443	0.187535
444	0.124795
445	0.139543
446	0.144038
447	0.189343
448	0.125667
449	0.126847
450	0.117832
451	0.111766
452	0.152346
453	0.135183
454	0.139723
455	0.108404
456	0.181482
457	0.186237
458	0.176051
459	0.116162
460	0.180290
461	0.134462
462	0.153555
463	0.110556
464	0.170423
465	0.148868
466	0.148776
467	0.119427
468	0.148833
469	0.146848
470	0.131841
471	0.191397
472	0.115893
473	0.154604
474	0.195123
475	0.105597
476	0.191094
477	0.125519
478	0.198484
479	0.117628
480	0.128963
481	0.133500
482	0.139253
483	0.168496
484	0.181137
485	0.186032
486	0.142340
487	0.126379
488	0.145066
489	0.141358
490	0.166398
491	0.160256
492	0.169648
493	0.194927
494	0.150013
495	0.168229
496	0.111604
497	0.111263
498	0.149807
499	0.173418
500	0.138245
501	0.181615
502	0.121668
503	0.127274
504	0.195520
505	0.121348
506	0.156540
507	0.103767
508	0.179236
509	0.121119
510	0.186051
511	0.193602
512	0.199307
513	0.123266
514	0.152871
515	0.107619
516	0.141849
517	0.178405
518	0.170990
519	0.137627
520	0.135135
521	0.149899
522	0.167832
523	0.173131
524	0.122084
525	0.106405
526	0.112639
527	0.186179
528	0.131439
529	0.121186
530	0.190781
531	0.190284
532	0.101358
533	0.120149
534	0.130249
535	0.166932
536	0.164343
537	0.103138
538	0.156626
539	0.158196
540	0.161940
541	0.100614
542	0.108971
543	0.149810
544	0.197018
545	0.184320
546	0.141300
547	0.181089
548	0.107083
549	0.137076
550	0.179262
551	0.174396
552	0.163044
553	0.178393
554	0.157096
555	0.135428
556	0.169261
557	0.140204
558	0.139515
559	0.179181
560	0.182055
561	0.157672
562	0.140325
563	0.156858
564	0.196106
565	0.186815
566	0.113327
567	0.141836
568	0.177366
569	0.104620
570	0.102679
571	0.121171
572	0.181667
573	0.155999
574	0.125978
575	0.189492
576	0.111439
577	0.170906
578	0.118052
579	0.191011
580	0.125497
581	0.164139
582	0.118398
583	0.149397
584	0.105581
585	0.138359
586	0.155082
587	0.159791
588	0.153508
589	0.172486
590	0.185490
591	0.172806
592	0.113118
593	0.145094
594	0.125768
595	0.100167
596	0.146431
597	0.129428
598	0.161244
599	0.163234
600	0.198592
601	0.156935
602	0.175673
603	0.108541
604	0.109115
605	0.114381
606	0.129727
607	0.165561
608	0.179082
609	0.164605
610	0.182074
611	0.153507
612	0.190486
613	0.165335
614	0.136212
615	0.102233
616	0.141809
617	0.159891
618	0.144294
619	0.111487
620	0.112610
621	0.151870
622	0.188376
623	0.147259
624	0.173542
625	0.166030
626	0.195575
627	0.158465
628	0.169670
629	0.125211
630	0.163033
631	0.126031
632	0.107287
633	0.131905
634	0.171797
635	0.150603
636	0.130933
637	0.195289
638	0.161479
639	0.118047
640	0.188652
641	0.151427
642	0.156594
643	0.147320
644	0.101584
645	0.105684
646	0.116471
647	0.192611
648	0.161850
649	0.172564
650	0.163509
651	0.118453
652	0.122588
653	0.123563
654	0.105201
655	0.142154
656	0.135439
657	0.171517
658	0.146581
659	0.179732
660	0.172724
661	0.136679
662	0.194588
663	0.108324
664	0.138048
665	0.136910
666	0.109649
667	0.193642
668	0.106587
669	0.131720
670	0.142213
671	0.169766
672	0.172043
673	0.146974
674	0.148727
675	0.114772
676	0.127214
677	0.114038
678	0.102995
679	0.186140
680	0.115024
681	0.134311
682	0.106832
683	0.122535
684	0.142774
685	0.142436
686	0.114536
687	0.152551
688	0.162934
689	0.168745
690	0.136631
691	0.163309
692	0.149997
693	0.118517
694	0.115870
695	0.184961
696	0.182773
697	0.183116
698	0.173934
699	0.178586
700	0.127579
701	0.123402
702	0.171425
703	0.107579
704	0.100787
705	0.185720
706	0.184605
707	0.100279
708	0.162456
709	0.118477
710	0.159127
711	0.185042
712	0.149653
713	0.132455
714	0.147616
715	0.150948
716	0.125064
717	0.158473
718	0.127738
719	0.136235
720	0.176877
721	0.138926
722	0.130011
723	0.177251
724	0.107971
725	0.186508
726	0.163178
727	0.110000
728	0.108749
729	0.157058
730	0.131005
731	0.161274
732	0.101492
733	0.119354
734	0.179371
735	0.102336
736	0.135077
737	0.189123
738	0.190179
739	0.119794
740	0.165061
741	0.189821
742	0.186983
743	0.181417
744	0.104030
745	0.187672
746	0.180029
747	0.124920
748	0.183129
749	0.132254
750	0.141683
751	0.117986
752	0.190297
753	0.135358
754	0.144489
755	0.157782
756	0.144595
757	0.189086
758	0.114558
759	0.143421
760	0.122226
761	0.137997
762	0.188409
763	0.121044
764	0.170257
765	0.164695
766	0.172961
767	0.144879
768	0.153856
769	0.176101
770	0.152149
771	0.196926
772	0.134309
773	0.173736
774	0.133132
775	0.104782
776	0.135908
777	0.144951
778	0.113920
779	0.168471
780	0.173147
781	0.193563
782	0.132624
783	0.148099
784	0.193091
785	0.173414
786	0.144157
787	0.145704
788	0.152146
789	0.106069
790	0.177001
791	0.184464
792	0.151876
793	0.198216
794	0.194108
795	0.113773
796	0.164133
797	0.162868
798	0.110727
799	0.161092
800	0.126872
801	0.114683
802	0.158903
803	0.115054
804	0.131402
805	0.165759
806	0.164550
807	0.143307
808	0.113936
809	0.172552
810	0.120635
811	0.115989
812	0.128586
813	0.116413
814	0.160256
815	0.132727
816	0.134775
817	0.124182
818	0.110403
819	0.189618
820	0.189715
821	0.139150
822	0.138118
823	0.108402
824	0.191186
825	0.196067
826	0.156258
827	0.104688
828	0.171144
829	0.136607
830	0.177283
831	0.192041
832	0.155311
833	0.165096
834	0.184132
835	0.100744
836	0.128586
837	0.187649
838	0.110801
839	0.184014
840	0.160195
841	0.112640
842	0.103700
843	0.178918
844	0.132185
845	0.178755
846	0.191130
847	0.107692
848	0.107634
849	0.107661
850	0.154056
851	0.145944
852	0.127809
853	0.186924
854	0.173194
855	0.175955
856	0.115752
857	0.128682
858	0.144698
859	0.172266
860	0.142793
861	0.194773
862	0.168579
863	0.148158
864	0.168350
865	0.135163
866	0.107014
867	0.124235
868	0.116553
869	0.170439
870	0.194550
871	0.141029
872	0.186158
873	0.188030
874	0.128878
875	0.182410
876	0.190342
877	0.113950
878	0.138669
879	0.138187
880	0.173574
881	0.115641
882	0.180715
883	0.186185
884	0.159416
885	0.154447
886	0.195637
887	0.110496
888	0.163051
889	0.170246
890	0.156085
891	0.130115
892	0.153038
893	0.164772
894	0.134660
895	0.177443
896	0.146117
897	0.189987
898	0.154341
899	0.191426
900	0.178097
901	0.188005
902	0.156987
903	0.131896
904	0.157193
905	0.100992
906	0.109869
907	0.177964
908	0.192642
909	0.119148
910	0.151025
911	0.197403
912	0.177883
913	0.127185
914	0.172960
915	0.112056
916	0.104324
917	0.150304
918	0.182637
919	0.103735
920	0.199785
921	0.137858
922	0.194392
923	0.168231
924	0.111264
925	0.169988
926	0.194782
927	0.140858
928	0.119185
929	0.160036
930	0.155767
931	0.151618
932	0.123036
933	0.161622
934	0.146717
935	0.156483
936	0.199690
937	0.113083
938	0.163224
939	0.124337
940	0.151703
941	0.118284
942	0.155504
943	0.190835
944	0.102014
945	0.109062
946	0.127123
947	0.161610
948	0.100293
949	0.199634
950	0.108285
951	0.170374
952	0.169246
953	0.106500
954	0.165644
955	0.166081
956	0.132131
957	0.168666
958	0.193672
959	0.138805
960	0.182979
961	0.183408
962	0.116813
963	0.177846
964	0.157559
965	0.153089
966	0.135192
967	0.179492
968	0.111476
969	0.176115
970	0.131226
971	0.120773
972	0.176217
973	0.167073
974	0.104609
975	0.159755
976	0.122748
977	0.100100
978	0.142943
979	0.102865
980	0.178275
981	0.143975
982	0.176856
983	0.102429
984	0.168081
985	0.124085
986	0.118592
987	0.137580
988	0.182905
989	0.145881
990	0.161168
991	0.192745
992	0.184016
993	0.189784
994	0.183426
995	0.113756
996	0.169543
997	0.188425
998	0.119514
999	0.137703
1000	0.172519
;

param: b :=
1	80.433799
2	17.551959
3	43.491288
4	14.355709
5	25.805766
6	96.827479
7	24.087614
8	41.026850
9	76.838225
10	55.146775
11	47.559244
12	25.419507
13	97.228040
14	88.165229
15	10.392085
16	11.093417
17	15.852575
18	47.728332
19	81.392439
20	41.333793
21	97.035472
22	46.976933
23	99.877024
24	13.587983
25	66.321131
26	24.939700
27	92.265822
28	34.397862
29	48.128695
30	94.696176
31	8.738926
32	3.464600
33	50.522758
34	62.106074
35	14.034082
36	47.702954
37	67.516944
38	43.208233
39	57.122937
40	23.007274
41	22.958106
42	55.856028
43	92.078071
44	2.395547
45	98.928973
46	71.125111
47	9.634021
48	99.988328
49	72.158742
50	7.891319
51	17.753640
52	66.786633
53	64.549490
54	88.046750
55	7.824862
56	91.202612
57	85.757891
58	34.192146
59	69.994227
60	15.989857
61	51.577412
62	79.760612
63	98.035364
64	46.881430
65	4.589309
66	5.777628
67	84.789271
68	91.179850
69	62.885984
70	69.504724
71	75.324674
72	70.222378
73	28.256582
74	54.177945
75	95.367338
76	73.261625
77	74.140126
78	75.471523
79	78.761461
80	21.357110
81	80.545002
82	81.834745
83	12.504053
84	88.025984
85	91.694012
86	38.969438
87	43.925629
88	61.074142
89	42.194718
90	93.794211
91	16.941877
92	27.709357
93	38.810433
94	12.549442
95	3.392660
96	11.290715
97	69.430582
98	15.623044
99	82.027141
100	90.491499
101	84.550644
102	31.072616
103	46.648228
104	53.970185
105	70.950260
106	14.182953
107	0.114726
108	14.511178
109	68.861269
110	81.392181
111	47.224650
112	29.392900
113	70.435721
114	53.396687
115	73.355596
116	67.926766
117	6.523392
118	78.993432
119	36.038923
120	96.256241
121	97.522140
122	64.270579
123	97.704483
124	12.089651
125	56.401484
126	48.242910
127	70.558416
128	73.891251
129	91.110484
130	6.555415
131	47.872325
132	16.303996
133	0.916657
134	23.345806
135	44.419156
136	29.845587
137	53.529434
138	59.318378
139	24.932943
140	56.702760
141	14.750099
142	44.439042
143	40.968514
144	73.775385
145	47.002880
146	15.499286
147	83.095894
148	59.135850
149	17.471151
150	8.977200
151	56.826550
152	8.534931
153	91.775979
154	5.777961
155	58.299264
156	48.699283
157	10.253552
158	8.758078
159	84.219716
160	59.518162
161	69.872638
162	48.337602
163	12.204474
164	98.418459
165	65.625825
166	59.293913
167	78.252431
168	8.242388
169	11.471893
170	96.141146
171	69.757907
172	39.412867
173	66.300123
174	56.559175
175	46.138415
176	15.537313
177	21.510221
178	38.069163
179	19.932266
180	27.307857
181	19.758917
182	16.914155
183	47.240591
184	38.011000
185	27.307553
186	27.386284
187	69.167487
188	4.792467
189	12.625516
190	45.509082
191	90.859397
192	72.214482
193	66.923738
194	38.789881
195	1.041149
196	92.714853
197	51.266373
198	43.376758
199	92.185650
200	69.648111
201	98.098929
202	19.020543
203	41.812136
204	82.270302
205	92.983995
206	39.453032
207	52.685270
208	67.940517
209	31.591101
210	24.052114
211	21.192845
212	23.629776
213	54.126796
214	56.193239
215	20.169837
216	30.197617
217	52.886538
218	74.517866
219	38.219468
220	47.087284
221	30.363515
222	68.000566
223	40.411522
224	54.239561
225	89.372019
226	84.675980
227	19.017951
228	76.923999
229	30.858393
230	15.639122
231	21.219050
232	91.252468
233	16.956180
234	38.228659
235	8.615356
236	96.617779
237	3.171462
238	86.356331
239	94.033447
240	86.114657
241	79.809337
242	60.661552
243	31.016820
244	23.120278
245	88.974439
246	67.749211
247	14.628422
248	15.511039
249	24.402657
250	72.012958
251	49.464076
252	40.534795
253	15.459003
254	27.668339
255	71.224224
256	37.470316
257	49.958996
258	95.179158
259	0.460753
260	56.633473
261	65.668488
262	82.034785
263	64.071849
264	17.296631
265	72.732398
266	25.878008
267	54.559871
268	15.192345
269	27.928360
270	8.562221
271	97.562036
272	96.524616
273	16.053130
274	86.311337
275	2.618174
276	1.348539
277	80.185503
278	23.719693
279	34.059800
280	60.010595
281	51.960023
282	54.722361
283	56.447365
284	61.971903
285	65.941296
286	26.535700
287	1.297906
288	29.044134
289	88.257670
290	76.297981
291	86.512895
292	34.084672
293	88.092218
294	43.063363
295	31.482639
296	88.282110
297	20.089233
298	97.238892
299	68.717432
300	24.930480
301	91.482872
302	22.884631
303	60.358193
304	81.511027
305	80.065494
306	89.631918
307	41.763540
308	42.316592
309	12.176523
310	90.692661
311	90.312615
312	15.278845
313	70.394894
314	52.333931
315	0.491603
316	49.710114
317	47.307386
318	55.580285
319	78.476910
320	20.776983
321	95.435691
322	87.542077
323	10.782979
324	83.641549
325	43.536595
326	72.141509
327	25.977865
328	69.968762
329	95.109424
330	68.942612
331	26.715558
332	97.184592
333	13.395132
334	24.959751
335	46.295330
336	97.219327
337	8.346534
338	50.454901
339	33.821254
340	36.335344
341	57.967032
342	24.479742
343	27.803896
344	48.036350
345	4.469306
346	47.545666
347	91.651486
348	64.930061
349	79.057744
350	34.259777
351	77.001030
352	83.781456
353	25.825103
354	15.347498
355	48.079143
356	33.031482
357	22.959481
358	67.702425
359	25.733723
360	95.233613
361	90.420854
362	24.475495
363	4.112809
364	53.978548
365	83.139930
366	18.045778
367	56.603982
368	8.050247
369	85.762359
370	27.600113
371	3.461761
372	42.290748
373	43.947570
374	73.598816
375	95.724482
376	9.232157
377	19.849020
378	41.076180
379	81.699910
380	93.380417
381	35.325041
382	55.506815
383	93.784847
384	24.619734
385	81.553155
386	66.982740
387	34.144845
388	50.037129
389	57.471158
390	36.657742
391	19.575879
392	79.490232
393	35.801094
394	35.227597
395	81.727079
396	38.050904
397	63.727832
398	29.385547
399	78.894247
400	17.665574
401	86.176774
402	45.849781
403	51.880431
404	18.258259
405	35.538916
406	73.538117
407	98.099633
408	52.351202
409	35.752686
410	27.687609
411	52.061509
412	56.840255
413	49.216875
414	44.420807
415	1.207059
416	51.928195
417	81.458271
418	51.484532
419	29.963454
420	13.628872
421	95.982660
422	50.406796
423	37.592447
424	51.732275
425	77.127025
426	22.826565
427	61.704481
428	15.034515
429	91.766388
430	99.924064
431	78.084985
432	86.421802
433	99.553330
434	24.011540
435	65.236448
436	98.227057
437	15.042968
438	48.591525
439	55.136004
440	91.427070
441	49.218361
442	86.087153
443	74.069883
444	79.995444
445	37.831811
446	16.001217
447	27.661361
448	2.607672
449	4.712841
450	63.275422
451	29.543585
452	76.352742
453	59.976627
454	93.233924
455	96.827589
456	20.491426
457	39.601914
458	64.068238
459	63.249953
460	51.438817
461	76.913794
462	31.068761
463	38.375673
464	26.642180
465	34.853582
466	23.836443
467	7.288620
468	91.228579
469	59.454069
470	15.777999
471	94.875202
472	58.133094
473	33.327149
474	72.696269
475	29.915442
476	19.180220
477	19.178730
478	10.734709
479	15.346115
480	51.000140
481	96.788772
482	5.641387
483	55.820086
484	27.042507
485	85.434429
486	72.956967
487	87.745851
488	29.614255
489	16.870163
490	75.096385
491	13.827049
492	5.727066
493	88.337992
494	0.931414
495	99.305431
496	50.363282
497	44.331206
498	9.248121
499	75.511937
500	71.149855
501	14.787356
502	59.395023
503	1.292030
504	69.066159
505	82.382648
506	19.138039
507	70.463133
508	53.837812
509	55.625940
510	4.440391
511	57.538709
512	75.305190
513	77.744297
514	82.985774
515	51.638479
516	38.827939
517	79.403236
518	73.499527
519	51.825937
520	25.115013
521	6.506456
522	58.711556
523	11.236429
524	76.677692
525	33.185096
526	66.760978
527	1.099527
528	61.283761
529	2.681078
530	67.185421
531	56.113398
532	59.986579
533	18.080988
534	23.742600
535	28.108153
536	63.064589
537	39.674489
538	0.423871
539	31.274282
540	0.730962
541	1.688011
542	20.931380
543	52.504022
544	75.322244
545	2.222494
546	96.666798
547	89.234596
548	25.821305
549	93.929326
550	44.089877
551	15.575781
552	33.418413
553	17.568713
554	18.586253
555	60.925985
556	42.380441
557	31.605081
558	93.587369
559	64.877096
560	47.551200
561	77.722878
562	83.568388
563	32.617091
564	85.584979
565	32.428455
566	16.505655
567	65.966312
568	14.488868
569	17.446122
570	73.107938
571	46.242132
572	71.444506
573	93.937594
574	69.888819
575	94.440250
576	31.689882
577	81.711118
578	11.356813
579	71.250122
580	62.694535
581	97.579000
582	23.500605
583	33.853887
584	4.807782
585	7.864976
586	21.251909
587	52.882927
588	25.143979
589	61.183686
590	43.818634
591	98.748678
592	19.196083
593	80.184575
594	25.520311
595	86.698721
596	7.602357
597	71.983303
598	11.083084
599	22.094158
600	49.824477
601	10.833790
602	1.856271
603	73.855757
604	36.526560
605	27.642020
606	24.634300
607	6.288783
608	91.969125
609	28.171847
610	46.736775
611	79.357863
612	18.854432
613	57.569866
614	90.552198
615	64.387486
616	94.559250
617	35.296140
618	89.164391
619	39.664045
620	22.195901
621	80.677977
622	32.032949
623	97.013289
624	30.448118
625	28.306121
626	17.383292
627	89.131689
628	33.206359
629	4.652512
630	47.871291
631	13.919233
632	66.047113
633	2.237675
634	78.081336
635	8.396862
636	80.977932
637	78.218783
638	95.572704
639	29.459681
640	82.284640
641	19.529647
642	22.486782
643	82.479835
644	51.585336
645	34.368459
646	35.919217
647	83.849672
648	23.072106
649	27.621500
650	27.041540
651	35.530706
652	13.524562
653	42.339983
654	9.788314
655	75.654947
656	98.405813
657	23.205783
658	71.836631
659	88.861787
660	14.729463
661	46.768371
662	89.830088
663	94.259010
664	18.688640
665	51.563147
666	73.538943
667	92.917076
668	81.703981
669	94.982565
670	87.556109
671	94.466822
672	52.264346
673	41.505940
674	78.483224
675	17.585498
676	55.689351
677	82.758466
678	97.031451
679	18.790280
680	36.287074
681	40.122594
682	21.649934
683	75.519675
684	33.243442
685	6.552308
686	43.861577
687	18.016777
688	99.120956
689	94.757933
690	28.920566
691	76.606045
692	1.694912
693	32.947568
694	90.785911
695	18.717107
696	57.713867
697	4.331724
698	88.998553
699	41.755959
700	97.872735
701	36.897281
702	63.942001
703	88.325444
704	50.002785
705	72.558409
706	15.641549
707	68.401489
708	38.266084
709	85.728743
710	28.560396
711	61.173148
712	84.645059
713	2.366048
714	99.386974
715	79.605950
716	41.876000
717	21.906192
718	3.216750
719	25.070441
720	81.896862
721	35.297976
722	27.255073
723	24.423504
724	83.491284
725	50.797235
726	71.054601
727	63.492225
728	62.643019
729	45.923037
730	51.054506
731	98.717028
732	25.628941
733	78.466994
734	18.805360
735	29.368214
736	86.358022
737	81.518512
738	7.028411
739	73.482252
740	12.853085
741	41.138872
742	58.297381
743	99.611747
744	68.880170
745	93.421622
746	6.694717
747	72.194228
748	26.434310
749	47.395936
750	96.344134
751	41.531958
752	94.506022
753	54.972742
754	5.123409
755	30.455349
756	36.000260
757	57.558540
758	42.776355
759	39.776657
760	36.982824
761	0.866124
762	1.090410
763	96.609182
764	66.994210
765	80.218577
766	14.722884
767	77.852557
768	98.927954
769	6.083215
770	44.579557
771	8.708726
772	81.076418
773	88.883940
774	86.265509
775	44.671422
776	59.991241
777	58.347351
778	40.856319
779	3.583598
780	0.388162
781	76.259921
782	6.859180
783	41.149082
784	74.732498
785	9.101430
786	20.305726
787	59.978298
788	91.957895
789	44.337892
790	25.787606
791	38.967722
792	36.784498
793	74.325981
794	18.405140
795	37.966094
796	20.079440
797	28.479975
798	90.263836
799	15.374636
800	18.377168
801	66.262770
802	37.798524
803	18.222088
804	50.382522
805	50.386398
806	85.842592
807	79.272646
808	90.450058
809	58.409963
810	14.248739
811	33.267838
812	63.455678
813	64.925748
814	34.943731
815	23.544023
816	17.387909
817	99.211883
818	6.698004
819	4.897955
820	57.191395
821	9.364643
822	10.634145
823	82.939702
824	36.969362
825	42.377090
826	79.024557
827	56.257231
828	74.534155
829	3.051154
830	20.862005
831	41.099854
832	78.650512
833	56.502952
834	1.267941
835	63.489913
836	94.258635
837	87.213114
838	58.958035
839	85.330747
840	20.161791
841	28.392306
842	40.194059
843	5.377062
844	70.110496
845	4.455917
846	6.226016
847	20.491846
848	21.926322
849	26.178724
850	62.425665
851	0.793197
852	12.749584
853	96.148352
854	56.824509
855	53.148472
856	75.042358
857	17.295168
858	43.813615
859	84.672578
860	86.553473
861	55.048988
862	40.788599
863	43.074671
864	90.729718
865	92.280301
866	6.374417
867	92.473788
868	78.003141
869	15.789184
870	68.223370
871	32.606360
872	21.192971
873	2.586299
874	45.100449
875	57.615401
876	12.431277
877	83.920975
878	80.625600
879	29.261486
880	78.433497
881	45.998467
882	34.502848
883	20.376934
884	67.335005
885	16.897089
886	89.584900
887	14.187040
888	14.436746
889	25.547235
890	90.978734
891	6.002889
892	63.578679
893	8.420259
894	26.994397
895	97.757839
896	74.768959
897	97.780013
898	29.610740
899	30.711048
900	2.397792
901	12.119131
902	26.025566
903	67.273628
904	18.564670
905	77.919474
906	15.044021
907	19.523171
908	62.618606
909	30.110068
910	67.812553
911	25.473942
912	22.487126
913	3.901732
914	81.666634
915	17.565816
916	70.259991
917	14.625226
918	60.412991
919	87.286553
920	50.223945
921	83.993413
922	52.172955
923	40.694470
924	71.083336
925	64.729113
926	60.025924
927	90.618232
928	1.457932
929	60.903681
930	55.320184
931	9.393030
932	64.872259
933	56.111042
934	96.763345
935	97.392864
936	44.792527
937	71.742454
938	17.162522
939	54.505905
940	79.304979
941	72.819945
942	68.314978
943	65.357348
944	47.649463
945	33.055179
946	49.290981
947	74.255703
948	31.169623
949	97.766332
950	61.829417
951	93.992917
952	92.536585
953	75.803165
954	45.242018
955	76.473324
956	23.167132
957	32.346917
958	41.514538
959	41.044556
960	27.212035
961	31.698659
962	65.479333
963	83.597998
964	73.609946
965	86.660186
966	67.579376
967	49.835340
968	76.829436
969	59.070852
970	93.472494
971	81.697096
972	5.163308
973	31.148579
974	43.444619
975	29.386138
976	66.340928
977	56.139592
978	4.305240
979	43.892911
980	28.899165
981	6.024733
982	50.463180
983	35.728908
984	22.018015
985	2.219695
986	89.471328
987	81.872794
988	25.993126
989	92.814170
990	55.931209
991	53.375900
992	54.067457
993	77.004845
994	14.454203
995	89.357275
996	72.275201
997	56.194505
998	29.947137
999	63.340778
1000	94.966612
;

param: c :=
1	96.664848
2	16.589521
3	26.944271
4	23.500930
5	94.462797
6	68.640245
7	27.214339
8	37.515394
9	4.561438
10	9.840323
11	31.237560
12	1.255989
13	97.900930
14	99.944012
15	94.507336
16	47.495456
17	27.671409
18	51.755181
19	77.160137
20	44.808537
21	7.105638
22	73.704488
23	62.661780
24	31.770167
25	28.336330
26	31.124352
27	57.996482
28	96.227738
29	81.224660
30	43.204741
31	1.769942
32	22.541028
33	25.518595
34	19.864163
35	4.546811
36	14.428981
37	53.478542
38	89.466506
39	16.415844
40	60.727532
41	8.038494
42	53.097518
43	0.741283
44	86.934036
45	33.139383
46	70.174122
47	15.829525
48	87.182508
49	34.266678
50	25.869964
51	83.029987
52	58.121717
53	68.909027
54	36.754847
55	34.527099
56	36.864312
57	73.882769
58	87.570317
59	99.112593
60	24.863638
61	11.232735
62	55.990156
63	49.389985
64	36.222822
65	35.876749
66	36.333516
67	29.988999
68	86.308977
69	66.285253
70	95.769469
71	31.838018
72	51.000818
73	52.568924
74	70.410555
75	67.830627
76	64.203118
77	53.125048
78	41.891244
79	92.243298
80	92.340810
81	62.150714
82	58.752323
83	68.463005
84	11.265421
85	16.136502
86	75.290943
87	61.398998
88	90.876454
89	94.630420
90	19.898448
91	67.511338
92	23.406751
93	18.275163
94	4.109609
95	60.386181
96	50.849210
97	69.922332
98	70.549931
99	51.169591
100	60.236328
101	12.077484
102	76.707755
103	12.660292
104	56.449146
105	13.763720
106	24.616386
107	97.048265
108	70.001314
109	81.141099
110	22.441994
111	78.393237
112	81.385498
113	51.194561
114	30.325594
115	61.431015
116	80.639093
117	93.567762
118	3.858586
119	86.563664
120	80.366993
121	29.736409
122	11.408471
123	23.138791
124	43.173222
125	90.284378
126	58.790708
127	78.468725
128	69.196750
129	81.218147
130	54.519480
131	64.419962
132	41.980065
133	84.484088
134	19.715838
135	47.815191
136	59.925509
137	66.289073
138	68.882743
139	45.980172
140	49.674124
141	59.728923
142	29.043336
143	42.732976
144	32.650841
145	0.714621
146	70.998142
147	41.769983
148	81.728959
149	73.128891
150	4.995693
151	20.174545
152	96.020364
153	68.347888
154	96.948662
155	93.260180
156	80.941940
157	84.638027
158	0.280476
159	6.002126
160	54.807907
161	5.184189
162	20.809849
163	88.067336
164	95.250702
165	43.817644
166	79.024345
167	69.930150
168	50.447147
169	78.537731
170	43.149706
171	41.860326
172	44.530796
173	65.320793
174	5.635970
175	30.881634
176	58.607826
177	45.576279
178	7.488365
179	44.760139
180	91.009899
181	91.323757
182	85.803188
183	57.186963
184	62.012408
185	33.287223
186	14.492931
187	94.934893
188	27.382916
189	64.431321
190	57.834354
191	5.567462
192	3.478245
193	0.129816
194	22.718234
195	2.419353
196	66.796853
197	33.961224
198	27.957390
199	17.545962
200	4.564644
201	8.670752
202	95.154068
203	50.363977
204	35.813117
205	87.987381
206	21.681640
207	95.741925
208	68.483647
209	6.508028
210	86.078521
211	51.100384
212	64.627179
213	34.641834
214	60.049308
215	81.119547
216	62.167180
217	86.147966
218	46.383947
219	53.460215
220	52.424807
221	19.845707
222	91.814360
223	91.893391
224	86.313341
225	68.408322
226	99.441648
227	20.657808
228	70.091318
229	37.463474
230	28.015401
231	66.042649
232	45.002004
233	27.335116
234	12.843404
235	43.175964
236	25.246038
237	53.409119
238	21.036507
239	21.151173
240	88.216212
241	94.247198
242	23.785946
243	8.800220
244	85.332468
245	75.890873
246	31.777885
247	17.472530
248	18.999721
249	75.628011
250	56.908070
251	20.608163
252	27.891921
253	69.257855
254	42.626966
255	20.497638
256	76.665880
257	46.871008
258	5.150160
259	8.687437
260	11.156735
261	74.453442
262	66.004972
263	43.187280
264	88.158774
265	52.663023
266	58.403320
267	69.976827
268	64.344011
269	35.036439
270	55.507904
271	94.247424
272	13.514689
273	98.392641
274	67.331455
275	78.756152
276	11.939971
277	15.085404
278	37.083316
279	94.193414
280	8.170992
281	7.674647
282	26.641046
283	7.383193
284	7.869479
285	12.268476
286	5.260618
287	92.159702
288	93.775204
289	8.483867
290	9.479391
291	27.264486
292	93.251772
293	77.681699
294	35.128089
295	75.414288
296	36.136707
297	75.298137
298	54.130447
299	63.106237
300	37.391948
301	66.922864
302	75.413440
303	75.375031
304	82.321469
305	85.494441
306	13.191913
307	85.433072
308	64.611025
309	65.573081
310	33.184370
311	20.309409
312	0.386258
313	74.257360
314	28.266487
315	12.488296
316	86.456119
317	72.999854
318	98.042050
319	47.737933
320	10.580371
321	1.863367
322	44.200261
323	32.195470
324	13.372706
325	46.258912
326	69.106807
327	29.531516
328	36.900381
329	64.834684
330	78.638328
331	25.479931
332	37.310747
333	38.248179
334	55.705831
335	88.291099
336	69.221878
337	59.934697
338	98.210368
339	6.766595
340	59.719092
341	7.137538
342	29.778580
343	94.752481
344	54.903943
345	44.272286
346	89.533511
347	53.722194
348	57.323092
349	69.372639
350	50.026510
351	32.717707
352	79.588697
353	14.183661
354	48.268420
355	10.465269
356	20.820442
357	38.758137
358	11.490766
359	68.976912
360	70.147273
361	47.662860
362	82.662137
363	9.916914
364	53.601785
365	30.102136
366	26.580145
367	9.050323
368	93.099543
369	67.207022
370	22.918288
371	59.857031
372	87.238045
373	53.943915
374	25.824539
375	0.704291
376	13.298484
377	19.402085
378	19.528606
379	2.807458
380	70.216563
381	4.772405
382	0.682973
383	67.918154
384	84.733645
385	82.152040
386	45.746025
387	48.714071
388	75.514445
389	47.591237
390	18.116274
391	82.895513
392	32.959609
393	62.621427
394	45.404575
395	33.546615
396	9.886554
397	33.609129
398	43.938508
399	46.193787
400	9.184553
401	57.536154
402	71.029880
403	54.737042
404	75.390404
405	29.698113
406	88.241007
407	46.680698
408	62.756040
409	44.883152
410	72.683205
411	26.350352
412	57.576510
413	67.779512
414	23.154314
415	30.863048
416	37.396960
417	70.268117
418	91.483712
419	85.868201
420	39.145393
421	62.277742
422	8.951041
423	89.836266
424	43.635726
425	93.578747
426	19.698999
427	98.634851
428	77.230080
429	62.011014
430	40.924427
431	93.014524
432	67.066801
433	75.575010
434	57.635269
435	80.386667
436	40.604853
437	74.109975
438	99.583239
439	66.928504
440	47.501387
441	36.291891
442	91.510268
443	11.633368
444	72.168283
445	20.548460
446	18.287659
447	32.384104
448	30.256848
449	94.255087
450	46.353518
451	25.485278
452	52.016763
453	95.553797
454	88.219291
455	15.124347
456	98.583628
457	40.035139
458	48.269091
459	94.678389
460	24.050486
461	18.246746
462	0.064801
463	98.506614
464	14.166282
465	17.959580
466	98.007724
467	69.259536
468	87.943720
469	81.742831
470	36.687744
471	69.323636
472	62.258079
473	38.248342
474	62.229356
475	81.048050
476	91.048476
477	60.062579
478	86.668776
479	57.962126
480	11.905741
481	63.982604
482	3.308336
483	52.601474
484	61.396961
485	3.130915
486	92.311408
487	60.937997
488	7.935010
489	15.735898
490	72.470962
491	28.336746
492	30.778079
493	47.719044
494	8.313421
495	66.176026
496	68.361045
497	91.985442
498	13.444950
499	59.545536
500	32.308652
501	28.402964
502	49.115770
503	87.801672
504	50.140258
505	25.162728
506	74.669692
507	80.483519
508	77.648698
509	45.158512
510	43.951704
511	95.787544
512	57.570086
513	34.616941
514	63.752297
515	66.963491
516	64.999706
517	32.557556
518	73.473649
519	25.220896
520	38.561478
521	7.272807
522	98.111686
523	23.915532
524	58.928103
525	57.063318
526	30.544506
527	72.155112
528	76.673602
529	5.352018
530	85.046859
531	95.928157
532	54.499974
533	12.286606
534	72.816390
535	55.974222
536	40.395004
537	68.886683
538	47.008626
539	50.407014
540	47.320624
541	35.761370
542	37.036596
543	9.996117
544	51.994114
545	17.722179
546	73.435766
547	33.110841
548	66.753967
549	27.691283
550	87.948135
551	90.339161
552	46.969733
553	11.273835
554	60.240369
555	56.635023
556	52.087576
557	89.211863
558	57.141704
559	47.635813
560	94.966753
561	32.327574
562	83.222234
563	72.382518
564	56.747865
565	36.946607
566	70.434433
567	36.523780
568	63.842174
569	39.518807
570	49.101280
571	58.783906
572	97.198565
573	45.704680
574	82.590057
575	47.922746
576	44.550317
577	37.359181
578	11.273022
579	57.395980
580	33.662187
581	46.955423
582	58.279461
583	65.752049
584	74.900374
585	91.308560
586	7.275580
587	26.918135
588	88.445089
589	21.945984
590	52.747158
591	68.537197
592	15.755326
593	60.823126
594	12.074730
595	98.491172
596	68.755425
597	66.740954
598	55.293541
599	11.661480
600	19.627065
601	50.735897
602	40.548959
603	73.017281
604	82.903683
605	35.620414
606	1.523363
607	46.135051
608	63.570777
609	10.252994
610	39.980595
611	38.787076
612	30.034232
613	74.497447
614	65.835428
615	38.354658
616	48.746297
617	38.894388
618	43.277837
619	38.743582
620	41.686788
621	86.366117
622	87.722885
623	49.118377
624	84.856108
625	44.440713
626	36.485971
627	76.506582
628	11.388893
629	67.341583
630	21.254428
631	92.997032
632	36.075932
633	92.440893
634	80.274753
635	40.126949
636	30.597661
637	42.786573
638	14.737706
639	41.583452
640	15.952136
641	73.867232
642	18.452209
643	52.893251
644	66.338143
645	78.600162
646	27.140901
647	24.375463
648	97.889976
649	92.743205
650	69.312958
651	77.731549
652	18.717294
653	29.797332
654	31.890594
655	17.711764
656	28.154182
657	63.783305
658	33.783945
659	63.905326
660	46.588674
661	93.474913
662	80.071353
663	17.788215
664	15.344461
665	72.849104
666	75.821546
667	24.921720
668	37.137865
669	98.704728
670	85.778462
671	10.950798
672	68.820894
673	1.419560
674	10.326346
675	60.124403
676	54.650119
677	7.713192
678	77.637694
679	86.401819
680	69.169468
681	39.737775
682	9.288737
683	17.401088
684	97.539694
685	23.849759
686	30.399121
687	9.334701
688	34.102420
689	36.122534
690	58.249673
691	55.885005
692	49.305015
693	3.417160
694	24.357695
695	57.766669
696	33.783802
697	68.490385
698	93.185546
699	2.342292
700	60.393694
701	66.561907
702	15.694238
703	9.296299
704	16.325501
705	14.997582
706	52.434233
707	4.475557
708	13.512590
709	31.800475
710	11.800490
711	95.091284
712	64.877214
713	98.045606
714	7.473073
715	63.265883
716	35.939809
717	78.502071
718	6.590945
719	7.669812
720	61.388461
721	22.631597
722	59.922554
723	86.025343
724	81.204223
725	1.176675
726	66.974764
727	90.702451
728	92.938782
729	53.017344
730	85.167869
731	16.413915
732	63.949430
733	13.687790
734	73.742022
735	33.399956
736	23.505998
737	97.284090
738	69.598232
739	53.961986
740	2.343966
741	14.531580
742	82.850099
743	60.060302
744	12.176750
745	96.490770
746	39.756293
747	86.636600
748	53.712449
749	36.535125
750	94.977357
751	63.393581
752	89.860404
753	49.073592
754	20.858291
755	18.498121
756	19.114025
757	31.392434
758	66.541207
759	27.802181
760	66.894797
761	65.639283
762	31.183180
763	98.221614
764	91.865103
765	11.189391
766	9.695563
767	58.673461
768	35.438069
769	3.060334
770	25.513514
771	61.596140
772	15.928331
773	98.784551
774	98.330674
775	77.388284
776	63.573737
777	12.714151
778	47.539407
779	73.744702
780	22.258237
781	13.629864
782	44.093322
783	26.627633
784	88.552841
785	8.164026
786	76.745545
787	68.043743
788	37.789068
789	29.304758
790	79.883289
791	75.519066
792	6.431753
793	63.177787
794	25.617726
795	58.982177
796	96.450684
797	24.601282
798	57.892217
799	93.211810
800	0.039093
801	88.240005
802	29.420371
803	10.294757
804	46.873310
805	82.916221
806	93.033059
807	4.594730
808	90.736725
809	64.025914
810	48.447699
811	53.929829
812	78.081380
813	7.317592
814	86.922782
815	36.709725
816	20.639025
817	18.164446
818	61.573065
819	93.242530
820	60.849756
821	31.727935
822	23.505073
823	93.068627
824	67.749991
825	30.351933
826	96.504087
827	65.027235
828	42.750619
829	16.231103
830	66.586644
831	15.998174
832	9.433714
833	52.015456
834	67.453040
835	98.968567
836	14.027910
837	80.391569
838	88.256180
839	67.275939
840	16.722230
841	10.534254
842	39.626486
843	22.579665
844	67.982264
845	75.675684
846	60.647569
847	62.266187
848	72.294116
849	45.031451
850	55.598990
851	87.323095
852	53.050404
853	41.093633
854	36.300837
855	30.263757
856	45.814469
857	97.873501
858	51.664363
859	28.418409
860	90.687558
861	85.189751
862	51.078024
863	29.435008
864	2.893027
865	73.150590
866	92.193558
867	40.517167
868	58.298734
869	35.470836
870	52.550731
871	80.517821
872	2.562271
873	11.367957
874	90.014027
875	28.520489
876	25.712353
877	42.480913
878	19.293279
879	61.563362
880	2.909552
881	23.225725
882	76.310772
883	61.316056
884	95.470228
885	37.827528
886	44.885989
887	99.171642
888	92.851235
889	41.240741
890	21.548478
891	86.585464
892	11.598442
893	76.311902
894	56.579042
895	91.903541
896	20.298944
897	32.327446
898	29.300740
899	35.954944
900	21.648704
901	27.667155
902	5.571679
903	91.471072
904	73.457151
905	15.215149
906	48.054770
907	61.839434
908	25.457289
909	7.178543
910	12.898420
911	32.225899
912	77.464744
913	73.528457
914	72.151578
915	9.990535
916	95.997790
917	20.216039
918	49.730022
919	90.252370
920	57.977668
921	66.207229
922	73.488439
923	84.020886
924	83.637575
925	18.471395
926	92.216824
927	15.956257
928	90.639857
929	32.542657
930	20.433592
931	81.043102
932	29.659537
933	8.250589
934	64.634441
935	50.340172
936	96.769451
937	93.590375
938	6.704543
939	88.526368
940	28.847888
941	14.055191
942	6.637757
943	60.181452
944	76.646411
945	95.038892
946	44.947647
947	38.448243
948	11.195231
949	48.800880
950	29.841271
951	3.602876
952	40.872003
953	22.763611
954	82.637952
955	49.939580
956	98.118421
957	2.091229
958	90.296651
959	31.510894
960	31.235118
961	80.524454
962	69.748154
963	59.798909
964	97.381531
965	49.198757
966	75.440393
967	64.895210
968	48.662619
969	75.359314
970	12.618494
971	27.988306
972	33.876625
973	21.425623
974	67.993993
975	83.739856
976	58.772151
977	76.645860
978	31.274351
979	87.110875
980	19.305916
981	11.556830
982	7.480283
983	41.969669
984	68.122724
985	42.730660
986	55.409117
987	41.765486
988	60.050751
989	97.350671
990	93.907091
991	57.505966
992	54.043124
993	73.838125
994	52.134610
995	97.653497
996	33.138981
997	54.941981
998	45.737462
999	46.377016
1000	9.344344
;

param: d :=
1	-4.124178
2	-79.956700
3	-81.353611
4	-49.714981
5	-43.130733
6	-51.606190
7	-38.310878
8	-70.496118
9	-18.043404
10	-30.981252
11	-89.516901
12	-67.796234
13	-24.749131
14	-44.620240
15	-34.424401
16	-0.167728
17	-15.835189
18	-66.644091
19	-76.530572
20	-63.978690
21	-43.015016
22	-53.050226
23	-18.511937
24	-59.247366
25	-11.137598
26	-70.211826
27	-65.056457
28	-5.687958
29	-94.301277
30	-2.963338
31	-81.515037
32	-77.315147
33	-58.501479
34	-29.002862
35	-17.563542
36	-22.631689
37	-48.352267
38	-26.379101
39	-51.762126
40	-78.253692
41	-78.307541
42	-57.799720
43	-48.684324
44	-23.790306
45	-30.757034
46	-7.511627
47	-27.782971
48	-25.678392
49	-78.851870
50	-35.073483
51	-64.974208
52	-99.629044
53	-33.177339
54	-12.581985
55	-86.789869
56	-16.128518
57	-96.004688
58	-80.998908
59	-84.245650
60	-27.366042
61	-78.240905
62	-22.929961
63	-13.997945
64	-42.256015
65	-30.101484
66	-2.442725
67	-49.025877
68	-49.233302
69	-0.668944
70	-95.461250
71	-2.471259
72	-11.484807
73	-40.598597
74	-54.573733
75	-95.054303
76	-87.511866
77	-76.710154
78	-50.650943
79	-37.760179
80	-58.115442
81	-34.883920
82	-78.947774
83	-10.322254
84	-17.976885
85	-32.504565
86	-53.359824
87	-95.774966
88	-94.357980
89	-46.337661
90	-58.310260
91	-26.590009
92	-3.263886
93	-34.340255
94	-81.806674
95	-19.133604
96	-87.842907
97	-5.822127
98	-22.233606
99	-36.825373
100	-1.685332
101	-61.186028
102	-80.018307
103	-0.389459
104	-73.949204
105	-80.022105
106	-78.313065
107	-54.621305
108	-60.826941
109	-74.108684
110	-21.583654
111	-32.057706
112	-62.865489
113	-9.068617
114	-39.875428
115	-54.040435
116	-47.655181
117	-33.524693
118	-57.844196
119	-93.867018
120	-67.296325
121	-65.632245
122	-90.377587
123	-48.680655
124	-98.536937
125	-54.135171
126	-2.378324
127	-55.092070
128	-66.641099
129	-91.049061
130	-11.428840
131	-0.950687
132	-14.254863
133	-98.604625
134	-41.392992
135	-15.552350
136	-55.235500
137	-67.636051
138	-97.993707
139	-32.707498
140	-88.479403
141	-45.805978
142	-26.975473
143	-86.250843
144	-35.805534
145	-76.305473
146	-23.282937
147	-53.963167
148	-29.988933
149	-86.334523
150	-20.887805
151	-18.508008
152	-94.531931
153	-35.189770
154	-12.633237
155	-97.762071
156	-70.523819
157	-25.711850
158	-38.820531
159	-46.119642
160	-59.236401
161	-76.142886
162	-41.909131
163	-66.740646
164	-19.906644
165	-84.521025
166	-52.344504
167	-68.906541
168	-37.149434
169	-83.671734
170	-39.718942
171	-53.434723
172	-59.609146
173	-85.481542
174	-82.122515
175	-49.493042
176	-81.237413
177	-23.297346
178	-24.656042
179	-40.122480
180	-52.210309
181	-58.698726
182	-87.601736
183	-92.802162
184	-67.249174
185	-14.767437
186	-41.252153
187	-48.997971
188	-48.996044
189	-79.753379
190	-49.613026
191	-95.523465
192	-92.754534
193	-26.410887
194	-62.018508
195	-95.659714
196	-19.922938
197	-49.375777
198	-86.468571
199	-40.950465
200	-41.810036
201	-3.222165
202	-3.244625
203	-27.782882
204	-65.935725
205	-96.018698
206	-41.673212
207	-62.018005
208	-6.664793
209	-82.054771
210	-65.242496
211	-30.132367
212	-75.184447
213	-41.987900
214	-47.411414
215	-68.746771
216	-28.993714
217	-28.616047
218	-24.050707
219	-37.017655
220	-94.381686
221	-16.927199
222	-79.872047
223	-57.082553
224	-38.968492
225	-60.893026
226	-82.935303
227	-81.036775
228	-25.911088
229	-99.008439
230	-64.427710
231	-73.387422
232	-82.161338
233	-44.045893
234	-0.482815
235	-52.641170
236	-55.032794
237	-32.040683
238	-41.262852
239	-43.311211
240	-30.086018
241	-56.290253
242	-70.899848
243	-90.614866
244	-40.379234
245	-89.321367
246	-85.905362
247	-88.343075
248	-31.573358
249	-66.571301
250	-40.063384
251	-85.343631
252	-1.950724
253	-16.972357
254	-53.404255
255	-37.133832
256	-88.806500
257	-71.092233
258	-65.094361
259	-70.962551
260	-21.569669
261	-72.250645
262	-44.227755
263	-89.717087
264	-87.047195
265	-9.925356
266	-52.691846
267	-63.914020
268	-35.483545
269	-99.240424
270	-83.825171
271	-39.626803
272	-45.579409
273	-12.200146
274	-54.954122
275	-26.667516
276	-27.524671
277	-72.297579
278	-83.763227
279	-20.691273
280	-86.336022
281	-62.245064
282	-77.007632
283	-40.750182
284	-14.974790
285	-19.796823
286	-57.700878
287	-82.008263
288	-55.906744
289	-71.643913
290	-99.496868
291	-0.043458
292	-22.224873
293	-74.388847
294	-89.490255
295	-4.351543
296	-67.598833
297	-75.275617
298	-64.734019
299	-91.804061
300	-95.681719
301	-0.037146
302	-37.101704
303	-60.503181
304	-50.448746
305	-79.558274
306	-82.785026
307	-84.444998
308	-52.022158
309	-4.728145
310	-67.022874
311	-64.544181
312	-78.237245
313	-20.230471
314	-19.405220
315	-0.945544
316	-2.653992
317	-52.990557
318	-15.859547
319	-95.206771
320	-38.045684
321	-76.619561
322	-15.917056
323	-0.112645
324	-86.999275
325	-61.546320
326	-84.914278
327	-27.658063
328	-31.778076
329	-46.016064
330	-64.000188
331	-7.320759
332	-57.083438
333	-99.061912
334	-75.493136
335	-25.407779
336	-38.073795
337	-23.354854
338	-37.585318
339	-51.271139
340	-51.790504
341	-58.808135
342	-23.361318
343	-77.067585
344	-6.011376
345	-44.957999
346	-61.249281
347	-42.486744
348	-83.939974
349	-61.518479
350	-71.274376
351	-95.250171
352	-24.550615
353	-70.933948
354	-95.649896
355	-40.790199
356	-37.518062
357	-18.213449
358	-49.610135
359	-51.793398
360	-99.416308
361	-87.979934
362	-44.956034
363	-16.822620
364	-50.883011
365	-34.269494
366	-44.950816
367	-26.173278
368	-58.656884
369	-10.026110
370	-93.291833
371	-42.611163
372	-82.216292
373	-85.082163
374	-84.332494
375	-43.874225
376	-7.437681
377	-50.127383
378	-24.167604
379	-29.187547
380	-53.593711
381	-14.137215
382	-96.230739
383	-63.974618
384	-35.315384
385	-53.599010
386	-51.013649
387	-40.433648
388	-59.152140
389	-8.498268
390	-24.017654
391	-99.279556
392	-18.992854
393	-4.937290
394	-41.856499
395	-53.197797
396	-54.840571
397	-5.875574
398	-67.454392
399	-64.963483
400	-13.034192
401	-81.193374
402	-59.348481
403	-81.327740
404	-36.876174
405	-68.023116
406	-87.160377
407	-78.413764
408	-49.310445
409	-91.497709
410	-33.721588
411	-46.814815
412	-14.833207
413	-35.238867
414	-52.558190
415	-38.959814
416	-42.028801
417	-45.441253
418	-88.116981
419	-71.056898
420	-20.174374
421	-34.881198
422	-90.615948
423	-2.574235
424	-84.036565
425	-33.844748
426	-72.551274
427	-56.952577
428	-35.391261
429	-24.555659
430	-2.202067
431	-1.881531
432	-81.216351
433	-31.646157
434	-20.371627
435	-55.935150
436	-89.496753
437	-50.493125
438	-14.582988
439	-10.971223
440	-32.835475
441	-83.491666
442	-82.422468
443	-38.354767
444	-75.621956
445	-93.528040
446	-8.460306
447	-74.365008
448	-82.822417
449	-61.519383
450	-9.999872
451	-67.685565
452	-29.366475
453	-32.433391
454	-30.019660
455	-97.340419
456	-72.164061
457	-88.277629
458	-71.932553
459	-88.284675
460	-31.490700
461	-50.413660
462	-47.861421
463	-49.408505
464	-81.307945
465	-56.453566
466	-27.173372
467	-62.326373
468	-51.102287
469	-54.644965
470	-53.992843
471	-90.643048
472	-86.099732
473	-76.136643
474	-16.932978
475	-12.660656
476	-72.218642
477	-5.157835
478	-39.257706
479	-44.123161
480	-8.807741
481	-85.452228
482	-69.698443
483	-71.441708
484	-32.194068
485	-56.005936
486	-45.753872
487	-9.638826
488	-51.625551
489	-6.040771
490	-72.204889
491	-36.613322
492	-38.040578
493	-44.134699
494	-42.052323
495	-16.034868
496	-15.924557
497	-60.399893
498	-19.415367
499	-78.862812
500	-53.441877
501	-52.209458
502	-9.971331
503	-80.740395
504	-91.035495
505	-19.106663
506	-11.151382
507	-67.829812
508	-71.648223
509	-91.079164
510	-63.809092
511	-81.234776
512	-26.022928
513	-96.250233
514	-69.480685
515	-47.222710
516	-14.199260
517	-25.807854
518	-71.440311
519	-27.755603
520	-1.112322
521	-83.137481
522	-67.168173
523	-94.311911
524	-4.442360
525	-68.374402
526	-48.799501
527	-6.548360
528	-70.449456
529	-54.898570
530	-50.291304
531	-52.652442
532	-68.097845
533	-7.696258
534	-93.077745
535	-27.716004
536	-50.609752
537	-0.933778
538	-88.874347
539	-29.517690
540	-65.243967
541	-43.412009
542	-50.634043
543	-81.303435
544	-55.973210
545	-65.272845
546	-11.379173
547	-83.149648
548	-55.880556
549	-52.928287
550	-68.744359
551	-7.881790
552	-63.520269
553	-88.496595
554	-76.149611
555	-36.881085
556	-42.790951
557	-69.456596
558	-13.515467
559	-9.545222
560	-57.704753
561	-85.692526
562	-7.587152
563	-53.929821
564	-46.752487
565	-65.549222
566	-91.706138
567	-25.836404
568	-39.412194
569	-22.997871
570	-40.572833
571	-41.882602
572	-47.898428
573	-7.476754
574	-10.179361
575	-70.989420
576	-39.459673
577	-70.310326
578	-84.749344
579	-63.283931
580	-91.912773
581	-87.938442
582	-37.051881
583	-13.244309
584	-83.146414
585	-4.245261
586	-11.255885
587	-93.253824
588	-88.212824
589	-61.761930
590	-39.610081
591	-35.885845
592	-79.606178
593	-27.987404
594	-85.787300
595	-77.887188
596	-0.822293
597	-2.035158
598	-23.000303
599	-75.943134
600	-89.333038
601	-44.574277
602	-55.571888
603	-24.717811
604	-35.591720
605	-73.957932
606	-50.645768
607	-83.703563
608	-80.369388
609	-62.377964
610	-35.022725
611	-10.872735
612	-7.990674
613	-88.529455
614	-0.217270
615	-87.514342
616	-18.210711
617	-1.321572
618	-25.671449
619	-14.016051
620	-21.554687
621	-9.775744
622	-62.878064
623	-13.846202
624	-83.180380
625	-95.226593
626	-62.737909
627	-55.169280
628	-42.606898
629	-25.670491
630	-52.110592
631	-29.528190
632	-56.226928
633	-91.588881
634	-16.814269
635	-82.055369
636	-47.812314
637	-11.714397
638	-2.444855
639	-89.512198
640	-31.073401
641	-8.446477
642	-12.808736
643	-9.893877
644	-83.678450
645	-52.732629
646	-67.576902
647	-33.521496
648	-19.698050
649	-74.542304
650	-70.153214
651	-2.946400
652	-50.271288
653	-52.061427
654	-96.909497
655	-65.102831
656	-95.247656
657	-50.751180
658	-34.701323
659	-90.471064
660	-95.385593
661	-45.609299
662	-77.258262
663	-27.892743
664	-28.168458
665	-99.184871
666	-43.761862
667	-12.883575
668	-13.341387
669	-50.491488
670	-42.442981
671	-57.385118
672	-52.135572
673	-28.104036
674	-14.134798
675	-86.523208
676	-87.007312
677	-75.011431
678	-28.183963
679	-12.440262
680	-74.649470
681	-5.564291
682	-38.518096
683	-69.751701
684	-79.587870
685	-71.162607
686	-16.294529
687	-7.710829
688	-27.777174
689	-13.853870
690	-65.829528
691	-12.841090
692	-19.603829
693	-72.148177
694	-50.027935
695	-78.916911
696	-58.977427
697	-60.998497
698	-76.761163
699	-17.996911
700	-48.063274
701	-18.830900
702	-94.791054
703	-23.931038
704	-6.027521
705	-11.937482
706	-55.000942
707	-33.159059
708	-21.849834
709	-72.226537
710	-24.547077
711	-99.960306
712	-97.912986
713	-63.068953
714	-38.871215
715	-17.251422
716	-63.135921
717	-46.436031
718	-7.385049
719	-65.719333
720	-15.650127
721	-97.808516
722	-34.049180
723	-44.246452
724	-85.437826
725	-5.822200
726	-75.433376
727	-67.367991
728	-31.328441
729	-56.916723
730	-87.790960
731	-37.549221
732	-31.533418
733	-89.943646
734	-27.689719
735	-44.646795
736	-79.755591
737	-94.463407
738	-45.871652
739	-66.518414
740	-61.196989
741	-76.779159
742	-89.510931
743	-21.298749
744	-26.372175
745	-58.366271
746	-17.626657
747	-60.548761
748	-34.021224
749	-7.685459
750	-46.139785
751	-85.523355
752	-69.946917
753	-78.005268
754	-1.798890
755	-5.683204
756	-60.427335
757	-47.520435
758	-95.581476
759	-7.505837
760	-56.915547
761	-43.504898
762	-92.476802
763	-47.563911
764	-63.201994
765	-7.503278
766	-60.144424
767	-89.481220
768	-14.960440
769	-25.677242
770	-55.985815
771	-91.884361
772	-55.995557
773	-67.590871
774	-31.429721
775	-92.157840
776	-38.578897
777	-93.452560
778	-70.152070
779	-32.744048
780	-28.521905
781	-29.048409
782	-3.802218
783	-39.187101
784	-59.369970
785	-52.841696
786	-33.585009
787	-40.666149
788	-3.760855
789	-67.303016
790	-34.445880
791	-7.372256
792	-71.378006
793	-33.740683
794	-68.103257
795	-56.921839
796	-55.983742
797	-61.612613
798	-82.840938
799	-75.730507
800	-47.510632
801	-26.334445
802	-44.646233
803	-60.344787
804	-10.705308
805	-41.029050
806	-35.410732
807	-68.453025
808	-56.643968
809	-17.153737
810	-32.491302
811	-1.094496
812	-78.381222
813	-78.991930
814	-49.007483
815	-3.247479
816	-16.777400
817	-21.887715
818	-11.515385
819	-3.064398
820	-23.361965
821	-24.140757
822	-41.242754
823	-73.433872
824	-47.240921
825	-10.690696
826	-82.892287
827	-63.584066
828	-5.350527
829	-70.324009
830	-54.966919
831	-77.607446
832	-48.185047
833	-69.876458
834	-73.117450
835	-83.024455
836	-4.827508
837	-96.352832
838	-79.765559
839	-63.970139
840	-72.352135
841	-88.391790
842	-82.271932
843	-40.690230
844	-79.558487
845	-53.968809
846	-92.147797
847	-81.773836
848	-52.739476
849	-69.759668
850	-77.962055
851	-78.380389
852	-11.543558
853	-50.809529
854	-54.512195
855	-79.013323
856	-28.648759
857	-83.995258
858	-2.251706
859	-86.640217
860	-20.906238
861	-74.963652
862	-85.606976
863	-53.968171
864	-79.985849
865	-36.418507
866	-2.298803
867	-90.575413
868	-32.369144
869	-0.126418
870	-2.556724
871	-85.820668
872	-21.648537
873	-71.452383
874	-12.823173
875	-82.118972
876	-57.107767
877	-5.532306
878	-58.768963
879	-50.444596
880	-36.411725
881	-55.838654
882	-93.572939
883	-71.333762
884	-21.290359
885	-83.989347
886	-1.453817
887	-66.277962
888	-60.638090
889	-68.437629
890	-48.444402
891	-32.057952
892	-2.076054
893	-36.056741
894	-72.488476
895	-81.316411
896	-32.334507
897	-23.427217
898	-34.060569
899	-32.262496
900	-65.323718
901	-20.091448
902	-22.713691
903	-35.776318
904	-13.506128
905	-63.053219
906	-68.481840
907	-94.368760
908	-1.786168
909	-89.380580
910	-75.517894
911	-87.382330
912	-74.062354
913	-10.975519
914	-1.582532
915	-80.764964
916	-82.777295
917	-17.469886
918	-39.898494
919	-22.736234
920	-28.063080
921	-52.151330
922	-9.609745
923	-11.553425
924	-39.006196
925	-39.759418
926	-47.239903
927	-92.934533
928	-7.326854
929	-55.943598
930	-60.595183
931	-29.910170
932	-84.747195
933	-22.421361
934	-62.642652
935	-10.974715
936	-79.875980
937	-5.873459
938	-7.116476
939	-67.412512
940	-83.662683
941	-31.375450
942	-47.726091
943	-15.574524
944	-91.281720
945	-2.411895
946	-44.028676
947	-24.334835
948	-93.068770
949	-40.184319
950	-15.068820
951	-34.586850
952	-85.806809
953	-55.051456
954	-23.160905
955	-85.117637
956	-38.027341
957	-27.731006
958	-65.455746
959	-38.431829
960	-34.382825
961	-66.652055
962	-85.068120
963	-20.062305
964	-52.144374
965	-15.399847
966	-33.573025
967	-39.984023
968	-18.775614
969	-64.086481
970	-71.392164
971	-30.028549
972	-48.342944
973	-68.031613
974	-46.728473
975	-64.885378
976	-64.633103
977	-71.911423
978	-23.180266
979	-75.709744
980	-53.730575
981	-72.285223
982	-64.371363
983	-20.925094
984	-0.644938
985	-88.804104
986	-62.102126
987	-50.863361
988	-9.614876
989	-12.149503
990	-70.709120
991	-64.524500
992	-60.574965
993	-68.450638
994	-56.523553
995	-88.892955
996	-36.550335
997	-54.068782
998	-26.443099
999	-88.459083
1000	-75.346889
;

param: weight :=
1	85.843021
2	18.321961
3	41.546817
4	7.118180
5	33.002701
6	47.312735
7	20.763801
8	61.459449
9	95.529767
10	6.377477
11	5.384225
12	74.075184
13	59.327990
14	18.492420
15	92.425194
16	80.311044
17	27.072317
18	80.132777
19	57.076874
20	96.746418
21	62.984960
22	47.341113
23	84.201417
24	47.474452
25	89.892653
26	61.351400
27	49.758297
28	81.534159
29	30.320591
30	36.094322
31	97.625315
32	33.920246
33	85.611638
34	56.853934
35	20.535476
36	45.292220
37	86.141887
38	66.234155
39	98.635244
40	94.064369
41	6.340619
42	33.892096
43	44.288545
44	76.256281
45	47.695179
46	92.942705
47	32.013215
48	42.766721
49	24.239674
50	84.260003
51	87.126640
52	59.682256
53	37.398854
54	62.744674
55	29.683263
56	56.567839
57	21.575847
58	35.217471
59	37.448719
60	4.373794
61	65.139668
62	63.995773
63	3.010369
64	66.223697
65	21.140222
66	78.627471
67	7.482882
68	68.567390
69	49.399158
70	27.976223
71	45.770958
72	68.101857
73	79.438398
74	5.895197
75	94.751410
76	78.022371
77	71.952177
78	64.346849
79	38.781236
80	67.115543
81	85.635792
82	94.379651
83	36.435959
84	38.001290
85	54.394495
86	81.045456
87	9.951292
88	82.305104
89	32.553740
90	76.059153
91	84.592939
92	74.606038
93	43.605113
94	19.009548
95	57.484449
96	53.450650
97	43.412168
98	13.235566
99	48.210017
100	9.597976
101	65.762870
102	43.797413
103	41.417841
104	32.419213
105	34.783639
106	13.372645
107	39.539410
108	35.147942
109	68.787091
110	8.368547
111	67.530519
112	51.569037
113	16.656272
114	92.644049
115	99.254443
116	46.879681
117	74.721029
118	16.966663
119	27.700602
120	56.817005
121	44.046888
122	17.449244
123	64.537993
124	54.703001
125	62.909122
126	81.137119
127	5.876909
128	83.678528
129	43.005530
130	8.938293
131	93.799783
132	14.786415
133	46.366341
134	57.137660
135	53.836393
136	19.232580
137	53.052959
138	45.612879
139	27.065035
140	16.156670
141	99.205771
142	89.311506
143	73.599138
144	76.023861
145	15.152428
146	27.749685
147	37.917017
148	32.838773
149	31.908105
150	73.439949
151	80.715867
152	85.399474
153	38.434683
154	76.031138
155	72.245093
156	28.533363
157	91.828089
158	15.083886
159	49.539646
160	47.416076
161	72.389461
162	78.035645
163	86.627698
164	60.001948
165	20.311121
166	1.056937
167	3.088449
168	66.669924
169	45.283935
170	76.472156
171	85.384514
172	87.197679
173	97.419646
174	20.215644
175	62.842014
176	76.060188
177	68.394743
178	78.675416
179	35.106217
180	45.733489
181	70.563216
182	36.319975
183	24.703812
184	14.221408
185	87.313222
186	75.424216
187	11.364073
188	18.018823
189	20.625121
190	78.477309
191	76.331041
192	31.652706
193	18.746510
194	89.895899
195	22.074893
196	43.670808
197	56.185479
198	51.116001
199	66.117015
200	8.553307
201	3.414823
202	99.106628
203	92.511995
204	95.843714
205	52.513194
206	97.666566
207	49.968474
208	65.048933
209	4.770136
210	58.535225
211	25.922406
212	82.136999
213	92.187703
214	50.033162
215	38.733916
216	65.305570
217	23.526629
218	99.340085
219	96.269252
220	99.679111
221	62.000576
222	39.616784
223	12.677520
224	30.886966
225	52.830821
226	90.391351
227	3.069844
228	97.081432
229	74.038082
230	76.903924
231	60.722764
232	9.233994
233	36.560211
234	13.194395
235	10.510847
236	32.868169
237	30.486199
238	5.153043
239	50.487678
240	85.775524
241	27.896485
242	6.572470
243	98.986376
244	82.038852
245	46.206596
246	38.286561
247	58.754787
248	45.165079
249	34.449914
250	32.317387
251	60.541283
252	55.083139
253	27.844768
254	96.134032
255	5.606393
256	97.432863
257	64.969211
258	93.296149
259	83.653512
260	4.196926
261	29.249310
262	93.296002
263	93.049820
264	52.680248
265	2.752149
266	5.265255
267	82.486134
268	71.254944
269	38.829160
270	22.299876
271	87.760313
272	44.394443
273	52.617719
274	51.319515
275	4.343972
276	18.348134
277	41.153113
278	78.358881
279	22.641058
280	6.005908
281	26.039582
282	27.925713
283	84.308288
284	78.426589
285	45.797523
286	40.797682
287	39.662314
288	52.516137
289	48.032413
290	61.709958
291	67.048911
292	76.619955
293	7.023116
294	87.285052
295	60.240339
296	88.897390
297	20.845317
298	75.263879
299	94.385300
300	36.085823
301	87.260017
302	55.732940
303	85.231751
304	17.609238
305	88.378819
306	94.010698
307	42.309131
308	6.162739
309	52.156609
310	40.841476
311	11.646797
312	33.168881
313	86.090397
314	1.308655
315	95.805824
316	82.860367
317	82.935573
318	77.569610
319	58.663975
320	2.358046
321	94.545246
322	85.039204
323	58.214497
324	68.104182
325	48.846525
326	34.754867
327	49.864721
328	54.511189
329	95.046811
330	82.123903
331	65.517546
332	13.147611
333	85.879699
334	93.249858
335	1.276474
336	33.886947
337	2.015518
338	93.437748
339	35.411748
340	61.233786
341	33.233660
342	86.541888
343	5.404552
344	11.346522
345	53.666185
346	95.797610
347	33.514917
348	42.153055
349	2.970258
350	28.965918
351	32.722601
352	23.306854
353	83.504976
354	32.093449
355	86.695058
356	62.139535
357	28.432216
358	43.720291
359	55.251777
360	99.587880
361	50.134348
362	87.087859
363	86.040366
364	5.324729
365	32.033066
366	19.443175
367	68.937808
368	63.463271
369	69.250343
370	76.949931
371	69.500344
372	97.366534
373	18.596549
374	15.792512
375	85.841388
376	16.780921
377	77.465479
378	59.271289
379	96.651570
380	9.957444
381	91.536308
382	48.588442
383	44.220890
384	1.447609
385	52.841952
386	14.255139
387	20.807553
388	54.268326
389	93.561575
390	2.328935
391	66.317100
392	29.191816
393	95.413772
394	76.314703
395	73.496523
396	14.892918
397	64.803794
398	11.288766
399	74.217387
400	76.050984
401	33.649186
402	91.099117
403	46.544808
404	51.295828
405	70.869679
406	60.898885
407	17.737196
408	93.072694
409	54.880697
410	90.903321
411	84.198009
412	69.983079
413	71.095081
414	95.159258
415	10.612257
416	19.024541
417	35.297022
418	37.284812
419	94.777340
420	61.459976
421	57.452618
422	9.294215
423	92.229682
424	63.979141
425	7.009425
426	3.625669
427	27.555051
428	25.174382
429	89.300231
430	16.728624
431	44.797834
432	14.731823
433	43.174746
434	88.734077
435	41.273981
436	96.064740
437	14.029822
438	67.701422
439	24.254948
440	71.344889
441	93.350379
442	96.624496
443	24.340991
444	65.758332
445	27.591983
446	83.334085
447	44.727998
448	20.983351
449	66.694493
450	87.776932
451	36.655390
452	68.213512
453	85.755503
454	11.307391
455	35.955124
456	11.386639
457	72.197186
458	35.354745
459	31.508396
460	22.204966
461	79.777641
462	59.315653
463	50.597064
464	55.162531
465	47.103218
466	92.422285
467	57.306210
468	43.933486
469	10.945108
470	35.125353
471	39.037420
472	31.650125
473	71.290769
474	22.378042
475	75.517773
476	65.535503
477	29.250325
478	25.388627
479	39.817377
480	34.726490
481	84.286835
482	34.088517
483	51.155629
484	87.906953
485	41.898156
486	64.507733
487	3.270687
488	60.316654
489	45.974170
490	43.473293
491	58.242901
492	60.373462
493	78.912175
494	49.812805
495	93.332014
496	78.376809
497	8.640705
498	71.495468
499	32.063465
500	29.806557
501	98.764963
502	44.035761
503	41.483216
504	50.154284
505	4.484638
506	66.039201
507	19.071139
508	44.427817
509	75.136690
510	14.270847
511	39.047726
512	64.512269
513	10.815340
514	12.224175
515	60.953722
516	75.268659
517	98.186775
518	48.001833
519	56.019947
520	56.077984
521	59.690909
522	45.067173
523	85.574290
524	6.185007
525	6.375198
526	65.992169
527	18.782426
528	94.174433
529	9.285475
530	63.115630
531	87.861606
532	12.075207
533	12.417302
534	53.760213
535	73.477487
536	13.645553
537	87.151826
538	33.002766
539	24.342244
540	8.576684
541	74.232287
542	70.618413
543	52.054541
544	86.583417
545	72.977756
546	32.108602
547	46.364361
548	75.435389
549	13.499632
550	88.235501
551	50.799906
552	22.818847
553	35.074874
554	63.078640
555	8.917721
556	73.899721
557	24.486058
558	30.766429
559	76.616696
560	71.687573
561	41.433374
562	41.369663
563	63.528891
564	72.348816
565	23.654401
566	59.212893
567	80.471048
568	7.832698
569	63.881138
570	27.091896
571	80.885981
572	79.940984
573	68.420178
574	31.171858
575	71.727955
576	91.205878
577	40.430230
578	63.823802
579	64.135635
580	52.990022
581	27.323684
582	84.200522
583	63.908125
584	20.857853
585	45.135235
586	30.045744
587	65.295040
588	88.211177
589	48.459983
590	61.065499
591	94.558383
592	8.860797
593	87.061444
594	37.934412
595	25.687422
596	68.312353
597	36.736483
598	32.162136
599	94.165686
600	64.396805
601	33.617136
602	2.023639
603	72.102393
604	14.390993
605	52.181898
606	35.948249
607	62.097361
608	37.033264
609	4.419495
610	12.033605
611	6.345932
612	68.526578
613	74.127640
614	11.080982
615	2.989427
616	59.941160
617	25.179171
618	81.361979
619	51.623244
620	22.758845
621	93.231998
622	14.684015
623	95.734800
624	5.728902
625	15.147169
626	95.870319
627	79.562385
628	70.625012
629	90.898247
630	65.044001
631	19.505713
632	4.276112
633	47.597711
634	36.119693
635	82.899107
636	29.578667
637	49.203687
638	39.952319
639	38.492092
640	65.815667
641	38.099535
642	74.927724
643	71.057784
644	49.649075
645	45.407699
646	5.797358
647	75.649163
648	11.160736
649	18.550346
650	43.929458
651	82.970096
652	46.488183
653	9.730302
654	90.189361
655	2.101516
656	28.970073
657	21.056789
658	22.349689
659	37.432357
660	18.641766
661	81.848885
662	94.636608
663	44.072752
664	84.147443
665	61.481163
666	78.371816
667	47.834699
668	5.401261
669	67.418924
670	59.793775
671	95.329132
672	9.417459
673	29.336141
674	65.490419
675	67.423070
676	14.113906
677	26.119615
678	45.446920
679	90.779382
680	22.930753
681	54.063393
682	35.296196
683	1.503161
684	6.008884
685	94.170926
686	69.519986
687	13.327961
688	60.996831
689	25.756169
690	49.839369
691	6.389003
692	85.546379
693	25.984372
694	63.378650
695	5.814604
696	91.965496
697	91.575728
698	69.700777
699	69.911705
700	48.366352
701	58.400567
702	5.914929
703	28.053678
704	73.509206
705	55.015883
706	67.902493
707	50.074883
708	44.040280
709	62.179728
710	23.307547
711	49.743309
712	30.347676
713	69.514918
714	77.761769
715	8.305619
716	18.155634
717	22.726427
718	6.250727
719	62.381472
720	43.595391
721	18.866089
722	64.477960
723	78.207598
724	76.345172
725	85.227123
726	55.850430
727	66.026872
728	29.307901
729	2.659819
730	65.960513
731	92.965880
732	50.693609
733	11.988013
734	87.602150
735	72.726976
736	98.581391
737	44.529598
738	75.740043
739	83.703221
740	85.311732
741	96.527156
742	78.756372
743	6.096856
744	23.778433
745	27.634176
746	46.042751
747	95.460918
748	37.554145
749	26.836215
750	70.272240
751	83.334030
752	77.110571
753	94.479742
754	71.391162
755	23.542192
756	89.961871
757	72.314833
758	73.101144
759	62.153675
760	35.832094
761	95.231090
762	41.256444
763	49.597860
764	71.698607
765	72.985612
766	58.229264
767	35.004183
768	7.386640
769	58.934111
770	81.563787
771	2.193393
772	21.722674
773	99.408693
774	71.592019
775	19.804238
776	4.965372
777	66.798359
778	85.012154
779	36.632800
780	69.268857
781	84.261060
782	68.597480
783	48.219556
784	5.534624
785	76.593809
786	91.865983
787	31.620590
788	88.274120
789	6.099284
790	66.753460
791	86.264767
792	4.167494
793	34.323233
794	15.497842
795	70.956447
796	85.777224
797	21.896642
798	19.696971
799	81.817614
800	50.771172
801	10.247522
802	81.996634
803	57.043380
804	67.866169
805	74.909332
806	38.948640
807	53.408819
808	46.345788
809	98.084524
810	4.507997
811	92.316401
812	28.764496
813	96.507996
814	78.516765
815	7.326383
816	85.047642
817	98.136213
818	29.033615
819	26.646965
820	9.102073
821	7.055992
822	93.918177
823	61.441467
824	26.199438
825	39.919565
826	56.105966
827	32.795310
828	33.958487
829	30.321109
830	73.884874
831	31.105066
832	95.800643
833	92.989696
834	95.958239
835	93.234245
836	39.898798
837	10.509611
838	11.665258
839	16.299746
840	47.573897
841	45.914173
842	36.012886
843	9.933988
844	90.441487
845	41.080920
846	34.535142
847	32.779056
848	40.257845
849	85.633609
850	83.038506
851	47.356145
852	21.395769
853	15.230770
854	5.044182
855	83.554916
856	97.109501
857	39.525631
858	32.947356
859	34.524419
860	32.720866
861	76.275309
862	13.018441
863	59.488618
864	88.593232
865	6.583684
866	85.613497
867	18.335034
868	92.472204
869	62.202802
870	88.355145
871	96.225975
872	19.705227
873	12.890777
874	13.603992
875	57.914094
876	10.775807
877	98.119304
878	59.387292
879	58.231012
880	65.954220
881	64.240700
882	77.621130
883	15.696182
884	9.480381
885	66.787968
886	53.641443
887	58.764903
888	21.655169
889	54.671339
890	69.991491
891	22.793407
892	62.503613
893	42.720873
894	66.692743
895	30.027008
896	27.061311
897	66.064840
898	28.259339
899	94.707764
900	30.610223
901	31.494693
902	93.754149
903	44.407947
904	84.659060
905	46.200408
906	50.223100
907	99.437405
908	40.505866
909	94.390413
910	54.763361
911	62.796516
912	54.465234
913	10.437643
914	80.081662
915	28.903384
916	94.794675
917	27.970467
918	86.487131
919	76.547924
920	49.154999
921	4.196164
922	69.701703
923	23.992339
924	31.872994
925	42.572950
926	32.643216
927	39.082233
928	91.929705
929	49.856753
930	17.150849
931	69.937276
932	18.456033
933	63.544743
934	89.542125
935	42.034774
936	84.355371
937	42.413961
938	33.091173
939	32.763698
940	17.495704
941	62.226778
942	88.554608
943	59.889050
944	41.127657
945	65.986241
946	65.972015
947	43.451450
948	83.609096
949	82.369890
950	70.842220
951	91.665212
952	49.022830
953	51.953646
954	52.651515
955	36.926114
956	9.017329
957	97.782466
958	56.150652
959	86.133169
960	5.010619
961	47.115212
962	28.177472
963	56.308322
964	9.072659
965	48.746074
966	33.864586
967	83.351453
968	91.843703
969	39.618462
970	41.914839
971	66.634277
972	71.874380
973	91.252911
974	25.422314
975	65.646660
976	94.999276
977	26.849932
978	56.402673
979	76.102685
980	82.348985
981	41.727961
982	85.971777
983	64.179310
984	98.849371
985	27.244852
986	36.383345
987	10.491695
988	62.005546
989	72.170186
990	55.733408
991	64.926078
992	92.045677
993	26.880069
994	5.790934
995	77.435695
996	2.550420
997	91.753305
998	69.678450
999	94.941239
1000	39.058628
;

param: U :=
1	100.000000
2	100.000000
3	100.000000
4	100.000000
5	100.000000
6	100.000000
7	100.000000
8	100.000000
9	100.000000
10	100.000000
11	100.000000
12	100.000000
13	100.000000
14	100.000000
15	100.000000
16	100.000000
17	100.000000
18	100.000000
19	100.000000
20	100.000000
21	100.000000
22	100.000000
23	100.000000
24	100.000000
25	100.000000
26	100.000000
27	100.000000
28	100.000000
29	100.000000
30	100.000000
31	100.000000
32	100.000000
33	100.000000
34	100.000000
35	100.000000
36	100.000000
37	100.000000
38	100.000000
39	100.000000
40	100.000000
41	100.000000
42	100.000000
43	100.000000
44	100.000000
45	100.000000
46	100.000000
47	100.000000
48	100.000000
49	100.000000
50	100.000000
51	100.000000
52	100.000000
53	100.000000
54	100.000000
55	100.000000
56	100.000000
57	100.000000
58	100.000000
59	100.000000
60	100.000000
61	100.000000
62	100.000000
63	100.000000
64	100.000000
65	100.000000
66	100.000000
67	100.000000
68	100.000000
69	100.000000
70	100.000000
71	100.000000
72	100.000000
73	100.000000
74	100.000000
75	100.000000
76	100.000000
77	100.000000
78	100.000000
79	100.000000
80	100.000000
81	100.000000
82	100.000000
83	100.000000
84	100.000000
85	100.000000
86	100.000000
87	100.000000
88	100.000000
89	100.000000
90	100.000000
91	100.000000
92	100.000000
93	100.000000
94	100.000000
95	100.000000
96	100.000000
97	100.000000
98	100.000000
99	100.000000
100	100.000000
101	100.000000
102	100.000000
103	100.000000
104	100.000000
105	100.000000
106	100.000000
107	100.000000
108	100.000000
109	100.000000
110	100.000000
111	100.000000
112	100.000000
113	100.000000
114	100.000000
115	100.000000
116	100.000000
117	100.000000
118	100.000000
119	100.000000
120	100.000000
121	100.000000
122	100.000000
123	100.000000
124	100.000000
125	100.000000
126	100.000000
127	100.000000
128	100.000000
129	100.000000
130	100.000000
131	100.000000
132	100.000000
133	100.000000
134	100.000000
135	100.000000
136	100.000000
137	100.000000
138	100.000000
139	100.000000
140	100.000000
141	100.000000
142	100.000000
143	100.000000
144	100.000000
145	100.000000
146	100.000000
147	100.000000
148	100.000000
149	100.000000
150	100.000000
151	100.000000
152	100.000000
153	100.000000
154	100.000000
155	100.000000
156	100.000000
157	100.000000
158	100.000000
159	100.000000
160	100.000000
161	100.000000
162	100.000000
163	100.000000
164	100.000000
165	100.000000
166	100.000000
167	100.000000
168	100.000000
169	100.000000
170	100.000000
171	100.000000
172	100.000000
173	100.000000
174	100.000000
175	100.000000
176	100.000000
177	100.000000
178	100.000000
179	100.000000
180	100.000000
181	100.000000
182	100.000000
183	100.000000
184	100.000000
185	100.000000
186	100.000000
187	100.000000
188	100.000000
189	100.000000
190	100.000000
191	100.000000
192	100.000000
193	100.000000
194	100.000000
195	100.000000
196	100.000000
197	100.000000
198	100.000000
199	100.000000
200	100.000000
201	100.000000
202	100.000000
203	100.000000
204	100.000000
205	100.000000
206	100.000000
207	100.000000
208	100.000000
209	100.000000
210	100.000000
211	100.000000
212	100.000000
213	100.000000
214	100.000000
215	100.000000
216	100.000000
217	100.000000
218	100.000000
219	100.000000
220	100.000000
221	100.000000
222	100.000000
223	100.000000
224	100.000000
225	100.000000
226	100.000000
227	100.000000
228	100.000000
229	100.000000
230	100.000000
231	100.000000
232	100.000000
233	100.000000
234	100.000000
235	100.000000
236	100.000000
237	100.000000
238	100.000000
239	100.000000
240	100.000000
241	100.000000
242	100.000000
243	100.000000
244	100.000000
245	100.000000
246	100.000000
247	100.000000
248	100.000000
249	100.000000
250	100.000000
251	100.000000
252	100.000000
253	100.000000
254	100.000000
255	100.000000
256	100.000000
257	100.000000
258	100.000000
259	100.000000
260	100.000000
261	100.000000
262	100.000000
263	100.000000
264	100.000000
265	100.000000
266	100.000000
267	100.000000
268	100.000000
269	100.000000
270	100.000000
271	100.000000
272	100.000000
273	100.000000
274	100.000000
275	100.000000
276	100.000000
277	100.000000
278	100.000000
279	100.000000
280	100.000000
281	100.000000
282	100.000000
283	100.000000
284	100.000000
285	100.000000
286	100.000000
287	100.000000
288	100.000000
289	100.000000
290	100.000000
291	100.000000
292	100.000000
293	100.000000
294	100.000000
295	100.000000
296	100.000000
297	100.000000
298	100.000000
299	100.000000
300	100.000000
301	100.000000
302	100.000000
303	100.000000
304	100.000000
305	100.000000
306	100.000000
307	100.000000
308	100.000000
309	100.000000
310	100.000000
311	100.000000
312	100.000000
313	100.000000
314	100.000000
315	100.000000
316	100.000000
317	100.000000
318	100.000000
319	100.000000
320	100.000000
321	100.000000
322	100.000000
323	100.000000
324	100.000000
325	100.000000
326	100.000000
327	100.000000
328	100.000000
329	100.000000
330	100.000000
331	100.000000
332	100.000000
333	100.000000
334	100.000000
335	100.000000
336	100.000000
337	100.000000
338	100.000000
339	100.000000
340	100.000000
341	100.000000
342	100.000000
343	100.000000
344	100.000000
345	100.000000
346	100.000000
347	100.000000
348	100.000000
349	100.000000
350	100.000000
351	100.000000
352	100.000000
353	100.000000
354	100.000000
355	100.000000
356	100.000000
357	100.000000
358	100.000000
359	100.000000
360	100.000000
361	100.000000
362	100.000000
363	100.000000
364	100.000000
365	100.000000
366	100.000000
367	100.000000
368	100.000000
369	100.000000
370	100.000000
371	100.000000
372	100.000000
373	100.000000
374	100.000000
375	100.000000
376	100.000000
377	100.000000
378	100.000000
379	100.000000
380	100.000000
381	100.000000
382	100.000000
383	100.000000
384	100.000000
385	100.000000
386	100.000000
387	100.000000
388	100.000000
389	100.000000
390	100.000000
391	100.000000
392	100.000000
393	100.000000
394	100.000000
395	100.000000
396	100.000000
397	100.000000
398	100.000000
399	100.000000
400	100.000000
401	100.000000
402	100.000000
403	100.000000
404	100.000000
405	100.000000
406	100.000000
407	100.000000
408	100.000000
409	100.000000
410	100.000000
411	100.000000
412	100.000000
413	100.000000
414	100.000000
415	100.000000
416	100.000000
417	100.000000
418	100.000000
419	100.000000
420	100.000000
421	100.000000
422	100.000000
423	100.000000
424	100.000000
425	100.000000
426	100.000000
427	100.000000
428	100.000000
429	100.000000
430	100.000000
431	100.000000
432	100.000000
433	100.000000
434	100.000000
435	100.000000
436	100.000000
437	100.000000
438	100.000000
439	100.000000
440	100.000000
441	100.000000
442	100.000000
443	100.000000
444	100.000000
445	100.000000
446	100.000000
447	100.000000
448	100.000000
449	100.000000
450	100.000000
451	100.000000
452	100.000000
453	100.000000
454	100.000000
455	100.000000
456	100.000000
457	100.000000
458	100.000000
459	100.000000
460	100.000000
461	100.000000
462	100.000000
463	100.000000
464	100.000000
465	100.000000
466	100.000000
467	100.000000
468	100.000000
469	100.000000
470	100.000000
471	100.000000
472	100.000000
473	100.000000
474	100.000000
475	100.000000
476	100.000000
477	100.000000
478	100.000000
479	100.000000
480	100.000000
481	100.000000
482	100.000000
483	100.000000
484	100.000000
485	100.000000
486	100.000000
487	100.000000
488	100.000000
489	100.000000
490	100.000000
491	100.000000
492	100.000000
493	100.000000
494	100.000000
495	100.000000
496	100.000000
497	100.000000
498	100.000000
499	100.000000
500	100.000000
501	100.000000
502	100.000000
503	100.000000
504	100.000000
505	100.000000
506	100.000000
507	100.000000
508	100.000000
509	100.000000
510	100.000000
511	100.000000
512	100.000000
513	100.000000
514	100.000000
515	100.000000
516	100.000000
517	100.000000
518	100.000000
519	100.000000
520	100.000000
521	100.000000
522	100.000000
523	100.000000
524	100.000000
525	100.000000
526	100.000000
527	100.000000
528	100.000000
529	100.000000
530	100.000000
531	100.000000
532	100.000000
533	100.000000
534	100.000000
535	100.000000
536	100.000000
537	100.000000
538	100.000000
539	100.000000
540	100.000000
541	100.000000
542	100.000000
543	100.000000
544	100.000000
545	100.000000
546	100.000000
547	100.000000
548	100.000000
549	100.000000
550	100.000000
551	100.000000
552	100.000000
553	100.000000
554	100.000000
555	100.000000
556	100.000000
557	100.000000
558	100.000000
559	100.000000
560	100.000000
561	100.000000
562	100.000000
563	100.000000
564	100.000000
565	100.000000
566	100.000000
567	100.000000
568	100.000000
569	100.000000
570	100.000000
571	100.000000
572	100.000000
573	100.000000
574	100.000000
575	100.000000
576	100.000000
577	100.000000
578	100.000000
579	100.000000
580	100.000000
581	100.000000
582	100.000000
583	100.000000
584	100.000000
585	100.000000
586	100.000000
587	100.000000
588	100.000000
589	100.000000
590	100.000000
591	100.000000
592	100.000000
593	100.000000
594	100.000000
595	100.000000
596	100.000000
597	100.000000
598	100.000000
599	100.000000
600	100.000000
601	100.000000
602	100.000000
603	100.000000
604	100.000000
605	100.000000
606	100.000000
607	100.000000
608	100.000000
609	100.000000
610	100.000000
611	100.000000
612	100.000000
613	100.000000
614	100.000000
615	100.000000
616	100.000000
617	100.000000
618	100.000000
619	100.000000
620	100.000000
621	100.000000
622	100.000000
623	100.000000
624	100.000000
625	100.000000
626	100.000000
627	100.000000
628	100.000000
629	100.000000
630	100.000000
631	100.000000
632	100.000000
633	100.000000
634	100.000000
635	100.000000
636	100.000000
637	100.000000
638	100.000000
639	100.000000
640	100.000000
641	100.000000
642	100.000000
643	100.000000
644	100.000000
645	100.000000
646	100.000000
647	100.000000
648	100.000000
649	100.000000
650	100.000000
651	100.000000
652	100.000000
653	100.000000
654	100.000000
655	100.000000
656	100.000000
657	100.000000
658	100.000000
659	100.000000
660	100.000000
661	100.000000
662	100.000000
663	100.000000
664	100.000000
665	100.000000
666	100.000000
667	100.000000
668	100.000000
669	100.000000
670	100.000000
671	100.000000
672	100.000000
673	100.000000
674	100.000000
675	100.000000
676	100.000000
677	100.000000
678	100.000000
679	100.000000
680	100.000000
681	100.000000
682	100.000000
683	100.000000
684	100.000000
685	100.000000
686	100.000000
687	100.000000
688	100.000000
689	100.000000
690	100.000000
691	100.000000
692	100.000000
693	100.000000
694	100.000000
695	100.000000
696	100.000000
697	100.000000
698	100.000000
699	100.000000
700	100.000000
701	100.000000
702	100.000000
703	100.000000
704	100.000000
705	100.000000
706	100.000000
707	100.000000
708	100.000000
709	100.000000
710	100.000000
711	100.000000
712	100.000000
713	100.000000
714	100.000000
715	100.000000
716	100.000000
717	100.000000
718	100.000000
719	100.000000
720	100.000000
721	100.000000
722	100.000000
723	100.000000
724	100.000000
725	100.000000
726	100.000000
727	100.000000
728	100.000000
729	100.000000
730	100.000000
731	100.000000
732	100.000000
733	100.000000
734	100.000000
735	100.000000
736	100.000000
737	100.000000
738	100.000000
739	100.000000
740	100.000000
741	100.000000
742	100.000000
743	100.000000
744	100.000000
745	100.000000
746	100.000000
747	100.000000
748	100.000000
749	100.000000
750	100.000000
751	100.000000
752	100.000000
753	100.000000
754	100.000000
755	100.000000
756	100.000000
757	100.000000
758	100.000000
759	100.000000
760	100.000000
761	100.000000
762	100.000000
763	100.000000
764	100.000000
765	100.000000
766	100.000000
767	100.000000
768	100.000000
769	100.000000
770	100.000000
771	100.000000
772	100.000000
773	100.000000
774	100.000000
775	100.000000
776	100.000000
777	100.000000
778	100.000000
779	100.000000
780	100.000000
781	100.000000
782	100.000000
783	100.000000
784	100.000000
785	100.000000
786	100.000000
787	100.000000
788	100.000000
789	100.000000
790	100.000000
791	100.000000
792	100.000000
793	100.000000
794	100.000000
795	100.000000
796	100.000000
797	100.000000
798	100.000000
799	100.000000
800	100.000000
801	100.000000
802	100.000000
803	100.000000
804	100.000000
805	100.000000
806	100.000000
807	100.000000
808	100.000000
809	100.000000
810	100.000000
811	100.000000
812	100.000000
813	100.000000
814	100.000000
815	100.000000
816	100.000000
817	100.000000
818	100.000000
819	100.000000
820	100.000000
821	100.000000
822	100.000000
823	100.000000
824	100.000000
825	100.000000
826	100.000000
827	100.000000
828	100.000000
829	100.000000
830	100.000000
831	100.000000
832	100.000000
833	100.000000
834	100.000000
835	100.000000
836	100.000000
837	100.000000
838	100.000000
839	100.000000
840	100.000000
841	100.000000
842	100.000000
843	100.000000
844	100.000000
845	100.000000
846	100.000000
847	100.000000
848	100.000000
849	100.000000
850	100.000000
851	100.000000
852	100.000000
853	100.000000
854	100.000000
855	100.000000
856	100.000000
857	100.000000
858	100.000000
859	100.000000
860	100.000000
861	100.000000
862	100.000000
863	100.000000
864	100.000000
865	100.000000
866	100.000000
867	100.000000
868	100.000000
869	100.000000
870	100.000000
871	100.000000
872	100.000000
873	100.000000
874	100.000000
875	100.000000
876	100.000000
877	100.000000
878	100.000000
879	100.000000
880	100.000000
881	100.000000
882	100.000000
883	100.000000
884	100.000000
885	100.000000
886	100.000000
887	100.000000
888	100.000000
889	100.000000
890	100.000000
891	100.000000
892	100.000000
893	100.000000
894	100.000000
895	100.000000
896	100.000000
897	100.000000
898	100.000000
899	100.000000
900	100.000000
901	100.000000
902	100.000000
903	100.000000
904	100.000000
905	100.000000
906	100.000000
907	100.000000
908	100.000000
909	100.000000
910	100.000000
911	100.000000
912	100.000000
913	100.000000
914	100.000000
915	100.000000
916	100.000000
917	100.000000
918	100.000000
919	100.000000
920	100.000000
921	100.000000
922	100.000000
923	100.000000
924	100.000000
925	100.000000
926	100.000000
927	100.000000
928	100.000000
929	100.000000
930	100.000000
931	100.000000
932	100.000000
933	100.000000
934	100.000000
935	100.000000
936	100.000000
937	100.000000
938	100.000000
939	100.000000
940	100.000000
941	100.000000
942	100.000000
943	100.000000
944	100.000000
945	100.000000
946	100.000000
947	100.000000
948	100.000000
949	100.000000
950	100.000000
951	100.000000
952	100.000000
953	100.000000
954	100.000000
955	100.000000
956	100.000000
957	100.000000
958	100.000000
959	100.000000
960	100.000000
961	100.000000
962	100.000000
963	100.000000
964	100.000000
965	100.000000
966	100.000000
967	100.000000
968	100.000000
969	100.000000
970	100.000000
971	100.000000
972	100.000000
973	100.000000
974	100.000000
975	100.000000
976	100.000000
977	100.000000
978	100.000000
979	100.000000
980	100.000000
981	100.000000
982	100.000000
983	100.000000
984	100.000000
985	100.000000
986	100.000000
987	100.000000
988	100.000000
989	100.000000
990	100.000000
991	100.000000
992	100.000000
993	100.000000
994	100.000000
995	100.000000
996	100.000000
997	100.000000
998	100.000000
999	100.000000
1000	100.000000
;

