# seed = 1254829604

param N := 1000;

param M := 2;

param Umax := 100.000000;

param: C :=
1	1348607.605946
2	1177194.875900
;

param: a :=
1	0.144262
2	0.112883
3	0.149350
4	0.155787
5	0.187323
6	0.127453
7	0.123410
8	0.110596
9	0.107451
10	0.120503
11	0.161021
12	0.154733
13	0.197813
14	0.199459
15	0.113712
16	0.125905
17	0.156341
18	0.135164
19	0.142521
20	0.184777
21	0.187193
22	0.176228
23	0.120242
24	0.197333
25	0.154653
26	0.186112
27	0.198888
28	0.172840
29	0.121040
30	0.138900
31	0.150599
32	0.164576
33	0.148933
34	0.166471
35	0.195944
36	0.101666
37	0.185789
38	0.187120
39	0.195814
40	0.110557
41	0.116488
42	0.194386
43	0.139507
44	0.175626
45	0.145666
46	0.133482
47	0.112955
48	0.134509
49	0.159418
50	0.156352
51	0.152416
52	0.103813
53	0.113695
54	0.122507
55	0.137855
56	0.138424
57	0.183841
58	0.146834
59	0.140753
60	0.188722
61	0.126750
62	0.100976
63	0.124332
64	0.129886
65	0.105718
66	0.122920
67	0.147850
68	0.124391
69	0.135912
70	0.167752
71	0.190781
72	0.105594
73	0.134339
74	0.178639
75	0.125353
76	0.123621
77	0.141110
78	0.105658
79	0.126635
80	0.167747
81	0.155658
82	0.151805
83	0.137083
84	0.141362
85	0.107830
86	0.174921
87	0.106154
88	0.157171
89	0.118152
90	0.111482
91	0.159595
92	0.184888
93	0.190346
94	0.136826
95	0.104570
96	0.167333
97	0.157317
98	0.148980
99	0.164307
100	0.148443
101	0.154318
102	0.129978
103	0.134293
104	0.123300
105	0.119642
106	0.156278
107	0.152588
108	0.125813
109	0.170192
110	0.115698
111	0.109927
112	0.163885
113	0.107925
114	0.199991
115	0.118078
116	0.116285
117	0.142369
118	0.100934
119	0.104481
120	0.142884
121	0.181106
122	0.114988
123	0.196656
124	0.102511
125	0.183083
126	0.145519
127	0.192204
128	0.145210
129	0.181455
130	0.143298
131	0.181598
132	0.170735
133	0.103110
134	0.149019
135	0.129998
136	0.132080
137	0.125126
138	0.114490
139	0.193480
140	0.110017
141	0.171791
142	0.155778
143	0.140377
144	0.148105
145	0.135076
146	0.146458
147	0.176890
148	0.177516
149	0.166744
150	0.185891
151	0.194736
152	0.155780
153	0.126343
154	0.182636
155	0.121628
156	0.198891
157	0.102403
158	0.118666
159	0.150072
160	0.147205
161	0.181255
162	0.178572
163	0.155533
164	0.152501
165	0.118507
166	0.110573
167	0.148124
168	0.187798
169	0.125796
170	0.146482
171	0.168810
172	0.110453
173	0.130819
174	0.168330
175	0.192038
176	0.182549
177	0.106273
178	0.193872
179	0.156980
180	0.165900
181	0.172844
182	0.122344
183	0.114281
184	0.155982
185	0.188611
186	0.159362
187	0.181420
188	0.180706
189	0.154995
190	0.174580
191	0.168677
192	0.101057
193	0.125710
194	0.185243
195	0.172380
196	0.119154
197	0.150701
198	0.136463
199	0.147148
200	0.188882
201	0.115025
202	0.117149
203	0.134135
204	0.184999
205	0.144269
206	0.137036
207	0.129503
208	0.156852
209	0.101803
210	0.125731
211	0.175741
212	0.135384
213	0.113832
214	0.150329
215	0.124624
216	0.157378
217	0.143702
218	0.156043
219	0.101968
220	0.123133
221	0.184043
222	0.131307
223	0.175963
224	0.175344
225	0.111980
226	0.197720
227	0.155984
228	0.101466
229	0.141285
230	0.178175
231	0.150380
232	0.142871
233	0.170890
234	0.193328
235	0.164321
236	0.102307
237	0.113508
238	0.144597
239	0.199656
240	0.109583
241	0.132112
242	0.148461
243	0.157443
244	0.109377
245	0.180684
246	0.159504
247	0.131677
248	0.193905
249	0.187641
250	0.143491
251	0.127240
252	0.116848
253	0.126135
254	0.161281
255	0.192881
256	0.194858
257	0.144091
258	0.169743
259	0.130042
260	0.127996
261	0.148118
262	0.125032
263	0.152729
264	0.129497
265	0.123054
266	0.196441
267	0.188416
268	0.140949
269	0.155919
270	0.133689
271	0.162895
272	0.185722
273	0.137400
274	0.143138
275	0.162341
276	0.186477
277	0.129719
278	0.177729
279	0.177062
280	0.188050
281	0.112967
282	0.199585
283	0.185045
284	0.185958
285	0.138070
286	0.153570
287	0.181814
288	0.134115
289	0.120531
290	0.158373
291	0.175979
292	0.183752
293	0.114005
294	0.161392
295	0.120240
296	0.132857
297	0.190282
298	0.190872
299	0.121550
300	0.174029
301	0.165157
302	0.194061
303	0.152818
304	0.146736
305	0.107369
306	0.139543
307	0.147922
308	0.108434
309	0.107340
310	0.146698
311	0.114938
312	0.161739
313	0.153274
314	0.123485
315	0.157611
316	0.197606
317	0.147438
318	0.109760
319	0.104126
320	0.116276
321	0.176672
322	0.134230
323	0.121576
324	0.153394
325	0.141508
326	0.156986
327	0.124303
328	0.101228
329	0.119250
330	0.154192
331	0.131939
332	0.172006
333	0.137172
334	0.153050
335	0.111405
336	0.158561
337	0.155812
338	0.137825
339	0.111622
340	0.144697
341	0.176523
342	0.188057
343	0.134423
344	0.182300
345	0.150634
346	0.167018
347	0.103267
348	0.178585
349	0.152200
350	0.126737
351	0.156101
352	0.198484
353	0.137622
354	0.195382
355	0.108496
356	0.144172
357	0.124866
358	0.119652
359	0.160994
360	0.152869
361	0.154880
362	0.130840
363	0.101038
364	0.193417
365	0.100641
366	0.198812
367	0.133857
368	0.163278
369	0.131896
370	0.124012
371	0.111426
372	0.180475
373	0.179619
374	0.114309
375	0.186262
376	0.151837
377	0.107892
378	0.112791
379	0.181612
380	0.131751
381	0.154016
382	0.168741
383	0.181605
384	0.107953
385	0.105955
386	0.152152
387	0.131730
388	0.120890
389	0.101071
390	0.175887
391	0.145738
392	0.103774
393	0.195261
394	0.177616
395	0.199544
396	0.108376
397	0.121547
398	0.142614
399	0.161100
400	0.130963
401	0.147380
402	0.165962
403	0.188593
404	0.197569
405	0.106875
406	0.164230
407	0.142990
408	0.167299
409	0.155803
410	0.162143
411	0.155088
412	0.103165
413	0.120074
414	0.194745
415	0.155874
416	0.105491
417	0.113755
418	0.132698
419	0.122971
420	0.145598
421	0.145450
422	0.121448
423	0.139461
424	0.143606
425	0.183664
426	0.102865
427	0.140564
428	0.112571
429	0.100185
430	0.177682
431	0.104328
432	0.180452
433	0.189951
434	0.134495
435	0.188082
436	0.156984
437	0.117680
438	0.137799
439	0.160246
440	0.178563
441	0.112550
442	0.188731
443	0.110547
444	0.139181
445	0.174137
446	0.105168
447	0.118375
448	0.121119
449	0.185531
450	0.173401
451	0.108443
452	0.128115
453	0.158349
454	0.136489
455	0.107251
456	0.100341
457	0.162915
458	0.185500
459	0.180965
460	0.195551
461	0.160522
462	0.195397
463	0.179262
464	0.194393
465	0.185046
466	0.186590
467	0.138648
468	0.116736
469	0.128703
470	0.190455
471	0.119109
472	0.118041
473	0.182170
474	0.165214
475	0.127445
476	0.136296
477	0.185861
478	0.123323
479	0.185908
480	0.154836
481	0.191257
482	0.163938
483	0.172451
484	0.126630
485	0.119935
486	0.107169
487	0.182581
488	0.194258
489	0.130433
490	0.112541
491	0.168680
492	0.153644
493	0.181794
494	0.140068
495	0.180634
496	0.100386
497	0.111976
498	0.181660
499	0.196364
500	0.121806
501	0.152373
502	0.167980
503	0.105719
504	0.179871
505	0.161296
506	0.150433
507	0.198327
508	0.159355
509	0.137550
510	0.184015
511	0.151084
512	0.109984
513	0.163461
514	0.137565
515	0.168152
516	0.108765
517	0.131843
518	0.177287
519	0.110604
520	0.103832
521	0.103907
522	0.154863
523	0.118311
524	0.184943
525	0.104065
526	0.102686
527	0.126177
528	0.175959
529	0.147703
530	0.156070
531	0.175756
532	0.177815
533	0.163535
534	0.114437
535	0.162886
536	0.196181
537	0.128101
538	0.161889
539	0.147744
540	0.185610
541	0.143375
542	0.109529
543	0.190374
544	0.166522
545	0.176674
546	0.185644
547	0.186192
548	0.150997
549	0.160714
550	0.184948
551	0.116144
552	0.135950
553	0.151233
554	0.179553
555	0.199499
556	0.162153
557	0.118418
558	0.133785
559	0.147054
560	0.176832
561	0.101002
562	0.124144
563	0.176879
564	0.156023
565	0.110418
566	0.164851
567	0.185237
568	0.120173
569	0.142517
570	0.145787
571	0.159102
572	0.101275
573	0.191566
574	0.178743
575	0.114698
576	0.153500
577	0.157088
578	0.181919
579	0.124262
580	0.150360
581	0.125562
582	0.146706
583	0.188737
584	0.139805
585	0.118073
586	0.155661
587	0.116982
588	0.161782
589	0.184759
590	0.183006
591	0.191894
592	0.106094
593	0.149314
594	0.174889
595	0.180558
596	0.112332
597	0.162560
598	0.171188
599	0.170278
600	0.120456
601	0.172458
602	0.127622
603	0.139550
604	0.185151
605	0.149637
606	0.156760
607	0.164490
608	0.111793
609	0.162626
610	0.139664
611	0.115843
612	0.165337
613	0.136833
614	0.150668
615	0.165702
616	0.111621
617	0.145218
618	0.129184
619	0.136415
620	0.179110
621	0.155322
622	0.194783
623	0.112030
624	0.141956
625	0.122446
626	0.122672
627	0.189706
628	0.109064
629	0.128577
630	0.159987
631	0.135588
632	0.192892
633	0.195387
634	0.165107
635	0.100486
636	0.150491
637	0.174530
638	0.177139
639	0.153582
640	0.150143
641	0.139056
642	0.137841
643	0.117843
644	0.106282
645	0.125618
646	0.146174
647	0.111348
648	0.123981
649	0.123091
650	0.109621
651	0.178002
652	0.177737
653	0.183212
654	0.116182
655	0.165642
656	0.114777
657	0.185719
658	0.131545
659	0.144721
660	0.159723
661	0.127493
662	0.176671
663	0.128930
664	0.186773
665	0.159059
666	0.103197
667	0.141778
668	0.160414
669	0.191684
670	0.107310
671	0.112932
672	0.188212
673	0.139060
674	0.184223
675	0.186736
676	0.111402
677	0.122683
678	0.129929
679	0.116029
680	0.195720
681	0.136922
682	0.173564
683	0.143690
684	0.141807
685	0.144218
686	0.154278
687	0.157843
688	0.142220
689	0.127445
690	0.183798
691	0.170037
692	0.144117
693	0.160160
694	0.154970
695	0.187926
696	0.148767
697	0.104425
698	0.169781
699	0.130756
700	0.105909
701	0.188994
702	0.155762
703	0.152736
704	0.122073
705	0.182693
706	0.189182
707	0.162104
708	0.174549
709	0.107913
710	0.179069
711	0.182859
712	0.108981
713	0.195641
714	0.117426
715	0.140118
716	0.176288
717	0.121636
718	0.106768
719	0.178711
720	0.104508
721	0.141518
722	0.175446
723	0.144559
724	0.197411
725	0.183502
726	0.144530
727	0.126866
728	0.111059
729	0.103339
730	0.143031
731	0.173605
732	0.172945
733	0.138845
734	0.156579
735	0.106576
736	0.199631
737	0.149510
738	0.101348
739	0.164854
740	0.156476
741	0.129937
742	0.147303
743	0.113495
744	0.191756
745	0.177003
746	0.154578
747	0.175210
748	0.113901
749	0.109187
750	0.137984
751	0.192625
752	0.133755
753	0.180826
754	0.159763
755	0.143729
756	0.101309
757	0.109011
758	0.145531
759	0.148385
760	0.157173
761	0.162200
762	0.166741
763	0.138685
764	0.170714
765	0.137147
766	0.177046
767	0.111083
768	0.191166
769	0.195939
770	0.154693
771	0.168718
772	0.121371
773	0.173593
774	0.178442
775	0.102245
776	0.199850
777	0.166289
778	0.136652
779	0.142573
780	0.137747
781	0.198433
782	0.107104
783	0.156189
784	0.122101
785	0.105169
786	0.151146
787	0.128483
788	0.114139
789	0.188089
790	0.143836
791	0.135517
792	0.173657
793	0.125159
794	0.122094
795	0.122309
796	0.113944
797	0.150091
798	0.178420
799	0.138422
800	0.156733
801	0.129602
802	0.158056
803	0.108830
804	0.150500
805	0.155241
806	0.128967
807	0.152929
808	0.116740
809	0.183351
810	0.136237
811	0.190735
812	0.126395
813	0.103211
814	0.139769
815	0.103421
816	0.136230
817	0.160170
818	0.189296
819	0.148881
820	0.144881
821	0.132886
822	0.199999
823	0.116833
824	0.192871
825	0.154918
826	0.101675
827	0.150069
828	0.146521
829	0.125673
830	0.189336
831	0.133897
832	0.164040
833	0.146387
834	0.115529
835	0.164880
836	0.118396
837	0.137219
838	0.139081
839	0.112996
840	0.191116
841	0.139860
842	0.109742
843	0.188592
844	0.104537
845	0.155806
846	0.119357
847	0.183393
848	0.195956
849	0.199934
850	0.167080
851	0.179200
852	0.120486
853	0.101688
854	0.192117
855	0.179029
856	0.179343
857	0.116148
858	0.143530
859	0.118648
860	0.161215
861	0.121085
862	0.112804
863	0.155797
864	0.160187
865	0.111505
866	0.146766
867	0.132410
868	0.149941
869	0.187987
870	0.190169
871	0.137687
872	0.122024
873	0.163509
874	0.165538
875	0.152632
876	0.148003
877	0.125765
878	0.144395
879	0.166228
880	0.197869
881	0.178725
882	0.113051
883	0.132359
884	0.108867
885	0.144112
886	0.150910
887	0.147039
888	0.112765
889	0.128082
890	0.159767
891	0.157752
892	0.124643
893	0.182476
894	0.161724
895	0.185279
896	0.119601
897	0.193237
898	0.137086
899	0.112850
900	0.139630
901	0.103456
902	0.199571
903	0.186884
904	0.153729
905	0.154506
906	0.137324
907	0.174605
908	0.104813
909	0.197004
910	0.104873
911	0.122531
912	0.108626
913	0.188604
914	0.158792
915	0.188372
916	0.191199
917	0.163368
918	0.132306
919	0.103238
920	0.107602
921	0.159157
922	0.139969
923	0.198470
924	0.110281
925	0.161660
926	0.188296
927	0.140032
928	0.134771
929	0.177162
930	0.169568
931	0.128278
932	0.148212
933	0.115453
934	0.152426
935	0.101949
936	0.136161
937	0.126961
938	0.132696
939	0.123843
940	0.165186
941	0.188688
942	0.194311
943	0.131397
944	0.199488
945	0.128968
946	0.160515
947	0.172032
948	0.128011
949	0.117068
950	0.181629
951	0.156077
952	0.192881
953	0.192370
954	0.100564
955	0.134875
956	0.151070
957	0.171642
958	0.127895
959	0.168800
960	0.173370
961	0.199371
962	0.185238
963	0.104106
964	0.150556
965	0.160279
966	0.107382
967	0.133534
968	0.128467
969	0.192284
970	0.141775
971	0.153657
972	0.177752
973	0.104329
974	0.118822
975	0.171102
976	0.196160
977	0.193537
978	0.153402
979	0.129367
980	0.167039
981	0.199011
982	0.140969
983	0.124307
984	0.140464
985	0.197978
986	0.147839
987	0.132477
988	0.160327
989	0.151588
990	0.173805
991	0.122244
992	0.100116
993	0.184129
994	0.160599
995	0.117901
996	0.167578
997	0.128242
998	0.110349
999	0.146459
1000	0.183487
;

param: b :=
1	13.046904
2	13.683512
3	73.960664
4	25.172512
5	37.286335
6	99.511978
7	93.437992
8	3.483042
9	28.830016
10	5.315587
11	87.943024
12	41.378533
13	67.929531
14	33.031032
15	36.059812
16	59.874639
17	96.663350
18	13.798096
19	19.215317
20	25.971958
21	60.501065
22	54.438852
23	23.473219
24	3.843732
25	91.821965
26	65.677074
27	47.986088
28	65.756387
29	52.829340
30	5.117569
31	89.889173
32	81.171487
33	7.770700
34	94.740531
35	18.468699
36	91.205064
37	77.617869
38	96.604364
39	72.519340
40	52.235763
41	69.555385
42	98.311717
43	11.545639
44	42.956101
45	25.289529
46	69.480768
47	39.130092
48	75.475192
49	87.081111
50	37.993337
51	42.197164
52	24.959381
53	80.058651
54	60.851148
55	16.012157
56	6.984770
57	76.714282
58	80.412578
59	31.130815
60	49.990986
61	63.199360
62	60.681281
63	1.189944
64	16.879730
65	63.790127
66	22.014787
67	67.994608
68	71.423710
69	69.539801
70	27.491762
71	31.672081
72	79.147910
73	94.709043
74	69.288456
75	65.483459
76	83.066842
77	70.866876
78	61.022995
79	26.976378
80	93.660579
81	29.680098
82	63.314824
83	83.496066
84	83.433367
85	74.239902
86	78.168410
87	71.742306
88	46.674373
89	22.315690
90	73.781619
91	19.260663
92	37.563776
93	73.965305
94	59.693148
95	29.729154
96	88.607626
97	10.453223
98	37.831371
99	47.176701
100	26.523434
101	68.521523
102	88.892973
103	23.225214
104	2.572011
105	98.266424
106	47.692054
107	19.988098
108	50.396244
109	94.360798
110	43.695457
111	49.339747
112	72.784457
113	30.959575
114	13.903700
115	0.623181
116	73.306768
117	76.736156
118	82.174895
119	5.140144
120	62.914622
121	62.735612
122	65.723297
123	22.071588
124	49.933490
125	73.019513
126	17.473092
127	33.760339
128	1.161748
129	35.516362
130	93.234306
131	48.917598
132	79.406057
133	61.797951
134	73.186332
135	79.396249
136	76.231055
137	48.127647
138	30.653441
139	58.580752
140	8.320426
141	89.147394
142	51.433971
143	44.257657
144	45.850235
145	3.006192
146	7.137801
147	77.992425
148	18.325719
149	16.204941
150	80.940661
151	55.795833
152	1.095488
153	3.297046
154	59.293393
155	98.160960
156	89.233441
157	87.042364
158	51.655564
159	5.063358
160	17.998291
161	53.003698
162	31.472624
163	92.912453
164	39.948020
165	45.348215
166	47.071753
167	37.962832
168	74.272118
169	88.910888
170	89.118526
171	5.432630
172	3.115175
173	57.285030
174	50.067540
175	96.142692
176	96.214076
177	1.499883
178	46.468826
179	77.061709
180	23.094856
181	85.195224
182	27.749684
183	50.496434
184	96.725797
185	10.118363
186	67.426673
187	21.605484
188	93.348467
189	26.128735
190	72.916677
191	96.173060
192	48.069964
193	70.455400
194	52.194996
195	34.793828
196	35.028122
197	13.539410
198	87.931863
199	27.298899
200	50.827539
201	96.069722
202	24.350184
203	92.495239
204	9.360657
205	82.464591
206	80.574245
207	3.044209
208	12.071309
209	82.532291
210	69.553885
211	37.301676
212	51.025299
213	63.764222
214	71.017947
215	84.723060
216	96.715325
217	97.909360
218	66.420924
219	79.443397
220	94.385634
221	18.515257
222	43.367645
223	13.840322
224	59.055661
225	40.235934
226	99.559878
227	46.390503
228	49.318815
229	63.644648
230	80.074428
231	1.452581
232	52.209658
233	77.532451
234	84.323491
235	10.361054
236	75.792725
237	78.399279
238	14.957072
239	92.926326
240	53.932372
241	18.767285
242	70.068697
243	57.135082
244	68.758034
245	94.131328
246	4.305756
247	51.722443
248	13.507819
249	43.526728
250	73.505722
251	68.354221
252	70.463784
253	57.191866
254	97.559746
255	38.475148
256	50.642303
257	58.543434
258	23.050899
259	63.261001
260	33.119219
261	56.623751
262	70.145951
263	45.233222
264	29.138823
265	99.505532
266	56.808102
267	9.035283
268	35.876644
269	8.095446
270	45.408533
271	31.229621
272	88.861853
273	78.600987
274	55.523971
275	53.526058
276	78.281646
277	46.001070
278	29.818827
279	31.978080
280	79.013479
281	75.712702
282	18.429383
283	44.150218
284	80.460900
285	90.303744
286	24.724432
287	68.613455
288	11.544862
289	17.747069
290	54.026724
291	14.509304
292	36.565718
293	70.758790
294	61.928196
295	0.918733
296	48.739722
297	9.776141
298	31.606358
299	80.785047
300	43.767451
301	88.533155
302	10.390990
303	7.356593
304	83.379273
305	97.624255
306	72.708394
307	75.227132
308	67.056248
309	88.891607
310	8.040868
311	40.884484
312	85.425906
313	33.428783
314	91.242444
315	93.977419
316	95.796735
317	77.321272
318	90.916491
319	75.305986
320	98.333531
321	47.368374
322	90.485542
323	44.990684
324	1.533260
325	66.149627
326	67.635790
327	83.015132
328	37.480517
329	15.067694
330	2.834250
331	60.783846
332	87.797083
333	35.641032
334	43.161262
335	38.679727
336	45.621295
337	98.874430
338	58.826248
339	54.775726
340	41.827111
341	32.474863
342	86.804992
343	34.822903
344	97.929352
345	11.404999
346	1.136721
347	83.411025
348	91.260460
349	82.534003
350	87.114121
351	57.839743
352	93.427766
353	43.760213
354	70.888349
355	46.041108
356	40.326655
357	40.840915
358	21.651841
359	72.689491
360	40.102559
361	99.589456
362	0.585095
363	93.675786
364	26.062476
365	15.089758
366	59.415781
367	89.572969
368	44.682524
369	17.822583
370	51.478744
371	63.147769
372	44.057280
373	14.245323
374	92.996856
375	92.776952
376	17.441872
377	13.558872
378	9.030486
379	21.520083
380	64.244120
381	90.783841
382	33.457018
383	78.950365
384	37.492261
385	92.426129
386	41.370520
387	50.403607
388	18.372404
389	4.150926
390	58.172551
391	98.379222
392	98.802099
393	42.108892
394	52.826812
395	44.167701
396	43.812495
397	20.458525
398	86.734069
399	87.243727
400	84.309638
401	40.619289
402	35.280183
403	40.068175
404	65.823196
405	24.580161
406	77.059932
407	83.617762
408	80.525726
409	8.249339
410	83.831386
411	78.781068
412	64.367796
413	61.737399
414	46.127539
415	96.349780
416	57.133035
417	57.860733
418	88.811125
419	54.710439
420	1.939445
421	58.299298
422	24.974052
423	1.647378
424	79.978709
425	88.943507
426	98.557695
427	27.981096
428	0.848159
429	62.453433
430	29.398746
431	37.450311
432	76.518464
433	19.093688
434	61.803452
435	7.117396
436	56.151538
437	51.024096
438	82.446420
439	16.717294
440	81.771233
441	65.987044
442	16.782788
443	28.719740
444	95.733689
445	0.623127
446	32.770061
447	45.470454
448	2.927009
449	32.274094
450	39.215313
451	60.697253
452	52.828307
453	76.161167
454	56.130154
455	44.073227
456	23.338417
457	94.726761
458	71.246525
459	91.523146
460	48.673997
461	96.086149
462	70.994697
463	41.635164
464	35.358187
465	70.573486
466	85.791018
467	29.776228
468	85.333705
469	65.360263
470	75.100813
471	31.513384
472	65.753972
473	88.121018
474	69.618957
475	65.342289
476	23.588492
477	5.981268
478	39.184237
479	13.037511
480	15.906362
481	45.673163
482	48.630868
483	70.950177
484	97.343708
485	63.437220
486	51.549679
487	33.964465
488	64.407234
489	69.104477
490	98.548287
491	63.753305
492	17.096719
493	66.260895
494	91.502678
495	65.431570
496	13.621438
497	9.534618
498	5.135335
499	75.470060
500	30.200805
501	33.576792
502	10.019215
503	15.854064
504	8.571523
505	12.794861
506	38.177503
507	67.023703
508	96.938002
509	13.352889
510	77.830380
511	17.791360
512	79.233967
513	41.439575
514	47.513012
515	61.792266
516	68.837125
517	8.684749
518	48.882935
519	13.088673
520	9.077579
521	39.319107
522	81.171481
523	24.287530
524	38.722425
525	12.267740
526	41.331648
527	55.352286
528	76.151587
529	87.248140
530	80.103494
531	72.204714
532	79.880421
533	96.849306
534	91.312551
535	71.070778
536	11.839750
537	59.342878
538	99.950651
539	76.459563
540	48.859301
541	42.785493
542	87.054380
543	83.964627
544	4.447389
545	30.683886
546	29.756677
547	12.145085
548	39.019027
549	51.765825
550	57.220048
551	67.672997
552	95.619692
553	36.107461
554	54.671377
555	30.339440
556	63.293470
557	77.069096
558	25.211394
559	26.593426
560	3.141120
561	80.947329
562	30.984150
563	20.818983
564	32.628969
565	85.740641
566	98.484035
567	50.792733
568	12.486322
569	19.638681
570	67.518525
571	91.497505
572	58.536151
573	98.981711
574	72.618952
575	71.867955
576	96.192117
577	63.713882
578	50.308872
579	85.118845
580	62.124128
581	64.869081
582	14.080007
583	54.676224
584	39.424653
585	80.001547
586	31.468579
587	91.407106
588	27.031061
589	61.985965
590	6.969975
591	55.097662
592	65.650782
593	48.582503
594	57.604945
595	25.715315
596	42.859570
597	63.142070
598	11.365661
599	88.177096
600	68.070191
601	56.952006
602	77.629151
603	90.032794
604	45.719880
605	94.212363
606	61.641566
607	70.822200
608	26.853773
609	11.008322
610	59.797151
611	95.970174
612	45.362282
613	85.289926
614	43.614257
615	27.043690
616	49.724309
617	58.723844
618	88.498365
619	64.814066
620	1.632217
621	56.186838
622	93.024624
623	1.487201
624	33.241753
625	71.060196
626	96.143973
627	18.242941
628	77.581799
629	37.065367
630	65.162378
631	95.579823
632	84.296470
633	6.253594
634	47.266669
635	86.354178
636	95.810962
637	60.443838
638	38.289248
639	81.283715
640	84.149219
641	17.263367
642	98.914072
643	87.094281
644	59.507219
645	66.229872
646	36.852181
647	51.983450
648	77.470704
649	90.722192
650	13.587067
651	6.020565
652	50.863701
653	58.507149
654	78.085510
655	38.593065
656	52.392269
657	25.376538
658	55.920703
659	44.337799
660	76.677662
661	0.972343
662	83.956131
663	21.874791
664	99.290106
665	12.423996
666	80.368227
667	7.217612
668	49.221468
669	85.480535
670	35.164673
671	22.348155
672	20.883427
673	79.587037
674	16.145286
675	36.259361
676	1.298201
677	76.850671
678	26.186160
679	92.350817
680	8.078059
681	83.815749
682	6.500487
683	16.061931
684	60.554677
685	73.256487
686	83.520979
687	55.427463
688	20.320124
689	65.011430
690	16.521050
691	8.238240
692	30.511243
693	7.149910
694	66.796669
695	39.441098
696	1.484183
697	74.995431
698	95.546394
699	9.501744
700	90.169494
701	68.061236
702	90.890396
703	90.863662
704	96.260386
705	34.569052
706	40.604543
707	79.050654
708	59.472684
709	14.517795
710	0.830606
711	99.601024
712	27.144196
713	31.023822
714	58.991850
715	37.404122
716	55.962036
717	96.403734
718	69.829873
719	77.309996
720	92.389412
721	38.833450
722	53.096460
723	14.074293
724	23.798660
725	37.632777
726	57.783863
727	6.792072
728	61.595876
729	27.307690
730	63.794786
731	71.286196
732	0.912203
733	4.796123
734	45.236425
735	96.615251
736	17.716017
737	41.372718
738	82.803717
739	22.538994
740	94.411890
741	15.594318
742	84.860595
743	23.606271
744	91.629202
745	55.277049
746	99.009596
747	86.468336
748	6.816489
749	35.391141
750	94.944893
751	31.255845
752	45.065572
753	96.486047
754	18.349705
755	25.508885
756	86.232627
757	11.235280
758	83.410665
759	99.155707
760	96.212508
761	63.718133
762	39.146129
763	99.393599
764	55.956617
765	65.886812
766	95.492412
767	61.199691
768	15.866491
769	28.049928
770	35.645731
771	24.299702
772	19.205864
773	31.002922
774	43.958695
775	12.564165
776	62.580422
777	63.001017
778	6.695213
779	68.357479
780	0.419932
781	35.987174
782	59.656438
783	86.534983
784	66.873839
785	89.040551
786	0.534544
787	14.687335
788	65.196318
789	76.783187
790	27.130321
791	27.559804
792	16.657909
793	13.578867
794	9.561991
795	44.333394
796	38.122181
797	23.339529
798	86.387443
799	94.460410
800	8.115676
801	15.909099
802	50.486002
803	84.640111
804	75.321943
805	94.431885
806	97.035830
807	58.014370
808	19.678250
809	73.887443
810	95.499504
811	75.235957
812	58.786380
813	67.893746
814	26.495586
815	68.162078
816	78.526105
817	73.077056
818	32.506357
819	5.081357
820	33.863993
821	97.496658
822	34.556302
823	68.829813
824	79.885835
825	3.435473
826	15.163721
827	75.892728
828	36.905357
829	81.664980
830	8.519927
831	51.701883
832	22.410037
833	45.503256
834	99.643888
835	49.977129
836	68.610992
837	4.433792
838	67.768499
839	22.617259
840	69.835060
841	75.311070
842	4.397560
843	21.106720
844	44.769190
845	65.112291
846	55.627576
847	34.601034
848	37.250293
849	7.744245
850	83.839152
851	15.490383
852	42.173151
853	93.132211
854	39.013428
855	17.051956
856	88.352753
857	16.744322
858	37.701901
859	80.847905
860	82.280228
861	98.134351
862	66.338150
863	9.145804
864	62.853290
865	60.569404
866	13.293492
867	30.770947
868	61.664118
869	13.497512
870	68.800569
871	65.737699
872	7.314561
873	87.446291
874	43.983632
875	37.629238
876	6.608189
877	81.365221
878	19.080137
879	39.014437
880	79.537006
881	48.471331
882	41.910542
883	53.859190
884	3.332983
885	24.322876
886	3.543284
887	6.676081
888	26.898418
889	16.642783
890	3.902798
891	73.875282
892	26.514231
893	89.540359
894	43.094159
895	32.300633
896	53.897804
897	56.266478
898	4.199950
899	2.654753
900	35.715549
901	55.194403
902	67.077161
903	24.047264
904	81.506126
905	24.964340
906	30.378045
907	16.858875
908	46.410471
909	94.919216
910	72.591509
911	67.183548
912	64.194940
913	17.901493
914	48.904976
915	87.208104
916	94.513048
917	34.574970
918	81.663426
919	9.219432
920	56.486828
921	7.126047
922	2.215675
923	81.999124
924	5.149389
925	39.159384
926	12.124356
927	49.669233
928	13.900526
929	24.519783
930	36.277210
931	67.928827
932	51.558289
933	81.585433
934	88.228106
935	92.488956
936	86.048022
937	66.952010
938	86.530801
939	32.724409
940	68.008837
941	36.552104
942	63.647403
943	76.034608
944	24.337845
945	5.103871
946	3.823881
947	23.613469
948	42.167805
949	98.487936
950	85.829965
951	11.481675
952	90.925253
953	53.609179
954	95.360723
955	32.379001
956	83.780624
957	21.613983
958	36.717414
959	74.208934
960	18.827374
961	51.879541
962	11.381059
963	61.430490
964	9.776472
965	62.305345
966	5.552410
967	43.672779
968	85.289227
969	70.384035
970	41.372398
971	44.037585
972	26.863165
973	10.683396
974	7.231949
975	26.470197
976	49.385853
977	11.858364
978	68.472380
979	39.503638
980	63.026020
981	34.165460
982	39.065232
983	93.164245
984	54.891832
985	28.033603
986	21.322124
987	72.350389
988	97.128669
989	75.796106
990	1.177306
991	24.139168
992	99.652998
993	67.856477
994	63.007581
995	66.507577
996	81.626393
997	21.999685
998	56.234897
999	94.222079
1000	52.400657
;

param: c :=
1	67.189926
2	68.884178
3	42.076996
4	80.117046
5	52.904427
6	89.785968
7	24.622087
8	29.149937
9	25.659778
10	9.737009
11	2.723638
12	86.238109
13	83.992084
14	62.012669
15	41.340881
16	90.903762
17	48.437787
18	51.967272
19	26.246986
20	74.681727
21	90.640218
22	59.747265
23	86.744589
24	96.336018
25	44.461074
26	44.307373
27	72.967421
28	30.958414
29	56.361759
30	25.352887
31	46.240135
32	36.466707
33	89.951072
34	63.055082
35	80.157183
36	31.370510
37	16.329936
38	53.849074
39	13.257985
40	89.160354
41	68.133510
42	13.065832
43	2.948810
44	40.178817
45	39.061718
46	63.290422
47	12.647916
48	34.087188
49	12.777791
50	85.873744
51	92.758338
52	70.602019
53	86.731368
54	36.622584
55	95.506774
56	16.372434
57	45.712995
58	93.151503
59	27.574648
60	18.324428
61	22.597170
62	20.816656
63	61.693723
64	58.202103
65	65.446811
66	41.265260
67	10.558771
68	50.932754
69	89.962355
70	56.465014
71	14.319236
72	86.979616
73	88.387036
74	36.580197
75	84.035569
76	90.581139
77	40.692906
78	6.242606
79	2.590807
80	41.162633
81	88.715301
82	28.061903
83	14.267566
84	99.948546
85	3.047096
86	82.922551
87	12.175999
88	74.751100
89	72.556256
90	83.524691
91	95.626390
92	7.850190
93	25.389987
94	15.509372
95	67.241801
96	35.930131
97	19.298642
98	10.659503
99	79.607589
100	9.391937
101	67.829953
102	34.254969
103	50.204011
104	13.999594
105	6.579323
106	14.487030
107	80.165538
108	30.440920
109	39.530053
110	50.524399
111	75.921122
112	96.281266
113	58.442605
114	1.773600
115	68.332347
116	64.714358
117	52.344384
118	66.026958
119	91.506217
120	7.134664
121	93.969275
122	93.650872
123	9.268588
124	22.536661
125	52.288497
126	98.858204
127	24.865877
128	48.922197
129	2.935869
130	34.449746
131	34.791867
132	40.980210
133	65.820521
134	49.133272
135	47.563547
136	63.353772
137	90.982948
138	61.420300
139	62.045046
140	59.743436
141	85.658294
142	98.311870
143	66.091167
144	34.829091
145	59.901264
146	70.627621
147	55.435036
148	48.780565
149	81.714908
150	93.415345
151	93.472563
152	60.054865
153	85.289717
154	84.170726
155	51.326054
156	11.936872
157	65.748922
158	42.774972
159	81.359990
160	46.134294
161	47.576127
162	45.580023
163	10.821496
164	40.443823
165	23.732230
166	98.708487
167	31.451172
168	2.016917
169	57.693781
170	50.140942
171	29.742694
172	52.371140
173	97.785431
174	27.256927
175	72.356205
176	21.878764
177	88.572568
178	97.157101
179	12.915232
180	89.399036
181	89.584190
182	31.141335
183	61.939636
184	32.981197
185	20.030601
186	87.978351
187	45.778866
188	94.555726
189	88.068093
190	25.708374
191	36.173704
192	65.126363
193	18.436580
194	34.807906
195	90.171192
196	24.645620
197	38.762842
198	50.317241
199	47.422813
200	50.982766
201	65.419715
202	91.545502
203	82.751737
204	67.301767
205	38.248452
206	98.877048
207	0.334125
208	32.590807
209	46.360826
210	64.791073
211	87.334730
212	9.567914
213	42.088495
214	70.758182
215	1.947245
216	38.831816
217	27.049497
218	62.923736
219	64.446432
220	64.627786
221	62.028620
222	86.215177
223	63.445739
224	11.297930
225	4.110138
226	78.678084
227	11.966622
228	75.748132
229	33.297503
230	25.712803
231	58.578274
232	77.439031
233	60.947923
234	44.863529
235	35.649789
236	95.165734
237	66.717746
238	85.098618
239	14.038330
240	60.106834
241	33.369969
242	92.178224
243	76.487711
244	44.178502
245	83.720290
246	8.667661
247	77.519614
248	89.552906
249	14.269909
250	36.445897
251	62.112340
252	67.382688
253	41.796695
254	35.746229
255	27.169812
256	76.109919
257	6.666364
258	39.967369
259	5.758056
260	64.475379
261	22.428176
262	14.417019
263	59.992958
264	74.487391
265	29.525809
266	4.463067
267	77.174549
268	54.469510
269	82.252158
270	96.629795
271	14.377977
272	16.849359
273	58.813957
274	25.321902
275	18.985700
276	14.846581
277	17.687307
278	27.283334
279	98.604705
280	2.076756
281	30.146562
282	98.587343
283	47.536921
284	18.066047
285	7.016902
286	5.193187
287	13.808998
288	18.995550
289	70.126272
290	0.940305
291	57.572205
292	75.908206
293	60.825617
294	94.263905
295	12.377304
296	23.013780
297	39.688565
298	29.337889
299	91.310248
300	70.526743
301	25.073517
302	27.639108
303	53.964145
304	86.817397
305	30.944864
306	23.767374
307	29.534744
308	63.152404
309	91.487194
310	64.777813
311	81.739328
312	12.271981
313	70.723192
314	73.480707
315	16.207288
316	63.322840
317	70.196849
318	8.629672
319	9.851900
320	49.356744
321	78.947960
322	92.263611
323	30.190456
324	65.084416
325	98.871663
326	39.332083
327	4.761230
328	66.380388
329	80.023973
330	8.373780
331	31.007773
332	79.779068
333	77.154922
334	76.372135
335	51.720675
336	90.954005
337	25.681455
338	17.482632
339	5.805688
340	39.870142
341	99.936993
342	69.525555
343	52.614396
344	80.469073
345	70.308879
346	42.009453
347	54.681024
348	98.459814
349	5.094116
350	40.567974
351	98.301698
352	15.415880
353	83.726692
354	38.224386
355	1.533191
356	37.969404
357	5.372412
358	60.678687
359	5.905547
360	35.880904
361	79.984995
362	53.505825
363	26.165797
364	38.495428
365	33.819417
366	99.913363
367	50.099094
368	46.571346
369	7.167993
370	50.295965
371	20.663906
372	29.109859
373	68.323126
374	72.770092
375	27.603528
376	2.317722
377	43.096649
378	2.861460
379	3.663882
380	44.235529
381	17.901795
382	1.656005
383	49.148872
384	16.536628
385	0.912929
386	6.604992
387	36.675903
388	65.480627
389	68.381264
390	66.344720
391	61.413192
392	49.368811
393	45.592838
394	10.112926
395	79.523778
396	52.559750
397	34.615751
398	65.911121
399	39.222017
400	72.007314
401	71.574413
402	52.356873
403	30.459667
404	9.762249
405	45.049777
406	15.582989
407	58.754686
408	45.801890
409	39.115264
410	97.281688
411	71.891356
412	1.938392
413	84.223152
414	56.827239
415	74.032815
416	66.443865
417	7.819797
418	22.366044
419	69.296220
420	79.666453
421	38.835974
422	10.421925
423	85.607780
424	76.104920
425	69.325798
426	98.077538
427	59.281964
428	72.437892
429	90.387856
430	89.712594
431	84.314325
432	88.967968
433	87.030726
434	99.341554
435	47.249664
436	22.308860
437	47.388419
438	1.196311
439	80.070064
440	27.753344
441	95.821088
442	0.608469
443	14.503027
444	13.160162
445	39.217643
446	29.671028
447	76.662117
448	22.052482
449	42.686811
450	85.942778
451	80.215626
452	47.673916
453	31.219640
454	93.283983
455	10.131765
456	83.322980
457	70.596385
458	95.215839
459	5.194139
460	82.664407
461	51.289039
462	69.362429
463	52.005091
464	56.012794
465	60.055490
466	31.432147
467	70.712262
468	71.424769
469	5.688555
470	50.576396
471	35.282760
472	7.544307
473	64.784350
474	63.391722
475	21.077924
476	21.151292
477	1.569494
478	50.899469
479	76.778313
480	35.539151
481	17.887840
482	2.395322
483	41.484663
484	31.277742
485	41.248309
486	30.035523
487	15.450892
488	94.930068
489	20.447022
490	40.469110
491	39.515137
492	12.016333
493	93.768839
494	31.137044
495	57.260199
496	35.897985
497	21.193011
498	36.559554
499	55.076050
500	64.217692
501	30.630481
502	48.279141
503	60.408544
504	72.480437
505	77.717581
506	33.128432
507	24.697198
508	86.676532
509	16.670229
510	48.836269
511	7.056174
512	72.340506
513	60.907959
514	67.335401
515	68.499943
516	37.581648
517	43.124252
518	16.720088
519	33.434742
520	48.759795
521	95.111654
522	92.978026
523	47.457188
524	12.069599
525	1.438859
526	92.857622
527	51.818296
528	8.930558
529	92.883686
530	87.405735
531	94.034630
532	51.035869
533	86.678144
534	94.289557
535	47.497914
536	46.334457
537	52.184413
538	16.418077
539	67.472252
540	83.125469
541	43.297859
542	10.394642
543	29.984216
544	6.051256
545	93.831456
546	13.965266
547	52.441950
548	90.072621
549	78.846933
550	98.771969
551	70.843884
552	41.576129
553	76.534619
554	4.616693
555	67.828686
556	78.257663
557	21.965261
558	82.664106
559	11.233969
560	84.939338
561	3.106042
562	22.586731
563	68.978480
564	35.291922
565	34.583236
566	12.470021
567	60.879693
568	50.607767
569	35.706625
570	51.111907
571	91.946167
572	11.633940
573	59.119419
574	99.810696
575	35.017319
576	50.882112
577	68.768697
578	15.934987
579	63.035671
580	10.183794
581	63.342888
582	11.466163
583	82.406053
584	54.018901
585	18.096038
586	25.506767
587	46.508402
588	66.066863
589	79.295872
590	58.916670
591	42.711397
592	67.674773
593	22.902562
594	55.938151
595	92.839521
596	99.850377
597	34.982033
598	38.782753
599	91.548967
600	41.604537
601	34.741787
602	59.665247
603	12.019428
604	6.670079
605	72.759977
606	55.463326
607	94.987780
608	13.748965
609	44.359134
610	31.259853
611	77.943667
612	98.797248
613	14.548589
614	11.375284
615	26.081283
616	61.486592
617	92.028113
618	92.688837
619	94.588420
620	40.249125
621	93.093274
622	15.971904
623	94.629577
624	13.147129
625	26.036864
626	23.656228
627	42.816024
628	92.670934
629	35.338307
630	74.365078
631	70.867544
632	8.757839
633	65.460268
634	66.634479
635	9.367560
636	74.722801
637	64.524986
638	6.365048
639	61.090625
640	66.753434
641	28.280909
642	48.898220
643	84.213873
644	70.781222
645	26.687624
646	69.421733
647	70.893332
648	99.320709
649	77.129117
650	32.597779
651	92.464438
652	29.581623
653	15.774975
654	75.607225
655	41.686512
656	59.484748
657	38.815146
658	80.929551
659	61.586537
660	76.528228
661	30.773047
662	96.135790
663	56.707520
664	55.979245
665	4.754116
666	49.597709
667	16.670852
668	60.352803
669	7.251735
670	52.516158
671	15.291590
672	23.361552
673	7.826103
674	1.359243
675	58.175984
676	19.815338
677	86.935878
678	15.420690
679	43.582542
680	64.227017
681	88.912997
682	79.101873
683	47.269353
684	80.222613
685	6.196249
686	5.189830
687	64.416289
688	57.026400
689	29.761055
690	56.191581
691	47.004843
692	79.559879
693	4.443702
694	74.226496
695	53.129933
696	30.676583
697	73.742544
698	81.739937
699	52.002748
700	0.875122
701	41.606608
702	87.232093
703	70.844245
704	37.839837
705	55.103455
706	59.938424
707	88.801395
708	12.064609
709	36.775069
710	37.257122
711	39.212533
712	74.900990
713	96.251878
714	94.207048
715	35.291043
716	16.992395
717	72.471409
718	61.510218
719	69.773582
720	20.744391
721	59.284233
722	71.689011
723	63.045095
724	44.752574
725	82.777501
726	4.985509
727	95.332309
728	36.697214
729	68.108585
730	68.137154
731	60.348897
732	82.345975
733	72.978709
734	52.541853
735	55.292410
736	26.793706
737	76.786074
738	98.667082
739	65.530343
740	1.952562
741	84.303818
742	7.995064
743	94.001370
744	16.268712
745	97.862357
746	87.521366
747	23.622086
748	56.558622
749	4.519206
750	17.301358
751	40.645272
752	72.798716
753	88.064962
754	62.816287
755	75.637044
756	23.642422
757	71.741385
758	46.787930
759	1.172827
760	21.953982
761	38.043003
762	98.199187
763	68.991968
764	32.460181
765	73.441545
766	98.548838
767	79.199455
768	38.182749
769	5.643044
770	94.432657
771	19.034798
772	58.111901
773	79.405360
774	95.995373
775	61.373824
776	13.141300
777	74.032865
778	24.366923
779	57.618101
780	65.108854
781	29.608826
782	6.455457
783	16.939977
784	78.554281
785	29.995573
786	11.438436
787	70.264074
788	34.150348
789	71.976996
790	73.878510
791	62.638831
792	90.881909
793	47.599829
794	36.867107
795	6.939745
796	76.492999
797	88.072328
798	5.509614
799	85.062081
800	99.445283
801	8.693156
802	48.317397
803	61.648457
804	83.757664
805	39.083954
806	88.569498
807	6.544908
808	45.041958
809	38.867195
810	46.111635
811	45.941165
812	12.574746
813	45.213279
814	49.194412
815	65.440549
816	8.660924
817	73.757141
818	61.682570
819	15.364588
820	41.332404
821	86.837264
822	18.311453
823	89.975234
824	7.447540
825	86.837994
826	31.394223
827	6.735542
828	8.775090
829	14.394779
830	52.140593
831	66.509394
832	37.148574
833	41.309982
834	19.315286
835	46.141212
836	74.145559
837	17.096376
838	47.579053
839	8.705603
840	75.384147
841	44.116050
842	23.197093
843	79.367915
844	92.604094
845	43.616252
846	89.253641
847	41.369465
848	25.000184
849	42.244254
850	58.201396
851	1.067427
852	35.630002
853	71.514842
854	57.891117
855	65.910331
856	80.193329
857	63.527079
858	81.734114
859	40.573761
860	62.919195
861	16.449834
862	7.760009
863	20.626406
864	64.063597
865	22.860704
866	33.012395
867	30.533543
868	84.104710
869	63.807260
870	95.674587
871	71.291456
872	31.110098
873	47.771174
874	97.970515
875	15.181952
876	15.043006
877	26.578441
878	49.227871
879	61.562445
880	77.040903
881	66.808688
882	71.518752
883	66.953597
884	69.995841
885	17.852566
886	17.859154
887	47.853973
888	42.493916
889	8.851740
890	78.913701
891	86.320452
892	83.093007
893	61.141050
894	30.286069
895	44.020230
896	31.239321
897	57.536373
898	58.385104
899	36.242063
900	76.078535
901	72.234523
902	3.222566
903	21.858288
904	7.804564
905	4.339982
906	34.671013
907	55.488231
908	31.412249
909	1.268103
910	20.845372
911	9.670114
912	88.309924
913	94.456708
914	11.151390
915	51.859751
916	78.661960
917	74.373877
918	25.640493
919	42.861511
920	2.216391
921	33.898978
922	91.279427
923	48.835014
924	36.700399
925	34.984500
926	93.341245
927	38.004222
928	62.901586
929	14.531039
930	2.512804
931	11.357653
932	84.575110
933	91.739829
934	69.417055
935	38.797917
936	54.762810
937	60.245261
938	81.772672
939	9.669548
940	74.410021
941	75.825119
942	39.080136
943	69.273550
944	0.884140
945	74.333379
946	88.695804
947	74.979118
948	14.746943
949	67.275941
950	14.467611
951	72.194440
952	53.943360
953	49.464036
954	43.634069
955	60.940027
956	4.550998
957	77.775720
958	42.949195
959	71.903805
960	36.919149
961	66.516893
962	37.811509
963	98.532445
964	41.983911
965	65.823964
966	99.396518
967	74.436089
968	15.365103
969	36.508641
970	62.041780
971	97.183326
972	81.772338
973	14.837483
974	96.023925
975	43.894466
976	58.658605
977	77.182487
978	58.202304
979	56.304762
980	25.500562
981	23.682848
982	91.162030
983	9.125150
984	52.356536
985	29.570222
986	35.264114
987	18.550969
988	54.321080
989	89.920574
990	32.177357
991	27.877502
992	99.743956
993	45.342784
994	21.144760
995	90.292862
996	28.397899
997	31.926826
998	73.466846
999	59.471085
1000	59.910095
;

param: d :=
1	-77.971566
2	-51.783927
3	-44.265519
4	-39.878284
5	-1.216894
6	-50.824440
7	-9.399903
8	-20.520167
9	-50.471638
10	-99.379876
11	-86.074610
12	-55.480640
13	-77.564622
14	-71.391553
15	-60.628439
16	-64.357613
17	-40.935296
18	-78.597974
19	-73.486551
20	-53.210718
21	-71.466527
22	-32.867847
23	-31.320185
24	-50.699400
25	-19.099540
26	-39.206504
27	-10.472005
28	-67.412688
29	-92.215759
30	-64.764301
31	-4.940282
32	-91.117078
33	-78.099516
34	-2.570953
35	-47.694618
36	-72.980775
37	-67.971186
38	-76.413723
39	-14.234870
40	-26.388238
41	-3.354621
42	-74.243040
43	-44.163468
44	-70.524528
45	-41.075912
46	-77.358105
47	-18.911258
48	-52.425485
49	-37.633060
50	-3.468939
51	-8.522160
52	-32.896581
53	-73.657535
54	-43.405973
55	-49.367474
56	-75.701840
57	-23.400419
58	-82.563734
59	-72.515853
60	-74.655376
61	-77.743135
62	-82.651299
63	-29.954517
64	-76.962653
65	-66.707253
66	-58.755482
67	-29.552557
68	-54.792687
69	-2.394082
70	-74.046018
71	-43.772180
72	-53.141230
73	-55.102201
74	-70.428736
75	-84.685037
76	-19.914133
77	-44.570515
78	-7.362650
79	-84.977930
80	-95.672510
81	-60.306029
82	-57.614182
83	-22.224367
84	-52.395131
85	-89.578883
86	-83.916095
87	-5.130306
88	-14.767037
89	-67.580643
90	-88.569647
91	-37.357496
92	-32.189088
93	-97.477911
94	-88.422636
95	-22.874181
96	-49.142185
97	-47.056991
98	-43.169389
99	-10.302829
100	-36.048039
101	-78.440151
102	-34.091405
103	-46.408410
104	-66.040759
105	-0.750534
106	-34.329950
107	-79.582220
108	-39.932151
109	-79.604280
110	-70.302131
111	-83.493655
112	-21.628253
113	-11.909180
114	-69.568528
115	-42.391508
116	-33.190865
117	-81.709822
118	-2.785137
119	-37.075930
120	-55.342828
121	-50.561439
122	-20.297467
123	-51.000106
124	-31.461952
125	-25.410480
126	-47.345875
127	-13.826427
128	-61.139147
129	-9.276783
130	-34.165705
131	-66.113404
132	-30.406347
133	-72.023648
134	-2.058380
135	-67.066579
136	-33.470451
137	-40.082008
138	-44.529723
139	-40.698996
140	-40.850159
141	-80.645832
142	-80.868469
143	-68.639831
144	-90.474290
145	-2.878769
146	-93.798196
147	-37.452040
148	-24.172280
149	-67.164749
150	-79.280352
151	-45.362880
152	-73.592620
153	-18.222457
154	-68.583124
155	-96.657116
156	-7.693492
157	-4.124194
158	-21.279149
159	-64.638020
160	-68.624278
161	-67.418539
162	-9.490790
163	-78.717966
164	-4.724048
165	-0.133243
166	-43.292575
167	-4.300220
168	-66.622223
169	-63.382454
170	-13.074137
171	-7.457956
172	-90.838624
173	-37.730214
174	-29.653358
175	-50.267964
176	-67.309931
177	-63.984064
178	-53.756905
179	-45.234868
180	-6.843031
181	-54.799443
182	-55.776808
183	-97.146158
184	-46.861337
185	-98.473369
186	-51.238868
187	-28.995961
188	-88.152539
189	-83.064885
190	-92.438339
191	-11.292133
192	-10.964450
193	-28.511130
194	-20.201652
195	-39.552342
196	-55.137857
197	-13.125336
198	-98.411105
199	-34.415083
200	-76.309842
201	-94.803585
202	-58.205722
203	-27.101875
204	-64.683746
205	-8.308007
206	-11.981013
207	-5.077349
208	-51.602993
209	-15.445129
210	-6.967504
211	-86.010923
212	-65.738713
213	-85.833558
214	-17.080074
215	-29.015405
216	-77.831266
217	-68.963315
218	-34.388920
219	-55.943484
220	-6.108513
221	-14.010015
222	-29.861633
223	-96.987505
224	-61.732087
225	-23.573427
226	-37.652237
227	-81.987736
228	-12.318350
229	-95.269749
230	-10.527560
231	-45.510319
232	-78.451193
233	-17.142982
234	-30.923457
235	-2.381785
236	-71.980265
237	-27.913652
238	-77.964070
239	-39.396039
240	-45.553426
241	-32.238235
242	-56.372992
243	-75.838865
244	-5.524710
245	-5.277289
246	-80.389532
247	-34.953456
248	-13.916661
249	-35.870950
250	-12.330160
251	-89.039849
252	-74.484709
253	-96.345368
254	-49.166191
255	-92.849036
256	-68.696427
257	-93.796730
258	-62.874016
259	-28.161684
260	-36.257305
261	-24.711725
262	-98.857708
263	-40.604474
264	-30.536089
265	-71.188364
266	-39.083180
267	-89.155729
268	-44.633716
269	-84.088009
270	-91.823960
271	-7.579589
272	-9.815109
273	-85.425294
274	-2.392975
275	-55.407004
276	-16.893532
277	-55.902997
278	-5.422077
279	-64.124036
280	-86.628136
281	-68.047289
282	-85.568808
283	-97.267664
284	-86.758263
285	-63.325530
286	-44.353556
287	-88.039748
288	-67.297961
289	-31.931678
290	-23.560461
291	-17.003970
292	-11.054900
293	-72.186500
294	-19.612667
295	-9.633769
296	-66.202987
297	-52.145554
298	-33.219455
299	-17.624332
300	-31.706804
301	-22.465718
302	-82.925648
303	-7.493066
304	-23.925796
305	-1.320897
306	-89.929846
307	-27.004324
308	-63.926762
309	-38.695447
310	-66.484370
311	-54.117505
312	-14.493375
313	-17.191686
314	-13.362989
315	-50.901498
316	-37.616358
317	-70.822760
318	-77.967584
319	-25.151075
320	-10.242934
321	-7.120287
322	-2.447228
323	-8.227175
324	-37.976105
325	-48.640568
326	-93.657293
327	-96.749415
328	-6.508281
329	-50.559972
330	-80.723686
331	-69.188881
332	-88.661592
333	-58.066845
334	-80.569845
335	-8.570603
336	-33.065026
337	-13.180077
338	-82.396199
339	-11.222657
340	-78.930560
341	-71.756202
342	-20.989247
343	-39.895381
344	-0.217422
345	-43.560584
346	-93.112098
347	-96.796287
348	-51.889161
349	-95.185824
350	-92.793986
351	-73.589994
352	-59.506507
353	-7.696935
354	-6.158672
355	-86.410286
356	-15.260213
357	-76.832199
358	-64.932550
359	-55.278955
360	-8.906142
361	-43.586717
362	-31.190317
363	-93.589094
364	-45.904596
365	-93.453691
366	-65.307123
367	-86.157755
368	-83.215911
369	-41.937974
370	-37.492992
371	-54.754692
372	-19.611927
373	-70.281409
374	-39.119277
375	-6.569708
376	-97.867019
377	-71.444223
378	-58.099414
379	-50.065257
380	-95.478458
381	-18.379998
382	-28.941505
383	-75.298466
384	-89.185488
385	-90.380930
386	-3.612867
387	-50.368370
388	-77.453959
389	-49.780501
390	-7.575965
391	-53.349504
392	-89.620944
393	-68.063224
394	-56.902926
395	-32.074911
396	-25.279042
397	-17.039995
398	-8.017146
399	-93.306809
400	-58.924535
401	-73.096055
402	-81.478637
403	-76.790847
404	-36.520191
405	-53.902608
406	-63.762405
407	-85.435886
408	-80.344063
409	-13.737302
410	-28.094307
411	-99.862485
412	-81.252303
413	-21.171525
414	-59.453251
415	-5.010409
416	-97.227005
417	-14.353583
418	-65.363350
419	-92.805414
420	-97.575029
421	-80.517255
422	-12.107682
423	-52.719549
424	-34.027928
425	-47.040038
426	-17.468834
427	-20.600293
428	-77.007221
429	-14.207282
430	-46.213430
431	-26.346248
432	-21.470044
433	-50.767402
434	-93.067542
435	-21.530113
436	-53.303857
437	-98.005998
438	-73.233339
439	-52.723333
440	-22.094988
441	-40.200761
442	-88.959938
443	-42.065004
444	-59.622815
445	-45.793398
446	-67.079121
447	-85.804193
448	-78.272483
449	-99.965561
450	-13.439285
451	-52.339229
452	-42.213552
453	-64.988894
454	-41.458185
455	-50.062136
456	-13.716367
457	-56.868895
458	-66.825843
459	-87.815336
460	-11.164905
461	-29.346157
462	-21.280314
463	-50.142054
464	-10.391539
465	-9.760095
466	-30.745850
467	-10.063001
468	-13.901297
469	-19.291810
470	-53.532382
471	-20.835771
472	-50.526942
473	-47.117317
474	-63.360810
475	-66.866333
476	-13.127472
477	-78.856673
478	-69.132910
479	-49.308059
480	-81.771949
481	-87.665265
482	-14.910389
483	-25.979075
484	-22.470371
485	-3.286651
486	-57.292346
487	-99.531085
488	-3.346955
489	-28.081873
490	-56.181732
491	-90.071783
492	-16.320180
493	-2.755045
494	-65.001894
495	-98.919089
496	-59.145289
497	-48.508962
498	-6.324002
499	-9.867234
500	-47.057097
501	-90.366386
502	-96.121837
503	-73.088142
504	-83.569067
505	-83.628357
506	-85.349712
507	-71.042176
508	-92.365958
509	-2.040999
510	-43.504233
511	-71.198629
512	-56.887768
513	-11.841890
514	-75.758191
515	-15.178206
516	-42.399041
517	-61.100866
518	-50.372239
519	-28.487697
520	-28.832459
521	-27.593208
522	-7.555430
523	-38.564830
524	-98.336604
525	-62.500493
526	-48.554563
527	-78.711335
528	-31.062778
529	-4.839814
530	-31.860051
531	-22.805221
532	-29.327705
533	-84.646646
534	-76.632220
535	-44.230600
536	-16.413042
537	-77.864022
538	-87.075496
539	-65.577921
540	-20.100220
541	-9.126844
542	-44.136721
543	-57.441246
544	-17.060050
545	-55.853545
546	-31.230158
547	-70.509795
548	-38.608516
549	-9.301825
550	-9.001206
551	-90.024682
552	-50.084886
553	-96.325465
554	-30.374519
555	-21.654068
556	-39.074766
557	-10.738455
558	-24.639159
559	-76.411740
560	-18.551671
561	-31.169116
562	-97.598679
563	-1.155743
564	-61.313000
565	-78.347601
566	-50.209465
567	-11.657336
568	-57.240314
569	-88.504369
570	-18.920925
571	-6.315046
572	-86.254912
573	-47.554003
574	-70.649196
575	-49.595036
576	-95.387836
577	-50.966195
578	-6.447459
579	-16.618908
580	-49.829258
581	-39.420250
582	-2.411414
583	-42.493948
584	-44.260125
585	-18.891467
586	-34.155325
587	-19.675413
588	-26.751389
589	-32.834913
590	-62.975199
591	-90.010099
592	-68.399197
593	-4.177503
594	-59.043719
595	-40.146330
596	-28.751793
597	-94.728375
598	-61.136999
599	-6.819228
600	-23.605792
601	-34.702386
602	-72.527434
603	-25.468348
604	-76.065847
605	-58.814491
606	-1.635893
607	-0.768416
608	-28.541297
609	-25.354249
610	-53.666369
611	-11.397288
612	-79.199872
613	-68.179199
614	-35.582633
615	-89.939243
616	-57.118891
617	-76.838437
618	-72.018956
619	-49.036185
620	-9.514786
621	-18.596632
622	-43.730694
623	-95.942043
624	-65.355030
625	-82.965957
626	-37.079144
627	-17.200915
628	-74.964476
629	-76.793755
630	-26.865800
631	-38.375261
632	-83.452217
633	-61.796950
634	-42.222489
635	-64.176109
636	-75.144037
637	-54.602307
638	-14.103310
639	-80.957358
640	-83.222217
641	-51.576813
642	-87.435868
643	-17.631632
644	-87.352502
645	-13.291123
646	-87.072177
647	-60.370628
648	-27.121190
649	-92.695383
650	-19.597687
651	-95.310688
652	-52.841315
653	-45.895080
654	-84.497679
655	-57.228822
656	-52.625150
657	-21.816249
658	-38.873789
659	-39.503950
660	-64.669718
661	-30.820940
662	-63.844523
663	-32.254482
664	-32.297079
665	-79.354830
666	-20.274936
667	-27.449261
668	-43.449837
669	-51.608696
670	-36.710478
671	-82.313408
672	-62.190654
673	-44.269087
674	-55.424423
675	-6.012077
676	-36.081805
677	-62.025478
678	-46.709244
679	-76.144716
680	-2.920439
681	-4.901550
682	-6.621001
683	-69.374526
684	-42.772694
685	-12.199339
686	-81.495003
687	-53.243537
688	-78.678166
689	-25.285565
690	-35.979878
691	-23.766737
692	-50.693556
693	-75.423292
694	-88.003984
695	-82.313326
696	-95.041582
697	-48.570219
698	-50.658675
699	-64.800122
700	-19.864384
701	-57.876441
702	-13.561276
703	-73.521059
704	-96.187124
705	-65.304577
706	-9.942971
707	-96.289457
708	-38.218602
709	-21.242333
710	-83.091651
711	-62.037712
712	-31.080112
713	-15.557455
714	-70.509300
715	-23.106475
716	-86.455099
717	-39.151591
718	-18.331154
719	-25.036679
720	-1.285005
721	-23.191318
722	-7.561583
723	-82.969196
724	-41.078666
725	-46.724083
726	-34.725567
727	-13.850146
728	-17.251706
729	-33.616331
730	-12.216139
731	-43.617839
732	-22.069497
733	-65.822858
734	-6.723323
735	-25.315270
736	-32.231942
737	-90.141277
738	-16.305839
739	-62.167573
740	-90.981827
741	-14.770309
742	-25.903555
743	-9.718984
744	-9.576669
745	-57.466724
746	-43.468945
747	-40.486249
748	-78.103802
749	-96.811356
750	-45.747087
751	-9.512922
752	-78.723886
753	-95.551429
754	-83.678389
755	-51.751573
756	-81.389441
757	-50.344083
758	-81.670778
759	-63.550482
760	-80.011089
761	-62.163071
762	-9.617046
763	-89.573888
764	-82.497744
765	-61.680213
766	-1.000195
767	-50.874041
768	-10.634798
769	-35.068595
770	-12.847259
771	-57.839959
772	-80.080034
773	-47.207320
774	-83.375272
775	-92.112138
776	-5.717479
777	-14.675915
778	-5.235745
779	-78.022047
780	-66.257644
781	-40.193426
782	-79.754304
783	-69.778515
784	-53.532041
785	-37.212439
786	-83.745414
787	-41.908078
788	-79.405433
789	-94.970715
790	-77.609656
791	-34.487823
792	-14.904229
793	-4.577118
794	-43.755914
795	-5.713883
796	-12.177074
797	-87.269891
798	-30.698398
799	-13.978062
800	-6.400022
801	-63.458414
802	-65.451167
803	-3.097750
804	-43.990224
805	-59.697041
806	-71.587471
807	-38.377584
808	-34.942479
809	-55.000658
810	-80.004921
811	-70.180866
812	-85.035514
813	-90.244538
814	-15.188807
815	-57.711310
816	-17.658123
817	-93.888630
818	-98.129197
819	-5.905242
820	-5.924837
821	-1.673940
822	-91.340391
823	-9.410222
824	-45.446006
825	-29.717030
826	-56.992783
827	-63.093327
828	-35.167657
829	-84.351497
830	-3.216499
831	-79.264776
832	-4.566152
833	-46.877001
834	-75.696139
835	-20.724969
836	-29.463437
837	-96.271126
838	-23.770198
839	-45.693711
840	-89.569181
841	-13.998410
842	-16.112760
843	-94.312039
844	-47.884016
845	-35.487957
846	-5.259344
847	-72.491388
848	-80.847341
849	-20.697779
850	-40.316057
851	-77.183359
852	-90.260351
853	-56.942138
854	-82.882350
855	-78.727096
856	-62.456066
857	-82.784108
858	-20.840492
859	-9.837237
860	-80.894299
861	-13.004387
862	-7.002661
863	-80.676216
864	-58.078517
865	-47.921093
866	-90.314334
867	-51.139893
868	-42.299193
869	-91.386800
870	-45.767447
871	-39.451910
872	-44.963982
873	-5.957166
874	-50.357556
875	-83.560767
876	-56.322165
877	-2.943486
878	-24.494854
879	-86.000728
880	-4.160641
881	-6.092706
882	-71.905868
883	-41.062065
884	-41.905222
885	-94.325559
886	-72.049261
887	-86.152708
888	-15.716711
889	-4.964110
890	-70.236714
891	-24.395605
892	-57.498246
893	-69.670377
894	-95.781659
895	-5.869641
896	-1.485351
897	-20.442651
898	-79.820897
899	-26.008876
900	-30.084217
901	-52.523787
902	-69.189633
903	-55.579970
904	-87.885734
905	-9.251669
906	-86.597108
907	-53.160575
908	-91.964441
909	-81.137653
910	-87.322720
911	-73.129417
912	-56.703409
913	-55.908017
914	-9.795955
915	-10.359668
916	-87.955631
917	-26.962151
918	-79.384320
919	-2.304967
920	-81.246181
921	-88.983322
922	-81.368610
923	-27.156367
924	-64.078941
925	-95.478073
926	-9.487693
927	-26.068904
928	-73.949973
929	-74.003356
930	-93.731589
931	-36.737627
932	-58.446686
933	-46.542494
934	-84.672674
935	-83.519990
936	-61.325863
937	-61.681268
938	-82.728875
939	-84.416904
940	-65.396867
941	-72.513929
942	-50.926471
943	-8.358170
944	-18.739396
945	-61.362196
946	-65.074685
947	-52.142914
948	-32.908633
949	-13.657968
950	-17.486580
951	-69.590041
952	-18.422788
953	-32.650508
954	-84.689482
955	-97.848656
956	-34.462597
957	-56.163993
958	-18.161441
959	-81.736202
960	-82.995862
961	-39.688734
962	-10.211077
963	-18.118727
964	-6.494417
965	-67.817658
966	-55.698461
967	-99.948698
968	-33.721518
969	-9.183990
970	-16.240952
971	-80.519225
972	-22.851013
973	-21.235025
974	-65.813368
975	-92.389284
976	-41.798446
977	-9.280089
978	-64.825248
979	-55.795508
980	-36.936615
981	-57.094542
982	-0.372340
983	-98.510582
984	-1.333406
985	-45.717336
986	-26.660603
987	-43.840386
988	-48.510825
989	-39.286984
990	-73.838734
991	-48.185837
992	-64.620289
993	-97.319565
994	-85.080289
995	-92.178337
996	-0.244256
997	-43.880700
998	-89.907386
999	-8.197975
1000	-95.368065
;

param: weight :=
1	86.113832
2	78.518414
3	94.894867
4	51.771115
5	52.489656
6	12.459431
7	16.311761
8	52.182123
9	84.718852
10	65.782931
11	86.858869
12	90.648552
13	58.944331
14	13.385756
15	85.732293
16	60.889815
17	11.482852
18	58.734281
19	42.234188
20	55.034601
21	99.873900
22	90.180426
23	82.712543
24	25.993300
25	19.152060
26	13.341692
27	76.754366
28	33.559655
29	22.294063
30	54.873988
31	71.081737
32	42.545334
33	97.325708
34	28.054564
35	26.990411
36	27.176356
37	72.950811
38	6.432413
39	94.475625
40	50.168162
41	22.642160
42	26.077632
43	44.138709
44	66.876955
45	11.944112
46	43.661605
47	36.417716
48	2.219830
49	43.488466
50	67.794121
51	2.110039
52	48.125264
53	61.535919
54	9.341407
55	78.595306
56	4.480673
57	68.510200
58	48.040837
59	57.898547
60	7.519163
61	14.693567
62	85.129647
63	78.011629
64	34.972836
65	91.361531
66	47.885817
67	90.348959
68	88.884687
69	40.189431
70	51.023818
71	65.315180
72	21.188503
73	65.504922
74	15.350811
75	63.458483
76	9.930616
77	27.823749
78	8.802946
79	72.155435
80	23.999524
81	45.545110
82	43.966683
83	39.536296
84	76.310011
85	89.369352
86	82.670941
87	12.321914
88	89.169588
89	1.090410
90	22.172623
91	30.384962
92	54.111204
93	69.146650
94	45.476850
95	62.527026
96	1.037600
97	73.364770
98	6.585861
99	50.201801
100	38.719790
101	46.190869
102	40.353280
103	76.406541
104	59.808596
105	88.083959
106	12.527575
107	42.132468
108	17.141791
109	48.472864
110	77.878151
111	49.103320
112	39.069962
113	51.863582
114	74.231834
115	21.808711
116	3.974591
117	93.310076
118	60.941176
119	93.298654
120	93.412633
121	21.140663
122	33.207107
123	40.958148
124	47.676869
125	36.584147
126	62.508962
127	83.366912
128	81.055638
129	84.671093
130	62.154630
131	24.272047
132	32.739580
133	48.491809
134	12.926713
135	70.418271
136	42.644697
137	82.194101
138	1.244624
139	86.691533
140	7.199425
141	22.860007
142	18.783884
143	5.133893
144	2.307307
145	62.684124
146	66.624766
147	97.373128
148	38.082678
149	48.089458
150	90.561707
151	53.387894
152	8.224319
153	66.186556
154	35.769902
155	31.686249
156	10.853558
157	42.262689
158	78.282314
159	86.972492
160	49.921015
161	56.783116
162	24.541341
163	88.900376
164	19.482183
165	80.903094
166	78.663000
167	70.838850
168	65.133514
169	11.090993
170	84.550534
171	6.246393
172	60.224373
173	53.454962
174	83.610864
175	33.432635
176	83.308539
177	94.101507
178	56.073900
179	39.938180
180	93.507083
181	35.577987
182	60.835356
183	86.647247
184	43.539203
185	65.234660
186	60.977805
187	67.137981
188	38.195942
189	29.692751
190	26.794787
191	97.722693
192	96.862785
193	42.044844
194	64.402033
195	52.211653
196	43.163884
197	3.224804
198	77.197739
199	98.799892
200	31.319629
201	56.952206
202	69.520204
203	79.576204
204	11.840057
205	48.569013
206	5.221759
207	9.158218
208	54.326931
209	55.876112
210	5.821438
211	29.703732
212	39.653842
213	59.100004
214	20.220804
215	69.585152
216	89.850343
217	12.779453
218	1.675388
219	93.673741
220	77.532504
221	89.604853
222	65.881016
223	45.428237
224	25.420073
225	84.449525
226	93.516851
227	33.056682
228	20.262610
229	66.990571
230	19.158917
231	78.100362
232	15.411846
233	95.589267
234	72.285090
235	15.940393
236	65.612513
237	33.560071
238	37.140820
239	76.025510
240	23.778825
241	17.221645
242	98.107548
243	29.929216
244	90.886024
245	55.187937
246	59.164806
247	20.289366
248	57.563478
249	68.010985
250	68.301201
251	63.446163
252	90.173509
253	23.016026
254	83.806653
255	3.578155
256	38.929022
257	69.808549
258	49.080528
259	67.246477
260	84.113498
261	64.136969
262	2.435028
263	51.922127
264	66.602159
265	71.630409
266	21.345290
267	84.480323
268	37.648747
269	67.816062
270	15.723720
271	60.440844
272	50.280886
273	89.550805
274	11.781352
275	69.743668
276	86.593109
277	39.037266
278	20.803681
279	47.087258
280	76.854299
281	21.102641
282	2.520493
283	88.364748
284	75.288435
285	26.917911
286	38.715333
287	1.560504
288	26.716294
289	21.274611
290	67.595776
291	51.671936
292	92.290040
293	82.891852
294	94.683933
295	69.297185
296	25.927468
297	92.844449
298	21.345943
299	9.512562
300	24.913236
301	79.110392
302	44.746124
303	55.658928
304	50.658219
305	80.199924
306	41.591573
307	53.233800
308	84.289295
309	81.584555
310	84.273922
311	40.167951
312	95.541099
313	7.360214
314	28.042525
315	55.729152
316	30.019241
317	23.971729
318	76.658885
319	58.533157
320	85.120836
321	96.502208
322	53.340492
323	74.426245
324	24.330020
325	41.588567
326	57.818928
327	76.135897
328	35.682956
329	7.772114
330	65.209564
331	13.021845
332	94.198392
333	39.502701
334	37.286451
335	88.238557
336	65.248633
337	30.388694
338	70.463009
339	96.741792
340	61.644694
341	24.665217
342	54.202566
343	22.426397
344	16.377822
345	1.180519
346	22.984099
347	12.538274
348	70.568501
349	43.212236
350	87.027732
351	15.136367
352	1.312511
353	47.494286
354	19.809196
355	51.346731
356	48.057342
357	67.578412
358	62.523881
359	65.342630
360	34.604448
361	14.047378
362	85.471634
363	17.675151
364	61.518627
365	60.212695
366	51.004542
367	46.526389
368	14.357285
369	24.991154
370	6.518407
371	69.997137
372	78.962655
373	28.806692
374	10.683135
375	51.330588
376	80.149391
377	59.216138
378	89.524374
379	51.726287
380	25.873595
381	84.371992
382	36.234100
383	8.431080
384	79.598918
385	42.937264
386	46.433141
387	32.703373
388	89.536590
389	29.563935
390	69.297192
391	8.918309
392	95.237339
393	91.823117
394	75.619124
395	94.443328
396	36.874164
397	67.437931
398	97.141994
399	19.988698
400	28.132645
401	9.458934
402	10.901130
403	23.797898
404	58.227990
405	31.960618
406	18.954043
407	11.416490
408	99.056618
409	32.143907
410	47.838083
411	25.629676
412	1.599336
413	76.538497
414	66.125641
415	82.786354
416	29.748342
417	58.418266
418	8.483234
419	34.203525
420	43.061332
421	53.756001
422	28.469576
423	87.420857
424	15.469206
425	96.176712
426	1.972839
427	47.989202
428	88.853073
429	10.636546
430	95.417110
431	90.506171
432	59.459134
433	98.508461
434	84.948269
435	92.981013
436	10.838727
437	25.431069
438	61.366612
439	66.290393
440	88.816655
441	45.012362
442	63.844142
443	31.406605
444	23.275346
445	48.420796
446	11.568322
447	6.216996
448	14.827400
449	90.306999
450	79.796574
451	15.754817
452	85.891694
453	90.453404
454	78.079094
455	44.666590
456	10.800140
457	42.963657
458	29.742643
459	27.268910
460	8.143654
461	46.563772
462	57.705547
463	84.918606
464	68.847020
465	82.930569
466	74.879852
467	1.425770
468	64.412857
469	16.066027
470	65.062182
471	22.535756
472	35.658041
473	78.277436
474	56.160484
475	46.589974
476	70.355548
477	85.294042
478	88.770722
479	66.260992
480	53.020096
481	79.018762
482	36.148362
483	92.172569
484	28.928690
485	14.987869
486	70.079952
487	46.836208
488	50.001877
489	43.694148
490	76.317137
491	60.861988
492	60.206330
493	67.062512
494	88.274165
495	37.976200
496	57.865309
497	20.268207
498	88.927004
499	72.987865
500	65.546922
501	35.311126
502	51.365186
503	67.671651
504	3.225046
505	3.898351
506	91.209202
507	76.890744
508	1.808003
509	40.862099
510	94.318700
511	34.821373
512	93.945413
513	70.693425
514	55.595583
515	60.153755
516	26.079563
517	38.111259
518	92.075215
519	2.234316
520	33.986194
521	24.899492
522	39.384715
523	63.554797
524	88.466684
525	83.942242
526	13.374197
527	28.481487
528	68.910195
529	49.196477
530	81.949222
531	10.607179
532	32.012599
533	18.956591
534	60.647276
535	66.568654
536	80.179902
537	37.172280
538	70.916717
539	91.894788
540	72.504810
541	98.569344
542	70.934925
543	7.039599
544	18.198174
545	65.454905
546	10.559892
547	3.988059
548	94.933483
549	94.381334
550	40.758398
551	12.701257
552	64.745639
553	65.941690
554	16.902232
555	21.827239
556	54.749342
557	87.173970
558	75.375243
559	30.965281
560	73.038935
561	59.700328
562	91.990290
563	10.979723
564	8.909912
565	10.235612
566	80.133041
567	20.427381
568	15.738766
569	19.298109
570	7.143471
571	14.018405
572	9.243419
573	87.451131
574	16.224851
575	83.529951
576	77.498480
577	57.824847
578	64.413421
579	38.189194
580	91.560183
581	16.121305
582	19.505249
583	4.672928
584	33.647422
585	63.748812
586	81.822928
587	52.466987
588	25.373451
589	20.297097
590	63.082752
591	36.844133
592	32.180502
593	29.618019
594	31.545020
595	92.951598
596	80.085528
597	73.400652
598	43.536799
599	84.159597
600	9.936207
601	17.637620
602	49.388585
603	95.351374
604	84.737053
605	87.519204
606	38.655415
607	36.758615
608	54.783076
609	85.684574
610	83.893991
611	37.784126
612	44.289125
613	84.676295
614	15.922231
615	2.672546
616	96.097360
617	47.853290
618	10.205509
619	96.668519
620	66.389088
621	66.585119
622	36.546676
623	25.402277
624	61.610570
625	22.803771
626	86.762895
627	99.649847
628	34.512594
629	41.712091
630	99.809274
631	13.487727
632	47.745153
633	89.162153
634	72.579171
635	10.464819
636	69.255711
637	22.847892
638	55.288660
639	20.291897
640	42.507463
641	53.556386
642	24.532334
643	33.167054
644	45.949870
645	85.419789
646	54.093665
647	1.402571
648	90.134488
649	73.359654
650	26.972220
651	92.802147
652	64.153609
653	98.155156
654	51.454676
655	46.438705
656	33.466636
657	30.765192
658	4.048594
659	98.458292
660	92.258183
661	44.306086
662	32.017672
663	1.057957
664	60.812154
665	73.190846
666	16.541524
667	76.632705
668	85.523175
669	53.693792
670	3.838918
671	43.563392
672	1.602406
673	52.616398
674	72.968495
675	84.804158
676	64.941846
677	94.591890
678	64.355550
679	48.600913
680	53.127099
681	78.025636
682	70.714495
683	54.496089
684	14.706978
685	97.140654
686	80.794534
687	51.020654
688	14.562132
689	95.680535
690	74.010872
691	96.078512
692	49.526077
693	54.367308
694	88.237319
695	15.013977
696	65.849261
697	51.716407
698	45.404310
699	34.737668
700	3.143855
701	85.890431
702	95.890326
703	42.870508
704	46.145694
705	70.071241
706	21.532758
707	21.962471
708	46.452293
709	41.586768
710	5.597047
711	34.953483
712	18.029212
713	35.387021
714	21.565516
715	17.000171
716	73.141681
717	35.022362
718	39.362262
719	62.135015
720	22.661310
721	16.569705
722	66.974947
723	75.173475
724	6.412831
725	13.470136
726	56.933870
727	83.764746
728	54.493949
729	44.895109
730	23.488959
731	25.316491
732	66.524770
733	91.036517
734	28.704872
735	63.368931
736	6.444879
737	97.777330
738	61.126878
739	57.148975
740	87.811681
741	90.376257
742	53.102366
743	34.130345
744	75.570129
745	93.178381
746	8.947491
747	71.981047
748	81.103805
749	26.415435
750	85.514541
751	74.051229
752	2.580660
753	56.439800
754	40.843444
755	29.410554
756	41.080685
757	2.705135
758	5.639912
759	4.568235
760	13.408777
761	12.846894
762	58.179121
763	49.559021
764	74.542980
765	3.312967
766	16.326510
767	99.046253
768	7.186951
769	39.091280
770	53.616507
771	62.993295
772	19.023613
773	80.327593
774	33.990657
775	77.720614
776	50.235831
777	6.109448
778	27.349027
779	21.938657
780	17.874214
781	44.436285
782	54.399570
783	72.140477
784	62.021713
785	11.908319
786	34.934131
787	74.748970
788	85.587593
789	7.934624
790	73.862297
791	90.443891
792	33.583369
793	71.954082
794	30.854992
795	49.869052
796	60.907399
797	88.963189
798	71.768382
799	89.984459
800	64.716165
801	11.093264
802	38.925838
803	97.396518
804	45.177309
805	80.649284
806	90.729450
807	94.610397
808	54.684812
809	71.081795
810	51.994188
811	16.383527
812	87.326920
813	30.221001
814	91.637576
815	14.029806
816	98.535972
817	3.867228
818	47.996134
819	15.688451
820	19.488434
821	40.387495
822	17.729196
823	75.191771
824	81.939071
825	97.554928
826	10.146495
827	74.476601
828	46.109316
829	72.532211
830	63.443182
831	22.765004
832	65.763081
833	82.585830
834	64.831469
835	65.969375
836	65.740548
837	25.917326
838	63.570323
839	75.982855
840	94.197532
841	55.040240
842	75.184781
843	25.587239
844	21.789003
845	20.224395
846	66.397811
847	21.396598
848	21.926158
849	14.297884
850	36.595585
851	80.202402
852	37.544669
853	21.434415
854	58.584426
855	96.390635
856	48.556329
857	40.165354
858	47.967134
859	24.666709
860	99.403899
861	20.213183
862	4.843263
863	27.098079
864	42.592671
865	51.224845
866	33.075200
867	18.588894
868	55.114842
869	33.493084
870	11.614831
871	18.638441
872	17.830224
873	36.943334
874	2.667595
875	46.780013
876	61.232334
877	42.494177
878	74.374993
879	33.726698
880	29.887656
881	65.261458
882	85.732493
883	51.406548
884	79.049748
885	38.938927
886	99.388816
887	1.577541
888	55.442624
889	75.824911
890	62.377600
891	79.754226
892	54.920320
893	4.353775
894	28.103673
895	28.063158
896	83.824480
897	32.552165
898	47.234687
899	33.654532
900	40.534551
901	49.831514
902	65.935892
903	4.568568
904	2.668377
905	98.965909
906	1.290890
907	64.691737
908	77.448630
909	39.945854
910	84.858717
911	58.352560
912	77.821854
913	65.093509
914	57.371130
915	7.009747
916	8.118425
917	61.831097
918	25.710417
919	53.778301
920	47.223965
921	96.798715
922	15.117444
923	55.486603
924	26.507418
925	37.485872
926	31.569393
927	61.079052
928	33.206596
929	97.389782
930	72.476286
931	72.726247
932	42.649890
933	55.961364
934	15.135352
935	19.300744
936	92.393269
937	30.912239
938	28.803274
939	86.320096
940	83.502801
941	53.501793
942	3.298325
943	15.209806
944	42.192880
945	21.480098
946	39.042744
947	51.588544
948	91.328920
949	90.228468
950	67.419663
951	50.618284
952	26.592062
953	2.451602
954	62.827570
955	19.533823
956	66.631104
957	52.503703
958	19.111680
959	42.142841
960	34.796513
961	54.490576
962	77.149277
963	6.213832
964	91.698881
965	80.763452
966	23.330983
967	4.944204
968	75.327369
969	52.742655
970	35.529201
971	76.457728
972	71.453057
973	11.627351
974	73.775327
975	18.113345
976	33.813453
977	32.025748
978	46.165153
979	19.085927
980	97.240525
981	42.358415
982	97.294118
983	84.045314
984	90.165918
985	72.515714
986	84.541654
987	16.103289
988	96.788766
989	77.512669
990	99.845460
991	78.637614
992	73.262471
993	24.775930
994	15.351788
995	27.948387
996	8.709782
997	74.075710
998	91.698462
999	96.933489
1000	67.647165
;

param: U :=
1	100.000000
2	100.000000
3	100.000000
4	100.000000
5	100.000000
6	100.000000
7	100.000000
8	100.000000
9	100.000000
10	100.000000
11	100.000000
12	100.000000
13	100.000000
14	100.000000
15	100.000000
16	100.000000
17	100.000000
18	100.000000
19	100.000000
20	100.000000
21	100.000000
22	100.000000
23	100.000000
24	100.000000
25	100.000000
26	100.000000
27	100.000000
28	100.000000
29	100.000000
30	100.000000
31	100.000000
32	100.000000
33	100.000000
34	100.000000
35	100.000000
36	100.000000
37	100.000000
38	100.000000
39	100.000000
40	100.000000
41	100.000000
42	100.000000
43	100.000000
44	100.000000
45	100.000000
46	100.000000
47	100.000000
48	100.000000
49	100.000000
50	100.000000
51	100.000000
52	100.000000
53	100.000000
54	100.000000
55	100.000000
56	100.000000
57	100.000000
58	100.000000
59	100.000000
60	100.000000
61	100.000000
62	100.000000
63	100.000000
64	100.000000
65	100.000000
66	100.000000
67	100.000000
68	100.000000
69	100.000000
70	100.000000
71	100.000000
72	100.000000
73	100.000000
74	100.000000
75	100.000000
76	100.000000
77	100.000000
78	100.000000
79	100.000000
80	100.000000
81	100.000000
82	100.000000
83	100.000000
84	100.000000
85	100.000000
86	100.000000
87	100.000000
88	100.000000
89	100.000000
90	100.000000
91	100.000000
92	100.000000
93	100.000000
94	100.000000
95	100.000000
96	100.000000
97	100.000000
98	100.000000
99	100.000000
100	100.000000
101	100.000000
102	100.000000
103	100.000000
104	100.000000
105	100.000000
106	100.000000
107	100.000000
108	100.000000
109	100.000000
110	100.000000
111	100.000000
112	100.000000
113	100.000000
114	100.000000
115	100.000000
116	100.000000
117	100.000000
118	100.000000
119	100.000000
120	100.000000
121	100.000000
122	100.000000
123	100.000000
124	100.000000
125	100.000000
126	100.000000
127	100.000000
128	100.000000
129	100.000000
130	100.000000
131	100.000000
132	100.000000
133	100.000000
134	100.000000
135	100.000000
136	100.000000
137	100.000000
138	100.000000
139	100.000000
140	100.000000
141	100.000000
142	100.000000
143	100.000000
144	100.000000
145	100.000000
146	100.000000
147	100.000000
148	100.000000
149	100.000000
150	100.000000
151	100.000000
152	100.000000
153	100.000000
154	100.000000
155	100.000000
156	100.000000
157	100.000000
158	100.000000
159	100.000000
160	100.000000
161	100.000000
162	100.000000
163	100.000000
164	100.000000
165	100.000000
166	100.000000
167	100.000000
168	100.000000
169	100.000000
170	100.000000
171	100.000000
172	100.000000
173	100.000000
174	100.000000
175	100.000000
176	100.000000
177	100.000000
178	100.000000
179	100.000000
180	100.000000
181	100.000000
182	100.000000
183	100.000000
184	100.000000
185	100.000000
186	100.000000
187	100.000000
188	100.000000
189	100.000000
190	100.000000
191	100.000000
192	100.000000
193	100.000000
194	100.000000
195	100.000000
196	100.000000
197	100.000000
198	100.000000
199	100.000000
200	100.000000
201	100.000000
202	100.000000
203	100.000000
204	100.000000
205	100.000000
206	100.000000
207	100.000000
208	100.000000
209	100.000000
210	100.000000
211	100.000000
212	100.000000
213	100.000000
214	100.000000
215	100.000000
216	100.000000
217	100.000000
218	100.000000
219	100.000000
220	100.000000
221	100.000000
222	100.000000
223	100.000000
224	100.000000
225	100.000000
226	100.000000
227	100.000000
228	100.000000
229	100.000000
230	100.000000
231	100.000000
232	100.000000
233	100.000000
234	100.000000
235	100.000000
236	100.000000
237	100.000000
238	100.000000
239	100.000000
240	100.000000
241	100.000000
242	100.000000
243	100.000000
244	100.000000
245	100.000000
246	100.000000
247	100.000000
248	100.000000
249	100.000000
250	100.000000
251	100.000000
252	100.000000
253	100.000000
254	100.000000
255	100.000000
256	100.000000
257	100.000000
258	100.000000
259	100.000000
260	100.000000
261	100.000000
262	100.000000
263	100.000000
264	100.000000
265	100.000000
266	100.000000
267	100.000000
268	100.000000
269	100.000000
270	100.000000
271	100.000000
272	100.000000
273	100.000000
274	100.000000
275	100.000000
276	100.000000
277	100.000000
278	100.000000
279	100.000000
280	100.000000
281	100.000000
282	100.000000
283	100.000000
284	100.000000
285	100.000000
286	100.000000
287	100.000000
288	100.000000
289	100.000000
290	100.000000
291	100.000000
292	100.000000
293	100.000000
294	100.000000
295	100.000000
296	100.000000
297	100.000000
298	100.000000
299	100.000000
300	100.000000
301	100.000000
302	100.000000
303	100.000000
304	100.000000
305	100.000000
306	100.000000
307	100.000000
308	100.000000
309	100.000000
310	100.000000
311	100.000000
312	100.000000
313	100.000000
314	100.000000
315	100.000000
316	100.000000
317	100.000000
318	100.000000
319	100.000000
320	100.000000
321	100.000000
322	100.000000
323	100.000000
324	100.000000
325	100.000000
326	100.000000
327	100.000000
328	100.000000
329	100.000000
330	100.000000
331	100.000000
332	100.000000
333	100.000000
334	100.000000
335	100.000000
336	100.000000
337	100.000000
338	100.000000
339	100.000000
340	100.000000
341	100.000000
342	100.000000
343	100.000000
344	100.000000
345	100.000000
346	100.000000
347	100.000000
348	100.000000
349	100.000000
350	100.000000
351	100.000000
352	100.000000
353	100.000000
354	100.000000
355	100.000000
356	100.000000
357	100.000000
358	100.000000
359	100.000000
360	100.000000
361	100.000000
362	100.000000
363	100.000000
364	100.000000
365	100.000000
366	100.000000
367	100.000000
368	100.000000
369	100.000000
370	100.000000
371	100.000000
372	100.000000
373	100.000000
374	100.000000
375	100.000000
376	100.000000
377	100.000000
378	100.000000
379	100.000000
380	100.000000
381	100.000000
382	100.000000
383	100.000000
384	100.000000
385	100.000000
386	100.000000
387	100.000000
388	100.000000
389	100.000000
390	100.000000
391	100.000000
392	100.000000
393	100.000000
394	100.000000
395	100.000000
396	100.000000
397	100.000000
398	100.000000
399	100.000000
400	100.000000
401	100.000000
402	100.000000
403	100.000000
404	100.000000
405	100.000000
406	100.000000
407	100.000000
408	100.000000
409	100.000000
410	100.000000
411	100.000000
412	100.000000
413	100.000000
414	100.000000
415	100.000000
416	100.000000
417	100.000000
418	100.000000
419	100.000000
420	100.000000
421	100.000000
422	100.000000
423	100.000000
424	100.000000
425	100.000000
426	100.000000
427	100.000000
428	100.000000
429	100.000000
430	100.000000
431	100.000000
432	100.000000
433	100.000000
434	100.000000
435	100.000000
436	100.000000
437	100.000000
438	100.000000
439	100.000000
440	100.000000
441	100.000000
442	100.000000
443	100.000000
444	100.000000
445	100.000000
446	100.000000
447	100.000000
448	100.000000
449	100.000000
450	100.000000
451	100.000000
452	100.000000
453	100.000000
454	100.000000
455	100.000000
456	100.000000
457	100.000000
458	100.000000
459	100.000000
460	100.000000
461	100.000000
462	100.000000
463	100.000000
464	100.000000
465	100.000000
466	100.000000
467	100.000000
468	100.000000
469	100.000000
470	100.000000
471	100.000000
472	100.000000
473	100.000000
474	100.000000
475	100.000000
476	100.000000
477	100.000000
478	100.000000
479	100.000000
480	100.000000
481	100.000000
482	100.000000
483	100.000000
484	100.000000
485	100.000000
486	100.000000
487	100.000000
488	100.000000
489	100.000000
490	100.000000
491	100.000000
492	100.000000
493	100.000000
494	100.000000
495	100.000000
496	100.000000
497	100.000000
498	100.000000
499	100.000000
500	100.000000
501	100.000000
502	100.000000
503	100.000000
504	100.000000
505	100.000000
506	100.000000
507	100.000000
508	100.000000
509	100.000000
510	100.000000
511	100.000000
512	100.000000
513	100.000000
514	100.000000
515	100.000000
516	100.000000
517	100.000000
518	100.000000
519	100.000000
520	100.000000
521	100.000000
522	100.000000
523	100.000000
524	100.000000
525	100.000000
526	100.000000
527	100.000000
528	100.000000
529	100.000000
530	100.000000
531	100.000000
532	100.000000
533	100.000000
534	100.000000
535	100.000000
536	100.000000
537	100.000000
538	100.000000
539	100.000000
540	100.000000
541	100.000000
542	100.000000
543	100.000000
544	100.000000
545	100.000000
546	100.000000
547	100.000000
548	100.000000
549	100.000000
550	100.000000
551	100.000000
552	100.000000
553	100.000000
554	100.000000
555	100.000000
556	100.000000
557	100.000000
558	100.000000
559	100.000000
560	100.000000
561	100.000000
562	100.000000
563	100.000000
564	100.000000
565	100.000000
566	100.000000
567	100.000000
568	100.000000
569	100.000000
570	100.000000
571	100.000000
572	100.000000
573	100.000000
574	100.000000
575	100.000000
576	100.000000
577	100.000000
578	100.000000
579	100.000000
580	100.000000
581	100.000000
582	100.000000
583	100.000000
584	100.000000
585	100.000000
586	100.000000
587	100.000000
588	100.000000
589	100.000000
590	100.000000
591	100.000000
592	100.000000
593	100.000000
594	100.000000
595	100.000000
596	100.000000
597	100.000000
598	100.000000
599	100.000000
600	100.000000
601	100.000000
602	100.000000
603	100.000000
604	100.000000
605	100.000000
606	100.000000
607	100.000000
608	100.000000
609	100.000000
610	100.000000
611	100.000000
612	100.000000
613	100.000000
614	100.000000
615	100.000000
616	100.000000
617	100.000000
618	100.000000
619	100.000000
620	100.000000
621	100.000000
622	100.000000
623	100.000000
624	100.000000
625	100.000000
626	100.000000
627	100.000000
628	100.000000
629	100.000000
630	100.000000
631	100.000000
632	100.000000
633	100.000000
634	100.000000
635	100.000000
636	100.000000
637	100.000000
638	100.000000
639	100.000000
640	100.000000
641	100.000000
642	100.000000
643	100.000000
644	100.000000
645	100.000000
646	100.000000
647	100.000000
648	100.000000
649	100.000000
650	100.000000
651	100.000000
652	100.000000
653	100.000000
654	100.000000
655	100.000000
656	100.000000
657	100.000000
658	100.000000
659	100.000000
660	100.000000
661	100.000000
662	100.000000
663	100.000000
664	100.000000
665	100.000000
666	100.000000
667	100.000000
668	100.000000
669	100.000000
670	100.000000
671	100.000000
672	100.000000
673	100.000000
674	100.000000
675	100.000000
676	100.000000
677	100.000000
678	100.000000
679	100.000000
680	100.000000
681	100.000000
682	100.000000
683	100.000000
684	100.000000
685	100.000000
686	100.000000
687	100.000000
688	100.000000
689	100.000000
690	100.000000
691	100.000000
692	100.000000
693	100.000000
694	100.000000
695	100.000000
696	100.000000
697	100.000000
698	100.000000
699	100.000000
700	100.000000
701	100.000000
702	100.000000
703	100.000000
704	100.000000
705	100.000000
706	100.000000
707	100.000000
708	100.000000
709	100.000000
710	100.000000
711	100.000000
712	100.000000
713	100.000000
714	100.000000
715	100.000000
716	100.000000
717	100.000000
718	100.000000
719	100.000000
720	100.000000
721	100.000000
722	100.000000
723	100.000000
724	100.000000
725	100.000000
726	100.000000
727	100.000000
728	100.000000
729	100.000000
730	100.000000
731	100.000000
732	100.000000
733	100.000000
734	100.000000
735	100.000000
736	100.000000
737	100.000000
738	100.000000
739	100.000000
740	100.000000
741	100.000000
742	100.000000
743	100.000000
744	100.000000
745	100.000000
746	100.000000
747	100.000000
748	100.000000
749	100.000000
750	100.000000
751	100.000000
752	100.000000
753	100.000000
754	100.000000
755	100.000000
756	100.000000
757	100.000000
758	100.000000
759	100.000000
760	100.000000
761	100.000000
762	100.000000
763	100.000000
764	100.000000
765	100.000000
766	100.000000
767	100.000000
768	100.000000
769	100.000000
770	100.000000
771	100.000000
772	100.000000
773	100.000000
774	100.000000
775	100.000000
776	100.000000
777	100.000000
778	100.000000
779	100.000000
780	100.000000
781	100.000000
782	100.000000
783	100.000000
784	100.000000
785	100.000000
786	100.000000
787	100.000000
788	100.000000
789	100.000000
790	100.000000
791	100.000000
792	100.000000
793	100.000000
794	100.000000
795	100.000000
796	100.000000
797	100.000000
798	100.000000
799	100.000000
800	100.000000
801	100.000000
802	100.000000
803	100.000000
804	100.000000
805	100.000000
806	100.000000
807	100.000000
808	100.000000
809	100.000000
810	100.000000
811	100.000000
812	100.000000
813	100.000000
814	100.000000
815	100.000000
816	100.000000
817	100.000000
818	100.000000
819	100.000000
820	100.000000
821	100.000000
822	100.000000
823	100.000000
824	100.000000
825	100.000000
826	100.000000
827	100.000000
828	100.000000
829	100.000000
830	100.000000
831	100.000000
832	100.000000
833	100.000000
834	100.000000
835	100.000000
836	100.000000
837	100.000000
838	100.000000
839	100.000000
840	100.000000
841	100.000000
842	100.000000
843	100.000000
844	100.000000
845	100.000000
846	100.000000
847	100.000000
848	100.000000
849	100.000000
850	100.000000
851	100.000000
852	100.000000
853	100.000000
854	100.000000
855	100.000000
856	100.000000
857	100.000000
858	100.000000
859	100.000000
860	100.000000
861	100.000000
862	100.000000
863	100.000000
864	100.000000
865	100.000000
866	100.000000
867	100.000000
868	100.000000
869	100.000000
870	100.000000
871	100.000000
872	100.000000
873	100.000000
874	100.000000
875	100.000000
876	100.000000
877	100.000000
878	100.000000
879	100.000000
880	100.000000
881	100.000000
882	100.000000
883	100.000000
884	100.000000
885	100.000000
886	100.000000
887	100.000000
888	100.000000
889	100.000000
890	100.000000
891	100.000000
892	100.000000
893	100.000000
894	100.000000
895	100.000000
896	100.000000
897	100.000000
898	100.000000
899	100.000000
900	100.000000
901	100.000000
902	100.000000
903	100.000000
904	100.000000
905	100.000000
906	100.000000
907	100.000000
908	100.000000
909	100.000000
910	100.000000
911	100.000000
912	100.000000
913	100.000000
914	100.000000
915	100.000000
916	100.000000
917	100.000000
918	100.000000
919	100.000000
920	100.000000
921	100.000000
922	100.000000
923	100.000000
924	100.000000
925	100.000000
926	100.000000
927	100.000000
928	100.000000
929	100.000000
930	100.000000
931	100.000000
932	100.000000
933	100.000000
934	100.000000
935	100.000000
936	100.000000
937	100.000000
938	100.000000
939	100.000000
940	100.000000
941	100.000000
942	100.000000
943	100.000000
944	100.000000
945	100.000000
946	100.000000
947	100.000000
948	100.000000
949	100.000000
950	100.000000
951	100.000000
952	100.000000
953	100.000000
954	100.000000
955	100.000000
956	100.000000
957	100.000000
958	100.000000
959	100.000000
960	100.000000
961	100.000000
962	100.000000
963	100.000000
964	100.000000
965	100.000000
966	100.000000
967	100.000000
968	100.000000
969	100.000000
970	100.000000
971	100.000000
972	100.000000
973	100.000000
974	100.000000
975	100.000000
976	100.000000
977	100.000000
978	100.000000
979	100.000000
980	100.000000
981	100.000000
982	100.000000
983	100.000000
984	100.000000
985	100.000000
986	100.000000
987	100.000000
988	100.000000
989	100.000000
990	100.000000
991	100.000000
992	100.000000
993	100.000000
994	100.000000
995	100.000000
996	100.000000
997	100.000000
998	100.000000
999	100.000000
1000	100.000000
;

