# seed = 1254829604

param N := 1000;

param M := 2;

param Umax := 100.000000;

param: C :=
1	1398221.669780
2	1041926.333031
;

param: a :=
1	0.148386
2	0.177365
3	0.164544
4	0.137058
5	0.176804
6	0.191113
7	0.133410
8	0.142603
9	0.172817
10	0.190047
11	0.123533
12	0.167685
13	0.153061
14	0.137959
15	0.119635
16	0.186981
17	0.155545
18	0.124877
19	0.130640
20	0.133706
21	0.130205
22	0.170861
23	0.199883
24	0.167297
25	0.153855
26	0.184024
27	0.153434
28	0.129834
29	0.119015
30	0.110394
31	0.199070
32	0.157082
33	0.125566
34	0.134760
35	0.115619
36	0.150959
37	0.157432
38	0.170275
39	0.109033
40	0.182829
41	0.137326
42	0.101441
43	0.180580
44	0.140533
45	0.111968
46	0.179422
47	0.146479
48	0.159755
49	0.145725
50	0.171483
51	0.147736
52	0.123761
53	0.116331
54	0.131360
55	0.130659
56	0.171859
57	0.146676
58	0.101348
59	0.137487
60	0.116891
61	0.192172
62	0.121983
63	0.184683
64	0.115713
65	0.108930
66	0.188699
67	0.110908
68	0.104113
69	0.179126
70	0.163237
71	0.117097
72	0.182452
73	0.193783
74	0.102029
75	0.187439
76	0.149729
77	0.155647
78	0.194752
79	0.138462
80	0.168171
81	0.155714
82	0.191973
83	0.145312
84	0.106174
85	0.113829
86	0.118647
87	0.180487
88	0.138553
89	0.147208
90	0.156073
91	0.155766
92	0.162556
93	0.188052
94	0.112251
95	0.140567
96	0.116308
97	0.167858
98	0.100981
99	0.192485
100	0.162198
101	0.197243
102	0.106879
103	0.127847
104	0.151396
105	0.160979
106	0.160450
107	0.124807
108	0.130449
109	0.122955
110	0.136953
111	0.142756
112	0.198072
113	0.144811
114	0.176535
115	0.162674
116	0.150116
117	0.166935
118	0.132819
119	0.104698
120	0.128538
121	0.165190
122	0.157913
123	0.189226
124	0.117602
125	0.195200
126	0.117943
127	0.140074
128	0.119118
129	0.195456
130	0.156798
131	0.191541
132	0.104199
133	0.182367
134	0.135052
135	0.145530
136	0.185066
137	0.160792
138	0.130325
139	0.162932
140	0.105112
141	0.174704
142	0.158230
143	0.114822
144	0.102548
145	0.159722
146	0.140956
147	0.142585
148	0.179863
149	0.172625
150	0.142395
151	0.134135
152	0.165215
153	0.124478
154	0.101659
155	0.186891
156	0.193104
157	0.195470
158	0.137551
159	0.187673
160	0.129924
161	0.116057
162	0.150638
163	0.180555
164	0.134617
165	0.189115
166	0.136231
167	0.166346
168	0.133984
169	0.112360
170	0.159819
171	0.129626
172	0.198517
173	0.113245
174	0.105885
175	0.185988
176	0.145661
177	0.181726
178	0.173243
179	0.154806
180	0.178667
181	0.151786
182	0.180162
183	0.172919
184	0.152698
185	0.183033
186	0.192251
187	0.149256
188	0.101778
189	0.117039
190	0.146366
191	0.162513
192	0.170618
193	0.105505
194	0.163254
195	0.152324
196	0.168106
197	0.148170
198	0.165667
199	0.175915
200	0.159898
201	0.161902
202	0.107006
203	0.151863
204	0.128247
205	0.106830
206	0.193714
207	0.169757
208	0.149662
209	0.117001
210	0.100443
211	0.115983
212	0.189600
213	0.114241
214	0.166983
215	0.126113
216	0.104902
217	0.185475
218	0.111732
219	0.155163
220	0.199299
221	0.177613
222	0.137597
223	0.102696
224	0.187541
225	0.176227
226	0.184885
227	0.166377
228	0.151458
229	0.163129
230	0.157653
231	0.183494
232	0.138550
233	0.142291
234	0.147850
235	0.186666
236	0.119888
237	0.194913
238	0.125822
239	0.111446
240	0.136548
241	0.195012
242	0.182324
243	0.147741
244	0.126164
245	0.116621
246	0.114423
247	0.127548
248	0.118165
249	0.100656
250	0.168897
251	0.185284
252	0.166322
253	0.172339
254	0.135154
255	0.103223
256	0.178101
257	0.154144
258	0.197192
259	0.128096
260	0.186623
261	0.107368
262	0.190642
263	0.185773
264	0.166585
265	0.140822
266	0.120097
267	0.102722
268	0.184968
269	0.173262
270	0.138097
271	0.136344
272	0.141674
273	0.157649
274	0.121408
275	0.134658
276	0.127975
277	0.135062
278	0.156800
279	0.128343
280	0.157698
281	0.138778
282	0.186978
283	0.187792
284	0.132709
285	0.105813
286	0.163256
287	0.159567
288	0.121733
289	0.194214
290	0.197861
291	0.131314
292	0.106842
293	0.106054
294	0.127259
295	0.106148
296	0.194503
297	0.181971
298	0.127236
299	0.152319
300	0.187276
301	0.104272
302	0.196026
303	0.148993
304	0.191003
305	0.161500
306	0.150102
307	0.116863
308	0.163680
309	0.100774
310	0.135192
311	0.102523
312	0.156160
313	0.166050
314	0.162184
315	0.153314
316	0.135230
317	0.184323
318	0.196345
319	0.120091
320	0.143652
321	0.142856
322	0.166193
323	0.193026
324	0.137677
325	0.195867
326	0.111145
327	0.143553
328	0.162669
329	0.128814
330	0.148454
331	0.196795
332	0.121925
333	0.142074
334	0.115797
335	0.161659
336	0.182048
337	0.198353
338	0.100125
339	0.185431
340	0.126518
341	0.159034
342	0.111006
343	0.133241
344	0.119300
345	0.174577
346	0.197551
347	0.160670
348	0.199785
349	0.199304
350	0.127552
351	0.110268
352	0.165815
353	0.199216
354	0.186218
355	0.161870
356	0.160213
357	0.190383
358	0.116066
359	0.161976
360	0.151623
361	0.159522
362	0.186384
363	0.120659
364	0.153999
365	0.183172
366	0.158728
367	0.177017
368	0.148991
369	0.157528
370	0.146283
371	0.159134
372	0.196438
373	0.131263
374	0.183625
375	0.132743
376	0.154088
377	0.138811
378	0.140689
379	0.143182
380	0.105391
381	0.169511
382	0.159212
383	0.166335
384	0.134839
385	0.121678
386	0.187967
387	0.129087
388	0.102731
389	0.122030
390	0.181182
391	0.189474
392	0.171657
393	0.102910
394	0.197524
395	0.167151
396	0.131412
397	0.140595
398	0.158464
399	0.167608
400	0.101838
401	0.132952
402	0.124510
403	0.139940
404	0.168646
405	0.169392
406	0.179553
407	0.148395
408	0.153151
409	0.142063
410	0.117101
411	0.150563
412	0.192845
413	0.132466
414	0.179421
415	0.192208
416	0.119601
417	0.120934
418	0.153763
419	0.172914
420	0.149162
421	0.163031
422	0.169810
423	0.167365
424	0.116766
425	0.136226
426	0.165659
427	0.109853
428	0.183669
429	0.137286
430	0.131177
431	0.191143
432	0.118633
433	0.182626
434	0.174536
435	0.185591
436	0.107185
437	0.124345
438	0.171002
439	0.144349
440	0.108837
441	0.119576
442	0.154019
443	0.185523
444	0.143682
445	0.148328
446	0.145870
447	0.157705
448	0.141402
449	0.133436
450	0.122437
451	0.173190
452	0.136620
453	0.178071
454	0.167785
455	0.112008
456	0.148923
457	0.119033
458	0.175687
459	0.127893
460	0.127946
461	0.104227
462	0.125138
463	0.118804
464	0.197418
465	0.177938
466	0.173185
467	0.182989
468	0.102051
469	0.109936
470	0.148189
471	0.183345
472	0.156063
473	0.131628
474	0.155929
475	0.140375
476	0.184231
477	0.138565
478	0.128716
479	0.108286
480	0.167256
481	0.119547
482	0.110800
483	0.146696
484	0.135502
485	0.151723
486	0.160426
487	0.105501
488	0.108911
489	0.155006
490	0.180218
491	0.113918
492	0.178173
493	0.100250
494	0.132590
495	0.157093
496	0.156220
497	0.158315
498	0.199784
499	0.129990
500	0.186619
501	0.193773
502	0.151315
503	0.129234
504	0.176088
505	0.189685
506	0.169776
507	0.173215
508	0.146808
509	0.148456
510	0.129652
511	0.159153
512	0.198389
513	0.121973
514	0.123594
515	0.156541
516	0.153903
517	0.106736
518	0.158731
519	0.107456
520	0.119765
521	0.182854
522	0.181620
523	0.128908
524	0.148380
525	0.139837
526	0.189524
527	0.159850
528	0.179688
529	0.173092
530	0.131622
531	0.104504
532	0.146047
533	0.180951
534	0.195630
535	0.129486
536	0.113616
537	0.172765
538	0.159997
539	0.130565
540	0.150705
541	0.192844
542	0.133324
543	0.154635
544	0.105415
545	0.150978
546	0.115919
547	0.190291
548	0.158670
549	0.106949
550	0.128192
551	0.151597
552	0.169705
553	0.118226
554	0.124321
555	0.136160
556	0.124588
557	0.175667
558	0.191856
559	0.141856
560	0.148740
561	0.107957
562	0.102709
563	0.116544
564	0.169831
565	0.125201
566	0.196439
567	0.114331
568	0.122466
569	0.119158
570	0.136778
571	0.115172
572	0.170436
573	0.139809
574	0.191785
575	0.161054
576	0.185837
577	0.152651
578	0.161242
579	0.102562
580	0.183435
581	0.100807
582	0.108878
583	0.142300
584	0.124076
585	0.148632
586	0.183711
587	0.120402
588	0.146743
589	0.108788
590	0.169900
591	0.113192
592	0.149938
593	0.132946
594	0.152328
595	0.166169
596	0.103361
597	0.113091
598	0.173160
599	0.110341
600	0.183950
601	0.108380
602	0.131097
603	0.134729
604	0.130950
605	0.138027
606	0.126311
607	0.130134
608	0.141269
609	0.146256
610	0.153636
611	0.164148
612	0.153520
613	0.172396
614	0.179903
615	0.183747
616	0.101020
617	0.149646
618	0.162464
619	0.100057
620	0.176700
621	0.100692
622	0.144045
623	0.113553
624	0.159475
625	0.112202
626	0.154020
627	0.162635
628	0.127531
629	0.135736
630	0.141431
631	0.191561
632	0.141773
633	0.117040
634	0.199850
635	0.106123
636	0.160483
637	0.102215
638	0.104422
639	0.129660
640	0.170510
641	0.180909
642	0.171735
643	0.161802
644	0.113525
645	0.171575
646	0.152860
647	0.162089
648	0.104388
649	0.122283
650	0.131893
651	0.112212
652	0.138895
653	0.186362
654	0.194609
655	0.167491
656	0.129514
657	0.127668
658	0.147465
659	0.182401
660	0.168328
661	0.142647
662	0.158422
663	0.107020
664	0.168314
665	0.191089
666	0.182279
667	0.113845
668	0.172397
669	0.147505
670	0.173955
671	0.115329
672	0.181988
673	0.142771
674	0.101761
675	0.156850
676	0.111429
677	0.133716
678	0.144158
679	0.103861
680	0.135167
681	0.151892
682	0.162403
683	0.128089
684	0.172047
685	0.135533
686	0.130227
687	0.129671
688	0.123288
689	0.194298
690	0.192664
691	0.152849
692	0.116481
693	0.104589
694	0.170467
695	0.145163
696	0.152559
697	0.184469
698	0.199994
699	0.140339
700	0.162735
701	0.113332
702	0.179492
703	0.133858
704	0.183147
705	0.186006
706	0.113621
707	0.148605
708	0.159212
709	0.187238
710	0.172274
711	0.163638
712	0.156561
713	0.178380
714	0.126495
715	0.169096
716	0.179264
717	0.108649
718	0.190164
719	0.188849
720	0.128779
721	0.170788
722	0.110367
723	0.152111
724	0.189889
725	0.106884
726	0.139990
727	0.119172
728	0.180731
729	0.190244
730	0.154590
731	0.154837
732	0.197268
733	0.112398
734	0.142584
735	0.128109
736	0.162613
737	0.156871
738	0.184084
739	0.195961
740	0.126308
741	0.122005
742	0.123741
743	0.196364
744	0.187635
745	0.120931
746	0.147871
747	0.159624
748	0.101663
749	0.161124
750	0.151533
751	0.132680
752	0.149891
753	0.198092
754	0.134169
755	0.156601
756	0.195110
757	0.117953
758	0.138092
759	0.178595
760	0.155772
761	0.191458
762	0.109896
763	0.193710
764	0.142804
765	0.191700
766	0.102738
767	0.169239
768	0.110435
769	0.119657
770	0.104443
771	0.195751
772	0.148657
773	0.165543
774	0.163093
775	0.131968
776	0.107199
777	0.123269
778	0.172308
779	0.101309
780	0.173875
781	0.103731
782	0.147743
783	0.105822
784	0.116575
785	0.141544
786	0.151679
787	0.133696
788	0.188709
789	0.144422
790	0.167349
791	0.135134
792	0.125297
793	0.154337
794	0.105894
795	0.175292
796	0.118694
797	0.113615
798	0.188996
799	0.163193
800	0.128238
801	0.108669
802	0.110523
803	0.190101
804	0.143351
805	0.168180
806	0.138735
807	0.195982
808	0.109098
809	0.147859
810	0.117981
811	0.178460
812	0.184310
813	0.147815
814	0.121303
815	0.133410
816	0.185352
817	0.129033
818	0.197911
819	0.160034
820	0.174917
821	0.149822
822	0.140978
823	0.157168
824	0.123217
825	0.113587
826	0.161089
827	0.148597
828	0.168835
829	0.125957
830	0.161847
831	0.172470
832	0.150883
833	0.114889
834	0.117129
835	0.142108
836	0.113083
837	0.101732
838	0.115262
839	0.189980
840	0.146988
841	0.151861
842	0.183865
843	0.151074
844	0.127445
845	0.168244
846	0.135237
847	0.148337
848	0.142758
849	0.157870
850	0.136361
851	0.149352
852	0.194813
853	0.153498
854	0.142010
855	0.179044
856	0.136243
857	0.129672
858	0.150663
859	0.128024
860	0.171381
861	0.193789
862	0.199894
863	0.199287
864	0.136652
865	0.139448
866	0.162199
867	0.199906
868	0.193307
869	0.127619
870	0.137715
871	0.190047
872	0.102859
873	0.175727
874	0.121059
875	0.129306
876	0.106940
877	0.177650
878	0.163457
879	0.110927
880	0.149346
881	0.144983
882	0.103667
883	0.179266
884	0.183413
885	0.148219
886	0.154228
887	0.179584
888	0.171151
889	0.164506
890	0.114189
891	0.156146
892	0.129993
893	0.101909
894	0.151491
895	0.182899
896	0.193442
897	0.153284
898	0.194850
899	0.138620
900	0.128788
901	0.197865
902	0.108651
903	0.117087
904	0.121532
905	0.146095
906	0.130184
907	0.179025
908	0.182175
909	0.150174
910	0.199629
911	0.191202
912	0.195916
913	0.177706
914	0.110713
915	0.117707
916	0.122234
917	0.123467
918	0.125908
919	0.100315
920	0.162675
921	0.139502
922	0.160895
923	0.179346
924	0.108591
925	0.109300
926	0.180312
927	0.157175
928	0.164496
929	0.183844
930	0.117607
931	0.119553
932	0.126241
933	0.186137
934	0.135711
935	0.138123
936	0.151444
937	0.128070
938	0.151684
939	0.132947
940	0.195326
941	0.104480
942	0.121923
943	0.169892
944	0.137174
945	0.104194
946	0.176704
947	0.102697
948	0.194906
949	0.182235
950	0.152979
951	0.165458
952	0.172339
953	0.111471
954	0.150725
955	0.104031
956	0.144757
957	0.128080
958	0.147070
959	0.120064
960	0.187103
961	0.196559
962	0.104414
963	0.198396
964	0.133776
965	0.142218
966	0.129224
967	0.139163
968	0.125961
969	0.187491
970	0.134579
971	0.148617
972	0.161170
973	0.103108
974	0.147423
975	0.116230
976	0.129088
977	0.130460
978	0.102909
979	0.113194
980	0.114359
981	0.101233
982	0.153223
983	0.140738
984	0.101225
985	0.162095
986	0.174855
987	0.149069
988	0.143118
989	0.173527
990	0.187546
991	0.148460
992	0.142181
993	0.174232
994	0.127296
995	0.187416
996	0.135732
997	0.130276
998	0.174785
999	0.178269
1000	0.174017
;

param: b :=
1	52.261437
2	7.338604
3	0.469181
4	74.299178
5	39.137853
6	84.060177
7	35.648474
8	96.206754
9	78.829628
10	20.144458
11	88.499780
12	15.203368
13	17.183767
14	89.798542
15	17.959361
16	97.553836
17	88.880019
18	96.723273
19	89.126589
20	6.713794
21	85.573452
22	0.099605
23	47.596465
24	22.510007
25	26.109644
26	85.242239
27	40.350031
28	94.111662
29	20.351717
30	40.638232
31	37.607302
32	30.796137
33	12.094028
34	92.154938
35	7.343495
36	59.772519
37	90.523736
38	76.731347
39	70.226980
40	25.084202
41	27.904255
42	21.260034
43	80.196200
44	31.987127
45	17.657941
46	42.282436
47	41.450554
48	68.676444
49	77.389575
50	89.495994
51	60.027976
52	74.033563
53	3.306315
54	58.557895
55	10.096510
56	73.779180
57	90.683646
58	86.216217
59	79.442902
60	88.455944
61	86.768244
62	96.787556
63	17.214601
64	67.898054
65	12.528536
66	72.170756
67	17.674558
68	95.814542
69	51.639227
70	25.257545
71	38.052835
72	16.248261
73	51.439982
74	12.944038
75	20.545954
76	34.243641
77	52.912876
78	50.926913
79	54.038041
80	99.916546
81	76.695531
82	36.982342
83	2.967603
84	41.484226
85	41.345922
86	24.898590
87	50.173803
88	34.342069
89	65.810666
90	79.092794
91	92.270595
92	30.190246
93	82.192687
94	17.455802
95	33.869027
96	81.269585
97	26.101020
98	53.737162
99	62.930056
100	79.560494
101	61.668489
102	17.315231
103	60.617860
104	80.809373
105	11.715597
106	60.813061
107	16.982305
108	31.776077
109	26.430342
110	88.101597
111	3.467735
112	21.823018
113	81.464392
114	18.843087
115	34.794921
116	84.779998
117	79.940251
118	84.054694
119	40.526047
120	39.777533
121	29.349833
122	59.163787
123	84.450370
124	52.781185
125	85.435939
126	45.914830
127	30.896440
128	84.399229
129	70.301147
130	89.346690
131	6.485043
132	98.505795
133	32.729277
134	43.426219
135	29.616302
136	88.692866
137	19.650941
138	20.511747
139	82.468311
140	93.092456
141	94.255874
142	54.572878
143	9.730430
144	51.609815
145	64.199646
146	10.730473
147	65.862465
148	57.683684
149	9.528871
150	77.507610
151	48.672102
152	9.269333
153	23.131905
154	58.054208
155	64.227234
156	45.638415
157	9.662464
158	3.659951
159	27.050518
160	55.622603
161	97.084588
162	71.450953
163	62.802616
164	1.366450
165	9.536159
166	26.378202
167	15.582947
168	28.436284
169	60.504965
170	3.618345
171	53.841575
172	96.845683
173	83.985031
174	80.885956
175	83.625000
176	4.379173
177	0.973504
178	15.259986
179	63.161741
180	72.645527
181	54.874167
182	18.788447
183	18.131588
184	69.109812
185	65.938591
186	78.583906
187	34.986713
188	56.953692
189	78.510556
190	60.846987
191	79.534163
192	36.952910
193	25.218532
194	9.627142
195	7.195161
196	10.181088
197	74.107181
198	56.706003
199	29.207718
200	94.310263
201	71.185466
202	23.737780
203	31.366689
204	3.746753
205	59.924192
206	24.614363
207	2.300224
208	68.424819
209	46.707117
210	54.686772
211	81.433805
212	66.353636
213	44.647493
214	78.564534
215	65.653469
216	9.543625
217	9.417790
218	73.695001
219	96.738156
220	31.197646
221	99.903547
222	2.630576
223	69.851763
224	80.009230
225	91.114847
226	68.759394
227	66.703771
228	49.477605
229	72.701256
230	56.153317
231	61.521688
232	27.623653
233	91.453563
234	36.203082
235	78.042141
236	48.024596
237	24.369875
238	16.683184
239	67.854824
240	42.714112
241	76.025798
242	93.810321
243	80.045035
244	68.404712
245	32.342497
246	86.382241
247	98.237870
248	45.541551
249	80.329213
250	85.877009
251	60.380292
252	61.530443
253	63.790631
254	42.272249
255	1.780632
256	82.838405
257	54.701268
258	59.581931
259	66.128674
260	26.244091
261	62.396154
262	40.657669
263	92.155946
264	69.943198
265	58.019305
266	87.060893
267	59.972407
268	22.512792
269	29.916867
270	4.621913
271	23.916287
272	86.302024
273	19.749212
274	51.246552
275	57.857115
276	25.435399
277	36.929120
278	69.301073
279	25.862850
280	48.630487
281	66.488102
282	92.060239
283	22.556069
284	77.037166
285	50.488209
286	69.588125
287	45.422580
288	37.627487
289	88.787561
290	56.498051
291	23.157289
292	65.683793
293	92.749201
294	95.694368
295	23.041087
296	51.686285
297	11.878894
298	17.944795
299	37.926146
300	97.327627
301	74.450146
302	84.252077
303	81.325341
304	68.417228
305	23.312067
306	92.652433
307	61.955198
308	62.084757
309	92.635661
310	68.472904
311	7.065924
312	90.840632
313	63.731613
314	65.134888
315	98.914172
316	31.270312
317	39.987457
318	3.261606
319	67.489585
320	92.754169
321	88.841506
322	79.499618
323	95.373342
324	73.271886
325	29.334432
326	53.380524
327	88.080535
328	99.555030
329	71.884407
330	23.442056
331	90.057400
332	50.141907
333	18.137134
334	82.492892
335	56.459901
336	16.091063
337	0.926790
338	82.297536
339	95.365443
340	84.674660
341	39.231262
342	74.317862
343	75.025078
344	33.705192
345	94.796234
346	76.112601
347	54.267180
348	40.456498
349	55.985832
350	97.980025
351	19.823735
352	90.180517
353	74.834115
354	91.916391
355	6.377614
356	81.576426
357	93.752036
358	58.339445
359	60.813136
360	87.874928
361	58.234566
362	90.381652
363	59.805033
364	83.372503
365	92.537306
366	82.132734
367	63.111204
368	64.726806
369	63.485226
370	79.145085
371	40.123856
372	23.644683
373	55.524114
374	16.985430
375	24.814154
376	72.979540
377	27.386674
378	37.493290
379	24.718985
380	17.151944
381	36.727915
382	46.895999
383	27.128657
384	77.079010
385	93.969179
386	98.593292
387	67.177511
388	97.551705
389	5.470012
390	99.404016
391	8.536368
392	72.694555
393	45.391283
394	44.947436
395	26.434611
396	61.330402
397	39.825281
398	56.411792
399	61.705509
400	2.670838
401	50.271820
402	53.916606
403	55.508656
404	55.129784
405	33.501214
406	89.338186
407	61.374049
408	6.415131
409	84.842587
410	54.802469
411	83.169315
412	5.746968
413	82.558728
414	8.348004
415	59.279254
416	86.146844
417	6.803151
418	67.975185
419	46.236054
420	47.878251
421	12.248496
422	20.725375
423	90.981425
424	4.220572
425	28.423408
426	70.085599
427	38.471266
428	4.036218
429	18.474088
430	37.819407
431	1.490104
432	21.029041
433	73.244311
434	68.669233
435	72.142032
436	81.833742
437	71.480720
438	64.730155
439	46.127385
440	53.824844
441	5.935269
442	65.013307
443	9.379006
444	5.113226
445	35.910120
446	58.530591
447	65.243161
448	72.547650
449	65.350832
450	93.949351
451	90.971711
452	33.802381
453	63.349543
454	4.282437
455	89.305292
456	1.406235
457	26.688324
458	77.073912
459	52.953962
460	40.390124
461	94.379286
462	2.610412
463	77.692382
464	29.513326
465	73.733174
466	51.951691
467	97.529063
468	93.690976
469	95.609451
470	90.150132
471	21.347290
472	13.881158
473	25.779929
474	62.381182
475	19.691759
476	18.606838
477	46.525657
478	4.351449
479	57.649393
480	68.927591
481	95.655323
482	38.574271
483	51.939426
484	58.775505
485	44.890782
486	91.901609
487	60.334615
488	14.675856
489	40.286322
490	38.788218
491	36.520359
492	16.790096
493	10.490495
494	51.997399
495	40.847851
496	17.300081
497	99.258224
498	56.771912
499	53.100897
500	80.491231
501	72.753799
502	35.866795
503	92.552730
504	67.635928
505	78.489579
506	48.556525
507	11.734248
508	31.710643
509	3.177376
510	45.008735
511	47.261444
512	2.516825
513	78.487056
514	5.752489
515	99.297542
516	44.694704
517	51.720618
518	77.123730
519	38.460401
520	63.262306
521	66.900446
522	19.630086
523	1.583787
524	37.171680
525	42.814701
526	20.485570
527	75.536215
528	54.872165
529	35.233231
530	85.390629
531	28.900983
532	86.147439
533	51.642460
534	58.383790
535	29.614869
536	12.411802
537	68.964873
538	82.375768
539	91.055211
540	80.560518
541	59.957629
542	6.401763
543	58.104835
544	45.008612
545	87.715812
546	27.493517
547	36.898325
548	90.313365
549	66.464402
550	52.191907
551	55.978685
552	13.683964
553	13.203640
554	94.818201
555	67.356087
556	98.109342
557	72.668839
558	42.430894
559	70.342517
560	60.813516
561	45.406550
562	5.656513
563	44.700923
564	67.489149
565	95.804318
566	52.488464
567	5.704540
568	5.617207
569	52.443694
570	88.386509
571	21.836811
572	1.559653
573	77.877443
574	69.416717
575	3.373526
576	17.183903
577	96.574450
578	61.225983
579	79.123643
580	99.359816
581	30.891136
582	44.404384
583	71.843951
584	39.198345
585	29.893101
586	34.717166
587	80.009485
588	16.228646
589	17.523257
590	55.246173
591	42.391834
592	54.539742
593	7.167267
594	15.134270
595	44.098238
596	43.334572
597	51.230740
598	75.499144
599	34.496781
600	76.420570
601	80.865221
602	19.621223
603	74.702276
604	87.374694
605	17.890352
606	91.407860
607	52.713851
608	17.058840
609	73.632804
610	86.097311
611	67.425756
612	13.881317
613	2.056307
614	0.635108
615	14.755034
616	90.754986
617	40.389766
618	14.702837
619	1.151709
620	90.888864
621	65.524744
622	14.883106
623	49.690335
624	63.595717
625	1.372791
626	77.584292
627	15.864374
628	80.823024
629	34.482082
630	26.725517
631	79.209453
632	39.084431
633	7.655015
634	69.456905
635	80.196527
636	78.112159
637	51.253760
638	73.401917
639	79.139723
640	99.630588
641	1.889419
642	66.260413
643	48.122123
644	90.553785
645	18.586475
646	68.161813
647	24.291909
648	58.111813
649	82.872537
650	13.014481
651	56.620873
652	96.864821
653	18.982904
654	56.567364
655	13.222144
656	51.525374
657	1.283267
658	87.091301
659	56.261827
660	41.548995
661	99.290403
662	32.670787
663	11.816553
664	47.676656
665	92.868129
666	22.384104
667	89.934772
668	17.977585
669	49.864908
670	38.844764
671	12.147443
672	71.446740
673	77.190797
674	68.642101
675	75.028322
676	44.747960
677	24.511733
678	57.884696
679	75.517507
680	14.291833
681	46.741085
682	24.673428
683	80.522083
684	50.201005
685	61.033162
686	69.121692
687	22.524421
688	8.917202
689	13.658221
690	24.712057
691	42.500093
692	41.541184
693	34.007819
694	33.630530
695	25.207089
696	74.072371
697	75.310761
698	43.867956
699	50.158879
700	45.503697
701	97.337823
702	98.750073
703	66.546166
704	57.390939
705	51.651900
706	30.953365
707	21.085944
708	29.717561
709	45.889031
710	66.907621
711	96.080007
712	30.379208
713	77.359036
714	18.058030
715	79.760299
716	19.710835
717	3.579573
718	95.082329
719	63.794896
720	74.563554
721	55.177372
722	26.030294
723	49.444339
724	68.139401
725	29.454727
726	36.858251
727	51.476399
728	76.384752
729	55.167241
730	49.684613
731	44.521787
732	12.176546
733	68.526094
734	71.246066
735	57.100952
736	49.323450
737	18.732642
738	73.883598
739	85.941198
740	82.886402
741	65.345451
742	14.087744
743	47.193434
744	11.930669
745	86.691714
746	39.002191
747	17.577828
748	90.208056
749	7.429022
750	45.474651
751	70.156771
752	51.965732
753	19.395523
754	41.339320
755	78.432992
756	35.857702
757	74.996029
758	90.741219
759	58.037267
760	77.881070
761	88.443727
762	46.400766
763	9.595834
764	87.042187
765	52.455638
766	17.380497
767	33.248572
768	52.758590
769	12.771240
770	26.173743
771	37.330256
772	3.513961
773	91.945026
774	13.644809
775	13.691319
776	90.408862
777	51.714135
778	24.416048
779	54.170680
780	42.955823
781	93.408780
782	56.407694
783	94.246862
784	51.499893
785	73.887497
786	54.485222
787	26.435037
788	32.119236
789	64.314652
790	25.081454
791	3.314852
792	81.111241
793	55.698820
794	52.380699
795	82.367086
796	39.984945
797	48.833916
798	10.460410
799	81.743906
800	99.336548
801	75.724433
802	2.550912
803	40.093208
804	84.168444
805	65.921505
806	84.580678
807	45.200328
808	26.153812
809	87.543617
810	56.295146
811	21.877725
812	10.514147
813	38.993104
814	17.650140
815	0.770239
816	44.115700
817	30.695666
818	38.288529
819	8.526946
820	73.582691
821	89.104564
822	37.810583
823	40.020857
824	74.770508
825	96.240346
826	8.796112
827	45.640884
828	16.838912
829	85.357843
830	69.916037
831	7.722393
832	77.569547
833	21.582133
834	37.318980
835	78.995328
836	71.802486
837	22.541414
838	54.977570
839	80.548821
840	26.137187
841	3.377941
842	15.810661
843	81.208158
844	39.995439
845	34.015606
846	64.776910
847	73.450142
848	90.373847
849	78.967573
850	73.737464
851	44.885174
852	70.793436
853	12.312012
854	25.680288
855	91.867961
856	66.462382
857	29.291461
858	76.274196
859	31.611715
860	35.867195
861	59.619529
862	62.573415
863	41.463866
864	37.939442
865	0.316880
866	63.390233
867	96.201942
868	61.534073
869	48.777360
870	36.075141
871	76.361567
872	99.911087
873	32.806178
874	72.618539
875	33.783307
876	81.811475
877	70.979458
878	89.193554
879	70.944326
880	30.512173
881	34.632269
882	22.808991
883	50.597849
884	37.809494
885	2.942002
886	52.464469
887	22.086199
888	53.710861
889	10.957384
890	22.640160
891	88.535072
892	14.346011
893	52.484447
894	65.482625
895	76.761404
896	74.344878
897	72.707246
898	0.874152
899	40.876653
900	3.645655
901	67.925835
902	99.438267
903	0.564558
904	15.131760
905	7.323093
906	1.140859
907	28.739625
908	80.337843
909	1.687978
910	60.411519
911	18.043563
912	16.362310
913	38.064249
914	13.974883
915	95.061265
916	45.518253
917	50.538040
918	55.820524
919	95.151224
920	87.005099
921	70.471144
922	62.000597
923	78.715031
924	40.764669
925	61.984972
926	24.900299
927	60.740078
928	45.024042
929	5.721434
930	64.309917
931	21.347469
932	53.226732
933	8.698541
934	98.769242
935	82.061867
936	34.716997
937	32.340615
938	42.275935
939	46.293682
940	3.862643
941	71.300367
942	86.790627
943	52.083871
944	89.686949
945	28.602248
946	2.017517
947	60.519824
948	8.762839
949	87.924861
950	51.327259
951	67.566969
952	38.299159
953	75.652311
954	12.871422
955	15.616083
956	41.870832
957	25.830769
958	76.003696
959	34.817307
960	25.647120
961	62.389361
962	60.146189
963	13.590562
964	18.276907
965	79.565075
966	53.932464
967	91.437545
968	18.221704
969	17.509363
970	67.616019
971	70.055637
972	54.280798
973	80.467623
974	3.748634
975	1.886418
976	68.131200
977	84.697500
978	98.311715
979	96.834544
980	1.214079
981	43.085606
982	70.691495
983	87.025425
984	9.672100
985	78.454408
986	96.538195
987	54.458819
988	19.787662
989	28.625919
990	66.221100
991	72.120482
992	23.548501
993	24.709725
994	83.830048
995	67.576976
996	38.340235
997	29.252608
998	82.392061
999	99.855321
1000	36.798569
;

param: c :=
1	85.431756
2	71.682768
3	10.269503
4	21.648477
5	0.556956
6	16.088804
7	94.134480
8	7.183330
9	87.871771
10	78.366167
11	73.493121
12	11.188140
13	38.114717
14	32.232265
15	82.913817
16	21.189909
17	97.749303
18	28.173390
19	97.680820
20	26.120793
21	69.815927
22	90.633914
23	54.326598
24	73.358036
25	47.702003
26	1.577790
27	36.754288
28	53.568435
29	33.759416
30	40.494465
31	62.217886
32	74.385449
33	81.291216
34	29.455973
35	32.974934
36	21.323337
37	81.132035
38	68.091755
39	47.485046
40	24.702491
41	20.756178
42	37.055113
43	3.237627
44	76.577013
45	46.874802
46	33.066300
47	82.472022
48	33.011230
49	71.637265
50	71.088584
51	15.778936
52	61.763490
53	19.608962
54	39.217920
55	32.757199
56	48.555253
57	81.867100
58	59.328416
59	46.349865
60	36.804076
61	62.923842
62	62.843674
63	30.418441
64	65.886002
65	10.452601
66	58.080267
67	15.048261
68	39.391012
69	83.567497
70	86.087179
71	12.827793
72	65.503007
73	59.425677
74	21.085966
75	31.539693
76	55.347748
77	1.419760
78	96.710616
79	42.899278
80	75.813364
81	61.882647
82	81.945531
83	25.711215
84	22.369314
85	55.777285
86	39.149880
87	90.850790
88	74.409669
89	84.630271
90	54.027108
91	23.322902
92	73.897074
93	74.824023
94	58.903975
95	3.764678
96	85.881045
97	51.982166
98	67.834902
99	37.635964
100	59.288981
101	0.090539
102	68.134987
103	13.750918
104	5.535949
105	18.617153
106	58.585235
107	43.583396
108	35.305206
109	85.153772
110	87.068438
111	19.047670
112	62.895987
113	58.544635
114	38.137755
115	43.857214
116	59.602541
117	30.736241
118	63.135957
119	22.176732
120	47.763423
121	86.412271
122	61.957270
123	76.288756
124	54.487348
125	89.022385
126	88.456394
127	41.940829
128	99.107735
129	86.365354
130	43.044350
131	55.520279
132	69.776294
133	95.108379
134	43.614520
135	94.802737
136	90.707987
137	6.463265
138	98.719810
139	45.896558
140	50.202649
141	56.868819
142	14.843599
143	2.334072
144	46.554784
145	34.179148
146	15.332230
147	53.712717
148	89.942319
149	16.352217
150	82.423772
151	42.975152
152	65.021198
153	66.290025
154	80.269157
155	62.290128
156	16.694366
157	83.260554
158	87.245553
159	7.339014
160	63.295484
161	11.451621
162	45.966164
163	56.641274
164	4.907592
165	30.989446
166	19.121899
167	33.656434
168	65.380769
169	58.571643
170	25.686586
171	35.017550
172	76.673491
173	11.954837
174	90.219220
175	21.341269
176	56.244197
177	22.947623
178	58.434148
179	16.883762
180	90.949470
181	27.535949
182	3.813230
183	91.109942
184	50.134713
185	82.187957
186	5.344992
187	2.343992
188	26.902202
189	11.491278
190	43.487267
191	37.918133
192	58.035276
193	55.140563
194	58.964114
195	93.728976
196	76.190730
197	86.215970
198	55.761531
199	57.887125
200	46.683953
201	91.661946
202	45.181636
203	9.438660
204	74.161096
205	56.657087
206	85.290399
207	14.661490
208	81.669353
209	82.987926
210	88.533283
211	98.619775
212	70.764983
213	9.051711
214	74.491442
215	20.115325
216	46.779733
217	65.581546
218	48.411164
219	93.232803
220	4.205187
221	45.503753
222	18.547777
223	5.483503
224	27.641854
225	59.244536
226	86.526855
227	42.453809
228	67.063068
229	3.705815
230	20.987550
231	83.220360
232	99.741049
233	83.417800
234	52.812060
235	78.910077
236	2.807742
237	94.840808
238	94.731993
239	33.213172
240	88.803028
241	35.669612
242	14.422321
243	59.056142
244	74.861834
245	61.823049
246	69.920430
247	51.767725
248	65.970117
249	10.718365
250	91.316174
251	39.115981
252	96.597148
253	62.994336
254	72.549695
255	55.189233
256	47.370167
257	86.977545
258	63.339159
259	59.615290
260	32.507722
261	29.148970
262	59.175948
263	64.775805
264	44.997508
265	29.861471
266	75.353355
267	8.630175
268	63.187050
269	52.681033
270	72.610812
271	92.564898
272	11.414638
273	98.879096
274	74.132668
275	25.307086
276	0.516420
277	32.445806
278	89.436224
279	6.077803
280	43.388236
281	91.083130
282	79.262289
283	29.574871
284	19.484053
285	71.114206
286	26.340706
287	67.906573
288	1.568359
289	47.677612
290	86.062341
291	29.131556
292	4.635860
293	17.750499
294	81.026538
295	85.477681
296	3.328118
297	92.188219
298	79.990591
299	43.876475
300	7.581419
301	49.195691
302	79.962124
303	76.696168
304	10.373156
305	38.215189
306	90.708703
307	35.404644
308	35.956495
309	42.763974
310	2.234162
311	62.778528
312	5.095264
313	10.479489
314	91.875368
315	1.413156
316	44.857014
317	83.901729
318	71.566482
319	13.861525
320	34.078878
321	89.808743
322	16.189793
323	56.951327
324	45.736952
325	42.201294
326	52.658862
327	77.749534
328	11.849682
329	5.978240
330	22.083620
331	62.020146
332	53.166313
333	83.446604
334	51.054341
335	33.236108
336	65.666836
337	0.339000
338	90.065319
339	75.018371
340	97.682211
341	68.780911
342	22.959803
343	79.376113
344	17.695310
345	82.361738
346	48.348887
347	92.915886
348	20.855063
349	92.154103
350	23.271428
351	2.141104
352	45.531255
353	39.680965
354	44.741420
355	70.646652
356	83.038139
357	46.647348
358	76.562012
359	47.337778
360	44.861293
361	1.325770
362	93.835540
363	67.618002
364	10.668592
365	5.782896
366	82.068995
367	36.731420
368	83.661620
369	93.953862
370	14.164229
371	2.243900
372	52.766623
373	90.344979
374	98.593841
375	23.296729
376	29.104827
377	70.054997
378	15.948243
379	71.524367
380	9.699311
381	9.252666
382	36.403987
383	42.535359
384	5.677269
385	95.253504
386	44.648120
387	39.306452
388	6.881054
389	12.997598
390	18.939146
391	44.160357
392	0.331549
393	37.538763
394	81.282286
395	89.552333
396	90.403725
397	56.725616
398	97.247005
399	18.107727
400	48.869483
401	33.510321
402	91.751047
403	44.093503
404	96.675707
405	75.630716
406	41.319071
407	22.730600
408	37.794792
409	76.837541
410	36.638282
411	54.196642
412	60.007379
413	95.543263
414	70.878961
415	38.092882
416	0.238240
417	83.093323
418	38.744325
419	84.697859
420	9.780817
421	24.373747
422	67.440726
423	83.768188
424	34.086919
425	64.226522
426	44.758462
427	2.374745
428	60.320637
429	65.065401
430	73.152717
431	21.752684
432	92.499612
433	34.940460
434	11.507230
435	38.252675
436	31.015301
437	48.587899
438	47.879468
439	1.365822
440	99.797224
441	60.823234
442	38.425618
443	16.831563
444	20.206423
445	14.742135
446	69.024086
447	84.809924
448	88.084955
449	66.961086
450	4.575371
451	21.420928
452	99.196059
453	44.712892
454	54.425715
455	49.460688
456	33.522005
457	35.021722
458	48.422961
459	46.067711
460	20.117036
461	85.564911
462	74.754402
463	82.796941
464	95.220036
465	57.350536
466	86.728882
467	28.702468
468	53.827055
469	30.042927
470	78.948912
471	9.723788
472	97.304896
473	4.712391
474	88.024316
475	34.795671
476	2.574502
477	83.363214
478	1.102837
479	72.922806
480	80.361122
481	98.375438
482	84.679947
483	48.280099
484	4.579779
485	42.446212
486	26.816930
487	42.837394
488	53.251899
489	79.989593
490	29.120912
491	20.283616
492	53.067431
493	17.911984
494	29.042399
495	85.874172
496	82.922507
497	38.618142
498	72.412265
499	72.252293
500	48.185192
501	7.180592
502	27.136038
503	20.465511
504	27.923599
505	73.588221
506	6.882429
507	36.971558
508	27.248257
509	58.500762
510	38.665268
511	71.998260
512	57.755657
513	32.212279
514	90.593461
515	82.873419
516	13.227332
517	49.532195
518	86.978255
519	60.882673
520	3.157865
521	13.401846
522	26.637405
523	63.918730
524	57.441790
525	92.119067
526	45.745572
527	97.744968
528	60.893627
529	51.303727
530	50.845264
531	63.563745
532	50.106632
533	54.365961
534	79.766348
535	99.942096
536	52.015968
537	30.376362
538	51.735309
539	25.810812
540	28.135124
541	66.698517
542	53.159446
543	39.827579
544	76.809359
545	46.167880
546	53.207345
547	17.922487
548	36.086172
549	33.758024
550	96.484201
551	97.058476
552	60.260724
553	94.636626
554	60.506515
555	73.112179
556	66.324451
557	59.089002
558	84.117553
559	78.547182
560	1.308787
561	88.576811
562	13.433620
563	99.397321
564	59.857409
565	89.948601
566	93.110315
567	7.141861
568	92.429796
569	19.351937
570	95.565782
571	38.139290
572	78.073407
573	5.012167
574	86.402500
575	57.760169
576	10.315633
577	35.656574
578	3.254569
579	2.649829
580	95.490939
581	86.948589
582	28.480491
583	22.381418
584	23.859829
585	57.636911
586	36.827281
587	35.445924
588	82.981452
589	7.265943
590	34.678429
591	12.470177
592	28.391045
593	13.751299
594	30.746847
595	7.880529
596	30.514249
597	79.486025
598	76.599092
599	69.431335
600	18.022808
601	55.828625
602	97.634574
603	8.891006
604	75.762922
605	23.422424
606	18.403126
607	86.969462
608	88.595684
609	53.372066
610	75.222289
611	11.537110
612	66.291940
613	10.928939
614	5.077285
615	13.171952
616	55.999302
617	87.579507
618	41.841438
619	88.681937
620	61.152461
621	74.142983
622	93.398871
623	31.514707
624	25.576342
625	93.502953
626	3.247119
627	24.886703
628	44.611040
629	30.557633
630	99.209929
631	29.414573
632	57.677654
633	70.121570
634	25.256088
635	24.868446
636	74.172733
637	24.329093
638	75.402317
639	26.076878
640	90.522944
641	24.287659
642	16.682598
643	77.206760
644	53.153128
645	31.793617
646	17.998147
647	65.817263
648	96.330076
649	52.141544
650	59.557652
651	20.527919
652	22.434555
653	64.539330
654	63.471655
655	60.510201
656	25.726461
657	93.192130
658	42.153252
659	62.967829
660	65.008854
661	45.710208
662	70.448397
663	23.025774
664	47.103677
665	73.837910
666	81.357126
667	53.473834
668	25.762278
669	13.942786
670	97.753347
671	42.180350
672	88.587979
673	8.669766
674	54.723779
675	61.352264
676	84.403645
677	77.954243
678	85.125814
679	98.421100
680	40.404853
681	16.843691
682	62.281844
683	58.367465
684	14.302995
685	58.464609
686	87.855570
687	5.753850
688	60.442322
689	36.245502
690	69.902112
691	42.917572
692	45.576183
693	34.697818
694	89.439650
695	32.858327
696	2.584664
697	23.539259
698	28.165769
699	82.212655
700	94.132206
701	1.619820
702	52.818765
703	96.522381
704	37.800769
705	53.119751
706	72.192582
707	80.465942
708	66.026656
709	78.340819
710	60.677160
711	29.872256
712	95.251633
713	59.218784
714	57.301731
715	75.978162
716	30.428576
717	25.865243
718	50.716562
719	1.195087
720	40.698619
721	46.845876
722	22.325410
723	69.551409
724	83.047855
725	17.349440
726	52.086468
727	78.116611
728	24.272605
729	66.624498
730	1.282531
731	19.744665
732	89.459031
733	44.341595
734	10.928768
735	29.469903
736	66.581415
737	31.483117
738	3.095705
739	91.763740
740	47.702146
741	6.843865
742	9.402326
743	96.715951
744	97.693050
745	71.414796
746	9.880611
747	41.584165
748	83.140282
749	27.723572
750	47.206464
751	22.897179
752	21.853398
753	65.116581
754	76.070968
755	59.833709
756	81.747186
757	55.240548
758	31.056618
759	69.908742
760	39.052866
761	73.623463
762	8.626107
763	63.712762
764	41.186883
765	5.024608
766	74.048660
767	37.666845
768	30.940600
769	53.997608
770	48.763859
771	52.489647
772	16.319595
773	78.553553
774	87.566209
775	45.477405
776	23.235156
777	73.369273
778	56.003904
779	39.066970
780	71.025047
781	50.681128
782	69.783232
783	64.084766
784	94.421721
785	94.298539
786	96.705757
787	9.334800
788	32.051349
789	97.343794
790	95.006065
791	71.547563
792	38.410708
793	30.250103
794	72.194751
795	75.187753
796	15.955285
797	5.070985
798	59.377620
799	88.162484
800	97.796132
801	19.648741
802	88.344856
803	65.084819
804	35.716531
805	93.319528
806	58.700843
807	60.737861
808	31.608226
809	92.724877
810	66.884034
811	24.945469
812	62.801081
813	92.245569
814	80.778156
815	2.636385
816	70.009333
817	19.690954
818	12.988998
819	20.292240
820	34.729455
821	27.264040
822	59.354966
823	20.742259
824	32.288152
825	44.009892
826	22.102844
827	53.595415
828	35.910075
829	67.847330
830	36.987502
831	2.362490
832	50.398033
833	19.029093
834	14.281730
835	50.866470
836	95.610292
837	73.659984
838	16.591301
839	49.545191
840	86.352099
841	58.171175
842	85.135960
843	88.423041
844	40.280653
845	86.204197
846	69.161395
847	29.424590
848	91.988000
849	51.057726
850	43.696546
851	51.789167
852	27.450986
853	65.832994
854	9.194277
855	32.541884
856	11.898093
857	87.989019
858	35.641017
859	52.560978
860	40.214227
861	61.733489
862	56.183483
863	71.804414
864	99.198883
865	47.665238
866	30.040937
867	3.585447
868	85.105779
869	14.790150
870	73.993149
871	8.685033
872	31.760627
873	98.526432
874	55.980204
875	70.885930
876	69.281594
877	95.086762
878	8.602454
879	54.899444
880	22.874855
881	70.460055
882	60.540382
883	74.721235
884	26.126183
885	3.971602
886	42.907551
887	92.422518
888	60.764545
889	77.256812
890	23.119216
891	17.597218
892	44.118433
893	13.534983
894	56.239662
895	8.131817
896	38.629120
897	3.195572
898	47.171350
899	26.258747
900	0.690478
901	92.662140
902	2.426150
903	88.706269
904	72.320265
905	94.976383
906	63.123866
907	54.093904
908	34.174620
909	28.182621
910	37.101961
911	36.437570
912	91.537733
913	75.976649
914	90.088835
915	0.264187
916	94.352695
917	35.510814
918	53.078424
919	52.924420
920	40.925812
921	26.953987
922	61.878915
923	71.874986
924	94.440297
925	53.361314
926	25.282168
927	48.135689
928	62.506884
929	78.986931
930	61.343083
931	87.964413
932	8.472656
933	35.204866
934	37.851461
935	30.865944
936	2.090600
937	68.111468
938	58.481836
939	2.498127
940	79.335815
941	84.142547
942	23.127656
943	31.918684
944	10.394260
945	96.137112
946	0.616381
947	6.494890
948	82.656719
949	84.860540
950	15.614933
951	75.585131
952	76.276459
953	54.858483
954	71.254758
955	18.829488
956	81.096814
957	72.810925
958	25.725404
959	24.611257
960	65.654600
961	74.644497
962	93.152160
963	46.349365
964	93.259085
965	76.440539
966	80.134740
967	74.679759
968	66.972450
969	17.323131
970	6.993311
971	6.682107
972	90.817389
973	40.596661
974	12.496979
975	40.371244
976	3.342848
977	66.024443
978	64.035379
979	20.083805
980	78.370724
981	17.495869
982	44.769484
983	91.469952
984	22.479127
985	0.233401
986	33.459644
987	66.479859
988	66.754161
989	63.378632
990	45.060752
991	9.935421
992	50.837791
993	31.233534
994	11.062351
995	0.343596
996	98.794642
997	20.485889
998	1.494119
999	82.742416
1000	24.397274
;

param: d :=
1	-35.803748
2	-8.804164
3	-74.762639
4	-85.789190
5	-61.371816
6	-12.737124
7	-81.158256
8	-85.714353
9	-16.913909
10	-88.304312
11	-75.909997
12	-16.226221
13	-52.804338
14	-54.857228
15	-92.493374
16	-34.653027
17	-70.961702
18	-63.934593
19	-31.245649
20	-34.061403
21	-86.881201
22	-7.948712
23	-2.367259
24	-4.529990
25	-48.464092
26	-89.854952
27	-76.749717
28	-79.531721
29	-26.658389
30	-16.247786
31	-53.228118
32	-41.340328
33	-37.679427
34	-11.671519
35	-50.621660
36	-8.546143
37	-80.350534
38	-55.339305
39	-9.675844
40	-87.714669
41	-29.699358
42	-77.235379
43	-38.288119
44	-91.374999
45	-40.546922
46	-95.875154
47	-32.764840
48	-3.190271
49	-51.037251
50	-51.940056
51	-5.388792
52	-43.172667
53	-1.196721
54	-35.628612
55	-97.703751
56	-57.052760
57	-37.544816
58	-36.888355
59	-42.904214
60	-43.890740
61	-75.071101
62	-29.461646
63	-33.450101
64	-24.958288
65	-44.720584
66	-74.497142
67	-26.168558
68	-33.043572
69	-90.455751
70	-70.876716
71	-72.450521
72	-59.467617
73	-91.168716
74	-58.579854
75	-28.993641
76	-64.184002
77	-31.525202
78	-39.744982
79	-2.112588
80	-10.743331
81	-12.746477
82	-52.679401
83	-53.267784
84	-97.115814
85	-43.272112
86	-5.540027
87	-57.630781
88	-79.501790
89	-27.080776
90	-21.558015
91	-88.456364
92	-98.293885
93	-21.096878
94	-13.338981
95	-74.803086
96	-29.665332
97	-8.819073
98	-25.122277
99	-32.690856
100	-78.898154
101	-98.992329
102	-7.240165
103	-20.171277
104	-80.769524
105	-1.384809
106	-80.260688
107	-75.102714
108	-1.416215
109	-63.293977
110	-57.511492
111	-38.627313
112	-43.342355
113	-11.605711
114	-88.160184
115	-52.172561
116	-62.815283
117	-14.017716
118	-4.284847
119	-36.757077
120	-33.323834
121	-90.952492
122	-82.484244
123	-80.037982
124	-19.262349
125	-82.623580
126	-34.293855
127	-73.513986
128	-18.924629
129	-28.255005
130	-88.714644
131	-19.436927
132	-7.344466
133	-75.691882
134	-65.839938
135	-68.105141
136	-71.889747
137	-83.687393
138	-99.898978
139	-41.959871
140	-51.273630
141	-30.493024
142	-51.061897
143	-78.714914
144	-98.732103
145	-94.381377
146	-8.841774
147	-0.546432
148	-5.292951
149	-25.040478
150	-11.049963
151	-31.686244
152	-19.452843
153	-21.809242
154	-8.398216
155	-96.756839
156	-24.472144
157	-61.554975
158	-97.427522
159	-46.036863
160	-89.806356
161	-21.653131
162	-32.667257
163	-36.184829
164	-78.136954
165	-3.546285
166	-0.473794
167	-22.202094
168	-20.049652
169	-30.999148
170	-35.273125
171	-39.385040
172	-82.361255
173	-53.098228
174	-28.734578
175	-55.440110
176	-28.652010
177	-83.256861
178	-50.083596
179	-33.239126
180	-31.114081
181	-26.872958
182	-63.594001
183	-4.133100
184	-88.867446
185	-0.082793
186	-16.799060
187	-23.208110
188	-94.408722
189	-91.851419
190	-3.499281
191	-55.298560
192	-24.037409
193	-92.150907
194	-9.843478
195	-36.184917
196	-88.406302
197	-13.911596
198	-76.297384
199	-68.944056
200	-81.138339
201	-44.368651
202	-16.803582
203	-61.920587
204	-15.991189
205	-35.283185
206	-59.602149
207	-38.580870
208	-5.156326
209	-73.560508
210	-25.395884
211	-27.360261
212	-25.109691
213	-71.097503
214	-51.347363
215	-90.899395
216	-6.564862
217	-15.904909
218	-17.502851
219	-35.785638
220	-26.209132
221	-2.271279
222	-15.623553
223	-31.722936
224	-64.047804
225	-30.540032
226	-10.909625
227	-88.119109
228	-29.994262
229	-31.387715
230	-14.705476
231	-57.261535
232	-74.923576
233	-15.254879
234	-85.086641
235	-9.628073
236	-59.124054
237	-21.866385
238	-74.436487
239	-5.136179
240	-10.640314
241	-26.078075
242	-14.868220
243	-57.417751
244	-79.103525
245	-50.165385
246	-96.773978
247	-36.782487
248	-67.412229
249	-40.287474
250	-56.241151
251	-52.892551
252	-63.757271
253	-75.893201
254	-98.875752
255	-86.058610
256	-30.583132
257	-6.740368
258	-6.210401
259	-8.910040
260	-40.826871
261	-37.443026
262	-61.987705
263	-27.249254
264	-70.076320
265	-99.562542
266	-47.395335
267	-68.129336
268	-55.856334
269	-61.962608
270	-16.905881
271	-33.794920
272	-82.972482
273	-33.721166
274	-15.404472
275	-12.661212
276	-99.414489
277	-72.373089
278	-31.785810
279	-72.777990
280	-68.169654
281	-35.914460
282	-12.505944
283	-79.762386
284	-77.854705
285	-88.109553
286	-93.355874
287	-49.350150
288	-99.004247
289	-76.211020
290	-82.655355
291	-97.572097
292	-66.817520
293	-26.039095
294	-71.173023
295	-46.174307
296	-19.434803
297	-88.896979
298	-68.128185
299	-29.930991
300	-31.697935
301	-10.250779
302	-0.646124
303	-58.818727
304	-29.006443
305	-94.623093
306	-42.316342
307	-33.941001
308	-56.357393
309	-22.530062
310	-54.434507
311	-59.261607
312	-53.131694
313	-98.545595
314	-1.859597
315	-3.922024
316	-62.535748
317	-52.897997
318	-98.560177
319	-69.429738
320	-64.472496
321	-55.730472
322	-88.950133
323	-23.072673
324	-90.756341
325	-90.271612
326	-54.775838
327	-66.637823
328	-21.141191
329	-14.235121
330	-5.809463
331	-61.003377
332	-25.416299
333	-80.176124
334	-72.353651
335	-32.362522
336	-95.868539
337	-39.627303
338	-46.708898
339	-31.122007
340	-22.427977
341	-7.729980
342	-23.327473
343	-66.419597
344	-90.635155
345	-50.405081
346	-4.766732
347	-70.549193
348	-77.255571
349	-21.319501
350	-54.752812
351	-7.370541
352	-85.835782
353	-7.868234
354	-92.926772
355	-45.975452
356	-16.515686
357	-7.475886
358	-38.402743
359	-98.343238
360	-3.635880
361	-69.831235
362	-30.577977
363	-32.693499
364	-69.438491
365	-69.489967
366	-96.410909
367	-21.657078
368	-57.173927
369	-74.854412
370	-43.048399
371	-35.083115
372	-21.493037
373	-32.005104
374	-32.713432
375	-73.303468
376	-31.747315
377	-58.944678
378	-6.544491
379	-66.473004
380	-96.014755
381	-7.192456
382	-11.682765
383	-63.609876
384	-49.212838
385	-6.798111
386	-2.333303
387	-61.660703
388	-60.865115
389	-35.434902
390	-13.141154
391	-15.272831
392	-83.695348
393	-57.783462
394	-95.595128
395	-19.851175
396	-49.648384
397	-15.244741
398	-41.204577
399	-94.852981
400	-16.879406
401	-77.495864
402	-85.086246
403	-3.334089
404	-34.107042
405	-12.500122
406	-71.577754
407	-18.094898
408	-55.097708
409	-13.843484
410	-86.222836
411	-73.805795
412	-65.836053
413	-44.803241
414	-82.783759
415	-30.954613
416	-43.760338
417	-24.869691
418	-86.230105
419	-31.543198
420	-79.959350
421	-98.876005
422	-29.952242
423	-49.541944
424	-44.490131
425	-79.076091
426	-24.559847
427	-65.773299
428	-48.890646
429	-78.946138
430	-34.735946
431	-44.630294
432	-36.608644
433	-14.999394
434	-65.143642
435	-49.343393
436	-19.662464
437	-53.902739
438	-36.498476
439	-20.710878
440	-79.655936
441	-42.171513
442	-14.965570
443	-65.888687
444	-8.438542
445	-50.306243
446	-54.332650
447	-81.471478
448	-20.172582
449	-49.732639
450	-57.356224
451	-12.067744
452	-94.355744
453	-37.119363
454	-44.130505
455	-21.031119
456	-46.501796
457	-59.546258
458	-25.116751
459	-27.394416
460	-17.628509
461	-46.312421
462	-41.340431
463	-46.173864
464	-54.159518
465	-75.994085
466	-6.697829
467	-31.446588
468	-23.194962
469	-7.267389
470	-56.590914
471	-59.303977
472	-57.208572
473	-39.669454
474	-90.243912
475	-29.582213
476	-36.819829
477	-51.711096
478	-73.978685
479	-87.001443
480	-44.719538
481	-45.656987
482	-86.625689
483	-69.940914
484	-63.395384
485	-75.354537
486	-59.212727
487	-96.123952
488	-6.409549
489	-96.713561
490	-15.202298
491	-43.636056
492	-95.010114
493	-56.913104
494	-14.158489
495	-62.917842
496	-14.659507
497	-21.401043
498	-47.148605
499	-52.098381
500	-84.338766
501	-20.352786
502	-65.762611
503	-32.148036
504	-51.500055
505	-38.062311
506	-82.038794
507	-19.604238
508	-26.056446
509	-31.078945
510	-42.423953
511	-67.259188
512	-94.728114
513	-41.055026
514	-49.158002
515	-84.957744
516	-7.431973
517	-21.265728
518	-83.513015
519	-60.331435
520	-89.641048
521	-34.272673
522	-5.152225
523	-21.559648
524	-64.641585
525	-99.279921
526	-7.317693
527	-26.748278
528	-93.674926
529	-62.989531
530	-10.936423
531	-3.377003
532	-8.207416
533	-21.303878
534	-43.476870
535	-19.209985
536	-35.539057
537	-63.671243
538	-89.895943
539	-15.068985
540	-69.528658
541	-7.213916
542	-14.660177
543	-14.988813
544	-42.849243
545	-23.211478
546	-55.945663
547	-43.010490
548	-88.170423
549	-53.223542
550	-94.999025
551	-2.235250
552	-77.087352
553	-63.851930
554	-39.592792
555	-30.082273
556	-78.928031
557	-27.274409
558	-47.883065
559	-63.507519
560	-90.753153
561	-18.931256
562	-30.966193
563	-24.367061
564	-46.051537
565	-96.251867
566	-2.252025
567	-97.092149
568	-64.100242
569	-81.444401
570	-3.364140
571	-94.879534
572	-36.453597
573	-53.049421
574	-15.784752
575	-19.594549
576	-18.597416
577	-9.210105
578	-60.685076
579	-92.425635
580	-30.162378
581	-41.432418
582	-80.806654
583	-22.043172
584	-72.669097
585	-48.717956
586	-20.797928
587	-92.649067
588	-24.776997
589	-68.830161
590	-6.240381
591	-29.171391
592	-13.235077
593	-31.608243
594	-64.690182
595	-26.565218
596	-61.960958
597	-74.438498
598	-98.449052
599	-75.907796
600	-85.303618
601	-83.739390
602	-38.389050
603	-85.785210
604	-92.450553
605	-92.541675
606	-55.666229
607	-14.037861
608	-61.095961
609	-44.853044
610	-70.601234
611	-12.429645
612	-28.077207
613	-40.634356
614	-31.500916
615	-62.880858
616	-23.758165
617	-38.816830
618	-71.244473
619	-89.014536
620	-18.222332
621	-86.136440
622	-99.955725
623	-98.867870
624	-98.683735
625	-99.116091
626	-84.827234
627	-63.221950
628	-79.070541
629	-32.749311
630	-32.992519
631	-14.935874
632	-54.980053
633	-58.073684
634	-55.539455
635	-63.318980
636	-40.307413
637	-68.370912
638	-37.899891
639	-0.218916
640	-4.233968
641	-94.222246
642	-54.092392
643	-13.868670
644	-11.073038
645	-2.348131
646	-56.617400
647	-13.623062
648	-78.929700
649	-0.510164
650	-14.954118
651	-55.994836
652	-43.106376
653	-47.820337
654	-9.060931
655	-80.367380
656	-10.928280
657	-51.804177
658	-30.100572
659	-53.059998
660	-68.200673
661	-96.843281
662	-15.851352
663	-99.788217
664	-89.532544
665	-45.943568
666	-52.711746
667	-40.444603
668	-57.154745
669	-29.469441
670	-78.941160
671	-10.832659
672	-36.654393
673	-3.754756
674	-72.476464
675	-29.207202
676	-90.817697
677	-24.103784
678	-67.253903
679	-87.469425
680	-10.108927
681	-86.755527
682	-53.193783
683	-93.957113
684	-42.827647
685	-66.045602
686	-29.367787
687	-53.485370
688	-14.430423
689	-47.334482
690	-93.033205
691	-88.686176
692	-95.663120
693	-89.657203
694	-69.090965
695	-18.591429
696	-77.538453
697	-72.613353
698	-54.430068
699	-24.963016
700	-47.825246
701	-53.809361
702	-17.922908
703	-42.602811
704	-88.687266
705	-31.781739
706	-92.246368
707	-49.774866
708	-87.968899
709	-16.239344
710	-89.925599
711	-83.242219
712	-71.246278
713	-41.154306
714	-7.477977
715	-52.562797
716	-60.058458
717	-61.478812
718	-14.584856
719	-51.931813
720	-13.919012
721	-53.234088
722	-59.204593
723	-22.024111
724	-59.394675
725	-91.921006
726	-19.311351
727	-33.982078
728	-96.943405
729	-40.204150
730	-62.362120
731	-27.813483
732	-50.645952
733	-9.485119
734	-33.143489
735	-5.266575
736	-36.104435
737	-23.383982
738	-26.457072
739	-59.697505
740	-62.763477
741	-48.525290
742	-9.677918
743	-72.153228
744	-9.269186
745	-87.305564
746	-4.426979
747	-33.532611
748	-88.934633
749	-42.160458
750	-50.773925
751	-95.905143
752	-40.228000
753	-60.323721
754	-82.690599
755	-15.675322
756	-57.684033
757	-59.150170
758	-40.054846
759	-56.288048
760	-68.157378
761	-48.708738
762	-8.356817
763	-51.049568
764	-26.139733
765	-38.391157
766	-58.208981
767	-57.137407
768	-80.938644
769	-16.629905
770	-54.369845
771	-99.224193
772	-77.294104
773	-96.790441
774	-5.966014
775	-14.034410
776	-44.037064
777	-24.241189
778	-11.372033
779	-20.137563
780	-38.559202
781	-50.791383
782	-29.022303
783	-20.808479
784	-27.421388
785	-19.389366
786	-77.296175
787	-15.623305
788	-41.507597
789	-91.493255
790	-38.228812
791	-70.567536
792	-77.996746
793	-36.328472
794	-62.054893
795	-27.364522
796	-86.300009
797	-14.837087
798	-72.592822
799	-6.557210
800	-99.567250
801	-16.143014
802	-73.522143
803	-4.828026
804	-97.271182
805	-43.657321
806	-63.468906
807	-84.368761
808	-2.557372
809	-87.056052
810	-46.302470
811	-28.220815
812	-56.989394
813	-91.447631
814	-47.088890
815	-73.865298
816	-47.763990
817	-46.021234
818	-39.287562
819	-47.720192
820	-44.305261
821	-47.541392
822	-89.012440
823	-23.140850
824	-63.793893
825	-66.120472
826	-4.181338
827	-24.139315
828	-71.810353
829	-53.301073
830	-5.864895
831	-83.519660
832	-27.014512
833	-31.515701
834	-46.961340
835	-90.044467
836	-49.929034
837	-95.905074
838	-34.340063
839	-90.991398
840	-38.730261
841	-97.272803
842	-20.524278
843	-75.266466
844	-55.963903
845	-82.211098
846	-78.410584
847	-93.491583
848	-72.105977
849	-53.707331
850	-23.358537
851	-64.443880
852	-36.025230
853	-17.077776
854	-66.001667
855	-69.898428
856	-20.060461
857	-18.539179
858	-21.885919
859	-6.143138
860	-19.424316
861	-73.669578
862	-88.207788
863	-12.723653
864	-27.706988
865	-7.991174
866	-97.586596
867	-38.360046
868	-50.509969
869	-0.576854
870	-63.086281
871	-62.288090
872	-67.100288
873	-20.688009
874	-93.835425
875	-55.903362
876	-19.067214
877	-13.665220
878	-4.782218
879	-90.546623
880	-94.674220
881	-84.130645
882	-27.051898
883	-25.647662
884	-7.984943
885	-96.881107
886	-22.897227
887	-49.955646
888	-68.308193
889	-60.772443
890	-59.684377
891	-39.881907
892	-27.099852
893	-5.668800
894	-87.744918
895	-39.844563
896	-83.439245
897	-29.118445
898	-61.032030
899	-47.844882
900	-14.972790
901	-94.003272
902	-52.719779
903	-79.717777
904	-31.297042
905	-27.646689
906	-69.125286
907	-28.313258
908	-15.398673
909	-61.120089
910	-28.051002
911	-13.821926
912	-40.960353
913	-68.200294
914	-55.112377
915	-54.110481
916	-40.663651
917	-40.095258
918	-82.554578
919	-23.707903
920	-47.235754
921	-60.233791
922	-44.752141
923	-85.143020
924	-38.330476
925	-37.775113
926	-78.761944
927	-15.871122
928	-73.624733
929	-44.281184
930	-87.952998
931	-27.085512
932	-48.476350
933	-65.727110
934	-1.781963
935	-82.889708
936	-87.212558
937	-83.965547
938	-39.843519
939	-31.848510
940	-66.822994
941	-64.653731
942	-75.986170
943	-61.996876
944	-4.344376
945	-93.308028
946	-43.960501
947	-13.160392
948	-81.966794
949	-85.846528
950	-36.626876
951	-38.404525
952	-27.044750
953	-82.034128
954	-66.618705
955	-11.108033
956	-39.627594
957	-96.335173
958	-76.653675
959	-25.077455
960	-41.642066
961	-84.611284
962	-14.489135
963	-28.792959
964	-40.498987
965	-33.170712
966	-5.121682
967	-86.192348
968	-80.886753
969	-66.159590
970	-72.162394
971	-74.942919
972	-58.695532
973	-22.212454
974	-85.604628
975	-66.447321
976	-63.919042
977	-62.858013
978	-6.273243
979	-46.208843
980	-73.143942
981	-58.396152
982	-43.434455
983	-93.237267
984	-34.740087
985	-17.820885
986	-46.773786
987	-33.435036
988	-12.112371
989	-35.003434
990	-89.974828
991	-51.306990
992	-24.359370
993	-59.288096
994	-5.949638
995	-49.205809
996	-19.207001
997	-59.788925
998	-74.376723
999	-90.497632
1000	-14.920543
;

param: weight :=
1	48.983716
2	65.976926
3	3.153685
4	45.715211
5	94.249936
6	42.454312
7	99.846278
8	87.528564
9	5.026319
10	35.011715
11	27.856684
12	3.441581
13	36.665256
14	5.043347
15	2.034997
16	10.157028
17	13.840322
18	80.692082
19	36.959029
20	52.338001
21	93.149277
22	65.792113
23	76.868415
24	58.989660
25	94.915356
26	51.669027
27	53.934142
28	86.301321
29	18.804613
30	36.747159
31	89.251778
32	41.531773
33	35.990868
34	13.496985
35	80.878255
36	44.089486
37	37.922662
38	36.037109
39	33.222077
40	14.278556
41	77.509769
42	13.586752
43	99.847209
44	76.881344
45	8.902276
46	55.022089
47	12.633684
48	91.526654
49	39.710442
50	98.139785
51	20.286244
52	78.376824
53	70.836061
54	55.813948
55	59.468666
56	22.620733
57	85.441905
58	43.613114
59	78.463719
60	53.299059
61	89.173849
62	40.337448
63	79.873087
64	31.699602
65	69.928080
66	28.997216
67	43.177422
68	66.689367
69	19.007234
70	1.296264
71	93.398928
72	42.333608
73	26.018710
74	80.101462
75	30.789302
76	63.733256
77	80.657731
78	91.544703
79	63.240632
80	41.923325
81	48.224871
82	73.070356
83	71.727977
84	2.721851
85	39.841000
86	15.013706
87	38.053054
88	81.846041
89	13.417453
90	82.157210
91	49.508499
92	25.403717
93	25.316287
94	38.574472
95	7.720368
96	60.114455
97	38.268209
98	55.888844
99	42.414847
100	66.559297
101	86.996748
102	87.773400
103	52.280799
104	56.130225
105	79.234494
106	82.095758
107	18.810076
108	25.290553
109	7.196475
110	8.258752
111	3.062096
112	42.146707
113	7.298062
114	18.252603
115	71.785935
116	27.995822
117	41.899809
118	41.305216
119	29.631133
120	52.101176
121	77.405499
122	96.385019
123	70.728327
124	49.011375
125	49.192072
126	13.465086
127	40.544508
128	2.895835
129	90.360534
130	70.383497
131	24.622848
132	64.569820
133	59.623138
134	25.256574
135	2.347684
136	99.978440
137	1.211875
138	14.035608
139	7.708666
140	27.979993
141	26.889226
142	82.856300
143	26.782606
144	52.193728
145	23.017377
146	59.862274
147	36.015746
148	7.555569
149	31.505817
150	78.987751
151	54.747818
152	1.423284
153	23.359618
154	53.233644
155	39.794889
156	35.242568
157	78.196458
158	84.365038
159	6.188863
160	47.752143
161	1.324472
162	47.509021
163	2.235164
164	4.899539
165	63.864303
166	37.206128
167	93.990518
168	95.811337
169	25.076934
170	26.226578
171	50.792337
172	96.408171
173	62.165108
174	61.227941
175	53.099594
176	69.414987
177	61.972580
178	33.569744
179	10.962878
180	44.471839
181	99.439716
182	90.235073
183	35.525980
184	19.835953
185	33.372471
186	47.995127
187	9.032618
188	93.426094
189	74.633681
190	72.259746
191	79.656856
192	20.952311
193	2.990318
194	16.066236
195	16.190305
196	7.614989
197	19.620534
198	33.341908
199	37.686243
200	84.622117
201	35.650543
202	35.978164
203	18.280543
204	28.174875
205	91.070334
206	44.041264
207	58.352257
208	52.105024
209	84.938664
210	39.308627
211	46.689114
212	7.683972
213	7.005957
214	73.674126
215	92.172032
216	84.306263
217	82.236953
218	49.099457
219	26.384246
220	80.051781
221	9.914111
222	96.105057
223	54.407385
224	62.881316
225	55.775917
226	43.124760
227	64.788167
228	34.515512
229	41.568536
230	92.184458
231	31.671839
232	17.546888
233	4.301110
234	7.146733
235	47.187881
236	33.985929
237	67.437256
238	42.342013
239	53.073946
240	58.051197
241	66.733748
242	35.339405
243	58.596863
244	94.028543
245	27.934255
246	75.984508
247	72.438197
248	31.366597
249	23.682347
250	7.705749
251	11.112757
252	65.108901
253	27.738062
254	75.111420
255	61.878227
256	27.331281
257	2.790629
258	95.866413
259	90.333118
260	28.094655
261	76.574168
262	10.973792
263	85.561422
264	64.095469
265	49.618172
266	46.771681
267	23.304088
268	60.919836
269	3.640938
270	35.200137
271	25.110208
272	39.517622
273	52.103677
274	95.436316
275	95.935562
276	9.444223
277	4.102858
278	86.465305
279	92.220267
280	33.893755
281	54.288621
282	92.719293
283	50.681150
284	45.798843
285	77.933116
286	2.404287
287	10.413039
288	25.870328
289	9.934923
290	78.856913
291	35.697258
292	72.604640
293	43.965061
294	96.723219
295	47.361766
296	69.340621
297	15.163730
298	51.616002
299	12.768180
300	26.893059
301	28.993081
302	65.169101
303	92.504078
304	1.286152
305	93.447265
306	61.344953
307	52.187374
308	61.824247
309	34.478765
310	40.071796
311	13.318402
312	49.039048
313	30.492705
314	9.689720
315	76.620269
316	77.067447
317	80.918591
318	50.628613
319	69.254550
320	90.985626
321	85.070287
322	17.794232
323	43.050592
324	74.964592
325	60.305646
326	89.018948
327	33.026563
328	11.498848
329	49.323616
330	33.358857
331	99.787931
332	95.412409
333	51.984318
334	61.738184
335	42.802532
336	11.178784
337	40.524178
338	57.312425
339	16.037426
340	13.197799
341	7.800052
342	78.664830
343	36.043797
344	87.126331
345	64.037484
346	54.147778
347	47.071829
348	17.957735
349	89.670573
350	8.271422
351	69.724467
352	85.559647
353	5.242073
354	15.514212
355	85.207533
356	27.555377
357	86.517680
358	72.778627
359	53.415453
360	94.998674
361	13.136523
362	74.127306
363	52.805855
364	45.520062
365	94.252127
366	78.711885
367	93.347169
368	34.807340
369	31.483809
370	10.609528
371	70.927550
372	27.961437
373	34.528366
374	60.213388
375	50.460145
376	30.631829
377	92.380524
378	16.840250
379	92.786743
380	84.594127
381	63.790202
382	15.997198
383	68.502139
384	70.829174
385	28.221214
386	3.552751
387	60.385204
388	86.010251
389	42.441535
390	50.689266
391	2.720875
392	70.657639
393	83.893275
394	84.241498
395	91.089711
396	48.707356
397	25.306926
398	72.989279
399	4.882826
400	8.004953
401	31.116439
402	5.225540
403	40.861276
404	14.785955
405	39.261752
406	72.734192
407	84.039404
408	22.115596
409	81.693413
410	21.488473
411	70.962501
412	34.827522
413	64.819192
414	53.717793
415	45.981413
416	99.924767
417	33.667383
418	3.117740
419	2.418485
420	65.443547
421	81.480944
422	77.195387
423	66.450617
424	18.810563
425	96.911408
426	90.224986
427	40.199309
428	74.343136
429	69.242823
430	93.395983
431	23.189873
432	96.504502
433	8.396301
434	20.580802
435	93.263935
436	47.626818
437	27.581922
438	28.840297
439	31.816711
440	88.794390
441	57.025958
442	45.897335
443	55.921505
444	68.928602
445	16.047249
446	79.085908
447	23.840931
448	58.006259
449	99.467524
450	85.655701
451	41.258813
452	79.675034
453	82.059284
454	84.268757
455	40.176927
456	44.609511
457	15.474374
458	82.890986
459	16.676253
460	96.297022
461	73.614686
462	56.547530
463	18.964663
464	5.352609
465	46.875371
466	34.979950
467	51.704476
468	52.827039
469	49.941231
470	36.630708
471	45.899673
472	8.111495
473	94.390007
474	39.794358
475	13.300127
476	62.395765
477	87.349463
478	47.671449
479	18.800140
480	78.896842
481	66.412379
482	2.736897
483	1.226047
484	84.948851
485	58.310446
486	47.710250
487	15.530851
488	28.769665
489	70.641954
490	75.638905
491	61.554164
492	58.001596
493	15.222877
494	46.131972
495	44.692947
496	3.076805
497	56.065947
498	62.144180
499	96.225915
500	66.669414
501	10.737598
502	21.995214
503	71.440170
504	21.282450
505	27.127286
506	64.575581
507	91.467648
508	66.288552
509	71.319046
510	93.573594
511	10.107141
512	21.273251
513	59.293990
514	79.899083
515	68.536411
516	3.248044
517	84.616816
518	82.571660
519	97.431322
520	14.963261
521	82.123274
522	13.076131
523	80.514879
524	54.122079
525	82.658434
526	31.536077
527	41.850906
528	50.222741
529	14.536848
530	21.541553
531	30.324852
532	79.041448
533	25.645241
534	65.061776
535	66.959085
536	2.460625
537	65.931991
538	74.426668
539	70.053820
540	37.712811
541	41.340167
542	71.154079
543	94.489256
544	55.561542
545	72.920359
546	58.385210
547	30.387565
548	75.896657
549	51.960833
550	10.249237
551	33.439536
552	58.160918
553	70.491218
554	7.581300
555	14.991219
556	4.079214
557	70.729253
558	65.690106
559	7.425681
560	22.008517
561	16.171034
562	27.461197
563	18.252249
564	20.410023
565	32.973830
566	62.117958
567	86.905551
568	74.904504
569	28.795867
570	42.911622
571	26.329094
572	99.314552
573	80.977440
574	6.263310
575	22.709833
576	14.681565
577	2.677967
578	25.524662
579	26.813479
580	83.739313
581	12.183622
582	26.548899
583	63.007508
584	78.728136
585	38.092791
586	5.509240
587	39.191297
588	36.067772
589	95.525284
590	82.751306
591	93.737140
592	34.404396
593	15.373018
594	90.453700
595	75.515395
596	37.723249
597	22.838756
598	62.641427
599	3.859653
600	12.613084
601	54.757003
602	58.083663
603	1.261140
604	89.036386
605	42.562731
606	7.043199
607	69.284716
608	78.883092
609	87.969119
610	93.710291
611	75.135239
612	58.632937
613	88.138261
614	40.143756
615	70.202971
616	20.952214
617	28.680519
618	86.759374
619	60.912179
620	59.794069
621	3.617447
622	91.213692
623	11.764770
624	92.427732
625	13.234672
626	59.768340
627	30.430655
628	81.058626
629	36.258070
630	28.761365
631	80.292429
632	54.714625
633	44.988734
634	90.482501
635	47.972744
636	45.668443
637	36.954707
638	19.237645
639	21.855379
640	44.650221
641	39.184735
642	26.693470
643	79.953699
644	53.127356
645	19.183883
646	64.288566
647	30.768966
648	4.979227
649	69.313828
650	2.922029
651	54.730015
652	40.844947
653	6.306244
654	77.861287
655	13.584860
656	37.205544
657	45.835547
658	44.545076
659	9.357075
660	33.163183
661	19.733793
662	22.525082
663	60.412252
664	18.400322
665	40.410050
666	54.641597
667	93.160576
668	3.104971
669	50.575925
670	49.819098
671	66.541836
672	19.547644
673	37.378732
674	12.372482
675	46.103292
676	66.148732
677	14.542283
678	22.018000
679	72.045124
680	42.397215
681	18.358544
682	34.517174
683	56.854116
684	83.117631
685	73.828100
686	59.422637
687	36.411205
688	56.166184
689	20.504096
690	82.065566
691	76.689946
692	13.051663
693	80.717224
694	20.008105
695	78.093881
696	81.228774
697	86.758339
698	48.722788
699	60.896659
700	76.648604
701	78.958930
702	21.999503
703	93.993485
704	3.931262
705	27.421996
706	83.296838
707	67.603817
708	12.676706
709	4.253358
710	78.438152
711	64.655285
712	38.751512
713	28.308328
714	30.788239
715	63.885745
716	30.487384
717	21.133981
718	24.597691
719	23.414184
720	67.414722
721	3.588429
722	66.312118
723	88.085871
724	54.018999
725	77.747685
726	23.709846
727	98.259888
728	18.008358
729	33.811699
730	90.387039
731	53.074773
732	92.936544
733	35.198575
734	74.559635
735	17.727834
736	87.091717
737	91.009967
738	24.005269
739	76.691518
740	50.245484
741	60.478087
742	78.203476
743	24.571358
744	85.618862
745	27.724267
746	76.476328
747	69.362013
748	80.724836
749	35.923037
750	36.843410
751	83.022695
752	48.063365
753	86.004283
754	52.880640
755	36.909809
756	85.232939
757	79.299977
758	51.008086
759	97.736410
760	95.238566
761	73.040721
762	88.829566
763	50.941208
764	47.517467
765	96.205914
766	49.730887
767	84.694436
768	44.957756
769	62.104455
770	1.033669
771	98.949708
772	45.851931
773	35.459543
774	33.379103
775	97.090799
776	36.678626
777	52.965043
778	47.650724
779	57.806436
780	37.619911
781	79.580627
782	13.246924
783	70.305616
784	40.726581
785	54.212434
786	16.766760
787	75.887218
788	4.065963
789	44.071111
790	97.683465
791	84.086231
792	4.776916
793	40.674760
794	11.764370
795	90.965093
796	2.738571
797	78.483715
798	33.139027
799	45.961280
800	37.908839
801	48.876312
802	17.088394
803	26.003560
804	12.459866
805	59.770652
806	85.163293
807	29.766741
808	53.105352
809	82.888435
810	59.433724
811	78.438199
812	47.574789
813	55.078100
814	15.941840
815	14.577045
816	97.835098
817	3.450102
818	81.486144
819	17.908521
820	27.228863
821	16.086873
822	90.146127
823	94.059627
824	36.128117
825	49.034952
826	64.845943
827	98.118497
828	28.548208
829	62.594824
830	7.060923
831	42.185902
832	73.654326
833	97.468390
834	65.853541
835	26.437312
836	66.278215
837	39.631537
838	28.683427
839	49.542788
840	79.384089
841	14.200139
842	66.222811
843	85.450053
844	6.598822
845	43.593966
846	26.786182
847	76.415566
848	70.151073
849	4.664097
850	18.595825
851	63.047335
852	92.459023
853	19.632225
854	54.038568
855	38.779023
856	43.672807
857	65.199105
858	40.846476
859	15.388600
860	70.166873
861	89.823890
862	43.087824
863	23.695440
864	16.892988
865	94.232005
866	44.526258
867	23.307041
868	73.593021
869	36.693170
870	9.284471
871	68.686690
872	3.301245
873	94.501671
874	22.887484
875	33.874388
876	19.537942
877	9.604454
878	22.872334
879	50.753753
880	37.309980
881	78.941618
882	4.704359
883	37.563302
884	33.697003
885	13.271425
886	58.212347
887	38.575998
888	27.392374
889	85.456625
890	15.508665
891	91.737425
892	91.534297
893	3.503513
894	97.202688
895	16.829071
896	15.513895
897	33.497086
898	74.036557
899	35.855774
900	16.741729
901	28.800460
902	16.839032
903	71.731652
904	54.558733
905	59.883429
906	86.306388
907	35.388990
908	28.341883
909	22.750499
910	29.823332
911	90.492906
912	47.764654
913	10.653482
914	98.590447
915	34.601765
916	18.292578
917	37.348953
918	15.711569
919	27.681420
920	32.573795
921	17.197056
922	22.123577
923	39.233576
924	58.627990
925	38.894298
926	77.887900
927	1.501224
928	1.269181
929	21.372630
930	26.719646
931	83.736633
932	74.720140
933	92.899145
934	25.893065
935	38.402876
936	47.296359
937	6.202553
938	93.861590
939	80.760907
940	3.059873
941	88.526553
942	99.582288
943	68.437141
944	50.344995
945	96.786201
946	35.842578
947	95.907432
948	33.448902
949	26.668705
950	47.513054
951	74.516352
952	94.395272
953	62.867000
954	31.595581
955	30.471859
956	6.191516
957	87.551982
958	49.469356
959	53.255347
960	59.438131
961	51.768515
962	21.313409
963	18.082836
964	42.207000
965	54.942744
966	13.167494
967	7.757999
968	4.695243
969	88.829239
970	27.845862
971	37.516076
972	49.667525
973	94.332522
974	23.633262
975	36.369560
976	96.009117
977	10.657035
978	40.220021
979	74.875869
980	16.453357
981	76.871902
982	7.704728
983	24.925738
984	4.364869
985	32.923109
986	24.160311
987	96.102040
988	76.589675
989	36.034765
990	32.166203
991	54.756601
992	77.006968
993	91.361943
994	72.000500
995	33.247806
996	48.881753
997	78.166162
998	58.452364
999	41.161553
1000	31.540442
;

param: U :=
1	100.000000
2	100.000000
3	100.000000
4	100.000000
5	100.000000
6	100.000000
7	100.000000
8	100.000000
9	100.000000
10	100.000000
11	100.000000
12	100.000000
13	100.000000
14	100.000000
15	100.000000
16	100.000000
17	100.000000
18	100.000000
19	100.000000
20	100.000000
21	100.000000
22	100.000000
23	100.000000
24	100.000000
25	100.000000
26	100.000000
27	100.000000
28	100.000000
29	100.000000
30	100.000000
31	100.000000
32	100.000000
33	100.000000
34	100.000000
35	100.000000
36	100.000000
37	100.000000
38	100.000000
39	100.000000
40	100.000000
41	100.000000
42	100.000000
43	100.000000
44	100.000000
45	100.000000
46	100.000000
47	100.000000
48	100.000000
49	100.000000
50	100.000000
51	100.000000
52	100.000000
53	100.000000
54	100.000000
55	100.000000
56	100.000000
57	100.000000
58	100.000000
59	100.000000
60	100.000000
61	100.000000
62	100.000000
63	100.000000
64	100.000000
65	100.000000
66	100.000000
67	100.000000
68	100.000000
69	100.000000
70	100.000000
71	100.000000
72	100.000000
73	100.000000
74	100.000000
75	100.000000
76	100.000000
77	100.000000
78	100.000000
79	100.000000
80	100.000000
81	100.000000
82	100.000000
83	100.000000
84	100.000000
85	100.000000
86	100.000000
87	100.000000
88	100.000000
89	100.000000
90	100.000000
91	100.000000
92	100.000000
93	100.000000
94	100.000000
95	100.000000
96	100.000000
97	100.000000
98	100.000000
99	100.000000
100	100.000000
101	100.000000
102	100.000000
103	100.000000
104	100.000000
105	100.000000
106	100.000000
107	100.000000
108	100.000000
109	100.000000
110	100.000000
111	100.000000
112	100.000000
113	100.000000
114	100.000000
115	100.000000
116	100.000000
117	100.000000
118	100.000000
119	100.000000
120	100.000000
121	100.000000
122	100.000000
123	100.000000
124	100.000000
125	100.000000
126	100.000000
127	100.000000
128	100.000000
129	100.000000
130	100.000000
131	100.000000
132	100.000000
133	100.000000
134	100.000000
135	100.000000
136	100.000000
137	100.000000
138	100.000000
139	100.000000
140	100.000000
141	100.000000
142	100.000000
143	100.000000
144	100.000000
145	100.000000
146	100.000000
147	100.000000
148	100.000000
149	100.000000
150	100.000000
151	100.000000
152	100.000000
153	100.000000
154	100.000000
155	100.000000
156	100.000000
157	100.000000
158	100.000000
159	100.000000
160	100.000000
161	100.000000
162	100.000000
163	100.000000
164	100.000000
165	100.000000
166	100.000000
167	100.000000
168	100.000000
169	100.000000
170	100.000000
171	100.000000
172	100.000000
173	100.000000
174	100.000000
175	100.000000
176	100.000000
177	100.000000
178	100.000000
179	100.000000
180	100.000000
181	100.000000
182	100.000000
183	100.000000
184	100.000000
185	100.000000
186	100.000000
187	100.000000
188	100.000000
189	100.000000
190	100.000000
191	100.000000
192	100.000000
193	100.000000
194	100.000000
195	100.000000
196	100.000000
197	100.000000
198	100.000000
199	100.000000
200	100.000000
201	100.000000
202	100.000000
203	100.000000
204	100.000000
205	100.000000
206	100.000000
207	100.000000
208	100.000000
209	100.000000
210	100.000000
211	100.000000
212	100.000000
213	100.000000
214	100.000000
215	100.000000
216	100.000000
217	100.000000
218	100.000000
219	100.000000
220	100.000000
221	100.000000
222	100.000000
223	100.000000
224	100.000000
225	100.000000
226	100.000000
227	100.000000
228	100.000000
229	100.000000
230	100.000000
231	100.000000
232	100.000000
233	100.000000
234	100.000000
235	100.000000
236	100.000000
237	100.000000
238	100.000000
239	100.000000
240	100.000000
241	100.000000
242	100.000000
243	100.000000
244	100.000000
245	100.000000
246	100.000000
247	100.000000
248	100.000000
249	100.000000
250	100.000000
251	100.000000
252	100.000000
253	100.000000
254	100.000000
255	100.000000
256	100.000000
257	100.000000
258	100.000000
259	100.000000
260	100.000000
261	100.000000
262	100.000000
263	100.000000
264	100.000000
265	100.000000
266	100.000000
267	100.000000
268	100.000000
269	100.000000
270	100.000000
271	100.000000
272	100.000000
273	100.000000
274	100.000000
275	100.000000
276	100.000000
277	100.000000
278	100.000000
279	100.000000
280	100.000000
281	100.000000
282	100.000000
283	100.000000
284	100.000000
285	100.000000
286	100.000000
287	100.000000
288	100.000000
289	100.000000
290	100.000000
291	100.000000
292	100.000000
293	100.000000
294	100.000000
295	100.000000
296	100.000000
297	100.000000
298	100.000000
299	100.000000
300	100.000000
301	100.000000
302	100.000000
303	100.000000
304	100.000000
305	100.000000
306	100.000000
307	100.000000
308	100.000000
309	100.000000
310	100.000000
311	100.000000
312	100.000000
313	100.000000
314	100.000000
315	100.000000
316	100.000000
317	100.000000
318	100.000000
319	100.000000
320	100.000000
321	100.000000
322	100.000000
323	100.000000
324	100.000000
325	100.000000
326	100.000000
327	100.000000
328	100.000000
329	100.000000
330	100.000000
331	100.000000
332	100.000000
333	100.000000
334	100.000000
335	100.000000
336	100.000000
337	100.000000
338	100.000000
339	100.000000
340	100.000000
341	100.000000
342	100.000000
343	100.000000
344	100.000000
345	100.000000
346	100.000000
347	100.000000
348	100.000000
349	100.000000
350	100.000000
351	100.000000
352	100.000000
353	100.000000
354	100.000000
355	100.000000
356	100.000000
357	100.000000
358	100.000000
359	100.000000
360	100.000000
361	100.000000
362	100.000000
363	100.000000
364	100.000000
365	100.000000
366	100.000000
367	100.000000
368	100.000000
369	100.000000
370	100.000000
371	100.000000
372	100.000000
373	100.000000
374	100.000000
375	100.000000
376	100.000000
377	100.000000
378	100.000000
379	100.000000
380	100.000000
381	100.000000
382	100.000000
383	100.000000
384	100.000000
385	100.000000
386	100.000000
387	100.000000
388	100.000000
389	100.000000
390	100.000000
391	100.000000
392	100.000000
393	100.000000
394	100.000000
395	100.000000
396	100.000000
397	100.000000
398	100.000000
399	100.000000
400	100.000000
401	100.000000
402	100.000000
403	100.000000
404	100.000000
405	100.000000
406	100.000000
407	100.000000
408	100.000000
409	100.000000
410	100.000000
411	100.000000
412	100.000000
413	100.000000
414	100.000000
415	100.000000
416	100.000000
417	100.000000
418	100.000000
419	100.000000
420	100.000000
421	100.000000
422	100.000000
423	100.000000
424	100.000000
425	100.000000
426	100.000000
427	100.000000
428	100.000000
429	100.000000
430	100.000000
431	100.000000
432	100.000000
433	100.000000
434	100.000000
435	100.000000
436	100.000000
437	100.000000
438	100.000000
439	100.000000
440	100.000000
441	100.000000
442	100.000000
443	100.000000
444	100.000000
445	100.000000
446	100.000000
447	100.000000
448	100.000000
449	100.000000
450	100.000000
451	100.000000
452	100.000000
453	100.000000
454	100.000000
455	100.000000
456	100.000000
457	100.000000
458	100.000000
459	100.000000
460	100.000000
461	100.000000
462	100.000000
463	100.000000
464	100.000000
465	100.000000
466	100.000000
467	100.000000
468	100.000000
469	100.000000
470	100.000000
471	100.000000
472	100.000000
473	100.000000
474	100.000000
475	100.000000
476	100.000000
477	100.000000
478	100.000000
479	100.000000
480	100.000000
481	100.000000
482	100.000000
483	100.000000
484	100.000000
485	100.000000
486	100.000000
487	100.000000
488	100.000000
489	100.000000
490	100.000000
491	100.000000
492	100.000000
493	100.000000
494	100.000000
495	100.000000
496	100.000000
497	100.000000
498	100.000000
499	100.000000
500	100.000000
501	100.000000
502	100.000000
503	100.000000
504	100.000000
505	100.000000
506	100.000000
507	100.000000
508	100.000000
509	100.000000
510	100.000000
511	100.000000
512	100.000000
513	100.000000
514	100.000000
515	100.000000
516	100.000000
517	100.000000
518	100.000000
519	100.000000
520	100.000000
521	100.000000
522	100.000000
523	100.000000
524	100.000000
525	100.000000
526	100.000000
527	100.000000
528	100.000000
529	100.000000
530	100.000000
531	100.000000
532	100.000000
533	100.000000
534	100.000000
535	100.000000
536	100.000000
537	100.000000
538	100.000000
539	100.000000
540	100.000000
541	100.000000
542	100.000000
543	100.000000
544	100.000000
545	100.000000
546	100.000000
547	100.000000
548	100.000000
549	100.000000
550	100.000000
551	100.000000
552	100.000000
553	100.000000
554	100.000000
555	100.000000
556	100.000000
557	100.000000
558	100.000000
559	100.000000
560	100.000000
561	100.000000
562	100.000000
563	100.000000
564	100.000000
565	100.000000
566	100.000000
567	100.000000
568	100.000000
569	100.000000
570	100.000000
571	100.000000
572	100.000000
573	100.000000
574	100.000000
575	100.000000
576	100.000000
577	100.000000
578	100.000000
579	100.000000
580	100.000000
581	100.000000
582	100.000000
583	100.000000
584	100.000000
585	100.000000
586	100.000000
587	100.000000
588	100.000000
589	100.000000
590	100.000000
591	100.000000
592	100.000000
593	100.000000
594	100.000000
595	100.000000
596	100.000000
597	100.000000
598	100.000000
599	100.000000
600	100.000000
601	100.000000
602	100.000000
603	100.000000
604	100.000000
605	100.000000
606	100.000000
607	100.000000
608	100.000000
609	100.000000
610	100.000000
611	100.000000
612	100.000000
613	100.000000
614	100.000000
615	100.000000
616	100.000000
617	100.000000
618	100.000000
619	100.000000
620	100.000000
621	100.000000
622	100.000000
623	100.000000
624	100.000000
625	100.000000
626	100.000000
627	100.000000
628	100.000000
629	100.000000
630	100.000000
631	100.000000
632	100.000000
633	100.000000
634	100.000000
635	100.000000
636	100.000000
637	100.000000
638	100.000000
639	100.000000
640	100.000000
641	100.000000
642	100.000000
643	100.000000
644	100.000000
645	100.000000
646	100.000000
647	100.000000
648	100.000000
649	100.000000
650	100.000000
651	100.000000
652	100.000000
653	100.000000
654	100.000000
655	100.000000
656	100.000000
657	100.000000
658	100.000000
659	100.000000
660	100.000000
661	100.000000
662	100.000000
663	100.000000
664	100.000000
665	100.000000
666	100.000000
667	100.000000
668	100.000000
669	100.000000
670	100.000000
671	100.000000
672	100.000000
673	100.000000
674	100.000000
675	100.000000
676	100.000000
677	100.000000
678	100.000000
679	100.000000
680	100.000000
681	100.000000
682	100.000000
683	100.000000
684	100.000000
685	100.000000
686	100.000000
687	100.000000
688	100.000000
689	100.000000
690	100.000000
691	100.000000
692	100.000000
693	100.000000
694	100.000000
695	100.000000
696	100.000000
697	100.000000
698	100.000000
699	100.000000
700	100.000000
701	100.000000
702	100.000000
703	100.000000
704	100.000000
705	100.000000
706	100.000000
707	100.000000
708	100.000000
709	100.000000
710	100.000000
711	100.000000
712	100.000000
713	100.000000
714	100.000000
715	100.000000
716	100.000000
717	100.000000
718	100.000000
719	100.000000
720	100.000000
721	100.000000
722	100.000000
723	100.000000
724	100.000000
725	100.000000
726	100.000000
727	100.000000
728	100.000000
729	100.000000
730	100.000000
731	100.000000
732	100.000000
733	100.000000
734	100.000000
735	100.000000
736	100.000000
737	100.000000
738	100.000000
739	100.000000
740	100.000000
741	100.000000
742	100.000000
743	100.000000
744	100.000000
745	100.000000
746	100.000000
747	100.000000
748	100.000000
749	100.000000
750	100.000000
751	100.000000
752	100.000000
753	100.000000
754	100.000000
755	100.000000
756	100.000000
757	100.000000
758	100.000000
759	100.000000
760	100.000000
761	100.000000
762	100.000000
763	100.000000
764	100.000000
765	100.000000
766	100.000000
767	100.000000
768	100.000000
769	100.000000
770	100.000000
771	100.000000
772	100.000000
773	100.000000
774	100.000000
775	100.000000
776	100.000000
777	100.000000
778	100.000000
779	100.000000
780	100.000000
781	100.000000
782	100.000000
783	100.000000
784	100.000000
785	100.000000
786	100.000000
787	100.000000
788	100.000000
789	100.000000
790	100.000000
791	100.000000
792	100.000000
793	100.000000
794	100.000000
795	100.000000
796	100.000000
797	100.000000
798	100.000000
799	100.000000
800	100.000000
801	100.000000
802	100.000000
803	100.000000
804	100.000000
805	100.000000
806	100.000000
807	100.000000
808	100.000000
809	100.000000
810	100.000000
811	100.000000
812	100.000000
813	100.000000
814	100.000000
815	100.000000
816	100.000000
817	100.000000
818	100.000000
819	100.000000
820	100.000000
821	100.000000
822	100.000000
823	100.000000
824	100.000000
825	100.000000
826	100.000000
827	100.000000
828	100.000000
829	100.000000
830	100.000000
831	100.000000
832	100.000000
833	100.000000
834	100.000000
835	100.000000
836	100.000000
837	100.000000
838	100.000000
839	100.000000
840	100.000000
841	100.000000
842	100.000000
843	100.000000
844	100.000000
845	100.000000
846	100.000000
847	100.000000
848	100.000000
849	100.000000
850	100.000000
851	100.000000
852	100.000000
853	100.000000
854	100.000000
855	100.000000
856	100.000000
857	100.000000
858	100.000000
859	100.000000
860	100.000000
861	100.000000
862	100.000000
863	100.000000
864	100.000000
865	100.000000
866	100.000000
867	100.000000
868	100.000000
869	100.000000
870	100.000000
871	100.000000
872	100.000000
873	100.000000
874	100.000000
875	100.000000
876	100.000000
877	100.000000
878	100.000000
879	100.000000
880	100.000000
881	100.000000
882	100.000000
883	100.000000
884	100.000000
885	100.000000
886	100.000000
887	100.000000
888	100.000000
889	100.000000
890	100.000000
891	100.000000
892	100.000000
893	100.000000
894	100.000000
895	100.000000
896	100.000000
897	100.000000
898	100.000000
899	100.000000
900	100.000000
901	100.000000
902	100.000000
903	100.000000
904	100.000000
905	100.000000
906	100.000000
907	100.000000
908	100.000000
909	100.000000
910	100.000000
911	100.000000
912	100.000000
913	100.000000
914	100.000000
915	100.000000
916	100.000000
917	100.000000
918	100.000000
919	100.000000
920	100.000000
921	100.000000
922	100.000000
923	100.000000
924	100.000000
925	100.000000
926	100.000000
927	100.000000
928	100.000000
929	100.000000
930	100.000000
931	100.000000
932	100.000000
933	100.000000
934	100.000000
935	100.000000
936	100.000000
937	100.000000
938	100.000000
939	100.000000
940	100.000000
941	100.000000
942	100.000000
943	100.000000
944	100.000000
945	100.000000
946	100.000000
947	100.000000
948	100.000000
949	100.000000
950	100.000000
951	100.000000
952	100.000000
953	100.000000
954	100.000000
955	100.000000
956	100.000000
957	100.000000
958	100.000000
959	100.000000
960	100.000000
961	100.000000
962	100.000000
963	100.000000
964	100.000000
965	100.000000
966	100.000000
967	100.000000
968	100.000000
969	100.000000
970	100.000000
971	100.000000
972	100.000000
973	100.000000
974	100.000000
975	100.000000
976	100.000000
977	100.000000
978	100.000000
979	100.000000
980	100.000000
981	100.000000
982	100.000000
983	100.000000
984	100.000000
985	100.000000
986	100.000000
987	100.000000
988	100.000000
989	100.000000
990	100.000000
991	100.000000
992	100.000000
993	100.000000
994	100.000000
995	100.000000
996	100.000000
997	100.000000
998	100.000000
999	100.000000
1000	100.000000
;

