# seed = 1254829604

param N := 1000;

param M := 2;

param Umax := 100.000000;

param: C :=
1	1689136.000000
2	797014.000000
;

param: a :=
1	0.142128
2	0.164599
3	0.116613
4	0.171527
5	0.194461
6	0.102887
7	0.120780
8	0.108262
9	0.183737
10	0.109108
11	0.134360
12	0.116204
13	0.180075
14	0.194620
15	0.137520
16	0.193493
17	0.114491
18	0.145565
19	0.145486
20	0.118379
21	0.197061
22	0.135390
23	0.181055
24	0.154609
25	0.150999
26	0.154758
27	0.178144
28	0.102972
29	0.127467
30	0.179724
31	0.119932
32	0.170069
33	0.191212
34	0.195638
35	0.109269
36	0.105811
37	0.108905
38	0.183666
39	0.187523
40	0.133708
41	0.163695
42	0.137406
43	0.194877
44	0.172483
45	0.126897
46	0.106787
47	0.181781
48	0.156272
49	0.199881
50	0.158820
51	0.167363
52	0.196971
53	0.197235
54	0.100829
55	0.147516
56	0.103977
57	0.117405
58	0.154246
59	0.177701
60	0.138634
61	0.101506
62	0.101182
63	0.140385
64	0.149419
65	0.168699
66	0.107061
67	0.147879
68	0.108353
69	0.118139
70	0.128338
71	0.115218
72	0.117431
73	0.102408
74	0.152927
75	0.135221
76	0.172996
77	0.197502
78	0.102188
79	0.140662
80	0.123934
81	0.114814
82	0.163355
83	0.138697
84	0.153120
85	0.138850
86	0.109192
87	0.125040
88	0.152028
89	0.102490
90	0.107029
91	0.195084
92	0.172903
93	0.122128
94	0.155500
95	0.164301
96	0.144453
97	0.140611
98	0.141573
99	0.174185
100	0.148465
101	0.140692
102	0.179353
103	0.122545
104	0.140785
105	0.199847
106	0.176270
107	0.162207
108	0.161178
109	0.104184
110	0.102688
111	0.105698
112	0.193850
113	0.107602
114	0.129204
115	0.154770
116	0.165064
117	0.163239
118	0.192485
119	0.126931
120	0.146016
121	0.143411
122	0.188953
123	0.106210
124	0.119350
125	0.129901
126	0.170947
127	0.144476
128	0.174445
129	0.154896
130	0.179622
131	0.116387
132	0.126992
133	0.138562
134	0.110721
135	0.134922
136	0.141684
137	0.158221
138	0.144744
139	0.139528
140	0.119745
141	0.112468
142	0.173313
143	0.186312
144	0.110423
145	0.128579
146	0.157614
147	0.126736
148	0.165150
149	0.120861
150	0.111334
151	0.166447
152	0.114030
153	0.141905
154	0.123069
155	0.133622
156	0.129119
157	0.150435
158	0.177663
159	0.123871
160	0.109157
161	0.192561
162	0.159907
163	0.160931
164	0.108958
165	0.192950
166	0.193690
167	0.185343
168	0.165067
169	0.146837
170	0.176580
171	0.177780
172	0.123448
173	0.160429
174	0.195349
175	0.160121
176	0.118997
177	0.131935
178	0.134510
179	0.141498
180	0.196752
181	0.173323
182	0.118877
183	0.194290
184	0.199113
185	0.118864
186	0.102606
187	0.112472
188	0.153664
189	0.141871
190	0.190401
191	0.106822
192	0.137490
193	0.128386
194	0.147399
195	0.103188
196	0.161105
197	0.146013
198	0.134855
199	0.173313
200	0.142657
201	0.121685
202	0.197447
203	0.134051
204	0.121749
205	0.110310
206	0.110378
207	0.144309
208	0.171468
209	0.158840
210	0.103104
211	0.112751
212	0.107475
213	0.186814
214	0.167356
215	0.115365
216	0.133274
217	0.172911
218	0.194908
219	0.102582
220	0.173701
221	0.176723
222	0.140385
223	0.103537
224	0.135232
225	0.189715
226	0.115335
227	0.146026
228	0.181059
229	0.100173
230	0.185820
231	0.115940
232	0.110927
233	0.100347
234	0.110281
235	0.164731
236	0.133637
237	0.197686
238	0.186714
239	0.161483
240	0.141290
241	0.196848
242	0.126507
243	0.101519
244	0.131548
245	0.136926
246	0.152190
247	0.123642
248	0.139941
249	0.199520
250	0.147189
251	0.154808
252	0.141395
253	0.178654
254	0.103532
255	0.127373
256	0.175669
257	0.174208
258	0.193973
259	0.191717
260	0.199565
261	0.172764
262	0.122918
263	0.183300
264	0.125498
265	0.111212
266	0.111165
267	0.135381
268	0.143587
269	0.140043
270	0.182493
271	0.171244
272	0.122969
273	0.162885
274	0.192407
275	0.146010
276	0.134247
277	0.172304
278	0.138179
279	0.186230
280	0.163572
281	0.117729
282	0.103290
283	0.147483
284	0.123837
285	0.183187
286	0.180176
287	0.192689
288	0.105305
289	0.134030
290	0.162377
291	0.133176
292	0.157126
293	0.119090
294	0.106003
295	0.162516
296	0.194240
297	0.106501
298	0.125720
299	0.104590
300	0.195615
301	0.130187
302	0.175998
303	0.143053
304	0.130154
305	0.186535
306	0.113111
307	0.117365
308	0.149498
309	0.173423
310	0.116088
311	0.156931
312	0.164869
313	0.130129
314	0.120899
315	0.155520
316	0.176067
317	0.118960
318	0.161324
319	0.131578
320	0.164160
321	0.121834
322	0.136368
323	0.179327
324	0.105914
325	0.161516
326	0.199109
327	0.162543
328	0.166419
329	0.114335
330	0.143772
331	0.165289
332	0.131984
333	0.148153
334	0.113055
335	0.156692
336	0.163419
337	0.127413
338	0.100501
339	0.134906
340	0.173471
341	0.189447
342	0.128789
343	0.140663
344	0.163115
345	0.146674
346	0.139449
347	0.178989
348	0.116452
349	0.165103
350	0.191578
351	0.186431
352	0.177044
353	0.128672
354	0.110241
355	0.121851
356	0.175763
357	0.150442
358	0.175653
359	0.171582
360	0.144942
361	0.145043
362	0.113593
363	0.144069
364	0.104163
365	0.164078
366	0.122385
367	0.176699
368	0.125452
369	0.126914
370	0.131782
371	0.197533
372	0.195088
373	0.105667
374	0.175333
375	0.109665
376	0.199946
377	0.170166
378	0.167950
379	0.115985
380	0.194204
381	0.115124
382	0.113649
383	0.178479
384	0.131192
385	0.150157
386	0.168417
387	0.163543
388	0.119942
389	0.119422
390	0.154200
391	0.197030
392	0.100347
393	0.189598
394	0.158806
395	0.190473
396	0.145782
397	0.134261
398	0.188959
399	0.198469
400	0.180627
401	0.168442
402	0.187143
403	0.199079
404	0.188169
405	0.135518
406	0.101531
407	0.174490
408	0.161182
409	0.140603
410	0.197498
411	0.195574
412	0.188918
413	0.191873
414	0.123919
415	0.128275
416	0.143331
417	0.136199
418	0.156902
419	0.148799
420	0.172658
421	0.176376
422	0.168442
423	0.101871
424	0.160503
425	0.152831
426	0.136220
427	0.169876
428	0.191757
429	0.123718
430	0.191550
431	0.166249
432	0.138671
433	0.106138
434	0.128310
435	0.118430
436	0.109796
437	0.150947
438	0.114825
439	0.183324
440	0.134287
441	0.101798
442	0.139036
443	0.173107
444	0.173898
445	0.111049
446	0.106198
447	0.175395
448	0.110834
449	0.121072
450	0.174112
451	0.123153
452	0.183555
453	0.169235
454	0.165006
455	0.116217
456	0.141771
457	0.176074
458	0.111897
459	0.180285
460	0.194543
461	0.103791
462	0.176924
463	0.184856
464	0.134551
465	0.103377
466	0.108944
467	0.170802
468	0.108123
469	0.151578
470	0.119116
471	0.126175
472	0.127556
473	0.147751
474	0.162955
475	0.140087
476	0.123696
477	0.199796
478	0.127948
479	0.110125
480	0.112660
481	0.181430
482	0.105941
483	0.192234
484	0.100023
485	0.107706
486	0.186946
487	0.107194
488	0.147517
489	0.124474
490	0.116162
491	0.142969
492	0.179008
493	0.194917
494	0.169706
495	0.179234
496	0.197046
497	0.101134
498	0.169379
499	0.154748
500	0.183722
501	0.100663
502	0.151820
503	0.188260
504	0.148493
505	0.115483
506	0.149828
507	0.194457
508	0.130061
509	0.166325
510	0.169354
511	0.130917
512	0.163959
513	0.171322
514	0.175610
515	0.195369
516	0.170633
517	0.136647
518	0.126747
519	0.121876
520	0.153202
521	0.149822
522	0.174518
523	0.155822
524	0.152487
525	0.147252
526	0.125398
527	0.136960
528	0.191239
529	0.197050
530	0.147528
531	0.187807
532	0.169528
533	0.101619
534	0.152164
535	0.175411
536	0.152410
537	0.149680
538	0.143772
539	0.148494
540	0.148446
541	0.177415
542	0.125483
543	0.127103
544	0.149823
545	0.197131
546	0.149424
547	0.123747
548	0.153063
549	0.125296
550	0.121439
551	0.160638
552	0.166703
553	0.123843
554	0.150653
555	0.165343
556	0.171927
557	0.151645
558	0.195155
559	0.113475
560	0.100944
561	0.127215
562	0.181029
563	0.104382
564	0.191659
565	0.124931
566	0.174784
567	0.164711
568	0.106047
569	0.114267
570	0.176577
571	0.152178
572	0.117354
573	0.131438
574	0.189279
575	0.195879
576	0.180711
577	0.168336
578	0.127167
579	0.168586
580	0.103959
581	0.136032
582	0.146958
583	0.132942
584	0.124321
585	0.126064
586	0.191313
587	0.185574
588	0.176900
589	0.170184
590	0.175524
591	0.178389
592	0.161933
593	0.106670
594	0.119496
595	0.116258
596	0.180809
597	0.166807
598	0.188911
599	0.135366
600	0.118613
601	0.183336
602	0.135948
603	0.194876
604	0.110764
605	0.168928
606	0.168657
607	0.165787
608	0.111620
609	0.116549
610	0.148148
611	0.134514
612	0.183231
613	0.132815
614	0.127421
615	0.116227
616	0.191359
617	0.155298
618	0.187182
619	0.184115
620	0.170572
621	0.184880
622	0.182352
623	0.154380
624	0.120913
625	0.194491
626	0.170622
627	0.159403
628	0.195293
629	0.140727
630	0.183017
631	0.121717
632	0.149205
633	0.144280
634	0.194101
635	0.168745
636	0.161574
637	0.170958
638	0.122075
639	0.134889
640	0.130549
641	0.168085
642	0.143539
643	0.172591
644	0.117355
645	0.171777
646	0.120594
647	0.153662
648	0.123546
649	0.156067
650	0.110264
651	0.167451
652	0.102168
653	0.104249
654	0.165223
655	0.109090
656	0.179426
657	0.102958
658	0.178699
659	0.114944
660	0.122837
661	0.100689
662	0.143111
663	0.168810
664	0.179356
665	0.162844
666	0.152294
667	0.141761
668	0.193433
669	0.174945
670	0.106997
671	0.161529
672	0.114527
673	0.178940
674	0.199037
675	0.156243
676	0.161932
677	0.191133
678	0.159110
679	0.154592
680	0.128642
681	0.131238
682	0.191952
683	0.147009
684	0.152788
685	0.185472
686	0.146349
687	0.100357
688	0.112855
689	0.190897
690	0.130722
691	0.166287
692	0.128483
693	0.144401
694	0.123034
695	0.169380
696	0.106566
697	0.193751
698	0.192113
699	0.163180
700	0.112895
701	0.185390
702	0.194363
703	0.127934
704	0.128594
705	0.104572
706	0.166749
707	0.121598
708	0.107082
709	0.185639
710	0.116758
711	0.135957
712	0.175748
713	0.196044
714	0.143662
715	0.108337
716	0.156593
717	0.161176
718	0.115341
719	0.182977
720	0.138800
721	0.161693
722	0.195769
723	0.192759
724	0.168843
725	0.103420
726	0.119065
727	0.108605
728	0.132859
729	0.102606
730	0.156508
731	0.186253
732	0.147098
733	0.161973
734	0.117975
735	0.197561
736	0.194634
737	0.141968
738	0.118797
739	0.128306
740	0.106123
741	0.109714
742	0.167167
743	0.152211
744	0.110196
745	0.156162
746	0.164400
747	0.198198
748	0.135755
749	0.101484
750	0.126852
751	0.129600
752	0.155691
753	0.134043
754	0.192931
755	0.151360
756	0.177294
757	0.170398
758	0.175033
759	0.180152
760	0.142449
761	0.180530
762	0.138480
763	0.180606
764	0.176972
765	0.186904
766	0.123547
767	0.137021
768	0.197918
769	0.131467
770	0.109718
771	0.182233
772	0.126803
773	0.123652
774	0.154832
775	0.114501
776	0.172432
777	0.161430
778	0.195808
779	0.137089
780	0.182030
781	0.130509
782	0.198186
783	0.158817
784	0.137879
785	0.132279
786	0.107476
787	0.174777
788	0.185335
789	0.197212
790	0.153010
791	0.100907
792	0.152581
793	0.163037
794	0.171438
795	0.194372
796	0.170702
797	0.170440
798	0.157840
799	0.110533
800	0.138698
801	0.109421
802	0.136016
803	0.102410
804	0.191118
805	0.105952
806	0.121296
807	0.173405
808	0.132729
809	0.117721
810	0.142775
811	0.116007
812	0.156489
813	0.164212
814	0.128412
815	0.141475
816	0.172187
817	0.180086
818	0.159890
819	0.144042
820	0.126770
821	0.197608
822	0.175615
823	0.100602
824	0.101619
825	0.129928
826	0.115485
827	0.134591
828	0.141592
829	0.122302
830	0.123630
831	0.182751
832	0.160029
833	0.143135
834	0.150627
835	0.102178
836	0.160057
837	0.191529
838	0.143375
839	0.183966
840	0.182350
841	0.109783
842	0.164620
843	0.167882
844	0.188032
845	0.150821
846	0.141904
847	0.133189
848	0.153549
849	0.150991
850	0.157976
851	0.136603
852	0.108594
853	0.199447
854	0.195641
855	0.199258
856	0.136531
857	0.106245
858	0.177831
859	0.170661
860	0.137460
861	0.166442
862	0.186572
863	0.183657
864	0.175247
865	0.111394
866	0.172225
867	0.166810
868	0.186512
869	0.130464
870	0.114863
871	0.176303
872	0.169785
873	0.123754
874	0.137521
875	0.124729
876	0.125417
877	0.107979
878	0.189207
879	0.121609
880	0.141948
881	0.198510
882	0.198136
883	0.148504
884	0.106558
885	0.182596
886	0.112565
887	0.138736
888	0.122226
889	0.110029
890	0.139970
891	0.148239
892	0.117301
893	0.149262
894	0.187266
895	0.176907
896	0.114306
897	0.142422
898	0.156549
899	0.104835
900	0.153072
901	0.128850
902	0.167613
903	0.107243
904	0.165327
905	0.103751
906	0.161026
907	0.151252
908	0.161628
909	0.166009
910	0.123039
911	0.122538
912	0.115331
913	0.105292
914	0.120420
915	0.116216
916	0.132247
917	0.189664
918	0.188905
919	0.172292
920	0.132611
921	0.163476
922	0.152672
923	0.146189
924	0.186662
925	0.164915
926	0.194079
927	0.164524
928	0.151472
929	0.129244
930	0.181040
931	0.180012
932	0.152863
933	0.136281
934	0.175033
935	0.104173
936	0.128336
937	0.115590
938	0.185202
939	0.160421
940	0.168538
941	0.147006
942	0.104343
943	0.109937
944	0.194040
945	0.167030
946	0.133569
947	0.103557
948	0.120250
949	0.199186
950	0.175513
951	0.128556
952	0.134967
953	0.106026
954	0.177622
955	0.161127
956	0.121875
957	0.137829
958	0.138368
959	0.183974
960	0.159692
961	0.150786
962	0.148025
963	0.195755
964	0.139224
965	0.187036
966	0.121896
967	0.175537
968	0.106721
969	0.170404
970	0.165226
971	0.145875
972	0.133397
973	0.103208
974	0.119222
975	0.145247
976	0.182620
977	0.100929
978	0.110112
979	0.141725
980	0.144785
981	0.135270
982	0.118409
983	0.132117
984	0.183770
985	0.167658
986	0.159844
987	0.110378
988	0.155646
989	0.187661
990	0.191040
991	0.126487
992	0.165920
993	0.101277
994	0.197810
995	0.149079
996	0.127127
997	0.176862
998	0.118104
999	0.165502
1000	0.128757
;

param: b :=
1	48.578375
2	12.060062
3	91.525703
4	18.850999
5	30.767385
6	85.351883
7	78.351994
8	66.922666
9	28.616593
10	49.867560
11	4.802882
12	12.638408
13	82.304046
14	25.343723
15	57.822215
16	24.123930
17	74.233110
18	89.922720
19	17.287579
20	67.320181
21	7.449436
22	56.518342
23	35.911215
24	65.889213
25	96.717943
26	3.128445
27	11.531523
28	12.762411
29	30.616756
30	52.700860
31	30.276099
32	95.079088
33	84.951544
34	74.691203
35	54.179415
36	59.087059
37	42.572929
38	79.625424
39	93.032441
40	4.242579
41	18.062757
42	24.375120
43	51.282361
44	47.182589
45	37.978931
46	31.989412
47	9.924740
48	4.322012
49	7.661212
50	61.952563
51	26.181115
52	16.185799
53	29.578456
54	12.353177
55	53.574308
56	4.318263
57	89.700629
58	64.763302
59	7.933309
60	50.870078
61	86.966504
62	38.281351
63	23.583523
64	24.414937
65	42.404693
66	49.471729
67	84.934422
68	7.199554
69	85.520989
70	17.876764
71	53.176257
72	65.324973
73	8.625741
74	86.649783
75	28.586431
76	0.520054
77	68.318823
78	39.918457
79	18.081996
80	27.277009
81	80.997495
82	5.116969
83	75.778781
84	79.057505
85	85.689122
86	72.074079
87	7.034663
88	54.706950
89	44.425128
90	82.146930
91	84.063218
92	17.089135
93	85.258938
94	73.004613
95	2.262230
96	80.092288
97	39.889505
98	26.376913
99	67.978330
100	46.029482
101	44.083118
102	8.303292
103	33.400255
104	73.486390
105	79.846275
106	20.165940
107	78.921159
108	89.623658
109	80.961427
110	37.967142
111	15.786507
112	69.282519
113	72.462894
114	12.810580
115	84.462280
116	73.271584
117	57.123743
118	80.564028
119	7.740771
120	42.567259
121	73.143719
122	60.664021
123	71.803504
124	3.693111
125	65.699943
126	39.200345
127	86.542150
128	40.737143
129	97.653772
130	43.459297
131	48.604286
132	98.906300
133	93.098600
134	43.724862
135	8.423541
136	35.648113
137	70.625218
138	33.140900
139	64.294928
140	78.828890
141	40.286758
142	86.974602
143	7.525603
144	34.011649
145	47.442768
146	23.185383
147	47.382180
148	40.828670
149	83.423768
150	43.122051
151	86.728445
152	48.100371
153	35.144364
154	75.892655
155	23.577395
156	42.615669
157	2.270085
158	62.943640
159	32.921949
160	77.336614
161	86.268105
162	78.108351
163	9.740143
164	26.087274
165	73.685495
166	8.603706
167	5.808411
168	48.880756
169	86.163477
170	71.995520
171	91.128562
172	21.496352
173	14.080667
174	73.013219
175	75.091811
176	54.627928
177	57.452357
178	50.879067
179	94.117938
180	77.399938
181	8.808232
182	76.729865
183	60.936965
184	72.735045
185	47.366066
186	9.313032
187	51.006501
188	12.094898
189	89.437470
190	54.839563
191	48.511674
192	9.970492
193	56.777934
194	48.858135
195	74.739594
196	95.622747
197	68.324416
198	91.576149
199	33.627031
200	59.372854
201	7.935832
202	16.233618
203	28.764989
204	42.688604
205	80.721373
206	45.627217
207	9.742363
208	8.735968
209	14.299179
210	26.650469
211	87.841595
212	4.685583
213	3.851469
214	16.593803
215	7.300530
216	38.722321
217	10.845750
218	95.166242
219	18.161279
220	72.422946
221	12.942993
222	21.137864
223	52.148433
224	2.540511
225	47.652662
226	21.976582
227	71.938668
228	14.594462
229	71.879303
230	65.483767
231	10.540691
232	83.324086
233	82.095429
234	13.903556
235	91.395352
236	96.531278
237	31.629842
238	66.819862
239	67.853612
240	22.242795
241	76.919783
242	84.609503
243	11.323973
244	16.131095
245	75.972946
246	63.200958
247	63.639258
248	55.009428
249	25.622505
250	62.997259
251	18.151551
252	58.489032
253	75.213827
254	70.903693
255	2.273346
256	54.533495
257	1.648276
258	69.063039
259	75.890506
260	84.169031
261	85.663083
262	69.062190
263	93.846140
264	31.183743
265	83.652290
266	6.625821
267	61.686017
268	47.494013
269	74.428570
270	83.091961
271	84.282701
272	86.719598
273	6.808067
274	57.051190
275	56.591729
276	89.481778
277	48.313715
278	53.952243
279	99.033815
280	15.964298
281	88.459900
282	74.584168
283	72.871782
284	32.496123
285	20.654430
286	78.946674
287	67.454644
288	85.082842
289	37.718101
290	57.834567
291	3.371995
292	81.030876
293	9.990394
294	34.251002
295	22.408678
296	83.415804
297	91.947945
298	76.539676
299	42.503161
300	8.804117
301	34.997817
302	86.631380
303	96.739940
304	75.744879
305	8.576677
306	85.982019
307	48.997472
308	12.954369
309	32.002367
310	40.927912
311	95.316750
312	11.702466
313	2.416049
314	73.087711
315	22.342848
316	71.542028
317	90.770614
318	37.320435
319	63.118715
320	31.988405
321	72.007095
322	91.941098
323	29.373081
324	16.291377
325	38.557498
326	50.464181
327	80.739310
328	2.161711
329	44.749473
330	36.801028
331	44.433407
332	76.797749
333	76.161926
334	53.529732
335	15.944668
336	42.412564
337	44.716003
338	41.734774
339	29.854877
340	64.403667
341	74.280875
342	16.567652
343	39.834617
344	10.926783
345	97.224124
346	51.660967
347	99.391856
348	89.736414
349	72.448598
350	68.928846
351	29.571773
352	48.363994
353	69.008898
354	88.654064
355	44.452913
356	55.421550
357	55.995149
358	55.957074
359	63.746964
360	39.523871
361	86.484661
362	13.693680
363	83.230416
364	87.613204
365	89.019124
366	24.004944
367	92.030907
368	53.619046
369	75.270771
370	70.329926
371	13.960165
372	6.352487
373	29.612554
374	6.242806
375	45.902203
376	11.083988
377	72.323650
378	42.039309
379	90.645947
380	36.689218
381	27.126154
382	27.785607
383	66.213854
384	21.355818
385	9.820357
386	68.926078
387	61.221134
388	78.772607
389	15.933862
390	25.514387
391	59.562289
392	62.427348
393	71.755941
394	23.053865
395	95.074261
396	85.707370
397	33.507207
398	63.778887
399	81.768252
400	27.020390
401	86.751554
402	90.667049
403	36.316114
404	42.712400
405	76.582630
406	59.892457
407	77.906970
408	59.379532
409	64.226382
410	89.424198
411	96.543755
412	13.755795
413	35.224905
414	95.977660
415	77.981710
416	23.523492
417	99.597650
418	69.236984
419	84.477158
420	73.845339
421	67.773558
422	45.059658
423	73.302226
424	39.865733
425	34.880747
426	90.685932
427	27.847194
428	27.523198
429	10.950069
430	32.901984
431	67.239635
432	19.416079
433	67.199463
434	95.853203
435	26.662741
436	47.909210
437	9.824670
438	43.483368
439	96.916581
440	10.367419
441	6.520868
442	27.476694
443	21.946841
444	17.489999
445	69.658099
446	53.342704
447	4.862409
448	54.406551
449	94.730075
450	75.846385
451	55.402936
452	34.536535
453	21.033634
454	28.023022
455	36.097780
456	37.681343
457	79.809327
458	91.467395
459	8.932745
460	87.754113
461	1.570303
462	89.937867
463	66.891020
464	34.191164
465	57.520379
466	56.058902
467	66.879209
468	86.604516
469	95.800501
470	12.531762
471	88.764007
472	17.940915
473	66.380916
474	98.856873
475	19.516298
476	3.516693
477	2.157905
478	74.639408
479	82.037788
480	20.988604
481	15.412953
482	10.727594
483	15.765435
484	97.850087
485	39.244716
486	56.964835
487	40.004735
488	21.578553
489	43.080462
490	13.364974
491	61.356883
492	44.090140
493	4.469445
494	90.136844
495	31.942951
496	48.709766
497	50.848488
498	61.870613
499	26.922875
500	67.123364
501	4.642365
502	81.773411
503	11.603905
504	21.356528
505	55.323423
506	62.820492
507	10.171818
508	52.812902
509	4.220556
510	55.319102
511	41.174099
512	61.030524
513	78.280629
514	94.253820
515	18.606757
516	39.609383
517	79.104074
518	11.824115
519	81.160892
520	78.196247
521	80.656747
522	34.889655
523	91.915682
524	89.043600
525	25.699489
526	74.382357
527	14.826926
528	60.562997
529	37.583617
530	11.718447
531	46.385349
532	93.248443
533	12.970537
534	33.184771
535	63.187874
536	30.687359
537	29.141349
538	60.449374
539	87.338791
540	73.738747
541	83.436147
542	82.354831
543	9.300878
544	47.080317
545	88.557610
546	95.007187
547	89.307512
548	52.294792
549	77.448829
550	27.949304
551	79.242296
552	30.201116
553	74.320744
554	63.374648
555	77.556429
556	7.998583
557	60.402734
558	74.917924
559	39.808994
560	95.529492
561	19.714049
562	90.311729
563	16.306601
564	68.888977
565	76.515754
566	25.687811
567	15.494547
568	71.086711
569	24.700345
570	56.405655
571	0.948080
572	51.626351
573	98.986717
574	37.258262
575	27.738047
576	24.510887
577	0.212061
578	81.652602
579	9.985136
580	13.265379
581	59.969046
582	99.020467
583	64.185006
584	61.584624
585	21.587176
586	44.938028
587	5.800199
588	87.007043
589	42.255616
590	41.771836
591	11.724575
592	19.818468
593	6.346341
594	52.566547
595	12.810777
596	38.822340
597	97.455557
598	45.100384
599	93.222069
600	50.249236
601	68.272960
602	68.280961
603	74.788653
604	19.994251
605	91.909346
606	59.760325
607	73.448218
608	7.421471
609	76.889424
610	12.115943
611	20.132034
612	2.940074
613	21.929320
614	24.483465
615	73.170592
616	54.567115
617	53.839873
618	99.097240
619	41.035951
620	78.036949
621	87.623031
622	59.624973
623	24.288095
624	67.465115
625	96.091254
626	42.231671
627	33.884534
628	49.584519
629	98.282785
630	94.430830
631	16.760430
632	9.061075
633	33.352807
634	40.822596
635	96.602862
636	94.625224
637	29.322420
638	22.661498
639	97.007200
640	20.939892
641	49.464069
642	12.666138
643	79.048423
644	28.321656
645	29.067078
646	32.290538
647	72.037749
648	70.620718
649	51.834241
650	23.016490
651	57.207270
652	66.101555
653	32.676310
654	90.268399
655	57.086104
656	77.113268
657	33.279559
658	51.388474
659	74.186824
660	22.258864
661	62.304445
662	1.460454
663	31.832908
664	67.259941
665	39.188619
666	48.759691
667	84.161278
668	65.235882
669	68.509754
670	54.868543
671	2.282683
672	25.207647
673	74.772100
674	36.651787
675	81.637963
676	89.183124
677	47.790798
678	23.961523
679	15.015712
680	46.469666
681	47.017919
682	98.030688
683	95.103750
684	37.023261
685	53.291313
686	45.857965
687	72.474024
688	27.109019
689	78.251650
690	75.768277
691	44.694245
692	0.750959
693	76.033629
694	40.906573
695	20.534458
696	26.286092
697	66.040820
698	49.993689
699	44.283027
700	0.675491
701	20.575470
702	42.356825
703	7.396816
704	50.249255
705	12.967510
706	19.171367
707	65.380376
708	66.808056
709	77.440698
710	22.384315
711	0.230248
712	97.120025
713	88.630009
714	94.068182
715	72.829294
716	12.945684
717	78.375913
718	22.062442
719	37.062776
720	69.129570
721	75.021046
722	39.301424
723	45.948572
724	16.934332
725	57.687688
726	19.945290
727	98.875215
728	33.522828
729	9.772624
730	31.544931
731	74.253391
732	0.333636
733	7.988048
734	56.481884
735	41.466087
736	18.312556
737	9.188034
738	53.009559
739	56.114018
740	82.672983
741	82.948251
742	87.616809
743	44.848095
744	34.408000
745	29.293336
746	22.665422
747	10.333193
748	28.364600
749	51.031904
750	31.420181
751	86.782438
752	78.663039
753	30.553204
754	60.799378
755	85.347380
756	54.304365
757	7.944187
758	87.790180
759	35.066494
760	62.697971
761	13.924131
762	68.476292
763	46.869409
764	27.346195
765	57.994307
766	80.052419
767	24.988109
768	7.409095
769	74.204460
770	63.204520
771	63.380024
772	69.216157
773	54.282718
774	78.110869
775	70.946162
776	54.968574
777	8.529568
778	87.273488
779	0.495386
780	30.582805
781	27.152736
782	48.854470
783	79.999252
784	49.448929
785	98.382477
786	73.127662
787	96.784572
788	13.971497
789	71.524393
790	18.771259
791	13.033169
792	35.170100
793	32.073962
794	61.304566
795	90.711507
796	59.922017
797	46.223595
798	1.468298
799	98.135264
800	80.201417
801	94.900113
802	25.660084
803	96.831405
804	13.958759
805	10.739432
806	35.488864
807	66.126484
808	73.833619
809	96.873000
810	26.040267
811	95.914937
812	84.495848
813	29.598980
814	27.859072
815	92.877615
816	81.306576
817	55.145527
818	73.560678
819	52.297078
820	79.781576
821	9.494931
822	88.990608
823	9.541083
824	27.676460
825	48.502045
826	16.050877
827	88.379227
828	58.021593
829	71.526712
830	7.195162
831	53.731814
832	66.294514
833	74.273352
834	78.292259
835	67.102444
836	22.826164
837	9.796984
838	11.714965
839	45.573239
840	80.038686
841	99.229957
842	90.583031
843	36.022564
844	11.618829
845	98.899594
846	58.841762
847	12.252892
848	89.750771
849	42.683047
850	66.450046
851	8.219990
852	38.138316
853	50.132051
854	8.119668
855	79.994392
856	27.500771
857	95.679927
858	95.121815
859	20.831122
860	19.162683
861	1.731086
862	28.576511
863	17.679384
864	54.608241
865	75.959986
866	11.051161
867	22.188353
868	81.542344
869	68.925408
870	89.043783
871	25.587029
872	45.352181
873	55.240160
874	25.520825
875	10.795335
876	50.248396
877	2.030835
878	48.067076
879	23.190113
880	82.416556
881	98.429640
882	3.641271
883	19.750462
884	27.738814
885	48.676019
886	16.281030
887	98.794275
888	10.415397
889	54.793025
890	47.985927
891	68.665770
892	11.168742
893	32.025311
894	59.898505
895	77.954713
896	58.814595
897	83.608858
898	83.452794
899	65.090939
900	2.349351
901	84.700116
902	64.135619
903	77.404730
904	77.342100
905	63.544443
906	65.590586
907	52.537719
908	67.095598
909	31.231216
910	14.450212
911	53.799774
912	41.826051
913	47.560455
914	25.003747
915	52.931550
916	18.738114
917	84.151355
918	41.699101
919	26.105313
920	10.763228
921	62.965293
922	75.945898
923	58.840783
924	57.680045
925	65.731434
926	83.093278
927	72.039941
928	67.814184
929	75.063111
930	37.617146
931	72.862955
932	78.690015
933	84.226074
934	80.560543
935	95.961310
936	81.045351
937	9.866911
938	65.241925
939	27.922116
940	94.747907
941	39.893426
942	59.840161
943	4.466236
944	56.995413
945	27.628542
946	4.737781
947	18.146821
948	65.325981
949	51.130767
950	92.787495
951	24.630018
952	38.683703
953	80.615639
954	6.626836
955	86.298658
956	95.308160
957	30.351013
958	60.418784
959	9.961339
960	89.566743
961	27.744032
962	71.612309
963	63.687522
964	11.660995
965	97.346430
966	64.820947
967	75.647220
968	86.540346
969	45.323833
970	13.385943
971	1.819784
972	93.328930
973	7.791971
974	69.110913
975	86.621986
976	86.559854
977	58.772834
978	58.430670
979	85.089489
980	54.784353
981	22.879747
982	81.893233
983	93.507697
984	45.393574
985	49.028892
986	10.919557
987	11.703744
988	86.411595
989	18.536344
990	24.995420
991	35.670171
992	98.695692
993	15.673950
994	68.354212
995	78.341572
996	12.616836
997	52.824751
998	24.110350
999	32.105820
1000	50.145762
;

param: c :=
1	81.543673
2	3.741835
3	94.603621
4	1.234153
5	75.391750
6	45.319910
7	37.006181
8	79.465520
9	77.495464
10	46.380022
11	59.228053
12	91.647519
13	27.214584
14	51.550571
15	65.964368
16	86.030050
17	39.269099
18	96.622965
19	33.750627
20	59.712809
21	99.227958
22	46.589162
23	70.624865
24	99.552705
25	20.389045
26	36.738264
27	80.506984
28	31.074817
29	70.094124
30	16.830446
31	0.651191
32	18.154456
33	21.081551
34	75.085918
35	54.869337
36	4.971712
37	68.639970
38	77.972975
39	71.384505
40	39.442632
41	85.134837
42	56.512766
43	89.589066
44	40.463934
45	42.035467
46	50.826064
47	58.846100
48	52.864408
49	97.981774
50	18.360410
51	50.387422
52	56.451927
53	72.340066
54	0.816791
55	32.798963
56	4.996482
57	29.783597
58	15.285331
59	42.138729
60	76.367855
61	58.138149
62	36.782746
63	50.319173
64	56.139220
65	43.046284
66	43.315495
67	75.888532
68	57.520342
69	36.961626
70	80.104751
71	24.985493
72	13.486207
73	33.688212
74	21.842781
75	17.306532
76	14.921254
77	38.173075
78	91.907806
79	9.290603
80	83.028547
81	66.310984
82	53.700059
83	26.536888
84	38.184785
85	12.813261
86	87.315938
87	98.848185
88	44.272255
89	8.762459
90	0.352584
91	12.863579
92	4.277547
93	16.344370
94	31.317364
95	23.157992
96	13.436369
97	9.369078
98	64.875750
99	71.854297
100	61.959366
101	48.063622
102	97.238907
103	92.998453
104	13.251573
105	87.314812
106	16.405583
107	44.031134
108	51.074672
109	15.813343
110	86.361661
111	23.474235
112	7.653676
113	86.432607
114	72.357149
115	52.188667
116	19.611496
117	4.997666
118	19.419217
119	63.282841
120	72.184176
121	7.308198
122	16.998883
123	69.213363
124	39.081224
125	11.572960
126	21.630474
127	30.717546
128	42.806253
129	21.104696
130	12.554592
131	47.928518
132	80.988644
133	28.579183
134	85.620335
135	32.822363
136	75.992075
137	2.955515
138	97.491260
139	74.861707
140	77.299806
141	40.780100
142	31.961093
143	11.838256
144	46.815671
145	24.039034
146	94.379134
147	68.837374
148	79.647542
149	97.659225
150	6.703253
151	98.479295
152	13.354312
153	30.396335
154	43.488825
155	56.427870
156	99.398281
157	87.493780
158	40.856850
159	6.496676
160	19.556906
161	3.630824
162	60.165448
163	16.201162
164	21.597886
165	50.026245
166	5.289449
167	47.517468
168	32.905640
169	17.926234
170	60.675315
171	95.495506
172	99.179142
173	40.552165
174	51.935124
175	84.409390
176	10.125210
177	43.934854
178	6.754565
179	93.697524
180	75.077130
181	80.746844
182	41.483608
183	13.854969
184	39.246759
185	0.542416
186	6.816488
187	66.808281
188	85.468799
189	2.033608
190	0.397270
191	8.073376
192	70.385845
193	38.660450
194	62.091197
195	33.443174
196	85.305537
197	73.782479
198	85.659072
199	92.660497
200	77.679341
201	66.980630
202	8.780027
203	46.060702
204	74.427361
205	81.556771
206	52.067697
207	58.311041
208	81.104200
209	20.253099
210	64.821094
211	14.780195
212	36.439233
213	2.485263
214	23.876801
215	11.141329
216	38.852186
217	4.095588
218	9.838939
219	58.560447
220	79.880564
221	28.183521
222	87.283325
223	30.078528
224	35.005878
225	52.048628
226	25.142710
227	32.497657
228	80.940576
229	45.980320
230	82.052720
231	58.207253
232	80.792576
233	50.478709
234	70.899113
235	54.124844
236	87.131002
237	27.897803
238	82.942625
239	84.985018
240	14.602065
241	4.860143
242	84.162382
243	31.929117
244	34.036681
245	51.491079
246	10.177115
247	52.309525
248	99.221210
249	79.971781
250	71.170898
251	53.460486
252	3.263799
253	88.919942
254	58.725305
255	20.629209
256	96.720208
257	53.910327
258	66.436754
259	95.848786
260	77.757264
261	89.195236
262	47.541473
263	17.550377
264	90.577412
265	4.311215
266	48.458701
267	50.578872
268	24.141385
269	60.978546
270	42.822889
271	58.679103
272	97.969679
273	37.327665
274	78.877908
275	22.608082
276	97.277553
277	46.834810
278	10.588126
279	32.187784
280	69.549345
281	89.104271
282	84.930537
283	99.968001
284	57.807493
285	67.678286
286	60.176166
287	9.856160
288	82.375751
289	58.522040
290	64.531680
291	12.913652
292	97.693664
293	98.211307
294	76.866215
295	62.204559
296	14.241283
297	6.972583
298	73.833257
299	3.831756
300	5.700246
301	19.591437
302	39.452134
303	37.351120
304	92.693773
305	41.661277
306	20.182021
307	93.461179
308	28.020116
309	99.933745
310	57.772552
311	53.491346
312	71.665660
313	79.510706
314	52.326635
315	94.039722
316	74.045171
317	75.640393
318	1.065024
319	24.787755
320	59.796627
321	3.250811
322	99.003309
323	16.551657
324	39.144701
325	12.399784
326	81.634867
327	38.957932
328	88.554112
329	41.948033
330	16.008194
331	82.337767
332	81.201750
333	16.442387
334	44.117279
335	63.701727
336	83.632509
337	69.762973
338	99.202801
339	31.515797
340	70.495128
341	81.957848
342	15.333704
343	40.710394
344	91.319936
345	22.483951
346	12.976056
347	43.530485
348	69.108617
349	41.992870
350	93.801623
351	28.471216
352	59.422343
353	57.700324
354	19.692396
355	92.887990
356	19.195160
357	67.891291
358	13.273790
359	14.985633
360	24.603467
361	63.326689
362	5.749729
363	39.253281
364	18.100959
365	86.435179
366	57.825578
367	75.123617
368	43.655436
369	69.637626
370	74.844513
371	76.785916
372	17.028437
373	45.371442
374	23.257642
375	12.715102
376	82.398978
377	74.926623
378	62.644043
379	24.565063
380	77.679763
381	1.580055
382	17.512619
383	74.900181
384	55.204848
385	96.980319
386	7.865594
387	13.513534
388	16.845938
389	41.034545
390	90.695381
391	29.170523
392	3.210786
393	69.745522
394	15.652049
395	76.442511
396	14.911298
397	54.674591
398	89.944627
399	43.747322
400	7.933816
401	97.746442
402	3.966209
403	60.651710
404	63.526988
405	16.650737
406	71.817557
407	42.922824
408	13.458995
409	97.750296
410	60.691884
411	44.120443
412	35.701904
413	1.127271
414	66.840617
415	25.351914
416	68.661117
417	81.092632
418	25.578551
419	65.197057
420	15.250816
421	89.205260
422	17.322145
423	48.680588
424	22.858583
425	16.946875
426	58.652208
427	97.958250
428	74.635113
429	37.928719
430	33.779456
431	53.864627
432	75.953359
433	98.734121
434	53.803679
435	15.882319
436	31.963365
437	29.557747
438	12.436797
439	8.006535
440	96.866083
441	39.974850
442	10.788969
443	80.876861
444	70.242081
445	5.185111
446	62.083362
447	47.954267
448	50.019755
449	47.352989
450	14.884901
451	31.838860
452	27.801329
453	42.463019
454	90.810505
455	44.376093
456	13.892972
457	37.438063
458	42.684405
459	58.139192
460	54.144763
461	38.877728
462	2.821288
463	26.403090
464	66.271007
465	82.821926
466	68.022526
467	42.982855
468	4.983949
469	44.312822
470	52.286142
471	47.287505
472	6.338665
473	47.908554
474	62.665633
475	5.601461
476	10.028861
477	77.668142
478	29.096069
479	36.598766
480	71.628734
481	8.443488
482	3.329905
483	88.868080
484	37.488335
485	14.174445
486	18.267289
487	47.703305
488	37.763484
489	53.313437
490	10.832730
491	81.728993
492	62.626670
493	42.669916
494	41.685964
495	84.063727
496	58.649666
497	63.717347
498	52.082461
499	63.615024
500	59.680047
501	6.535606
502	85.899534
503	40.501000
504	56.337454
505	80.285256
506	19.864344
507	92.871256
508	76.672270
509	74.886770
510	77.554429
511	11.218306
512	83.092649
513	80.710848
514	32.086136
515	14.434934
516	80.751640
517	6.474547
518	51.336663
519	73.928375
520	39.607508
521	49.084980
522	90.521901
523	62.180994
524	51.604627
525	80.043844
526	6.482276
527	40.326849
528	13.973400
529	7.747839
530	88.924114
531	41.241733
532	41.948454
533	73.080408
534	59.579013
535	52.529656
536	34.137635
537	76.205685
538	90.240702
539	49.429949
540	62.468967
541	3.064176
542	97.282514
543	52.830463
544	60.671863
545	20.139344
546	83.870950
547	86.468311
548	1.607004
549	21.216669
550	27.837681
551	56.570339
552	20.810706
553	31.401135
554	53.426964
555	91.169457
556	83.632314
557	69.351899
558	71.381428
559	99.812159
560	13.494824
561	25.346233
562	14.272056
563	50.478965
564	99.439906
565	24.664096
566	16.921431
567	99.773155
568	24.191184
569	52.054870
570	67.322882
571	95.962112
572	51.379372
573	55.399993
574	60.130896
575	82.277292
576	48.890081
577	1.475725
578	28.680491
579	14.914800
580	78.455032
581	54.474059
582	32.413967
583	47.266607
584	10.136159
585	50.116419
586	58.838486
587	68.996955
588	23.129937
589	47.040615
590	38.257578
591	16.360250
592	97.641647
593	95.386887
594	33.401942
595	4.136165
596	72.033703
597	36.207247
598	45.779304
599	72.218568
600	21.455127
601	5.686307
602	70.393466
603	84.803215
604	3.056064
605	99.768834
606	72.911461
607	80.048694
608	29.201021
609	90.192000
610	27.967061
611	60.568644
612	21.039217
613	66.500834
614	0.824089
615	83.386176
616	86.638428
617	25.902892
618	91.062607
619	77.168889
620	78.383061
621	7.829456
622	48.609581
623	32.790892
624	39.251706
625	16.722067
626	24.744259
627	1.250298
628	61.775494
629	42.862983
630	46.031231
631	2.498115
632	30.652265
633	91.950332
634	50.169904
635	83.007727
636	64.551097
637	33.654808
638	76.822908
639	29.963989
640	83.359626
641	73.419102
642	55.697068
643	49.593632
644	75.165993
645	78.056524
646	76.846008
647	62.473884
648	35.796182
649	57.759606
650	86.402152
651	46.261939
652	91.238971
653	42.092485
654	30.378378
655	21.345435
656	85.763619
657	19.750632
658	44.889114
659	63.078847
660	31.177893
661	80.363679
662	6.266880
663	0.568096
664	32.441801
665	11.384802
666	18.483819
667	64.279021
668	7.656255
669	25.943216
670	24.330569
671	18.301931
672	76.965559
673	92.841116
674	62.133055
675	4.861053
676	12.019393
677	30.904151
678	45.911795
679	31.744328
680	94.886654
681	34.800801
682	18.387622
683	32.083737
684	28.499909
685	88.114551
686	47.193729
687	83.650439
688	6.603718
689	26.183813
690	93.188153
691	27.759270
692	7.768675
693	14.461054
694	38.300015
695	50.400783
696	19.283128
697	30.202445
698	21.193322
699	1.704379
700	13.241235
701	50.847752
702	42.425454
703	8.151474
704	78.900861
705	94.414112
706	91.284408
707	90.942228
708	43.528352
709	87.850603
710	85.826052
711	85.138983
712	25.677606
713	42.490410
714	27.883518
715	21.015925
716	89.004087
717	8.834568
718	5.867189
719	77.724760
720	18.117550
721	29.149152
722	84.154637
723	60.096113
724	14.325557
725	95.015521
726	52.284892
727	61.650076
728	20.885341
729	64.244412
730	28.300482
731	63.943085
732	75.343748
733	36.391289
734	79.264778
735	83.268176
736	35.712671
737	63.399032
738	90.790416
739	60.380904
740	36.218756
741	62.999616
742	63.065838
743	19.739650
744	3.768806
745	84.663257
746	76.664098
747	91.001307
748	90.932485
749	76.092722
750	1.050414
751	61.700364
752	25.990427
753	89.615117
754	20.115047
755	10.651707
756	37.991311
757	71.707579
758	0.870136
759	50.698962
760	20.910661
761	31.908630
762	95.680893
763	54.765013
764	66.758291
765	63.435700
766	90.459456
767	56.541007
768	84.646572
769	30.749575
770	53.864267
771	99.041073
772	81.035452
773	38.661911
774	30.621149
775	45.913756
776	20.383092
777	94.824573
778	23.414900
779	58.818219
780	58.799591
781	41.007731
782	27.372199
783	83.680134
784	27.743671
785	26.787374
786	4.715895
787	12.931819
788	22.061685
789	12.540144
790	74.614645
791	78.447512
792	77.258220
793	98.230358
794	61.830654
795	45.536603
796	90.375150
797	53.709183
798	9.087701
799	90.838757
800	35.408952
801	64.412181
802	61.733819
803	17.200643
804	47.187398
805	47.191983
806	99.704693
807	30.917544
808	46.744333
809	97.056245
810	66.950776
811	36.985643
812	28.194751
813	7.327652
814	41.250147
815	19.195238
816	53.839905
817	67.184257
818	2.840853
819	59.353270
820	75.285876
821	47.815425
822	29.332739
823	83.274166
824	0.173519
825	68.058433
826	79.653296
827	93.565752
828	94.173187
829	97.017643
830	66.989488
831	60.157231
832	59.063771
833	45.444853
834	14.701476
835	20.743624
836	79.873597
837	0.361983
838	26.900775
839	25.670563
840	60.565842
841	91.941749
842	21.251801
843	27.426156
844	99.423542
845	59.630714
846	8.349534
847	55.123640
848	33.362301
849	70.267116
850	22.545829
851	80.282832
852	43.553068
853	52.861347
854	65.013408
855	25.603793
856	24.862066
857	93.119997
858	30.052262
859	62.197079
860	83.521180
861	28.159994
862	98.756933
863	83.333060
864	99.329336
865	96.823734
866	18.644734
867	15.255372
868	42.810583
869	10.655809
870	0.310587
871	70.303039
872	10.229633
873	23.286962
874	31.752834
875	79.714702
876	13.635895
877	90.028089
878	20.509950
879	91.737059
880	87.720229
881	73.543508
882	84.063103
883	31.399741
884	46.099524
885	50.365120
886	75.988096
887	88.411052
888	80.659769
889	41.937375
890	21.064091
891	23.729405
892	59.280282
893	10.247770
894	54.720485
895	20.980392
896	67.369056
897	13.549712
898	93.381818
899	8.767146
900	62.662191
901	48.230101
902	62.359483
903	83.114236
904	27.009372
905	58.262284
906	80.976878
907	58.083421
908	66.503287
909	79.482615
910	29.366452
911	36.703785
912	31.908713
913	18.051930
914	14.138420
915	80.222754
916	16.504663
917	22.586454
918	6.777487
919	85.567746
920	14.484499
921	50.617664
922	77.402329
923	21.710811
924	26.907674
925	4.598652
926	66.838291
927	92.807560
928	91.684631
929	95.831745
930	1.518620
931	96.788314
932	6.438943
933	59.293859
934	67.182327
935	84.497756
936	84.533354
937	61.856297
938	73.167538
939	69.169667
940	37.571428
941	57.426439
942	20.943811
943	99.562024
944	82.086710
945	76.558435
946	42.091765
947	80.351344
948	9.490811
949	58.668219
950	79.919630
951	87.623122
952	65.567770
953	27.971272
954	6.924954
955	98.951217
956	77.834101
957	77.537892
958	74.149099
959	18.093168
960	2.965207
961	62.978134
962	42.847349
963	3.758386
964	49.558110
965	25.557985
966	98.857995
967	59.182073
968	96.996403
969	76.086709
970	30.277943
971	24.105253
972	71.769537
973	93.837713
974	32.847922
975	64.003355
976	74.170089
977	3.163783
978	23.534339
979	98.477140
980	16.590053
981	57.624548
982	30.773419
983	53.564313
984	76.972532
985	12.364974
986	39.375790
987	11.431942
988	92.869908
989	72.498076
990	99.211119
991	81.328371
992	12.724568
993	86.833603
994	70.088444
995	73.309483
996	44.562691
997	16.299477
998	90.372021
999	45.079897
1000	13.168737
;

param: d :=
1	-10.946536
2	-80.952905
3	-1.087570
4	-21.406893
5	-98.507247
6	-63.775817
7	-97.676141
8	-87.995948
9	-21.659725
10	-89.657713
11	-90.248552
12	-38.476140
13	-82.918494
14	-25.914439
15	-84.984204
16	-60.126587
17	-26.281230
18	-62.787746
19	-27.299860
20	-30.070897
21	-36.975048
22	-78.579502
23	-79.675522
24	-48.767612
25	-15.250087
26	-85.529061
27	-22.628036
28	-50.438623
29	-1.908563
30	-20.723187
31	-59.679042
32	-93.192463
33	-28.281012
34	-73.287157
35	-20.637049
36	-77.358983
37	-90.443850
38	-98.179563
39	-91.395446
40	-91.206070
41	-81.435451
42	-57.622599
43	-36.483392
44	-49.544072
45	-1.718600
46	-53.770473
47	-33.083677
48	-87.215426
49	-10.530390
50	-0.715781
51	-90.601097
52	-52.203030
53	-43.918631
54	-46.306237
55	-54.502021
56	-77.662807
57	-32.207605
58	-89.301961
59	-49.959277
60	-60.549701
61	-65.695432
62	-93.821450
63	-29.831175
64	-35.295964
65	-89.161779
66	-16.571183
67	-93.982514
68	-54.864239
69	-31.541941
70	-15.523236
71	-41.735990
72	-39.253595
73	-21.703232
74	-89.552456
75	-27.817490
76	-46.898903
77	-77.512453
78	-84.326240
79	-25.650193
80	-54.223389
81	-67.879377
82	-21.723272
83	-23.130048
84	-54.972473
85	-51.859751
86	-7.779428
87	-8.648524
88	-94.271750
89	-70.972792
90	-54.786428
91	-92.102890
92	-39.781554
93	-79.023577
94	-0.228090
95	-26.936499
96	-55.194344
97	-46.525595
98	-54.149908
99	-9.470174
100	-20.217924
101	-36.149779
102	-7.210570
103	-68.086156
104	-94.339182
105	-28.298771
106	-61.771071
107	-89.729403
108	-41.583340
109	-2.817926
110	-84.060424
111	-6.987045
112	-89.744081
113	-48.367174
114	-19.721341
115	-29.416419
116	-48.574401
117	-13.286308
118	-99.860922
119	-86.636728
120	-81.626518
121	-4.399917
122	-91.435952
123	-88.792291
124	-61.230722
125	-6.815988
126	-56.869267
127	-48.215409
128	-8.556271
129	-75.890764
130	-81.296885
131	-72.040258
132	-51.377793
133	-30.719984
134	-46.472332
135	-43.973779
136	-45.761564
137	-93.850832
138	-74.267543
139	-31.892525
140	-94.634767
141	-54.709241
142	-50.695047
143	-10.732164
144	-92.085525
145	-96.559515
146	-65.086217
147	-32.484208
148	-2.888553
149	-67.301165
150	-41.850333
151	-9.513607
152	-91.591328
153	-89.257698
154	-97.283185
155	-68.718327
156	-64.177274
157	-51.085898
158	-8.982978
159	-45.732660
160	-47.354343
161	-51.011122
162	-40.694665
163	-51.575436
164	-50.185509
165	-0.553126
166	-86.752598
167	-11.026298
168	-74.767306
169	-36.962121
170	-1.821635
171	-72.194144
172	-71.262210
173	-92.054027
174	-71.744906
175	-21.952551
176	-20.327253
177	-72.569274
178	-66.310567
179	-17.949516
180	-51.312983
181	-42.267567
182	-70.998255
183	-61.775245
184	-94.132253
185	-87.438861
186	-22.316543
187	-6.781636
188	-4.852431
189	-44.273620
190	-70.351942
191	-92.635836
192	-55.693586
193	-4.805826
194	-67.131817
195	-94.778552
196	-38.497332
197	-45.913777
198	-94.758863
199	-88.026530
200	-95.252008
201	-44.871780
202	-17.247858
203	-92.166689
204	-92.591647
205	-97.029579
206	-11.942683
207	-88.710636
208	-19.751653
209	-95.098813
210	-22.468328
211	-5.692394
212	-40.457264
213	-54.874518
214	-51.539955
215	-64.381989
216	-1.905085
217	-12.308797
218	-68.653162
219	-94.932898
220	-2.421919
221	-12.135956
222	-20.762575
223	-92.367094
224	-54.929177
225	-51.724697
226	-4.784046
227	-25.790777
228	-31.658015
229	-69.748117
230	-79.174165
231	-32.011303
232	-63.930273
233	-67.155104
234	-8.778003
235	-89.288679
236	-84.310227
237	-44.107154
238	-32.493627
239	-88.038626
240	-87.811217
241	-49.027550
242	-86.361620
243	-70.582702
244	-85.509719
245	-78.088711
246	-33.208348
247	-71.497950
248	-75.896989
249	-68.550397
250	-18.774719
251	-93.700555
252	-48.428079
253	-69.036935
254	-97.247140
255	-92.655105
256	-53.160089
257	-72.331767
258	-2.763034
259	-19.362619
260	-41.710031
261	-6.606823
262	-80.361607
263	-62.789424
264	-8.065148
265	-92.938843
266	-11.077951
267	-75.424172
268	-8.871678
269	-42.406137
270	-26.929670
271	-24.445187
272	-28.572525
273	-86.535660
274	-83.451756
275	-93.011141
276	-22.929883
277	-69.016531
278	-63.851653
279	-76.442561
280	-57.550414
281	-59.663060
282	-99.432584
283	-5.682545
284	-65.575344
285	-84.625005
286	-50.274213
287	-18.207021
288	-9.764544
289	-66.001962
290	-79.815216
291	-99.145565
292	-82.698314
293	-71.053916
294	-11.621358
295	-78.961487
296	-41.228205
297	-80.585844
298	-76.586763
299	-97.198773
300	-27.518656
301	-7.608736
302	-9.760564
303	-49.974694
304	-96.013243
305	-9.633109
306	-81.189232
307	-63.043784
308	-11.050356
309	-89.225589
310	-91.218385
311	-1.408055
312	-14.948730
313	-76.409799
314	-51.080443
315	-44.545814
316	-66.160054
317	-27.548814
318	-67.010307
319	-88.911036
320	-83.513345
321	-84.126296
322	-89.586759
323	-45.032656
324	-93.020760
325	-13.695839
326	-41.094672
327	-34.206359
328	-34.577478
329	-69.113187
330	-17.082999
331	-22.310951
332	-86.380904
333	-12.889481
334	-98.390487
335	-1.359735
336	-20.573261
337	-90.249455
338	-18.297709
339	-48.651735
340	-82.411357
341	-46.850892
342	-87.578161
343	-89.573758
344	-37.681754
345	-21.810397
346	-90.055525
347	-39.052915
348	-68.214671
349	-94.186599
350	-17.102033
351	-91.085353
352	-9.980338
353	-27.797561
354	-20.650095
355	-36.156482
356	-30.435547
357	-21.086531
358	-64.924990
359	-70.717418
360	-35.365988
361	-62.069151
362	-67.211836
363	-88.039463
364	-82.563134
365	-20.936672
366	-53.011952
367	-59.973957
368	-68.798475
369	-33.833151
370	-50.117530
371	-16.032094
372	-47.086800
373	-19.208990
374	-81.011366
375	-20.697522
376	-25.209077
377	-53.048314
378	-15.021446
379	-38.643981
380	-82.538698
381	-72.160803
382	-3.951916
383	-46.594299
384	-6.164220
385	-25.277581
386	-53.902960
387	-34.876499
388	-62.545216
389	-5.677350
390	-90.595068
391	-5.989928
392	-91.787506
393	-96.888300
394	-24.348209
395	-68.492715
396	-63.522546
397	-36.568013
398	-7.829915
399	-31.785463
400	-3.721187
401	-55.115024
402	-97.945350
403	-46.246899
404	-21.886384
405	-20.734308
406	-90.535495
407	-27.763820
408	-34.852129
409	-98.744791
410	-38.974615
411	-87.774894
412	-39.264833
413	-65.204002
414	-62.621789
415	-73.974905
416	-95.976719
417	-19.680627
418	-7.396016
419	-50.073878
420	-60.501241
421	-98.271739
422	-62.896704
423	-17.036346
424	-13.918105
425	-81.972209
426	-48.529153
427	-40.918981
428	-90.920952
429	-27.601360
430	-85.591099
431	-16.803952
432	-2.676296
433	-95.903700
434	-97.055311
435	-43.641108
436	-56.424503
437	-95.188128
438	-9.221469
439	-17.942157
440	-11.909305
441	-82.319348
442	-29.000404
443	-97.335173
444	-13.665624
445	-80.944312
446	-96.935925
447	-84.629680
448	-78.377005
449	-98.051193
450	-55.646217
451	-71.661457
452	-54.361837
453	-82.811004
454	-84.974165
455	-36.430359
456	-43.344104
457	-92.087407
458	-60.301984
459	-77.251967
460	-14.646350
461	-51.833127
462	-9.182713
463	-77.705523
464	-22.764636
465	-38.484243
466	-36.911571
467	-90.319799
468	-89.055913
469	-22.019198
470	-14.612558
471	-91.002751
472	-4.421558
473	-9.265927
474	-32.061414
475	-15.599741
476	-24.017419
477	-52.916509
478	-65.713430
479	-41.966032
480	-24.674483
481	-12.968845
482	-84.030552
483	-30.097818
484	-70.880697
485	-55.695048
486	-41.424959
487	-84.362034
488	-49.153578
489	-86.658260
490	-46.349302
491	-42.856167
492	-2.725034
493	-57.379672
494	-92.530709
495	-67.452597
496	-92.120899
497	-17.137064
498	-67.994147
499	-2.582442
500	-74.591601
501	-15.272960
502	-89.530037
503	-48.022655
504	-99.424219
505	-20.901943
506	-90.491495
507	-99.007395
508	-84.039442
509	-93.174219
510	-74.308935
511	-88.797935
512	-16.176370
513	-35.807204
514	-47.718024
515	-29.744228
516	-51.812735
517	-52.135171
518	-90.160648
519	-97.413460
520	-14.712255
521	-35.743180
522	-44.730841
523	-37.703103
524	-96.176203
525	-78.819253
526	-34.994960
527	-13.954521
528	-18.238732
529	-40.768686
530	-0.867023
531	-32.149090
532	-23.989962
533	-58.054596
534	-33.862445
535	-16.840992
536	-58.665717
537	-9.078389
538	-14.279764
539	-78.425407
540	-91.975023
541	-70.055339
542	-40.379001
543	-96.691465
544	-59.936575
545	-53.438777
546	-88.107494
547	-73.188572
548	-49.654020
549	-21.873419
550	-17.888979
551	-19.222423
552	-49.426508
553	-89.688818
554	-47.739689
555	-13.440576
556	-0.235499
557	-91.784618
558	-84.033876
559	-55.123815
560	-45.628706
561	-81.615092
562	-35.338442
563	-26.266441
564	-36.959297
565	-75.256519
566	-11.720904
567	-9.942532
568	-79.681315
569	-35.253621
570	-23.983242
571	-23.157921
572	-65.724518
573	-68.788367
574	-86.529367
575	-52.065965
576	-51.965922
577	-35.701449
578	-21.453342
579	-76.014069
580	-35.910119
581	-81.690729
582	-4.151433
583	-65.582662
584	-46.998762
585	-59.020957
586	-30.231780
587	-59.951442
588	-90.685997
589	-82.548911
590	-14.339668
591	-71.494721
592	-79.228157
593	-24.333489
594	-57.373706
595	-36.701833
596	-80.933303
597	-16.832973
598	-13.447487
599	-69.247121
600	-47.984591
601	-12.528158
602	-92.018124
603	-68.916615
604	-43.456645
605	-58.853142
606	-9.887459
607	-28.526702
608	-17.986714
609	-98.648107
610	-48.796257
611	-65.717340
612	-43.857670
613	-87.136356
614	-43.378086
615	-93.580565
616	-80.673953
617	-84.133629
618	-91.778999
619	-49.383944
620	-28.604404
621	-31.734013
622	-31.009631
623	-19.716669
624	-88.023969
625	-28.339836
626	-50.995277
627	-32.767422
628	-56.097654
629	-26.482595
630	-77.730845
631	-61.560587
632	-26.050316
633	-54.470169
634	-44.123652
635	-88.392225
636	-92.394926
637	-26.543927
638	-47.272332
639	-73.160962
640	-19.280723
641	-48.907705
642	-91.909535
643	-93.753746
644	-5.821628
645	-98.258836
646	-96.046819
647	-72.918650
648	-20.757205
649	-94.338975
650	-14.569905
651	-54.492000
652	-20.985938
653	-33.277329
654	-98.981289
655	-33.150833
656	-34.171917
657	-50.779580
658	-30.061962
659	-42.963665
660	-46.785116
661	-77.965477
662	-71.125573
663	-11.439126
664	-75.755231
665	-74.076815
666	-16.527809
667	-77.874927
668	-0.300488
669	-24.487112
670	-60.561655
671	-27.086650
672	-66.989295
673	-56.780845
674	-93.306828
675	-17.813420
676	-13.737749
677	-90.565363
678	-63.924422
679	-52.567251
680	-9.225445
681	-63.900994
682	-96.028956
683	-22.086758
684	-1.300320
685	-82.783535
686	-58.763929
687	-64.842632
688	-68.757440
689	-77.019607
690	-40.777892
691	-45.598458
692	-24.322938
693	-71.948365
694	-70.362198
695	-4.436108
696	-0.246172
697	-78.489644
698	-0.118169
699	-22.358593
700	-48.804609
701	-64.208850
702	-86.354269
703	-41.863901
704	-50.212842
705	-93.724009
706	-20.009991
707	-27.554547
708	-50.492955
709	-6.209521
710	-4.341364
711	-69.628750
712	-32.967692
713	-13.013408
714	-12.809711
715	-3.812092
716	-57.581225
717	-53.685457
718	-58.981587
719	-74.532367
720	-33.316259
721	-17.291298
722	-15.226988
723	-98.406475
724	-25.289534
725	-18.854933
726	-62.817562
727	-62.246097
728	-82.986333
729	-37.298346
730	-29.166916
731	-18.731253
732	-0.616702
733	-76.377146
734	-61.139454
735	-38.194970
736	-77.065193
737	-94.088848
738	-5.858761
739	-35.302221
740	-14.612367
741	-7.017517
742	-97.119973
743	-84.389490
744	-99.013154
745	-83.457433
746	-99.381115
747	-38.802757
748	-1.179574
749	-78.776249
750	-69.379225
751	-85.737090
752	-67.644423
753	-74.955210
754	-16.136721
755	-72.547604
756	-21.655466
757	-67.901298
758	-98.976989
759	-30.232822
760	-37.435543
761	-8.817829
762	-23.528929
763	-47.686388
764	-22.157754
765	-62.396990
766	-55.542355
767	-31.070665
768	-6.401573
769	-13.767590
770	-23.524024
771	-54.330826
772	-82.737987
773	-19.806665
774	-60.521236
775	-54.749111
776	-73.703905
777	-39.529069
778	-23.156942
779	-24.249387
780	-87.348579
781	-23.577357
782	-81.430606
783	-46.358677
784	-38.706225
785	-8.902611
786	-33.724315
787	-84.214805
788	-87.292356
789	-19.107617
790	-19.246002
791	-72.305994
792	-42.703503
793	-24.030878
794	-6.500743
795	-93.088310
796	-54.683037
797	-51.112304
798	-64.902039
799	-91.236155
800	-99.471433
801	-45.042235
802	-73.608779
803	-43.880983
804	-99.794055
805	-3.209050
806	-43.294679
807	-62.182452
808	-5.536834
809	-65.077977
810	-10.037256
811	-36.800521
812	-43.806388
813	-4.870274
814	-24.843766
815	-61.468769
816	-60.861969
817	-82.928241
818	-11.915105
819	-48.630326
820	-31.980056
821	-83.196648
822	-70.545033
823	-32.213684
824	-95.539976
825	-10.718921
826	-9.228887
827	-17.593470
828	-29.075347
829	-94.424009
830	-76.195996
831	-49.190723
832	-60.317754
833	-63.299656
834	-55.199381
835	-0.804321
836	-72.953859
837	-48.313986
838	-97.561353
839	-70.588746
840	-2.948079
841	-69.473622
842	-55.506219
843	-31.756047
844	-85.066808
845	-23.508684
846	-97.529861
847	-74.869413
848	-25.198922
849	-21.582372
850	-42.600763
851	-3.765981
852	-83.056787
853	-45.429609
854	-70.997081
855	-30.474923
856	-40.923378
857	-13.471864
858	-78.615629
859	-76.477935
860	-97.526875
861	-7.954281
862	-88.565920
863	-23.223062
864	-94.700731
865	-26.408556
866	-44.253572
867	-5.029670
868	-14.731532
869	-86.203223
870	-85.807335
871	-26.873066
872	-11.570176
873	-60.990709
874	-19.668382
875	-64.614933
876	-74.272365
877	-21.718014
878	-0.563806
879	-55.104479
880	-26.299618
881	-21.775777
882	-88.228485
883	-61.467748
884	-72.932540
885	-25.666518
886	-99.715247
887	-87.720223
888	-93.711138
889	-58.571583
890	-13.930653
891	-1.395782
892	-6.710959
893	-62.327254
894	-32.073963
895	-81.155228
896	-64.630241
897	-33.848152
898	-84.170755
899	-84.916917
900	-92.207282
901	-50.170050
902	-65.017713
903	-79.206864
904	-41.290870
905	-87.481647
906	-76.311839
907	-0.517633
908	-76.012209
909	-50.877100
910	-49.951434
911	-19.199919
912	-3.691811
913	-36.624561
914	-13.077114
915	-4.301079
916	-38.386442
917	-73.632210
918	-79.186706
919	-9.656370
920	-53.251012
921	-56.301208
922	-30.823222
923	-31.224536
924	-6.560265
925	-49.517290
926	-91.436097
927	-84.857931
928	-71.125898
929	-49.045101
930	-92.052009
931	-15.389388
932	-80.298332
933	-70.911231
934	-33.282777
935	-99.994966
936	-70.145048
937	-87.621452
938	-8.359094
939	-80.284684
940	-64.279863
941	-68.496170
942	-11.123998
943	-28.206550
944	-32.792915
945	-63.800029
946	-28.859252
947	-39.016666
948	-58.806386
949	-1.252052
950	-42.400286
951	-94.885617
952	-22.941255
953	-13.622968
954	-12.887267
955	-80.204844
956	-98.204936
957	-74.548196
958	-96.064349
959	-88.055179
960	-33.382905
961	-50.263126
962	-74.141159
963	-26.706885
964	-86.627120
965	-94.871194
966	-75.138437
967	-61.484394
968	-50.431390
969	-25.837839
970	-85.215855
971	-28.567426
972	-67.745501
973	-37.610348
974	-83.781790
975	-78.666182
976	-87.101755
977	-74.965835
978	-18.118089
979	-64.437455
980	-22.367362
981	-0.727069
982	-7.421216
983	-64.718799
984	-92.695940
985	-33.865159
986	-23.565832
987	-31.997100
988	-13.581074
989	-58.774301
990	-31.987530
991	-61.148422
992	-94.704402
993	-87.291295
994	-9.319814
995	-78.423101
996	-73.661853
997	-41.809458
998	-69.170943
999	-47.664516
1000	-1.154808
;

param: weight :=
1	71.000000
2	5.000000
3	32.000000
4	88.000000
5	57.000000
6	88.000000
7	67.000000
8	86.000000
9	28.000000
10	29.000000
11	7.000000
12	49.000000
13	84.000000
14	37.000000
15	36.000000
16	35.000000
17	84.000000
18	51.000000
19	35.000000
20	41.000000
21	23.000000
22	96.000000
23	10.000000
24	4.000000
25	69.000000
26	73.000000
27	74.000000
28	34.000000
29	51.000000
30	4.000000
31	15.000000
32	10.000000
33	62.000000
34	25.000000
35	52.000000
36	38.000000
37	83.000000
38	86.000000
39	65.000000
40	31.000000
41	97.000000
42	47.000000
43	61.000000
44	49.000000
45	47.000000
46	41.000000
47	29.000000
48	47.000000
49	71.000000
50	13.000000
51	25.000000
52	62.000000
53	96.000000
54	25.000000
55	43.000000
56	4.000000
57	99.000000
58	13.000000
59	64.000000
60	5.000000
61	33.000000
62	61.000000
63	91.000000
64	35.000000
65	92.000000
66	89.000000
67	20.000000
68	14.000000
69	56.000000
70	82.000000
71	64.000000
72	49.000000
73	15.000000
74	32.000000
75	97.000000
76	85.000000
77	27.000000
78	1.000000
79	96.000000
80	38.000000
81	53.000000
82	58.000000
83	98.000000
84	94.000000
85	60.000000
86	18.000000
87	39.000000
88	33.000000
89	22.000000
90	27.000000
91	32.000000
92	10.000000
93	76.000000
94	78.000000
95	31.000000
96	26.000000
97	48.000000
98	86.000000
99	89.000000
100	46.000000
101	17.000000
102	53.000000
103	87.000000
104	20.000000
105	70.000000
106	99.000000
107	43.000000
108	82.000000
109	13.000000
110	44.000000
111	87.000000
112	8.000000
113	82.000000
114	71.000000
115	81.000000
116	89.000000
117	50.000000
118	90.000000
119	59.000000
120	23.000000
121	44.000000
122	12.000000
123	58.000000
124	4.000000
125	79.000000
126	57.000000
127	82.000000
128	49.000000
129	9.000000
130	82.000000
131	42.000000
132	42.000000
133	45.000000
134	35.000000
135	33.000000
136	54.000000
137	98.000000
138	81.000000
139	34.000000
140	33.000000
141	96.000000
142	41.000000
143	14.000000
144	60.000000
145	16.000000
146	29.000000
147	92.000000
148	90.000000
149	72.000000
150	51.000000
151	90.000000
152	83.000000
153	3.000000
154	73.000000
155	56.000000
156	1.000000
157	92.000000
158	71.000000
159	44.000000
160	80.000000
161	18.000000
162	14.000000
163	59.000000
164	17.000000
165	28.000000
166	61.000000
167	55.000000
168	9.000000
169	35.000000
170	22.000000
171	90.000000
172	35.000000
173	4.000000
174	98.000000
175	38.000000
176	53.000000
177	85.000000
178	79.000000
179	3.000000
180	6.000000
181	86.000000
182	56.000000
183	88.000000
184	7.000000
185	30.000000
186	58.000000
187	9.000000
188	41.000000
189	28.000000
190	61.000000
191	61.000000
192	87.000000
193	50.000000
194	44.000000
195	31.000000
196	26.000000
197	75.000000
198	36.000000
199	29.000000
200	92.000000
201	14.000000
202	77.000000
203	83.000000
204	48.000000
205	92.000000
206	50.000000
207	65.000000
208	91.000000
209	22.000000
210	34.000000
211	90.000000
212	92.000000
213	15.000000
214	96.000000
215	13.000000
216	17.000000
217	6.000000
218	55.000000
219	63.000000
220	21.000000
221	49.000000
222	20.000000
223	40.000000
224	34.000000
225	53.000000
226	20.000000
227	60.000000
228	93.000000
229	79.000000
230	11.000000
231	59.000000
232	78.000000
233	56.000000
234	82.000000
235	22.000000
236	18.000000
237	99.000000
238	3.000000
239	1.000000
240	14.000000
241	87.000000
242	1.000000
243	67.000000
244	83.000000
245	88.000000
246	75.000000
247	15.000000
248	68.000000
249	55.000000
250	77.000000
251	40.000000
252	26.000000
253	4.000000
254	95.000000
255	34.000000
256	36.000000
257	8.000000
258	21.000000
259	7.000000
260	87.000000
261	93.000000
262	16.000000
263	22.000000
264	29.000000
265	64.000000
266	65.000000
267	55.000000
268	67.000000
269	12.000000
270	75.000000
271	91.000000
272	75.000000
273	32.000000
274	48.000000
275	15.000000
276	62.000000
277	24.000000
278	26.000000
279	13.000000
280	33.000000
281	95.000000
282	52.000000
283	4.000000
284	68.000000
285	44.000000
286	22.000000
287	8.000000
288	85.000000
289	32.000000
290	92.000000
291	19.000000
292	31.000000
293	91.000000
294	25.000000
295	56.000000
296	4.000000
297	92.000000
298	93.000000
299	71.000000
300	97.000000
301	56.000000
302	45.000000
303	16.000000
304	99.000000
305	12.000000
306	58.000000
307	41.000000
308	4.000000
309	82.000000
310	45.000000
311	85.000000
312	31.000000
313	39.000000
314	62.000000
315	33.000000
316	80.000000
317	89.000000
318	23.000000
319	86.000000
320	81.000000
321	28.000000
322	26.000000
323	2.000000
324	49.000000
325	50.000000
326	67.000000
327	96.000000
328	13.000000
329	99.000000
330	44.000000
331	31.000000
332	36.000000
333	42.000000
334	19.000000
335	47.000000
336	26.000000
337	23.000000
338	55.000000
339	17.000000
340	66.000000
341	73.000000
342	96.000000
343	50.000000
344	92.000000
345	49.000000
346	69.000000
347	53.000000
348	3.000000
349	83.000000
350	31.000000
351	8.000000
352	58.000000
353	30.000000
354	21.000000
355	50.000000
356	38.000000
357	65.000000
358	46.000000
359	36.000000
360	19.000000
361	50.000000
362	83.000000
363	62.000000
364	23.000000
365	19.000000
366	88.000000
367	30.000000
368	86.000000
369	87.000000
370	87.000000
371	93.000000
372	53.000000
373	69.000000
374	38.000000
375	12.000000
376	61.000000
377	56.000000
378	95.000000
379	71.000000
380	56.000000
381	7.000000
382	3.000000
383	14.000000
384	7.000000
385	71.000000
386	86.000000
387	89.000000
388	75.000000
389	69.000000
390	20.000000
391	34.000000
392	9.000000
393	37.000000
394	60.000000
395	89.000000
396	95.000000
397	28.000000
398	72.000000
399	85.000000
400	3.000000
401	19.000000
402	27.000000
403	99.000000
404	35.000000
405	45.000000
406	56.000000
407	23.000000
408	61.000000
409	18.000000
410	67.000000
411	76.000000
412	23.000000
413	8.000000
414	61.000000
415	79.000000
416	84.000000
417	12.000000
418	30.000000
419	20.000000
420	12.000000
421	93.000000
422	49.000000
423	54.000000
424	33.000000
425	84.000000
426	30.000000
427	30.000000
428	64.000000
429	93.000000
430	19.000000
431	85.000000
432	71.000000
433	27.000000
434	5.000000
435	99.000000
436	62.000000
437	93.000000
438	41.000000
439	2.000000
440	14.000000
441	63.000000
442	71.000000
443	27.000000
444	9.000000
445	52.000000
446	42.000000
447	23.000000
448	26.000000
449	97.000000
450	62.000000
451	74.000000
452	38.000000
453	37.000000
454	50.000000
455	38.000000
456	82.000000
457	9.000000
458	37.000000
459	26.000000
460	3.000000
461	65.000000
462	47.000000
463	75.000000
464	74.000000
465	80.000000
466	41.000000
467	15.000000
468	77.000000
469	18.000000
470	89.000000
471	50.000000
472	81.000000
473	76.000000
474	10.000000
475	97.000000
476	89.000000
477	12.000000
478	70.000000
479	73.000000
480	89.000000
481	99.000000
482	86.000000
483	63.000000
484	32.000000
485	97.000000
486	32.000000
487	27.000000
488	38.000000
489	13.000000
490	43.000000
491	6.000000
492	3.000000
493	20.000000
494	41.000000
495	45.000000
496	3.000000
497	8.000000
498	59.000000
499	69.000000
500	74.000000
501	37.000000
502	89.000000
503	94.000000
504	53.000000
505	53.000000
506	88.000000
507	94.000000
508	63.000000
509	56.000000
510	56.000000
511	21.000000
512	70.000000
513	79.000000
514	11.000000
515	26.000000
516	65.000000
517	90.000000
518	95.000000
519	45.000000
520	31.000000
521	51.000000
522	83.000000
523	40.000000
524	98.000000
525	29.000000
526	60.000000
527	79.000000
528	16.000000
529	99.000000
530	16.000000
531	67.000000
532	58.000000
533	99.000000
534	15.000000
535	23.000000
536	30.000000
537	97.000000
538	37.000000
539	29.000000
540	40.000000
541	66.000000
542	24.000000
543	1.000000
544	33.000000
545	11.000000
546	4.000000
547	20.000000
548	12.000000
549	80.000000
550	68.000000
551	26.000000
552	42.000000
553	2.000000
554	14.000000
555	56.000000
556	90.000000
557	41.000000
558	26.000000
559	50.000000
560	48.000000
561	7.000000
562	90.000000
563	25.000000
564	85.000000
565	22.000000
566	80.000000
567	34.000000
568	36.000000
569	98.000000
570	20.000000
571	26.000000
572	40.000000
573	89.000000
574	58.000000
575	92.000000
576	1.000000
577	77.000000
578	16.000000
579	41.000000
580	27.000000
581	8.000000
582	47.000000
583	29.000000
584	40.000000
585	46.000000
586	9.000000
587	24.000000
588	83.000000
589	76.000000
590	94.000000
591	53.000000
592	89.000000
593	46.000000
594	62.000000
595	30.000000
596	25.000000
597	26.000000
598	66.000000
599	69.000000
600	92.000000
601	32.000000
602	87.000000
603	58.000000
604	7.000000
605	23.000000
606	12.000000
607	61.000000
608	16.000000
609	8.000000
610	68.000000
611	61.000000
612	93.000000
613	93.000000
614	7.000000
615	74.000000
616	6.000000
617	88.000000
618	55.000000
619	54.000000
620	35.000000
621	94.000000
622	79.000000
623	40.000000
624	75.000000
625	47.000000
626	14.000000
627	3.000000
628	19.000000
629	78.000000
630	7.000000
631	88.000000
632	58.000000
633	1.000000
634	84.000000
635	70.000000
636	17.000000
637	68.000000
638	96.000000
639	43.000000
640	77.000000
641	61.000000
642	21.000000
643	52.000000
644	81.000000
645	56.000000
646	13.000000
647	23.000000
648	78.000000
649	58.000000
650	18.000000
651	59.000000
652	70.000000
653	60.000000
654	69.000000
655	63.000000
656	62.000000
657	78.000000
658	31.000000
659	41.000000
660	24.000000
661	29.000000
662	67.000000
663	81.000000
664	37.000000
665	96.000000
666	2.000000
667	7.000000
668	94.000000
669	57.000000
670	79.000000
671	28.000000
672	9.000000
673	96.000000
674	36.000000
675	57.000000
676	29.000000
677	21.000000
678	57.000000
679	58.000000
680	53.000000
681	29.000000
682	84.000000
683	5.000000
684	73.000000
685	1.000000
686	37.000000
687	9.000000
688	31.000000
689	56.000000
690	74.000000
691	62.000000
692	42.000000
693	12.000000
694	72.000000
695	44.000000
696	85.000000
697	21.000000
698	26.000000
699	72.000000
700	31.000000
701	16.000000
702	42.000000
703	29.000000
704	50.000000
705	90.000000
706	70.000000
707	2.000000
708	80.000000
709	36.000000
710	72.000000
711	7.000000
712	77.000000
713	61.000000
714	44.000000
715	66.000000
716	9.000000
717	9.000000
718	89.000000
719	24.000000
720	56.000000
721	71.000000
722	81.000000
723	92.000000
724	58.000000
725	83.000000
726	86.000000
727	81.000000
728	19.000000
729	12.000000
730	7.000000
731	55.000000
732	38.000000
733	46.000000
734	73.000000
735	5.000000
736	89.000000
737	90.000000
738	52.000000
739	79.000000
740	22.000000
741	45.000000
742	11.000000
743	51.000000
744	29.000000
745	94.000000
746	8.000000
747	4.000000
748	31.000000
749	66.000000
750	33.000000
751	4.000000
752	79.000000
753	91.000000
754	60.000000
755	7.000000
756	85.000000
757	22.000000
758	20.000000
759	60.000000
760	47.000000
761	41.000000
762	47.000000
763	79.000000
764	29.000000
765	28.000000
766	43.000000
767	17.000000
768	84.000000
769	27.000000
770	41.000000
771	1.000000
772	14.000000
773	23.000000
774	71.000000
775	57.000000
776	32.000000
777	54.000000
778	5.000000
779	80.000000
780	70.000000
781	72.000000
782	75.000000
783	41.000000
784	27.000000
785	74.000000
786	85.000000
787	73.000000
788	33.000000
789	25.000000
790	80.000000
791	5.000000
792	2.000000
793	48.000000
794	74.000000
795	71.000000
796	41.000000
797	74.000000
798	59.000000
799	74.000000
800	73.000000
801	2.000000
802	71.000000
803	46.000000
804	49.000000
805	20.000000
806	36.000000
807	21.000000
808	1.000000
809	53.000000
810	26.000000
811	92.000000
812	41.000000
813	67.000000
814	23.000000
815	28.000000
816	71.000000
817	19.000000
818	30.000000
819	47.000000
820	55.000000
821	48.000000
822	28.000000
823	27.000000
824	16.000000
825	99.000000
826	84.000000
827	6.000000
828	87.000000
829	39.000000
830	12.000000
831	43.000000
832	57.000000
833	57.000000
834	49.000000
835	72.000000
836	47.000000
837	61.000000
838	51.000000
839	82.000000
840	25.000000
841	98.000000
842	18.000000
843	87.000000
844	14.000000
845	29.000000
846	56.000000
847	43.000000
848	34.000000
849	11.000000
850	81.000000
851	84.000000
852	41.000000
853	75.000000
854	83.000000
855	58.000000
856	85.000000
857	91.000000
858	12.000000
859	75.000000
860	48.000000
861	71.000000
862	87.000000
863	5.000000
864	76.000000
865	99.000000
866	14.000000
867	15.000000
868	93.000000
869	46.000000
870	94.000000
871	99.000000
872	2.000000
873	50.000000
874	11.000000
875	25.000000
876	64.000000
877	75.000000
878	37.000000
879	62.000000
880	63.000000
881	34.000000
882	30.000000
883	98.000000
884	27.000000
885	93.000000
886	90.000000
887	77.000000
888	22.000000
889	93.000000
890	75.000000
891	43.000000
892	12.000000
893	44.000000
894	66.000000
895	20.000000
896	45.000000
897	82.000000
898	76.000000
899	3.000000
900	70.000000
901	4.000000
902	99.000000
903	44.000000
904	93.000000
905	78.000000
906	73.000000
907	3.000000
908	3.000000
909	52.000000
910	73.000000
911	66.000000
912	65.000000
913	47.000000
914	49.000000
915	3.000000
916	69.000000
917	65.000000
918	38.000000
919	89.000000
920	97.000000
921	59.000000
922	38.000000
923	85.000000
924	78.000000
925	56.000000
926	30.000000
927	16.000000
928	37.000000
929	44.000000
930	31.000000
931	24.000000
932	87.000000
933	99.000000
934	10.000000
935	47.000000
936	89.000000
937	94.000000
938	85.000000
939	57.000000
940	61.000000
941	40.000000
942	89.000000
943	17.000000
944	49.000000
945	47.000000
946	41.000000
947	50.000000
948	54.000000
949	23.000000
950	60.000000
951	61.000000
952	10.000000
953	42.000000
954	48.000000
955	85.000000
956	53.000000
957	36.000000
958	38.000000
959	96.000000
960	76.000000
961	48.000000
962	73.000000
963	89.000000
964	16.000000
965	10.000000
966	32.000000
967	26.000000
968	13.000000
969	19.000000
970	27.000000
971	7.000000
972	19.000000
973	46.000000
974	19.000000
975	61.000000
976	2.000000
977	30.000000
978	90.000000
979	48.000000
980	71.000000
981	44.000000
982	94.000000
983	19.000000
984	28.000000
985	84.000000
986	88.000000
987	11.000000
988	79.000000
989	54.000000
990	32.000000
991	2.000000
992	75.000000
993	83.000000
994	55.000000
995	20.000000
996	80.000000
997	91.000000
998	30.000000
999	45.000000
1000	41.000000
;

param: U :=
1	100.000000
2	100.000000
3	100.000000
4	100.000000
5	100.000000
6	100.000000
7	100.000000
8	100.000000
9	100.000000
10	100.000000
11	100.000000
12	100.000000
13	100.000000
14	100.000000
15	100.000000
16	100.000000
17	100.000000
18	100.000000
19	100.000000
20	100.000000
21	100.000000
22	100.000000
23	100.000000
24	100.000000
25	100.000000
26	100.000000
27	100.000000
28	100.000000
29	100.000000
30	100.000000
31	100.000000
32	100.000000
33	100.000000
34	100.000000
35	100.000000
36	100.000000
37	100.000000
38	100.000000
39	100.000000
40	100.000000
41	100.000000
42	100.000000
43	100.000000
44	100.000000
45	100.000000
46	100.000000
47	100.000000
48	100.000000
49	100.000000
50	100.000000
51	100.000000
52	100.000000
53	100.000000
54	100.000000
55	100.000000
56	100.000000
57	100.000000
58	100.000000
59	100.000000
60	100.000000
61	100.000000
62	100.000000
63	100.000000
64	100.000000
65	100.000000
66	100.000000
67	100.000000
68	100.000000
69	100.000000
70	100.000000
71	100.000000
72	100.000000
73	100.000000
74	100.000000
75	100.000000
76	100.000000
77	100.000000
78	100.000000
79	100.000000
80	100.000000
81	100.000000
82	100.000000
83	100.000000
84	100.000000
85	100.000000
86	100.000000
87	100.000000
88	100.000000
89	100.000000
90	100.000000
91	100.000000
92	100.000000
93	100.000000
94	100.000000
95	100.000000
96	100.000000
97	100.000000
98	100.000000
99	100.000000
100	100.000000
101	100.000000
102	100.000000
103	100.000000
104	100.000000
105	100.000000
106	100.000000
107	100.000000
108	100.000000
109	100.000000
110	100.000000
111	100.000000
112	100.000000
113	100.000000
114	100.000000
115	100.000000
116	100.000000
117	100.000000
118	100.000000
119	100.000000
120	100.000000
121	100.000000
122	100.000000
123	100.000000
124	100.000000
125	100.000000
126	100.000000
127	100.000000
128	100.000000
129	100.000000
130	100.000000
131	100.000000
132	100.000000
133	100.000000
134	100.000000
135	100.000000
136	100.000000
137	100.000000
138	100.000000
139	100.000000
140	100.000000
141	100.000000
142	100.000000
143	100.000000
144	100.000000
145	100.000000
146	100.000000
147	100.000000
148	100.000000
149	100.000000
150	100.000000
151	100.000000
152	100.000000
153	100.000000
154	100.000000
155	100.000000
156	100.000000
157	100.000000
158	100.000000
159	100.000000
160	100.000000
161	100.000000
162	100.000000
163	100.000000
164	100.000000
165	100.000000
166	100.000000
167	100.000000
168	100.000000
169	100.000000
170	100.000000
171	100.000000
172	100.000000
173	100.000000
174	100.000000
175	100.000000
176	100.000000
177	100.000000
178	100.000000
179	100.000000
180	100.000000
181	100.000000
182	100.000000
183	100.000000
184	100.000000
185	100.000000
186	100.000000
187	100.000000
188	100.000000
189	100.000000
190	100.000000
191	100.000000
192	100.000000
193	100.000000
194	100.000000
195	100.000000
196	100.000000
197	100.000000
198	100.000000
199	100.000000
200	100.000000
201	100.000000
202	100.000000
203	100.000000
204	100.000000
205	100.000000
206	100.000000
207	100.000000
208	100.000000
209	100.000000
210	100.000000
211	100.000000
212	100.000000
213	100.000000
214	100.000000
215	100.000000
216	100.000000
217	100.000000
218	100.000000
219	100.000000
220	100.000000
221	100.000000
222	100.000000
223	100.000000
224	100.000000
225	100.000000
226	100.000000
227	100.000000
228	100.000000
229	100.000000
230	100.000000
231	100.000000
232	100.000000
233	100.000000
234	100.000000
235	100.000000
236	100.000000
237	100.000000
238	100.000000
239	100.000000
240	100.000000
241	100.000000
242	100.000000
243	100.000000
244	100.000000
245	100.000000
246	100.000000
247	100.000000
248	100.000000
249	100.000000
250	100.000000
251	100.000000
252	100.000000
253	100.000000
254	100.000000
255	100.000000
256	100.000000
257	100.000000
258	100.000000
259	100.000000
260	100.000000
261	100.000000
262	100.000000
263	100.000000
264	100.000000
265	100.000000
266	100.000000
267	100.000000
268	100.000000
269	100.000000
270	100.000000
271	100.000000
272	100.000000
273	100.000000
274	100.000000
275	100.000000
276	100.000000
277	100.000000
278	100.000000
279	100.000000
280	100.000000
281	100.000000
282	100.000000
283	100.000000
284	100.000000
285	100.000000
286	100.000000
287	100.000000
288	100.000000
289	100.000000
290	100.000000
291	100.000000
292	100.000000
293	100.000000
294	100.000000
295	100.000000
296	100.000000
297	100.000000
298	100.000000
299	100.000000
300	100.000000
301	100.000000
302	100.000000
303	100.000000
304	100.000000
305	100.000000
306	100.000000
307	100.000000
308	100.000000
309	100.000000
310	100.000000
311	100.000000
312	100.000000
313	100.000000
314	100.000000
315	100.000000
316	100.000000
317	100.000000
318	100.000000
319	100.000000
320	100.000000
321	100.000000
322	100.000000
323	100.000000
324	100.000000
325	100.000000
326	100.000000
327	100.000000
328	100.000000
329	100.000000
330	100.000000
331	100.000000
332	100.000000
333	100.000000
334	100.000000
335	100.000000
336	100.000000
337	100.000000
338	100.000000
339	100.000000
340	100.000000
341	100.000000
342	100.000000
343	100.000000
344	100.000000
345	100.000000
346	100.000000
347	100.000000
348	100.000000
349	100.000000
350	100.000000
351	100.000000
352	100.000000
353	100.000000
354	100.000000
355	100.000000
356	100.000000
357	100.000000
358	100.000000
359	100.000000
360	100.000000
361	100.000000
362	100.000000
363	100.000000
364	100.000000
365	100.000000
366	100.000000
367	100.000000
368	100.000000
369	100.000000
370	100.000000
371	100.000000
372	100.000000
373	100.000000
374	100.000000
375	100.000000
376	100.000000
377	100.000000
378	100.000000
379	100.000000
380	100.000000
381	100.000000
382	100.000000
383	100.000000
384	100.000000
385	100.000000
386	100.000000
387	100.000000
388	100.000000
389	100.000000
390	100.000000
391	100.000000
392	100.000000
393	100.000000
394	100.000000
395	100.000000
396	100.000000
397	100.000000
398	100.000000
399	100.000000
400	100.000000
401	100.000000
402	100.000000
403	100.000000
404	100.000000
405	100.000000
406	100.000000
407	100.000000
408	100.000000
409	100.000000
410	100.000000
411	100.000000
412	100.000000
413	100.000000
414	100.000000
415	100.000000
416	100.000000
417	100.000000
418	100.000000
419	100.000000
420	100.000000
421	100.000000
422	100.000000
423	100.000000
424	100.000000
425	100.000000
426	100.000000
427	100.000000
428	100.000000
429	100.000000
430	100.000000
431	100.000000
432	100.000000
433	100.000000
434	100.000000
435	100.000000
436	100.000000
437	100.000000
438	100.000000
439	100.000000
440	100.000000
441	100.000000
442	100.000000
443	100.000000
444	100.000000
445	100.000000
446	100.000000
447	100.000000
448	100.000000
449	100.000000
450	100.000000
451	100.000000
452	100.000000
453	100.000000
454	100.000000
455	100.000000
456	100.000000
457	100.000000
458	100.000000
459	100.000000
460	100.000000
461	100.000000
462	100.000000
463	100.000000
464	100.000000
465	100.000000
466	100.000000
467	100.000000
468	100.000000
469	100.000000
470	100.000000
471	100.000000
472	100.000000
473	100.000000
474	100.000000
475	100.000000
476	100.000000
477	100.000000
478	100.000000
479	100.000000
480	100.000000
481	100.000000
482	100.000000
483	100.000000
484	100.000000
485	100.000000
486	100.000000
487	100.000000
488	100.000000
489	100.000000
490	100.000000
491	100.000000
492	100.000000
493	100.000000
494	100.000000
495	100.000000
496	100.000000
497	100.000000
498	100.000000
499	100.000000
500	100.000000
501	100.000000
502	100.000000
503	100.000000
504	100.000000
505	100.000000
506	100.000000
507	100.000000
508	100.000000
509	100.000000
510	100.000000
511	100.000000
512	100.000000
513	100.000000
514	100.000000
515	100.000000
516	100.000000
517	100.000000
518	100.000000
519	100.000000
520	100.000000
521	100.000000
522	100.000000
523	100.000000
524	100.000000
525	100.000000
526	100.000000
527	100.000000
528	100.000000
529	100.000000
530	100.000000
531	100.000000
532	100.000000
533	100.000000
534	100.000000
535	100.000000
536	100.000000
537	100.000000
538	100.000000
539	100.000000
540	100.000000
541	100.000000
542	100.000000
543	100.000000
544	100.000000
545	100.000000
546	100.000000
547	100.000000
548	100.000000
549	100.000000
550	100.000000
551	100.000000
552	100.000000
553	100.000000
554	100.000000
555	100.000000
556	100.000000
557	100.000000
558	100.000000
559	100.000000
560	100.000000
561	100.000000
562	100.000000
563	100.000000
564	100.000000
565	100.000000
566	100.000000
567	100.000000
568	100.000000
569	100.000000
570	100.000000
571	100.000000
572	100.000000
573	100.000000
574	100.000000
575	100.000000
576	100.000000
577	100.000000
578	100.000000
579	100.000000
580	100.000000
581	100.000000
582	100.000000
583	100.000000
584	100.000000
585	100.000000
586	100.000000
587	100.000000
588	100.000000
589	100.000000
590	100.000000
591	100.000000
592	100.000000
593	100.000000
594	100.000000
595	100.000000
596	100.000000
597	100.000000
598	100.000000
599	100.000000
600	100.000000
601	100.000000
602	100.000000
603	100.000000
604	100.000000
605	100.000000
606	100.000000
607	100.000000
608	100.000000
609	100.000000
610	100.000000
611	100.000000
612	100.000000
613	100.000000
614	100.000000
615	100.000000
616	100.000000
617	100.000000
618	100.000000
619	100.000000
620	100.000000
621	100.000000
622	100.000000
623	100.000000
624	100.000000
625	100.000000
626	100.000000
627	100.000000
628	100.000000
629	100.000000
630	100.000000
631	100.000000
632	100.000000
633	100.000000
634	100.000000
635	100.000000
636	100.000000
637	100.000000
638	100.000000
639	100.000000
640	100.000000
641	100.000000
642	100.000000
643	100.000000
644	100.000000
645	100.000000
646	100.000000
647	100.000000
648	100.000000
649	100.000000
650	100.000000
651	100.000000
652	100.000000
653	100.000000
654	100.000000
655	100.000000
656	100.000000
657	100.000000
658	100.000000
659	100.000000
660	100.000000
661	100.000000
662	100.000000
663	100.000000
664	100.000000
665	100.000000
666	100.000000
667	100.000000
668	100.000000
669	100.000000
670	100.000000
671	100.000000
672	100.000000
673	100.000000
674	100.000000
675	100.000000
676	100.000000
677	100.000000
678	100.000000
679	100.000000
680	100.000000
681	100.000000
682	100.000000
683	100.000000
684	100.000000
685	100.000000
686	100.000000
687	100.000000
688	100.000000
689	100.000000
690	100.000000
691	100.000000
692	100.000000
693	100.000000
694	100.000000
695	100.000000
696	100.000000
697	100.000000
698	100.000000
699	100.000000
700	100.000000
701	100.000000
702	100.000000
703	100.000000
704	100.000000
705	100.000000
706	100.000000
707	100.000000
708	100.000000
709	100.000000
710	100.000000
711	100.000000
712	100.000000
713	100.000000
714	100.000000
715	100.000000
716	100.000000
717	100.000000
718	100.000000
719	100.000000
720	100.000000
721	100.000000
722	100.000000
723	100.000000
724	100.000000
725	100.000000
726	100.000000
727	100.000000
728	100.000000
729	100.000000
730	100.000000
731	100.000000
732	100.000000
733	100.000000
734	100.000000
735	100.000000
736	100.000000
737	100.000000
738	100.000000
739	100.000000
740	100.000000
741	100.000000
742	100.000000
743	100.000000
744	100.000000
745	100.000000
746	100.000000
747	100.000000
748	100.000000
749	100.000000
750	100.000000
751	100.000000
752	100.000000
753	100.000000
754	100.000000
755	100.000000
756	100.000000
757	100.000000
758	100.000000
759	100.000000
760	100.000000
761	100.000000
762	100.000000
763	100.000000
764	100.000000
765	100.000000
766	100.000000
767	100.000000
768	100.000000
769	100.000000
770	100.000000
771	100.000000
772	100.000000
773	100.000000
774	100.000000
775	100.000000
776	100.000000
777	100.000000
778	100.000000
779	100.000000
780	100.000000
781	100.000000
782	100.000000
783	100.000000
784	100.000000
785	100.000000
786	100.000000
787	100.000000
788	100.000000
789	100.000000
790	100.000000
791	100.000000
792	100.000000
793	100.000000
794	100.000000
795	100.000000
796	100.000000
797	100.000000
798	100.000000
799	100.000000
800	100.000000
801	100.000000
802	100.000000
803	100.000000
804	100.000000
805	100.000000
806	100.000000
807	100.000000
808	100.000000
809	100.000000
810	100.000000
811	100.000000
812	100.000000
813	100.000000
814	100.000000
815	100.000000
816	100.000000
817	100.000000
818	100.000000
819	100.000000
820	100.000000
821	100.000000
822	100.000000
823	100.000000
824	100.000000
825	100.000000
826	100.000000
827	100.000000
828	100.000000
829	100.000000
830	100.000000
831	100.000000
832	100.000000
833	100.000000
834	100.000000
835	100.000000
836	100.000000
837	100.000000
838	100.000000
839	100.000000
840	100.000000
841	100.000000
842	100.000000
843	100.000000
844	100.000000
845	100.000000
846	100.000000
847	100.000000
848	100.000000
849	100.000000
850	100.000000
851	100.000000
852	100.000000
853	100.000000
854	100.000000
855	100.000000
856	100.000000
857	100.000000
858	100.000000
859	100.000000
860	100.000000
861	100.000000
862	100.000000
863	100.000000
864	100.000000
865	100.000000
866	100.000000
867	100.000000
868	100.000000
869	100.000000
870	100.000000
871	100.000000
872	100.000000
873	100.000000
874	100.000000
875	100.000000
876	100.000000
877	100.000000
878	100.000000
879	100.000000
880	100.000000
881	100.000000
882	100.000000
883	100.000000
884	100.000000
885	100.000000
886	100.000000
887	100.000000
888	100.000000
889	100.000000
890	100.000000
891	100.000000
892	100.000000
893	100.000000
894	100.000000
895	100.000000
896	100.000000
897	100.000000
898	100.000000
899	100.000000
900	100.000000
901	100.000000
902	100.000000
903	100.000000
904	100.000000
905	100.000000
906	100.000000
907	100.000000
908	100.000000
909	100.000000
910	100.000000
911	100.000000
912	100.000000
913	100.000000
914	100.000000
915	100.000000
916	100.000000
917	100.000000
918	100.000000
919	100.000000
920	100.000000
921	100.000000
922	100.000000
923	100.000000
924	100.000000
925	100.000000
926	100.000000
927	100.000000
928	100.000000
929	100.000000
930	100.000000
931	100.000000
932	100.000000
933	100.000000
934	100.000000
935	100.000000
936	100.000000
937	100.000000
938	100.000000
939	100.000000
940	100.000000
941	100.000000
942	100.000000
943	100.000000
944	100.000000
945	100.000000
946	100.000000
947	100.000000
948	100.000000
949	100.000000
950	100.000000
951	100.000000
952	100.000000
953	100.000000
954	100.000000
955	100.000000
956	100.000000
957	100.000000
958	100.000000
959	100.000000
960	100.000000
961	100.000000
962	100.000000
963	100.000000
964	100.000000
965	100.000000
966	100.000000
967	100.000000
968	100.000000
969	100.000000
970	100.000000
971	100.000000
972	100.000000
973	100.000000
974	100.000000
975	100.000000
976	100.000000
977	100.000000
978	100.000000
979	100.000000
980	100.000000
981	100.000000
982	100.000000
983	100.000000
984	100.000000
985	100.000000
986	100.000000
987	100.000000
988	100.000000
989	100.000000
990	100.000000
991	100.000000
992	100.000000
993	100.000000
994	100.000000
995	100.000000
996	100.000000
997	100.000000
998	100.000000
999	100.000000
1000	100.000000
;

