DATASET: Gunluk and Lee 2009
FACILITIES: 30
CUSTOMERS: 60
FIXED_COSTS:
1 9.0
2 27.0
3 60.0
4 84.0
5 81.0
6 79.0
7 66.0
8 24.0
9 8.0
10 44.0
11 81.0
12 29.0
13 30.0
14 10.0
15 33.0
16 9.0
17 25.0
18 37.0
19 86.0
20 94.0
21 3.0
22 54.0
23 54.0
24 67.0
25 80.0
26 85.0
27 84.0
28 16.0
29 41.0
30 2.0
CAPACITIES:
1 3215
2 3215
3 3215
4 3215
5 3215
6 3215
7 3215
8 3215
9 3215
10 3215
11 3215
12 3215
13 3215
14 3215
15 3215
16 3215
17 3215
18 3215
19 3215
20 3215
21 3215
22 3215
23 3215
24 3215
25 3215
26 3215
27 3215
28 3215
29 3215
30 3215
DEMANDS:
1 47
2 4
3 68
4 87
5 68
6 31
7 10
8 93
9 25
10 13
11 12
12 37
13 24
14 45
15 75
16 91
17 89
18 23
19 75
20 80
21 99
22 73
23 94
24 87
25 8
26 71
27 21
28 7
29 99
30 84
31 97
32 49
33 15
34 86
35 49
36 50
37 5
38 48
39 6
40 64
41 90
42 30
43 34
44 51
45 89
46 50
47 41
48 54
49 65
50 63
51 45
52 15
53 19
54 82
55 12
56 74
57 56
58 95
59 83
60 58
ASSIGNMENT_COSTS:
1 1 26.91243791546621
1 2 34.39072391571214
1 3 28.92831341324613
1 4 40.09167486312546
1 5 28.222930169583986
1 6 18.68205862376959
1 7 34.324364840460305
1 8 35.76372971425137
1 9 26.889784779451688
1 10 11.024723181366996
1 11 46.66030623843306
1 12 37.09345776769657
1 13 35.47069845829967
1 14 38.460741361825804
1 15 21.079552192994953
1 16 31.291314426192006
1 17 10.580037394319751
1 18 24.649794002562324
1 19 25.864589807487203
1 20 24.723687769012116
1 21 22.698148198109436
1 22 32.770616570905595
1 23 30.504211027276707
1 24 20.705842717208007
1 25 15.447986111701114
1 26 24.575143538220516
1 27 25.557436203152108
1 28 7.50801195559602
1 29 20.64949468134166
1 30 37.861891329319306
1 31 11.981244335655651
1 32 20.670488500732915
1 33 23.479144346383272
1 34 18.21531561154869
1 35 27.508083314678387
1 36 25.110550245903084
1 37 46.687230502231294
1 38 8.180669772813062
1 39 31.114676634111056
1 40 18.31679765505259
1 41 8.285270616517138
1 42 20.775696455309454
1 43 34.42432422850526
1 44 17.95753412444242
1 45 11.415217255864249
1 46 35.573027325771506
1 47 30.39964245739078
1 48 23.967655852073666
1 49 11.897939082305713
1 50 14.551796172244924
1 51 37.7652243780041
1 52 27.55963965435709
1 53 6.048069519778916
1 54 6.529347593447635
1 55 35.10785165166877
1 56 15.677430148317747
1 57 19.40896508557439
1 58 35.61252826598987
1 59 27.279370928232893
1 60 9.5413157579286
2 1 19.491173371789586
2 2 18.004092276944185
2 3 15.171812130769597
2 4 7.566127898022369
2 5 15.685419086857808
2 6 40.77250849240644
2 7 23.704241703394896
2 8 3.7357526521604436
2 9 39.61527301503388
2 10 49.20110913232484
2 11 7.707082810395752
2 12 31.773187182660145
2 13 10.518270365507991
2 14 7.623454382544384
2 15 25.357193400707118
2 16 40.62093169705581
2 17 34.47389516946865
2 18 25.945274520216294
2 19 27.62423541683899
2 20 31.652316062825054
2 21 17.903845370931354
2 22 29.582507193466178
2 23 33.2958783304201
2 24 19.848456102702073
2 25 39.238515303736705
2 26 19.576767238736277
2 27 15.749254179825034
2 28 41.42285108645948
2 29 37.641752991953055
2 30 29.424434011855887
2 31 49.90990576932789
2 32 37.72605308004562
2 33 35.011029787957376
2 34 31.130655802864915
2 35 25.582198800233634
2 36 32.65349812031748
2 37 10.382916849171547
2 38 47.56518891539311
2 39 35.77858537770788
2 40 29.47631989246422
2 41 31.425847606319344
2 42 25.382451777154273
2 43 6.446957194534705
2 44 21.950350284349216
2 45 48.15475674360158
2 46 6.37839997868816
2 47 13.558819823435512
2 48 19.63685427382447
2 49 29.697864474524277
2 50 33.599609058296124
2 51 30.146560212318747
2 52 14.844689810817849
2 53 34.20915048677651
2 54 36.46449085934033
2 55 4.406405214239652
2 56 33.2942086820106
2 57 37.144606046256115
2 58 35.90898882703551
2 59 12.454712029578616
2 60 37.90933886903063
3 1 30.680779250877404
3 2 31.994479563123036
3 3 12.08039380008402
3 4 8.139485668927776
3 5 26.97549935961416
3 6 34.71431480912986
3 7 11.301302056605662
3 8 15.447371817994554
3 9 30.306886515399476
3 10 51.69245832222163
3 11 20.607220154830042
3 12 45.48184155915711
3 13 7.26588180881083
3 14 22.952630828875797
3 15 20.760017806888715
3 16 29.78013818635349
3 17 39.77764078957098
3 18 36.542560103742005
3 19 19.318305607960845
3 20 42.11497105429532
3 21 18.925097582608498
3 22 17.63968710779077
3 23 22.32333308477813
3 24 26.698892726267935
3 25 34.440452678074124
3 26 29.52183961003331
3 27 24.952291690405946
3 28 39.81545041233188
3 29 30.744259535871223
3 30 15.454752318775089
3 31 48.50835258933216
3 32 46.42418463133297
3 33 44.83866766361256
3 34 39.35552376057712
3 35 16.814281925218715
3 36 43.16862135567133
3 37 11.110372855688675
3 38 48.81484565501765
3 39 47.67615078603238
3 40 24.857473539423985
3 41 34.24383791130365
3 42 34.314103768091755
3 43 19.56163610914566
3 44 23.666180106317835
3 45 46.26271091686907
3 46 11.046533010264339
3 47 25.741192695765264
3 48 29.217670460765845
3 49 29.01156026104687
3 50 29.780672675135587
3 51 44.140511180787605
3 52 25.41492807690445
3 53 34.76050128346418
3 54 35.68775383639924
3 55 15.348902445128909
3 56 29.00318773279153
3 57 30.770638133319167
3 58 23.16064915550985
3 59 20.463645499036804
3 60 35.585456144130475
4 1 40.95046456772022
4 2 47.4433972455197
4 3 27.08144976751376
4 4 38.29471261332423
4 5 39.81336428701297
4 6 6.028237789662141
4 7 22.978259914657354
4 8 39.104422913190376
4 9 4.312868366522992
4 10 33.21373832566052
4 11 49.811208717176605
4 12 55.6706233943999
4 13 33.0325716678407
4 14 45.59748326858103
4 15 17.258360156032953
4 16 8.11245301766678
4 17 32.84324545605759
4 18 42.38595726091921
4 19 15.008534573635135
4 20 45.097624517291365
4 21 26.100945708938017
4 22 17.39143145586511
4 23 12.644729322392928
4 24 32.614043083028214
4 25 9.229829083906168
4 26 38.29744244713124
4 27 36.099538557936256
4 28 17.872659938714495
4 29 5.369851276054245
4 30 22.194361931080618
4 31 22.985335068123224
4 32 43.64553363379724
4 33 45.26471204008685
4 34 38.768951411066816
4 35 17.414357328674317
4 36 45.84185093752619
4 37 44.13798610658345
4 38 28.71602987886139
4 39 52.15093266499448
4 40 13.897767014301063
4 41 26.07370640327083
4 42 38.05490993508223
4 43 40.49661723472058
4 44 24.90699529211987
4 45 20.51708091774578
4 46 36.05818107572333
4 47 40.883852920476116
4 48 37.574996252238805
4 49 19.165281635874027
4 50 12.552872592135698
4 51 55.587082997471086
4 52 38.24864189951045
4 53 21.45698271563829
4 54 18.699266810090627
4 55 38.464307942950946
4 56 11.904065005490704
4 57 6.47938940985511
4 58 15.65186641187567
4 59 34.43578621333061
4 60 15.192857649115538
5 1 32.97487679276839
5 2 39.62223533689319
5 3 21.193160755917052
5 4 33.06520403657348
5 5 32.02016439329136
5 6 4.809874723797713
5 7 20.378570140144586
5 8 32.60374258546217
5 9 8.898743869936595
5 10 28.04777171240224
5 11 43.66875322129492
5 12 47.58179576367483
5 13 27.73469690091732
5 14 38.54752880850624
5 15 10.638114680539536
5 16 13.175757399456032
5 17 25.225920636911823
5 18 34.295112213225224
5 19 11.100938228049056
5 20 37.07239151387757
5 21 18.86614589945303
5 22 16.510810655629022
5 23 13.038904757995692
5 24 24.64586958582701
5 25 4.517357031557701
5 26 30.30973010193553
5 27 28.330617634502687
5 28 12.706474592884497
5 29 2.819546474759313
5 30 21.836615156733505
5 31 20.134197606356434
5 32 35.9546331332804
5 33 37.3640392772534
5 34 30.81007283722593
5 35 13.540094784419331
5 36 37.83623053724437
5 37 39.34327146127064
5 38 23.82737111590952
5 39 44.13645217117531
5 40 6.5496060442212105
5 41 18.2457516688811
5 42 29.96475701545402
5 43 33.49860992315344
5 44 17.065071813973066
5 45 17.62836657781084
5 46 30.1051974169291
5 47 33.23284440880669
5 48 29.58478713182248
5 49 11.089481766333652
5 50 4.524839544279649
5 51 47.51227055091654
5 52 30.516074556526195
5 53 13.98362593456196
5 54 11.749004481416026
5 55 31.93583820139877
5 56 3.8132301646203364
5 57 1.6118530994028029
5 58 17.835336411574833
5 59 27.044295818507386
5 60 8.848371724470386
6 1 23.14241723908452
6 2 25.089169802874835
6 3 5.847492646650477
6 4 6.33515576645291
6 5 19.51750359701867
6 6 31.508987079910973
6 7 12.570309677200159
6 8 9.409470951827156
6 9 29.07015541236721
6 10 45.23328954977171
6 11 18.146918115532813
6 12 38.282033049241235
6 13 1.0122710395438463
6 14 17.28937193790683
6 15 16.294871764407034
6 16 29.690306270699168
6 17 32.534357970514144
6 18 28.90608399583785
6 19 17.1158980382271
6 20 34.45794037085906
6 21 11.983822370527605
6 22 18.41679377260111
6 23 22.266353265222158
6 24 19.085535173968804
6 25 30.557001707857534
6 26 21.887708986225
6 27 17.319776436135257
6 28 34.588663097823
6 29 27.94407120604157
6 30 18.44896381189449
6 31 43.32813303807667
6 32 38.80591387525799
6 33 37.17426922151153
6 34 31.742785171187286
6 35 14.859241836740637
6 36 35.51156915477736
6 37 12.757910099668177
6 38 42.69700424241598
6 39 40.09988555347924
6 40 20.601471957305108
6 41 27.448468798931952
6 42 26.65268302115045
6 43 13.03296478080431
6 44 16.821889910370366
6 45 41.25068186771816
6 46 4.933608926574119
6 47 18.487714224376756
6 48 21.568136762224608
6 49 23.160640294953367
6 50 25.292854886541516
6 51 37.05204277774002
6 52 17.895853415002733
6 53 28.639018517776137
6 54 30.05574911961543
6 55 9.063252354935738
6 56 24.72450864946105
6 57 27.663139754461994
6 58 24.73436869564726
6 59 12.83568983247314
6 60 30.5698410767244
7 1 27.80114747939237
7 2 30.299949527995363
7 3 7.297268655194057
7 4 9.931594737468034
7 5 24.345495273029858
7 6 29.479361824169892
7 7 7.596146888731006
7 8 14.776864177084526
7 9 25.670846299962463
7 10 46.43507149613141
7 11 22.6715855064423
7 12 43.27699887383629
7 13 5.7845138898147805
7 14 22.656167161947398
7 15 15.312409256027633
7 16 25.66127086561375
7 17 35.03059117295507
7 18 33.22638629067456
7 19 14.213417344359808
7 20 38.607890238365925
7 21 14.175348534867638
7 22 13.827247623217845
7 23 18.137053717089707
7 24 22.722294807586486
7 25 29.07709835990792
7 26 26.276381813597844
7 27 21.772105054372762
7 28 34.37045297776632
7 29 25.588773532707627
7 30 13.185501812010452
7 31 43.06061489529459
7 32 42.315831557160976
7 33 41.07638164727515
7 34 35.26007513306306
7 35 11.73252979734695
7 36 39.656319753042965
7 37 15.091089120689697
7 38 43.46662280146099
7 39 44.579469791835805
7 40 19.42603451873434
7 41 29.19058018603638
7 42 30.55439906672729
7 43 18.396658021145985
7 44 18.743700690146888
7 45 40.815391877948194
7 46 10.242527963985284
7 47 23.539650314669096
7 48 25.872782768417057
7 49 23.655975506059328
7 50 24.343868034174104
7 51 42.12841410957556
7 52 22.64494664273144
7 53 29.4439030829246
7 54 30.27788105764967
7 55 14.444439477108723
7 56 23.57984141190414
7 57 25.540314716836743
7 58 19.937105891557028
7 59 17.39025211055933
7 60 30.137534061006154
8 1 27.93210605381234
8 2 34.97355118537803
8 3 20.555347355656476
8 4 32.57617008725816
8 5 27.550081993288277
8 6 9.198684206170254
8 7 23.150685787673208
8 8 30.498487329273665
8 9 15.447627754869783
8 10 22.701159641110948
8 11 41.77941755697505
8 12 41.817204696441465
8 13 27.40091092376749
8 14 35.442214171381295
8 15 10.55647613344452
8 16 19.659188855276287
8 17 18.677540063111174
8 18 28.496430827089842
8 19 14.140012635516685
8 20 30.864526389194964
8 21 16.230083879744793
8 22 20.805652806879213
8 23 18.33778431262958
8 24 19.775677191138815
8 25 6.2240035369408115
8 26 25.255262923482018
8 27 24.002355035201774
8 28 8.565239241810236
8 29 9.327307625461854
8 30 26.014036443484567
8 31 17.199339862391007
8 32 29.429763996317675
8 33 30.963844339122243
8 34 24.481938794926258
8 35 16.106633996228084
8 36 31.583653888813252
8 37 39.136178737660394
8 38 18.843871386097444
8 39 37.8976993181394
8 40 6.750737231638461
8 41 11.777336791459309
8 42 24.139296008078475
8 43 30.59530371335395
8 44 12.999418611452132
8 45 14.965219030016685
8 46 28.848328817617823
8 47 29.088210534874715
8 48 24.530874498270887
8 49 5.457749256158082
8 50 2.387360522464017
8 51 41.900425743837474
8 52 26.23162601457412
8 53 7.444313378480692
8 54 5.651967559278375
8 55 29.81213367715949
8 56 3.510653461449799
8 57 8.056343444107696
8 58 23.45025791925646
8 59 23.622843093344645
8 60 4.275576524678356
9 1 27.232647457183827
9 2 32.09658096357553
9 3 8.294014937788928
9 4 19.27119809601539
9 5 24.77765203270266
9 6 18.82523868677335
9 7 7.935196719865304
9 8 20.551369111217344
9 9 16.213391495011862
9 10 37.44911780960333
9 11 30.86321799504838
9 12 43.195160431701645
9 13 13.980759658781999
9 14 27.71717525805811
9 15 5.356864966328135
9 16 17.476673163205504
9 17 28.416388360503415
9 18 31.0828839740661
9 19 4.221929026155424
9 20 35.62738410226143
9 21 10.494445429588383
9 22 8.910101166345834
9 23 10.680155052459522
9 24 19.81975995040159
9 25 18.38403786362785
9 26 24.964061173418532
9 27 21.265440473842666
9 28 24.199020716629576
9 29 15.04876047219185
9 30 12.608763515832578
9 31 32.759028779327295
9 32 37.48419908554839
9 33 37.28432360917316
9 34 30.799237819502
9 35 2.6352506525932835
9 36 36.60831843643348
9 37 25.31967180713581
9 38 34.038890411090414
9 39 42.37151050355902
9 40 8.95164302597858
9 41 21.613734147575833
9 42 27.41197162353061
9 43 22.671667934946694
9 44 12.914704578426425
9 45 30.431461354722085
9 46 17.11129948081202
9 47 25.02581742386595
9 48 24.34846433548774
9 49 14.642820616579764
9 50 13.873194620687912
9 51 42.51623220689025
9 52 22.99810687955759
9 53 20.465541899504366
9 54 20.589830075286468
9 55 19.958967787072147
9 56 13.021907237311387
9 57 14.90125237372749
9 58 14.817602985831968
9 59 18.055642552383816
9 60 19.88366149779304
10 1 30.11275729008615
10 2 36.35389651479577
10 3 16.488717292792032
10 4 28.287662333259274
10 5 28.717749616619297
10 6 9.555703532626767
10 7 15.98063666419926
10 8 28.14241516560085
10 9 10.13331458937149
10 10 30.549846207077024
10 11 39.09313171907589
10 12 45.327356750226684
10 13 22.95555973248022
10 14 34.40437574635459
10 15 6.109477276586696
10 16 13.50610339345393
10 17 25.133393817764276
10 18 32.225057880534365
10 19 6.671019007387886
10 20 35.624213045963664
10 21 14.854466572210606
10 22 12.98627849734757
10 23 10.621097924445195
10 24 21.819094815904194
10 25 9.035692395463732
10 26 27.504930594875642
10 27 24.99580919698008
10 28 15.907552867097413
10 29 6.239177734386779
10 30 18.243614328475005
10 31 24.04685084917001
10 32 35.50683808474718
10 33 36.37974814748689
10 34 29.71766499932708
10 35 8.975489162874545
10 36 36.47270897619027
10 37 34.54101610733933
10 38 26.628747417708247
10 39 42.682759706862655
10 40 2.909013811173351
10 41 17.909694241091323
10 42 28.0053352537265
10 43 29.313684093545543
10 44 13.978895824841953
10 45 21.612446857832584
10 46 25.44861312053036
10 47 29.693080821732547
10 48 26.79391620656058
10 49 10.08703861015589
10 50 5.540121860600223
10 51 45.069224439350656
10 52 27.109891655642176
10 53 14.71088463408163
10 54 13.487296923348929
10 55 27.485358569970124
10 56 4.437712900812478
10 57 5.74419039578262
10 58 15.811173259346175
10 59 23.190606435536804
10 60 11.626262684419853
11 1 17.37289506778863
11 2 23.096264758162434
11 3 33.123366446919775
11 4 40.37358054819098
11 5 20.828026103425525
11 6 36.018103816014545
11 7 42.746809692067686
11 8 33.19084163989929
11 9 42.673116147507464
11 10 20.47632790520619
11 11 41.49955304285408
11 12 19.885566218452624
11 13 37.58212492661288
11 14 31.74270203057896
11 15 31.003138621749827
11 16 46.66367842192092
11 17 8.810769646772505
11 18 11.437942181138165
11 19 37.00507075405644
11 20 7.636395785650466
11 21 26.41972869307286
11 22 43.89655101347009
11 23 43.457315125479454
11 24 17.90429715999513
11 25 32.7022317283749
11 26 16.748830750687674
11 27 20.74683058040724
11 28 26.255767748365884
11 29 36.6739665840563
11 30 48.00500569405214
11 31 29.701921186701917
11 32 2.125208600910634
11 33 4.9112308218171785
11 34 5.287467243921293
11 35 37.53681544574972
11 36 7.454839048435185
11 37 46.05508262422659
11 38 22.26996851259539
11 39 12.549766189847492
11 40 30.711529565505685
11 41 15.645640849329814
11 42 10.933209557573063
11 43 29.917004604080272
11 44 22.584973645640854
11 45 29.8637116166636
11 46 35.40554584257733
11 47 23.189087205237513
11 48 16.67617400831167
11 49 23.317013420447317
11 50 29.39185574123083
11 51 21.120297324724717
11 52 21.469888866053243
11 53 20.176345102252817
11 54 23.232555484167012
11 55 32.74106336606026
11 56 30.304713609016915
11 57 35.40893295729497
11 58 48.6131096018088
11 59 24.88092277476408
11 60 26.91602285128838
12 1 27.918641928231924
12 2 28.543077329039534
12 3 11.905540124325393
12 4 4.037431454131618
12 5 24.108624092203716
12 6 36.61299851453123
12 7 14.562959488496224
12 8 11.858792811431819
12 9 33.04695276881648
12 10 51.48620981576775
12 11 16.462848738658924
12 12 42.18958844225057
12 13 5.406564918487631
12 14 19.059453962793835
12 15 21.864593550501134
12 16 32.93697544481044
12 17 38.680760369586594
12 18 34.0224463656846
12 19 21.516604561713574
12 20 39.694405315295015
12 21 18.24001575190949
12 22 20.93388318760459
12 23 25.416120910120483
12 24 24.894907423255297
12 25 35.98539717300764
12 26 27.039349841508205
12 27 22.510747720189087
12 28 40.56980763791725
12 29 32.813457216123574
12 30 19.31983931944529
12 31 49.312060271017224
12 32 44.51370506617887
12 33 42.61278506907926
12 34 37.487851353696925
12 35 19.059840340292038
12 36 40.74429333773179
12 37 7.719214381167595
12 38 48.912124276296886
12 39 44.91159908966616
12 40 26.128486671162314
12 41 33.702426906567204
12 42 32.18389350962941
12 43 16.06164800877271
12 44 23.078190556090775
12 45 47.174815835952565
12 46 7.832174326179082
12 47 22.637180332794678
12 48 26.816717979768214
12 49 29.28951340281585
12 50 30.95837116301497
12 51 40.757291736673274
12 52 22.670756338035535
12 53 34.84018586983422
12 54 36.14719801525503
12 55 11.873073734584974
12 56 30.296105854023786
12 57 32.69241718795473
12 58 26.76952085742818
12 59 18.075294260635122
12 60 36.46677008619566
13 1 32.07271908012742
13 2 29.074121608166557
13 3 24.801465533883118
13 4 12.791778047848515
13 5 28.392550238213012
13 6 50.62949943420475
13 7 29.096473208324745
13 8 16.497207565116064
13 9 47.601357747609526
13 10 61.939354036923724
13 11 9.026220792893852
13 12 42.30012866002279
13 13 18.120791780601913
13 14 18.26753285307278
13 15 35.388034298721486
13 16 47.52688466135726
13 17 47.42552963770513
13 18 38.498796230787185
13 19 35.90720448628822
13 20 44.11550699650195
13 21 29.533742597405833
13 22 35.475755064578216
13 23 40.00977547349864
13 24 32.79185803912951
13 25 49.65309165288293
13 26 32.42872606393885
13 27 28.72860797188816
13 28 53.0957660588143
13 29 47.007167523312525
13 30 33.356768897725466
13 31 61.75967442693003
13 32 50.51580524904149
13 33 47.594923532092196
13 34 44.042387893380074
13 35 33.501607859875215
13 36 45.07975471291262
13 37 6.903298790133615
13 38 60.06989058909148
13 39 47.54376608436243
13 40 39.69096460313351
13 41 44.040133159609574
13 42 38.274379156811854
13 43 19.26970432606643
13 44 34.04446596643406
13 45 59.82956632722984
13 46 16.496166646154663
13 47 26.113300439804615
13 48 32.53677654917165
13 49 41.39759855979918
13 50 44.291998319187826
13 51 40.4282518379201
13 52 27.722895754750652
13 53 46.375692025559836
13 54 48.306005432014075
13 55 17.088665008821998
13 56 43.78087898281679
13 57 46.76858872439131
13 58 41.12630301871889
13 59 25.34332821369592
13 60 49.27613971056852
14 1 33.59457502914112
14 2 37.22051598895156
14 3 12.244600359779305
14 4 18.149702486026392
14 5 30.553478538655334
14 6 24.737543985677064
14 7 0.9726465598311803
14 8 22.719967138174958
14 9 19.04029639492771
14 10 45.985412124632425
14 11 30.94968429448844
14 12 49.50070895940095
14 13 13.967154001127764
14 14 30.56441265950057
14 15 13.979979508253637
14 16 18.159266518568803
14 17 36.99863869083648
14 18 38.25920939886337
14 19 9.736783478275916
14 20 43.20498285932335
14 21 17.629244016359877
14 22 6.003381115159616
14 23 10.781058392515163
14 24 27.10141944152211
14 25 25.207195055338172
14 26 31.649582730319576
14 27 27.445911735332807
14 28 32.16039296826675
14 29 20.571026266047454
14 30 5.2219217784987
14 31 40.44936673247702
14 32 45.711083662755286
14 33 45.17859044547427
14 34 38.86297922368534
14 35 7.60268732349752
14 36 44.22127873560488
14 37 22.64623758158697
14 38 42.42929293245707
14 39 49.68628152474854
14 40 16.97582550452666
14 41 30.286499428310425
14 42 34.956175436645076
14 43 25.993512701323514
14 44 21.07689481629035
14 45 38.02007760075276
14 46 18.317864649951883
14 47 30.205251739400595
14 48 31.122162384876372
14 49 23.301426137391406
14 50 21.669036725271763
14 51 48.5644218907961
14 52 28.77050752213871
14 53 29.08778466491303
14 54 28.97059535130952
14 55 22.30735692882534
14 56 20.667532447986904
14 57 20.894394168495744
14 58 11.715118253813976
14 59 23.47018131061163
14 60 27.827532112643432
15 1 14.770208367959265
15 2 18.27164847541584
15 3 6.833351182293129
15 4 12.80287933924871
15 5 11.507016287312675
15 6 29.333300973759926
15 7 18.106658707092922
15 8 8.375595138180755
15 9 29.572098235015844
15 10 37.92791004679109
15 11 19.657845793143807
15 12 30.49782038449016
15 13 9.453402996045593
15 14 14.041368633453427
15 15 14.299632289729214
15 16 31.454219914591093
15 17 24.198423468089512
15 18 20.171462786392606
15 19 18.111679720195074
15 20 25.6366548402557
15 21 5.92768516548678
15 22 22.342477972715443
15 23 24.806825925834158
15 24 10.231162795298873
15 25 27.51633741979044
15 26 13.197643560467966
15 27 8.693482484792321
15 28 29.36822911701175
15 29 26.593041516166295
15 30 24.252045814453286
15 31 37.88535548666905
15 32 29.924662225702285
15 33 28.28568044667251
15 34 22.870070414251998
15 35 16.720894868619865
15 36 26.689197593671004
15 37 19.185908643942902
15 38 35.924711170527495
15 39 31.499037819399074
15 40 18.06958882339816
15 41 19.9737832044881
15 42 17.75679304921132
15 43 8.941011594726277
15 44 9.953319263164262
15 45 36.103226923389045
15 46 7.951510754484128
15 47 11.193450379600439
15 48 12.811557140345597
15 49 17.640453210847646
15 50 21.810238002538117
15 51 29.505781739894093
15 52 9.740420531273395
15 53 22.280106848351036
15 54 24.4254437448768
15 55 7.689179496499682
15 56 21.617826875407747
15 57 25.928113413293826
15 58 28.641599939781354
15 59 4.419037211423868
15 60 25.870645692972705
16 1 31.230642186020397
16 2 28.95711753386584
16 3 22.110627419109548
16 4 10.056399550525022
16 5 27.445223407057167
16 6 47.77724418919232
16 7 25.955000991512968
16 8 14.943779089167247
16 9 44.54667099278962
16 10 59.98340821782164
16 11 9.89122085174258
16 12 42.47774946941561
16 13 15.330285350070994
16 14 18.062651034305937
16 15 32.63704348272095
16 16 44.40345975371465
16 17 45.784508887176635
16 18 37.68597243955714
16 19 32.921823463616164
16 20 43.37537596542443
16 21 27.205153535535853
16 22 32.33317210643282
16 23 36.89175950167733
16 24 31.184591749424023
16 25 46.89806283124041
16 26 31.332758572700843
16 27 27.38803497039705
16 28 50.634135624290536
16 29 44.097127080034426
16 30 30.18409594004816
16 31 59.33483067506722
16 32 49.48628770299749
16 33 46.76405039681601
16 34 42.84481796152678
16 35 30.49550181000773
16 36 44.366914656768124
16 37 3.786948136931861
16 38 57.94711138959371
16 39 47.22034774280903
16 40 36.943645480138045
16 41 42.03498538879205
16 42 37.11624021375855
16 43 18.20993276571086
16 44 31.830800557436916
16 45 57.350336693568075
16 46 14.203894138015642
16 47 25.276650452448372
16 48 31.373639444305102
16 49 38.99270110799506
16 50 41.61292350237582
16 51 40.68239962679264
16 52 26.59844058128236
16 53 44.12055893703206
16 54 45.91708647330335
16 55 15.466696690733677
16 56 41.062886108678335
16 57 43.89467636217403
16 58 37.95827712885506
16 59 23.707641688624754
16 60 46.73710207259936
17 1 12.235703005855518
17 2 19.272977941781892
17 3 15.221214285958482
17 4 24.249484449035208
17 5 12.003649560483185
17 6 24.693715716503863
17 7 24.75789395646657
17 8 18.81900820194244
17 9 28.442341507348402
17 10 26.712862934300226
17 11 29.510916617917598
17 12 27.005892144944575
17 13 20.46912128959944
17 14 21.37916856174571
17 15 14.098088765340927
17 16 31.692006619081887
17 17 12.826552257011818
17 18 13.971375988886573
17 19 20.029971456330706
17 20 17.991668166372495
17 21 8.392641113883176
17 22 26.516286389970634
17 23 26.949886065378582
17 24 4.09297883070558
17 25 21.93314670311786
17 26 9.556719551262908
17 27 8.730092838602427
17 28 20.582110824160218
17 29 23.47880566728168
17 30 30.220662761954532
17 31 28.375488487017087
17 32 20.07331128488323
17 33 19.57475662893208
17 34 13.177466842603069
17 35 20.0716955781398
17 36 18.94754892282737
17 37 30.610380650585512
17 38 25.123971056393497
17 39 24.883571583431554
17 40 15.41365482509274
17 41 8.960936443059236
17 42 9.909492048433025
17 43 17.244174632499487
17 44 4.855769354325437
17 45 27.00526321521835
17 46 19.385474792126946
17 47 13.823919340719195
17 48 8.830097115752718
17 49 10.267967678000455
17 50 16.626004221383116
17 51 26.788992116915928
17 52 10.907907604749505
17 53 12.583248074477293
17 54 15.544705467914227
17 55 18.190566994770275
17 56 17.041285074747215
17 57 22.405655881527178
17 58 31.860442578222823
17 59 10.135199691327026
17 60 18.156994179980924
18 1 29.707534770218817
18 2 36.93558550231788
18 3 35.461975493193
18 4 46.11667941853525
18 5 31.802466723838734
18 6 25.15920524324976
18 7 41.50485155177081
18 8 41.02814455765683
18 9 33.760554525344695
18 10 4.504352562184455
18 11 51.48740523473592
18 12 36.9202125551164
18 13 41.77233611099486
18 14 42.659293701264616
18 15 28.242781436239078
18 16 38.20456563036304
18 17 11.447391565549701
18 18 25.952549320807044
18 19 33.15243489865309
18 20 24.36348405924102
18 21 28.912169842294695
18 22 40.07126325437568
18 23 37.76295461741276
18 24 25.075112582273114
18 25 22.09083369662583
18 26 27.75901963730955
18 27 29.753600875622105
18 28 13.335026763686045
18 29 27.57438185318532
18 30 45.152118719304625
18 31 13.10750185935575
18 32 18.419003439719887
18 33 22.12562329327829
18 34 18.627411469859954
18 35 34.7531048662957
18 36 24.447176090939447
18 37 52.62529079162467
18 38 5.090557708926316
18 39 29.732389985703918
18 40 25.60953175120354
18 41 13.518003943806752
18 42 22.852149060289115
18 43 39.13599682984209
18 44 24.07639832446013
18 45 13.961508502158576
18 46 41.40342037903792
18 47 34.153029137556466
18 48 27.271184737598475
18 49 18.9568389156516
18 50 21.807021687381074
18 51 37.963565392248086
18 52 31.503132442690244
18 53 13.123467491100635
18 54 13.778619625559694
18 55 40.405031011967694
18 56 22.934650719605482
18 57 26.36916068747155
18 58 42.843703666091045
18 59 32.25955536653021
18 60 16.43740535291282
19 1 35.70386759006177
19 2 40.39429504107721
19 3 15.703796764770587
19 4 24.235764553662527
19 5 33.17919222439893
19 6 18.832061377798553
19 7 7.069892708021946
19 8 27.56236231632582
19 9 12.304831385123382
19 10 42.450653595952026
19 11 36.810992135673295
19 12 51.670595899018444
19 13 19.504446628132442
19 14 35.16325816055077
19 15 12.152610064284355
19 16 11.419477136087885
19 17 35.61395523849512
19 18 39.49317359185759
19 19 6.203270489497841
19 20 43.89705776110927
19 21 18.970316573869127
19 22 1.1285716681221862
19 23 3.96987172356016
19 24 28.248224713558496
19 25 19.86513514571203
19 26 33.439047080448745
19 27 29.71114147791974
19 28 27.722237571509584
19 29 14.647929894426262
19 30 6.450060737475666
19 31 35.51467435953907
19 32 45.26699856657328
19 33 45.37192984101927
19 34 38.79284069308924
19 35 5.905254242218903
19 36 44.85863326359914
19 37 29.218171729867727
19 38 38.54271200120199
19 39 50.71897037327653
19 40 13.504875875429773
19 41 28.498324839842603
19 42 35.73027803957324
19 43 30.27211744226687
19 44 21.0576949486597
19 45 33.01369465619391
19 46 23.506696425522918
19 47 33.303266215513666
19 48 32.821034984116146
19 49 20.83814886006289
19 50 17.45607993189023
19 51 50.9805247212775
19 52 31.391514884971723
19 53 26.203043950504405
19 54 25.347539016228097
19 55 27.05094166662131
19 56 16.349856330217566
19 57 15.213649955856056
19 58 6.431630714567954
19 59 26.336777911563964
19 60 23.498518729674554
20 1 5.845577426301346
20 2 8.34928618036723
20 3 16.912528743812565
20 4 18.97331523616359
20 5 1.9704256375615397
20 6 36.14758743456078
20 7 28.18165776153562
20 8 11.010364033811939
20 9 38.14042886569677
20 10 37.514924445495225
20 11 19.023696007204123
20 12 20.589293600491246
20 13 17.928747678676118
20 14 9.637343343847606
20 15 22.62677019393345
20 16 40.56565389060359
20 17 22.007624427338374
20 18 12.251118306844551
20 19 27.436260294148035
20 20 17.985253481786774
20 21 13.71038578755813
20 22 32.28120752666877
20 23 34.37192219423023
20 24 8.501388342448912
20 25 33.70892933444395
20 26 5.944232395868734
20 27 3.715796136084733
20 28 33.024044098965724
20 29 34.18476129667673
20 30 34.330757458638075
20 31 40.689446096235976
20 32 24.010896222002838
20 33 21.278064775106593
20 34 17.586443644352123
20 35 26.383713067761168
20 36 19.005449095219685
20 37 23.861665039256664
20 38 36.69040928082091
20 39 22.72705143652548
20 40 25.55687930978463
20 41 20.878725621695256
20 42 11.809300311859147
20 43 7.302589685490791
20 44 14.802023088854583
20 45 39.40881274064772
20 46 14.369410441008517
20 47 1.4447916260157971
20 48 6.1499345934888225
20 49 22.304514229469362
20 50 28.099107020097065
20 51 19.48795366312029
20 52 1.581843083605541
20 53 24.995475186647976
20 54 27.985015700142107
20 55 10.712630952231503
20 56 28.25915698850346
20 57 33.291036870828826
20 58 38.494055400082935
20 59 5.746663289718656
20 60 30.4821409918791
21 1 34.390401355825915
21 2 38.91663486597003
21 3 14.097157312745725
21 4 22.497446465707135
21 5 31.772240287364422
21 6 19.729315146989986
21 7 5.449368715757991
21 8 25.867230716649907
21 9 13.732306980543981
21 10 42.512855922569834
21 11 35.069173384458175
21 12 50.37422628733906
21 13 17.76439274455214
21 14 33.49878582678381
21 15 11.494096897685173
21 16 13.103176768307117
21 17 35.05264477844198
21 18 38.352167408218776
21 19 5.847812796030475
21 20 42.875875671035494
21 21 17.709281144790488
21 22 1.671693245222149
21 23 5.59719588506893
21 24 27.08714728714871
21 25 20.50903273186775
21 26 32.17644792402342
21 27 28.352906298464237
21 28 28.0468624358724
21 29 15.538019569835345
21 30 6.164088947249664
21 31 36.0401646445393
21 32 44.50060746366384
21 33 44.46094511483195
21 34 37.925514013121386
21 35 4.872753867346774
21 36 43.85085792714579
21 37 27.524401692811022
21 38 38.70913709702437
21 39 49.6391019036143
21 40 13.38325827174431
21 41 28.013835064995103
21 42 34.671953410950465
21 43 28.633996525480427
21 44 20.09146437940442
21 45 33.561559233163074
21 46 21.783309822964664
21 47 31.823509054401157
21 48 31.57308239813497
21 49 20.490973311324154
21 50 17.643307772474444
21 51 49.639970906835316
21 52 29.98033279061611
21 53 26.01591068277912
21 54 25.38561581908815
21 55 25.363107928357692
21 56 16.565155135268775
21 57 15.986821702468651
21 58 7.999089753001021
21 59 24.870405549577892
21 60 23.766998156181092
22 1 32.96791370671851
22 2 31.203432384933272
22 3 21.808132883382395
22 4 10.02804824987748
22 5 29.127503808693028
22 6 46.9943926328746
22 7 24.360791557568653
22 8 16.29436695099087
22 9 43.25153190153942
22 10 60.535887711192096
22 11 12.738938013328175
22 12 44.84285667472411
22 13 14.961674949178347
22 14 20.3530169961328
22 15 32.12215575600696
22 16 42.84316279858192
22 17 46.726998424596964
22 18 39.411238920326774
22 19 31.873790855179728
22 20 45.13471544447686
22 21 27.429087385923328
22 22 30.702992577403908
22 23 35.37554896432898
22 24 32.23867437590948
22 25 46.314218760150496
22 26 32.86286553027924
22 27 28.73325484156831
22 28 50.53653308937952
22 29 43.19570456283161
22 30 28.18307068835077
22 31 59.27111896316616
22 32 50.99286528390075
22 33 48.441758129112
22 34 44.226989128906084
22 35 29.402005871582972
22 36 46.1438588173672
22 37 3.4949132090669397
22 38 58.299828065753715
22 39 49.26776234639757
22 40 36.41231610648907
22 41 42.58381650005709
22 42 38.55863167049044
22 43 19.917365739984934
22 44 32.17329681336609
22 45 57.208962252077576
22 46 14.723011380186394
22 47 27.064791534956623
22 48 32.84568187804211
22 49 39.02355103179499
22 50 41.18786783999253
22 51 43.093357185390076
22 52 28.142307757142525
22 53 44.341035536017586
22 54 45.942726256635765
22 55 16.735188966223234
22 56 40.5689605851456
22 57 43.07596171868027
22 58 36.09883534205658
22 59 24.806255236602134
22 60 46.53064404458949
23 1 26.271222934202935
23 2 30.69804080480683
23 3 6.168452767007382
23 4 16.81267320712424
23 5 23.565129093670194
23 6 21.252749323004558
23 7 7.132403810421575
23 8 18.379115105013106
23 9 18.563529623323525
23 10 38.93727715863968
23 11 28.504171510640226
23 12 42.25951397683378
23 13 11.531187509083036
23 14 25.720702938854355
23 15 7.07670656559819
23 16 19.58305249280968
23 17 29.066307585781143
23 18 30.531090825816026
23 19 6.56540315995459
23 20 35.32020834803395
23 21 9.787570408188953
23 22 9.889412049963394
23 23 12.495312000315424
23 24 19.287968402177068
23 25 20.709417616822627
23 26 24.139235150366655
23 27 20.189503379932482
23 28 26.160328553218175
23 29 17.50578364631829
23 30 12.655940801373966
23 31 34.79761191409594
23 32 37.674600136785905
23 33 37.19576409167599
23 34 30.84074823810836
23 35 4.497310011065581
23 36 36.32500528716033
23 37 22.864234382475058
23 38 35.6887807310306
23 39 41.91688273557279
23 40 11.063657950615713
23 41 22.51949982368939
23 42 27.069026268528074
23 43 20.733284911234335
23 44 13.040645256272521
23 45 32.51343389651178
23 46 14.776553785802623
23 47 23.60505113200549
23 48 23.56350895620665
23 49 16.023016229752667
23 50 15.9923510697743
23 51 41.47628663555415
23 52 21.771681318313068
23 53 21.88390506757136
23 54 22.310457460415016
23 55 17.809252252590408
23 56 15.205071850833807
23 57 17.33806691225479
23 58 16.14506371441557
23 59 16.648756134649222
23 60 21.880924537938945
24 1 11.596369061369515
24 2 18.924074343719674
24 3 17.382759861464386
24 4 26.095272670554486
24 5 12.066701957954972
24 6 25.617409953020175
24 7 26.929107865464232
24 8 20.28411064399147
24 9 29.91521341740608
24 10 25.32190837812056
24 11 30.688965838346
24 12 25.61198038323332
24 13 22.484050678941554
24 14 22.15893994385815
24 15 15.99269950138267
24 16 33.314494453939204
24 17 10.894193582632992
24 18 12.388932281478025
24 19 21.976587135504406
24 20 16.046166358329714
24 21 10.576761548764898
24 22 28.563579557259217
24 23 28.82992501294061
24 24 4.384841705671315
24 25 22.70882967198239
24 26 8.964159304819166
24 27 9.232690385272475
24 28 20.47309981461363
24 29 24.716146608238912
24 30 32.35120969119285
24 31 27.877321026465353
24 32 17.887034494354133
24 33 17.474087961160194
24 34 11.017968347984143
24 35 22.123808753611772
24 36 16.97566738452655
24 37 32.36752875785053
24 38 24.041796502589392
24 39 23.012994024454898
24 40 16.950523747062437
24 41 8.047163318519427
24 42 8.156586251098915
24 43 18.345506464522366
24 44 6.901732157733405
24 45 26.678016222723862
24 46 21.180535832990913
24 47 14.131364656206035
24 48 8.261877721098879
24 49 11.085699409573916
24 50 17.64894325071419
24 51 25.533739833802883
24 52 11.257681239858206
24 53 12.352041941701597
24 54 15.542254799753435
24 55 19.681162329671537
24 56 18.17663877340022
24 57 23.592609492996168
24 58 33.7996720842286
24 59 11.46320661739653
24 60 18.468430460538727
25 1 11.438724533602631
25 2 18.206900412126455
25 3 14.062667538401758
25 4 22.681639694088037
25 5 10.768202758364191
25 6 25.601840661740678
25 7 24.010726722666643
25 8 17.14696502032756
25 9 28.871608680877596
25 10 28.38186079723109
25 11 27.843412283484863
25 12 26.692719666337673
25 13 19.030551902271068
25 14 19.79261579751081
25 15 14.085035217578143
25 16 31.950510655871305
25 17 14.325202937290351
25 18 13.943090047732992
25 19 19.882356658238503
25 20 18.36912812501337
25 21 7.402943790125419
25 22 26.14748110637522
25 23 26.882351482189144
25 24 3.1023300448926143
25 25 22.952872714254013
25 26 8.79180349908714
25 27 7.323514890753098
25 28 22.045713345277285
25 29 24.147045235863153
25 30 29.627037861445356
25 31 29.94727286958331
25 32 21.029208543249005
25 33 20.225592564929386
25 34 14.0261470719392
25 35 19.715989950873002
25 36 19.360008392870586
25 37 29.003668000322445
25 38 26.79479456629278
25 39 25.11759764026126
25 40 15.85073999406515
25 41 10.631025600523172
25 42 10.144131181787102
25 43 15.591930662637784
25 44 4.824872958297893
25 45 28.529606138809154
25 46 17.790957860791178
25 47 12.444274022167077
25 48 8.072885083378308
25 49 11.3660730452984
25 50 17.507246650519683
25 51 26.349180425862595
25 52 9.539137162647416
25 53 14.118390878255092
25 54 16.98822452614228
25 55 16.52038637465799
25 56 17.83289137380418
25 57 23.121535315294643
25 58 31.684484593956498
25 59 8.463827397979902
25 60 19.454208871629373
26 1 17.08373697822769
26 2 22.979609893790855
26 3 32.47860412281522
26 4 39.85465782886799
26 5 20.472907760248273
26 6 35.28139776829411
26 7 42.04769665091831
26 8 32.735386909443584
26 9 41.9188495510389
26 10 20.1268945946262
26 11 41.176625751842195
26 12 20.235616215881958
26 13 37.00256549838346
26 14 31.444442747306834
26 15 30.265439881763694
26 16 45.90793417699267
26 17 8.083907716983981
26 18 11.287903548250082
26 19 36.26481816239432
26 20 7.844643219641648
26 21 25.75434826603413
26 22 43.163005359477545
26 23 42.70797754168615
26 24 17.3239676976146
26 25 31.966933774492073
26 26 16.35616934187113
26 27 20.27740180517819
26 28 25.574831901386556
26 29 35.92268336703469
26 30 47.28702880424761
26 31 29.143818578025833
26 32 2.87770575500187
26 33 5.397113275422782
26 34 4.784134831582286
26 35 36.808326313938345
26 36 7.7599121789164505
26 37 45.58102705487633
26 38 21.79451485457469
26 39 13.080753469644307
26 40 29.95797305117937
26 41 14.891426306897987
26 42 10.51087682580356
26 43 29.514992858931933
26 44 21.881016025714093
26 45 29.263970836329072
26 46 34.88195553508924
26 47 22.850670806266933
26 48 16.25565877612894
26 49 22.561275107401453
26 50 28.63845866694582
26 51 21.41380956761547
26 52 21.062278780202874
26 53 19.437341980318156
26 54 22.506614655275058
26 55 32.276176113154776
26 56 29.550122421589585
26 57 34.658070587099736
26 58 47.86558977492301
26 59 24.3655509349773
26 60 26.190702777638585
27 1 16.06811743906232
27 2 20.373874979437755
27 3 5.515098167929081
27 4 14.351541038711968
27 5 13.204863437292463
27 6 26.5642323558802
27 7 16.561323651516506
27 8 10.996010668173911
27 9 26.883403182765353
27 10 36.1916967189136
27 11 22.27093122394344
27 12 32.01575471634015
27 13 10.178823597475475
27 14 16.80047535191129
27 15 11.541636322707067
27 16 28.88628552428268
27 17 23.125868676889493
27 18 20.900441726404328
27 19 15.585237681662486
27 20 26.122504082449193
27 21 3.307867293034402
27 22 20.25439121276871
27 23 22.40872007968577
27 24 10.132817722172108
27 25 24.78316972560276
27 26 14.141449520647353
27 27 9.926534847793562
27 28 26.931135678943928
27 29 23.819529335016735
27 30 22.611670704451605
27 31 35.526131530934826
27 32 29.75501577926196
27 33 28.497381456966714
27 34 22.689793855284933
27 35 14.368805967928802
27 36 27.16439496622516
27 37 20.917950650455104
27 38 33.956793654041704
27 39 32.330092811489955
27 40 15.294174262936316
27 41 18.267794679451978
27 42 17.994113313385217
27 43 11.707033376724755
27 44 7.820138678075704
27 45 33.674630023429444
27 46 9.820798929626847
27 47 13.290920420647168
27 48 13.642798437686565
27 49 15.190275122536429
27 50 19.089680718298528
27 51 31.162518136907973
27 52 11.410346185592841
27 53 20.107233408502502
27 54 22.056692104827864
27 55 10.310714108128392
27 56 18.871045148131977
27 57 23.151612219631577
27 58 26.452302992829274
27 59 6.3178486558334
27 60 23.318948919530456
28 1 16.195029802538453
28 2 23.544328690005724
28 3 18.25095976914485
28 4 28.424586015140314
28 5 16.612371919035887
28 6 21.40032250328866
28 7 26.315984500315587
28 8 23.543280052357915
28 9 26.45919846964091
28 10 22.155700358342926
28 11 34.37779308044918
28 12 29.617354939017797
28 13 24.21902383843893
28 14 26.302307070948928
28 15 13.994607396164657
28 16 30.149990372928475
28 17 9.839846455802066
28 18 16.29585076091017
28 19 19.97651677605252
28 20 19.04023530669087
28 21 11.43555845870175
28 22 26.915356423162834
28 23 26.451482224659916
28 24 8.747094381353167
28 25 18.37240788369832
28 26 13.578012041836088
28 27 13.555498935311771
28 28 15.875917046111082
28 29 20.903737650318803
28 30 31.21576604394341
28 31 23.476686203628415
28 32 19.15822065056822
28 33 19.723913785260276
28 34 13.056602279896603
28 35 20.623274639849747
28 36 19.85296837868234
28 37 34.92145310264433
28 38 20.304318766755873
28 39 26.113371300857967
28 40 13.865232799090169
28 41 4.202676718402599
28 42 11.939816106759785
28 43 22.150640339195128
28 44 6.664417706924174
28 45 22.170324083222333
28 46 23.70044979128471
28 47 18.58504424492719
28 48 12.879465820278469
28 49 7.018870903756351
28 50 13.63637128425886
28 51 29.702321674212218
28 52 15.679042197423515
28 53 7.7759704129884515
28 54 10.923455440690613
28 55 22.897212286473454
28 56 14.309411385646934
28 57 19.717574939111127
28 58 31.58779392200349
28 59 14.996029215081638
28 60 13.88489492300149
29 1 11.479223414603295
29 2 14.34115836073435
29 3 32.09759477891025
29 4 36.26005930614119
29 5 15.335490881702835
29 6 42.22309792466666
29 7 42.98625603658414
29 8 28.264871128701298
29 9 47.381411075293435
29 10 30.944783664921143
29 11 34.35983875061437
29 12 9.620857838751697
29 13 34.78622113448572
29 14 24.6005410589643
29 15 33.44569138264207
29 16 50.87810741181552
29 17 16.986855864860846
29 18 5.696479474042449
29 19 39.33880246036108
29 20 3.027189320706267
29 21 26.417130185566034
29 22 45.60727812342111
29 23 46.294561399310815
29 24 16.921873302994715
29 25 39.0559895510531
29 26 12.595493798399188
29 27 17.141467369162395
29 28 34.25511946001633
29 29 41.92071374845
29 30 48.84651742934887
29 31 39.13810347847309
29 32 10.468542371497689
29 33 6.259904620659045
29 34 9.313242628312786
29 35 39.18938191541484
29 36 3.258985073329327
29 37 40.98794667021157
29 38 32.29788660654219
29 39 5.740566922474379
29 40 34.49963044018906
29 41 21.719758513322954
29 42 9.445966382444599
29 43 24.318258832085775
29 44 24.160496458047085
29 45 38.911065650744824
29 46 31.577905126480495
29 47 17.166646688907562
29 48 12.999160813448944
29 49 28.034823321697704
29 50 34.63997225213923
29 51 10.595664654697243
29 52 16.715370081457213
29 53 26.885453493546187
29 54 30.26696248606392
29 55 27.996107796520057
29 56 35.32630795642399
29 57 40.73312308749108
29 58 51.15817231910703
29 59 21.61378561248208
29 60 33.82717687948603
30 1 32.91623032295131
30 2 33.51249108097021
30 3 15.505176191375721
30 4 8.74872482894078
30 5 29.117531400119397
30 6 38.26566757605672
30 7 14.444616258968331
30 8 16.827385290065834
30 9 33.57584447690356
30 10 55.212414310173216
30 11 19.878246062746836
30 12 47.188145533695135
30 13 9.900769842354322
30 14 23.784631176142522
30 15 24.404322656044485
30 16 32.792461176683716
30 17 43.01438418255687
30 18 38.97712029850751
30 19 22.839783430385964
30 20 44.628022007858924
30 21 22.254853855999755
30 22 20.643101850658173
30 23 25.42861114480901
30 24 29.579739184591208
30 25 38.05166938891702
30 26 31.97720671187635
30 27 27.42969382831616
30 28 43.455559662430765
30 29 34.26224494675753
30 30 17.813205959342284
30 31 52.15130541520061
30 32 49.274102248411715
30 33 47.490115005478
30 34 42.223186741836
30 35 20.33744384105376
30 36 45.679609847133975
30 37 9.248902368632578
30 38 52.39114750041467
30 39 49.91697629106716
30 40 28.498098240230856
30 41 37.662221874433094
30 42 37.017571288733905
30 43 21.040320952365008
30 44 27.04685032003733
30 45 49.907111816817135
30 46 12.850104370542761
30 47 27.659418835600995
30 48 31.731673836485992
30 49 32.59990094253789
30 50 33.42276272422402
30 51 45.73607058502358
30 52 27.660346558098293
30 53 38.323724664044406
30 54 39.30471011260474
30 55 16.871337816222024
30 56 32.640610150047955
30 57 34.32329871962268
30 58 25.78708441457971
30 59 22.966331561895075
30 60 39.2288137068276
