DATASET: Gunluk and Lee 2009
FACILITIES: 30
CUSTOMERS: 60
FIXED_COSTS:
1 68.0
2 25.0
3 71.0
4 94.0
5 5.0
6 8.0
7 71.0
8 58.0
9 41.0
10 5.0
11 13.0
12 47.0
13 5.0
14 58.0
15 38.0
16 99.0
17 29.0
18 38.0
19 3.0
20 98.0
21 16.0
22 83.0
23 52.0
24 97.0
25 18.0
26 57.0
27 48.0
28 41.0
29 53.0
30 43.0
CAPACITIES:
1 2904
2 2904
3 2904
4 2904
5 2904
6 2904
7 2904
8 2904
9 2904
10 2904
11 2904
12 2904
13 2904
14 2904
15 2904
16 2904
17 2904
18 2904
19 2904
20 2904
21 2904
22 2904
23 2904
24 2904
25 2904
26 2904
27 2904
28 2904
29 2904
30 2904
DEMANDS:
1 99
2 70
3 36
4 79
5 69
6 43
7 55
8 22
9 28
10 18
11 7
12 23
13 96
14 12
15 60
16 49
17 51
18 14
19 53
20 18
21 73
22 32
23 36
24 44
25 15
26 35
27 95
28 70
29 12
30 49
31 36
32 47
33 32
34 89
35 84
36 60
37 1
38 71
39 4
40 38
41 49
42 37
43 8
44 21
45 49
46 15
47 63
48 72
49 75
50 53
51 75
52 73
53 83
54 17
55 55
56 58
57 60
58 52
59 66
60 98
ASSIGNMENT_COSTS:
1 1 31.50933036763926
1 2 28.040113580704045
1 3 21.679284956902965
1 4 30.499763482589998
1 5 37.535954100278545
1 6 38.12092457470234
1 7 52.964748268663286
1 8 46.4632158072358
1 9 28.67684059951018
1 10 44.47945542165937
1 11 14.74168942781818
1 12 21.93529581656796
1 13 42.38080486153421
1 14 35.73352794079654
1 15 32.73544031512511
1 16 18.577121788503977
1 17 40.36607318587887
1 18 45.84349340902813
1 19 25.301491140263817
1 20 54.10920028873537
1 21 32.53296192246715
1 22 39.604067454058516
1 23 41.18875969600976
1 24 28.462310948752673
1 25 4.766718494927213
1 26 48.202811405984136
1 27 42.875145184170684
1 28 12.413028610580938
1 29 58.5227946042918
1 30 38.663300670039774
1 31 59.40934062831273
1 32 27.01772685390585
1 33 49.786878390494536
1 34 56.89553109042731
1 35 24.79836864018545
1 36 42.47000597003003
1 37 31.042200660446984
1 38 12.401820716392418
1 39 47.20150003415861
1 40 48.118888098971865
1 41 64.42403873231146
1 42 48.72795728794744
1 43 45.79087143375927
1 44 21.750985359342597
1 45 14.433563312535247
1 46 24.293204317713297
1 47 38.13150009063835
1 48 45.103156140046515
1 49 43.026186888688706
1 50 37.13330350591271
1 51 46.73092472211576
1 52 40.64300365941877
1 53 48.85510726195493
1 54 41.9307434288118
1 55 45.9267206357877
1 56 39.82890645103797
1 57 20.563744279621982
1 58 30.716077650775492
1 59 59.566295419281175
1 60 46.64327254943092
2 1 18.52842851363269
2 2 34.188052745014836
2 3 30.215675318693897
2 4 7.095940113691479
2 5 20.20191532863623
2 6 10.457643063739361
2 7 35.93299608468008
2 8 17.117230695355413
2 9 1.6577266019887171
2 10 20.005995438054537
2 11 31.08727733370044
2 12 17.288658286982102
2 13 34.315092728180765
2 14 25.971517042137982
2 15 3.3329503802967015
2 16 13.016023136982428
2 17 15.965741573941749
2 18 27.536205735783515
2 19 7.369867467418828
2 20 32.25632137316944
2 21 4.411991660330796
2 22 47.31305122039405
2 23 48.29174242234166
2 24 22.553295483516226
2 25 30.363313017269682
2 26 18.288513136966603
2 27 37.35609157263119
2 28 18.102438428529478
2 29 40.87133777623483
2 30 27.99961121825889
2 31 43.605202662905235
2 32 3.208705034093393
2 33 41.657543625974554
2 34 37.98457922517364
2 35 30.137851124377292
2 36 23.481019712309383
2 37 36.1806563878705
2 38 20.307621255089607
2 39 20.120098143362917
2 40 23.029246090274988
2 41 45.11010045131243
2 42 41.96778509765226
2 43 16.505990731626845
2 44 33.59672310789348
2 45 15.646917452633613
2 46 16.527464530066883
2 47 8.367438163960953
2 48 15.688682259738492
2 49 39.948108675001286
2 50 34.65253552789861
2 51 37.6113552737477
2 52 36.27627793536975
2 53 20.27518325664092
2 54 32.20588560277455
2 55 21.712367640679506
2 56 33.2629088513605
2 57 15.254218636082559
2 58 9.49482834458046
2 59 40.05672508095975
2 60 17.785844506956767
3 1 29.928418970311814
3 2 15.10593071143532
3 3 21.45160252432299
3 4 41.101211053746354
3 5 32.37622811030823
3 6 57.549947301545934
3 7 33.45563877918671
3 8 52.429702010150756
3 9 47.5373301495602
3 10 42.068340656811806
3 11 27.66176318020353
3 12 31.122359329850706
3 13 19.388053443525845
3 14 23.882039163775612
3 15 46.91901989314191
3 16 38.415704145380865
3 17 41.151197878948544
3 18 33.460876238202616
3 19 40.45860240921784
3 20 41.27971116695669
3 21 51.83045306179237
3 22 4.318911116347083
3 23 3.1710158901452172
3 24 24.89295996963574
3 25 37.704910982436296
3 26 60.44748394065429
3 27 15.725998084838299
3 28 44.49072261111226
3 29 36.81102428738752
3 30 23.79899791288317
3 31 34.555593112126076
3 32 46.86658386184289
3 33 19.84977242657811
3 34 37.92151500952943
3 35 19.284514747831423
3 36 34.07628627117514
3 37 12.234936116241348
3 38 35.66949926335688
3 39 47.41202045600807
3 40 44.21081320438461
3 41 42.67996363688018
3 42 17.6838425762977
3 43 51.86998380840243
3 44 20.65593770423688
3 45 42.13583485967016
3 46 31.131438704923692
3 47 49.641319657063946
3 48 60.14462081896552
3 49 12.182862960404108
3 50 13.955608970161466
3 51 20.704604638254555
3 52 14.693873298382417
3 53 51.50181869318584
3 54 21.74306120444501
3 55 42.067527296611125
3 56 18.00966696515949
3 57 33.87421101379257
3 58 38.874587988867034
3 59 40.190097166728535
3 60 62.85460761430477
4 1 19.288981507807552
4 2 33.37165688547435
4 3 35.30914847061805
4 4 24.770940716522595
4 5 13.325288213386758
4 6 36.3508050008738
4 7 6.173471525009669
4 8 22.786650128869077
4 9 32.31026394349282
4 10 12.008394958075668
4 11 41.84107978263317
4 12 28.85750605489327
4 13 17.53235197697111
4 14 17.22349013484114
4 15 28.06455034001835
4 16 33.839542057260644
4 17 15.207348156970903
4 18 5.046052088070885
4 19 29.090649981993955
4 20 4.479004709923963
4 21 33.79222642895821
4 22 39.60921001090043
4 23 39.51177694831
4 24 23.48726012173567
4 25 48.1929443295323
4 26 32.24768045857741
4 27 21.16372088111927
4 28 43.09757962993929
4 29 10.031462389010578
4 30 15.159665365725001
4 31 13.347876174149059
4 32 33.07333347954209
4 33 19.55184902698845
4 34 7.032602601360133
4 35 32.384547202519784
4 36 8.452028274066855
4 37 32.716524411279785
4 38 38.43505183153877
4 39 15.820846500023706
4 40 11.12204984719793
4 41 14.3775276935242
4 42 21.288941664932246
4 43 22.593936147208463
4 44 38.53757716836807
4 45 39.584765640427634
4 46 26.50533194039854
4 47 26.307388389271146
4 48 34.20040150506106
4 49 24.77407387550978
4 50 24.314197558050903
4 51 16.775611599997998
4 52 22.32772787304666
4 53 19.761892329676307
4 54 15.375228734672058
4 55 10.600649707024413
4 56 19.384130961467307
4 57 30.448871050580202
4 58 22.986447650600027
4 59 9.274865369018858
4 60 36.815472238753884
5 1 19.93565080802077
5 2 35.37606305658684
5 3 36.84588641285843
5 4 23.874740185726196
5 5 13.753051608492934
5 6 34.28220132886556
5 7 9.181779657645333
5 8 20.092658547381546
5 9 31.07815798514452
5 10 9.952449452874088
5 11 43.06354791545822
5 12 29.37397215158452
5 13 20.306701738363685
5 14 19.010871454229004
5 15 26.598058261223102
5 16 33.73836931864978
5 17 13.679332712270556
5 18 6.694519661054079
5 19 28.51690353373007
5 20 2.8959723810735953
5 21 32.164088765441704
5 22 42.28807113113334
5 23 42.25719144486533
5 24 24.724824064866784
5 25 48.87985492002381
5 26 29.513831608718448
5 27 24.029225475254645
5 28 42.88447753901827
5 29 12.216578823604413
5 30 17.27729958426518
5 31 15.897291297514604
5 32 31.974042742621105
5 33 22.706849148138726
5 34 8.888185433023143
5 35 34.07071202088536
5 36 8.86403969853281
5 37 34.92832770472688
5 38 38.82188160027718
5 39 13.09660843377713
5 40 8.381660893917276
5 41 15.506985943500219
5 42 24.4132555748296
5 43 19.954860455106154
5 44 40.19694568648489
5 45 39.3992120006596
5 46 26.97680033321127
5 47 24.33208106449157
5 48 31.666458026523692
5 49 27.66423718666634
5 50 26.81308315714457
5 51 19.83467589957036
5 52 25.057267594913668
5 53 16.875834036923195
5 54 18.028793344008832
5 55 8.36060287907236
5 56 21.977476194622845
5 57 30.704100819326836
5 58 22.318689114619854
5 59 10.534498991874825
5 60 34.22568800548439
6 1 26.117192913254613
6 2 29.583999879320928
6 3 34.29311293625584
6 4 36.16326231147629
6 5 22.98281241322875
6 6 50.71693832969251
6 7 11.02081153862729
6 8 39.05992086180646
6 9 44.171665242311214
6 10 27.6571511720348
6 11 41.93479168140328
6 12 34.20624935543113
6 13 12.087594222653106
6 14 19.42217439006904
6 15 40.970195663254536
6 16 41.27254132909626
6 17 29.497107790262085
6 18 17.004723849505666
6 19 38.88931222189869
6 20 20.11046053258558
6 21 46.880992644127026
6 22 29.626060095437172
6 23 28.904917481284485
6 24 26.425338783271695
6 25 50.691367738796615
6 26 48.476107408447454
6 27 12.69489575648125
6 28 50.25557350518556
6 29 11.876528901468946
6 30 16.556401248760782
6 31 8.875915945871043
6 32 44.42434947957394
6 33 6.090499582882067
6 34 14.104877276154031
6 35 30.875890092785863
6 36 20.465199689950072
6 37 27.513682325115756
6 38 43.219537170025866
6 39 32.2895576316497
6 40 27.738162785819615
6 41 17.11771039058355
6 42 8.186724974430577
6 43 38.76329994609158
6 44 36.35510526761719
6 45 46.87270084428812
6 46 32.447981787691155
6 47 40.78248806384635
6 48 49.91885592917279
6 49 14.752473277959899
6 50 18.60589429744294
6 51 7.775612780294344
6 52 15.01383196764465
6 53 36.40907012715764
6 54 12.667924651995587
6 55 26.646869392928863
6 56 14.739868933415593
6 57 36.73984462752586
6 58 33.854062350390926
6 59 15.658968800569529
6 60 52.64096173162971
7 1 24.321828674533286
7 2 21.762975686467858
7 3 27.301321704574754
7 4 35.670948046670674
7 5 23.48311900073818
7 6 51.573302774699506
7 7 18.13086261560641
7 8 42.413872558338184
7 9 43.40842218444318
7 10 31.050755574616417
7 11 34.964466329844626
7 12 30.392723647284704
7 13 8.423526385449197
7 14 16.839206815466166
7 15 41.135686176139714
7 16 37.9854330272715
7 17 31.639671489535885
7 18 20.742632429099363
7 19 37.16771329487325
7 20 26.80673446942008
7 21 46.854293744262584
7 22 20.14425667943156
7 23 19.41232326168995
7 24 22.398056468416833
7 25 44.39628621985328
7 26 51.452711944590725
7 27 5.896420051587062
7 28 46.30081376315776
7 29 20.73722819540209
7 30 14.773520956347305
7 31 18.265286770085996
7 32 43.303178709210535
7 33 3.6250051508738586
7 34 22.251990515918745
7 35 23.946468875098983
7 36 22.919583533968606
7 37 19.281018799707553
7 38 38.38088546700482
7 39 36.24116713896972
7 40 32.18080967357289
7 41 26.433808319114338
7 42 1.5101080955018016
7 43 41.98732486666441
7 44 28.73773155398571
7 45 43.15722134436681
7 46 29.1600882139591
7 47 42.18140438789927
7 48 52.17603982946937
7 49 5.941503243461549
7 50 11.406097873428948
7 51 6.186259192721804
7 52 7.93564722896484
7 53 40.485223397272456
7 54 10.699844728219295
7 55 30.499821483107475
7 56 9.806047358277658
7 57 33.187963489821875
7 58 33.25835102762982
7 59 24.29390982633682
7 60 54.953773785620044
8 1 14.099258170666651
8 2 25.164293229553753
8 3 27.657398793818572
8 4 23.035127573797286
8 5 9.833347484375391
8 6 37.44637067690045
8 7 8.069601262315482
8 8 26.68471616487757
8 9 31.038539179299747
8 10 15.234702634330327
8 11 34.60950734315826
8 12 23.309154745109602
8 13 9.333480898702188
8 14 9.610117412156386
8 15 27.6904106267298
8 16 29.535924345525682
8 17 16.402539447716592
8 18 4.918227205107017
8 19 26.199819591355013
8 20 12.910249458929265
8 21 33.604947009690015
8 22 31.272915712984457
8 23 31.243477490701654
8 24 16.630738247178847
8 25 41.851284956147
8 26 35.905464686739506
8 27 13.139741594760798
8 28 38.79766172149745
8 29 13.601127448671289
8 30 7.071658943771405
8 31 14.794509119668636
8 32 31.39531723916219
8 33 13.35479847590529
8 34 12.368168295411348
8 35 24.552652344867944
8 36 7.351330563752849
8 37 24.35442255220019
8 38 32.87119320462142
8 39 20.36022786977069
8 40 16.31282110714833
8 41 19.6570680875789
8 42 14.59016175617911
8 43 26.29878085382681
8 44 30.687855866109565
8 45 35.30432143369343
8 46 21.173707000388976
8 47 27.565728796720368
8 48 37.00079089751454
8 49 16.790548843314408
8 50 15.884163540246071
8 51 9.713456683529406
8 52 14.046794800681205
8 53 24.602894298197317
8 54 7.011547010028174
8 55 14.61074703315034
8 56 10.97987677285296
8 57 25.432136153820107
8 58 20.792099171198057
8 59 15.105923707492675
8 60 39.756188785828286
9 1 12.673350888326972
9 2 28.85220420916505
9 3 29.82503892289031
9 4 17.98763959508251
9 5 6.512908096963646
9 6 30.8405032888939
9 7 11.487590264081938
9 8 19.28729931297388
9 9 25.72308488178893
9 10 7.829837024834038
9 11 35.86064597539578
9 12 22.14868757613538
9 13 16.046800435112875
9 14 12.471961695194453
9 15 21.760708329685258
9 16 26.86471989148938
9 17 9.44182016369786
9 18 3.2017777883383105
9 19 22.14104239651106
9 20 10.109788460290876
9 21 27.620390038932946
9 22 37.09664536414336
9 23 37.279805410349404
9 24 17.57568232109082
9 25 41.62884739031372
9 26 28.554283522443274
9 27 19.941490717733394
9 28 36.11170696102968
9 29 16.496454159907657
9 30 11.395108546258985
9 31 19.16396513401201
9 32 26.374196093010678
9 33 20.756910200740172
9 34 13.857313297029256
9 35 27.187909284468553
9 36 1.598293047976369
9 37 28.73536208083065
9 38 31.650768899021315
9 39 13.002523327805108
9 40 9.238988784055161
9 41 21.33439292075893
9 42 21.973589389257864
9 43 18.91242154412394
9 44 33.26071674578864
9 45 32.60076254801802
9 46 19.761718357567634
9 47 20.805176257615624
9 48 29.81146122768874
9 49 23.54502569916639
9 50 21.38724919454654
9 51 17.087308855183505
9 52 20.389068999026485
9 53 17.245810824759904
9 54 13.501726245178503
9 55 7.294138203647236
9 56 16.99896043409187
9 57 23.585513488910497
9 58 16.092510596000732
9 59 16.240391434369748
9 60 32.54546026644453
10 1 17.529122400485797
10 2 14.978242072057885
10 3 19.922204806796476
10 4 29.115964169025794
10 5 18.145703664576683
10 6 45.41270112783902
10 7 19.04507646312599
10 8 38.053468040271014
10 9 36.57226628009114
10 10 27.2212791565727
10 11 27.608292845936067
10 12 22.70842691808821
10 13 4.261006296016641
10 14 10.218788705769589
10 15 34.78928462224631
10 16 30.3537622327405
10 17 26.84819843968061
10 18 18.24048637650498
10 19 30.029905497546473
10 20 26.228266085341385
10 21 40.30912571666447
10 22 17.83858021254961
10 23 17.743975090309082
10 24 14.77364746869519
10 25 36.799973400524536
10 26 46.60170115990602
10 27 2.0398501339257873
10 28 38.527280342298994
10 29 23.287819083777347
10 30 9.112009071588467
10 31 22.067904392343653
10 32 36.3155607613115
10 33 9.102976204957763
10 34 23.69724298288612
10 35 16.513755784056062
10 36 19.07743974270721
10 37 13.006546443748052
10 38 30.56602294850857
10 39 32.57277929052838
10 40 29.128636341596582
10 41 29.54245873498949
10 42 7.882307921977562
10 43 37.54423930315528
10 44 21.779161994152208
10 45 35.421865395670004
10 46 21.61877821609892
10 47 36.50909928961338
10 48 46.83189239296372
10 49 4.000944665932963
10 50 4.007368492670208
10 51 7.1507333502089185
10 52 0.552919234123955
10 53 36.74497070853736
10 54 6.52188965438851
10 55 27.070155188479113
10 56 3.051453462193994
10 57 25.534522007333717
10 58 26.7193832014618
10 59 26.207453498295123
10 60 49.600254852941944
11 1 19.847609729872335
11 2 34.93360524046829
11 3 30.723447001186248
11 4 8.58711575339751
11 5 21.760597000586156
11 6 10.015427617404418
11 7 37.57555234171165
11 8 18.36807250717907
11 9 0.9359005136442118
11 10 21.654889736883952
11 11 31.18831920723647
11 12 17.929457908467516
11 13 35.70947327190764
11 14 27.318507227583556
11 15 4.891447064481192
11 16 12.992351022420893
11 17 17.627488970545265
11 18 29.174197979980796
11 19 8.04476355713282
11 20 33.91575346877806
11 21 3.7518448304216654
11 22 48.17984613752373
11 23 49.196449041725046
11 24 23.608318052703794
11 25 29.923326014131725
11 26 18.818942915891487
11 27 38.685694725125295
11 28 17.229639697614648
11 29 42.52794281445516
11 30 29.417129160990925
11 31 45.24585955213015
11 32 2.421973949709995
11 33 43.11298105917262
11 34 39.64684457133799
11 35 30.819978208401672
11 36 25.11347856180601
11 37 37.01782169017856
11 38 20.14054899061155
11 39 21.656858511416075
11 40 24.65025475456908
11 41 46.77441265349414
11 42 43.38056922969876
11 43 17.778500901217793
11 44 34.026111931142395
11 45 15.011095529194119
11 46 17.36828825899911
11 47 9.592792214502088
11 48 15.928155155244472
11 49 41.20840624160651
11 50 35.82307656266961
11 51 39.07112944049854
11 52 37.54851008004431
11 53 21.651271043314228
11 54 33.638851052804455
11 55 23.360716165626883
11 56 34.587313373012734
11 57 15.712029609163647
11 58 10.954533591866406
11 59 41.72110286469385
11 60 17.835162755472876
12 1 31.41874242876638
12 2 49.183961028419546
12 3 45.74816457718726
12 4 20.499974052158063
12 5 30.379512433888458
12 6 6.515903313135285
12 7 42.313324381660216
12 8 13.990115969316719
12 9 16.682218426823418
12 10 24.398450316276243
12 11 46.8873244854494
12 12 32.731176341474175
12 13 45.61161994170884
12 14 38.13545617242723
12 15 14.883595997239984
12 16 28.754610904555953
12 17 22.421179579024916
12 18 34.845740892290074
12 19 23.001795179071937
12 20 35.58146557795948
12 21 12.211361885094865
12 22 61.777917792562484
12 23 62.59232290987021
12 24 36.681962383141816
12 25 45.532504013362576
12 26 6.222182831193618
12 27 49.17959039872849
12 28 32.153223479568865
12 29 46.03103334975216
12 30 39.367058936508826
12 31 49.62388935159605
12 32 18.193575601747327
12 33 51.936892193185436
12 34 42.67633359391397
12 35 45.337340365604156
12 36 31.47841610019967
12 37 50.86823758173386
12 38 35.93775801260228
12 39 20.832628917648158
12 40 25.472009753712914
12 41 48.4611414984119
12 42 52.77291377357526
12 43 13.980718421180411
12 44 49.22241645087745
12 45 30.48235874391222
12 46 31.58234142138834
12 47 11.786978167502985
12 48 2.3258134117059934
12 49 52.29046443674841
12 50 47.77949717227679
12 51 47.98988657625253
12 52 48.627487589140756
12 53 17.83119548563181
12 54 43.16920350849087
12 55 25.698419962760628
12 56 45.28012682819815
12 57 30.943347565979458
12 58 22.55369172544079
12 59 43.95611036837852
12 60 2.0856752347481295
13 1 16.537168832921783
13 2 6.351503271879038
13 3 1.7900191483069077
13 4 24.17394159731339
13 5 22.21378468541667
13 6 39.43064861963814
13 7 33.83020667732314
13 8 39.25569657756185
13 9 28.61970989940578
13 10 32.03369381614756
13 11 9.02618330089326
13 12 11.697760682541995
13 13 20.907430890697604
13 14 16.40847019619883
13 15 29.528373841606925
13 16 17.77359009798884
13 17 29.14357748612127
13 18 28.585918128686338
13 19 21.605142505150226
13 20 37.69365510653848
13 21 33.25589903871348
13 22 19.84692566265583
13 23 21.181165905402263
13 24 10.588120670538759
13 25 18.19345173185045
13 26 45.20235989898511
13 27 20.73031254545225
13 28 23.042802541821388
13 29 39.123259909503375
13 30 18.92257504517791
13 31 39.114172162252956
13 32 27.569624427087902
13 33 27.77613037590769
13 34 38.305310412168474
13 35 2.366010576972142
13 36 26.502382687738745
13 37 9.258755654764315
13 38 14.217359569002108
13 39 36.6083989471759
13 40 35.34341684709138
13 41 45.391526240496454
13 42 26.522887697046073
13 43 38.584118453670115
13 44 5.414592449757666
13 45 20.805226765126402
13 46 12.924135129324146
13 47 33.6723687285961
13 48 43.77148704221619
13 49 20.595045363870312
13 50 14.823710926761938
13 51 25.148345159034534
13 52 18.425884208651215
13 53 39.86950023003941
13 54 21.101692578794754
13 55 32.8885717628531
13 56 18.198800981485206
13 57 13.883134480233828
13 58 22.56931453986799
13 59 41.040638984819374
13 60 46.23068150435913
14 1 14.965341438107767
14 2 9.753520289265316
14 3 4.477835040869978
14 4 21.304830907373585
14 5 20.991261930143242
14 6 36.180902820825516
14 7 34.04160536439647
14 8 36.84490837324568
14 9 25.31179254386182
14 10 30.38242408081173
14 11 8.722413105810926
14 12 8.590654842653594
14 13 22.15834012867021
14 14 16.41772987474736
14 15 26.4759645661308
14 16 14.284463040369364
14 17 27.184903901863354
14 18 28.08926248142597
14 19 18.378220237833595
14 20 37.078426680161904
14 21 29.97160305870179
14 22 23.32075845800644
14 23 24.632447113729654
14 24 9.644237335804478
14 25 16.446068803351448
14 26 42.36577961259474
14 27 22.548757616882405
14 28 19.730044344612832
14 29 39.4753410292872
14 30 19.186119526272712
14 31 39.82932334257951
14 32 24.21031089412997
14 33 29.46058967918021
14 34 38.36104465661583
14 35 5.504478597840371
14 36 25.579647834118397
14 37 12.55481779491999
14 38 10.965693479506095
14 39 34.68751762311801
14 40 33.82172533047791
14 41 45.648167428923514
14 42 28.40463127457206
14 43 36.163040338668296
14 44 7.948976559413951
14 45 17.37149232148107
14 46 10.163149425324761
14 47 30.828627239270435
14 48 40.76309420120415
14 49 22.890005057233395
14 50 16.88156665727078
14 51 26.4931465815383
14 52 20.33447455633285
14 53 37.73075244066257
14 54 21.95416514233777
14 55 31.378788907012055
14 56 19.550520673093573
14 57 10.536294390872975
14 58 19.882570487292288
14 59 41.09588248610643
14 60 43.168322186665364
15 1 31.235678945252747
15 2 49.283251576661854
15 3 46.03253451143387
15 4 20.586047152271885
15 5 29.886296366875463
15 6 7.735579688154102
15 7 41.34462978877051
15 8 12.766748952966756
15 9 17.365536520655333
15 10 23.471301776674004
15 11 47.423885192576904
15 12 33.019295018739875
15 13 45.11390693103953
15 14 37.794065834866224
15 15 15.130867210774312
15 16 29.374223235720407
15 17 21.726755831910648
15 18 34.01696027158977
15 19 23.41674890624782
15 20 34.42476563878367
15 21 13.04975431813837
15 22 61.72173495955673
15 23 62.49932599166961
15 24 36.645476451437695
15 25 46.37855633974366
15 26 4.627187562786515
15 27 48.7306720949583
15 28 33.15626355757805
15 29 44.94431871615829
15 30 38.91686180845157
15 31 48.587935871983774
15 32 18.927802580063908
15 33 51.291687714119526
15 34 41.57184404710874
15 35 45.50413888573774
15 36 30.751551914080988
15 37 50.88661269742404
15 38 36.623019975446674
15 39 19.690033212237353
15 40 24.36741614500044
15 41 47.23523927450932
15 42 52.18416428081836
15 43 12.812571157149206
15 44 49.546470328713475
15 45 31.36056107980601
15 46 31.767820372414484
15 47 11.522779766242373
15 48 1.1026659409221353
15 49 51.89853813667964
15 50 47.51989316498301
15 51 47.373345265941275
15 52 48.25137649032206
15 53 16.52768097944259
15 54 42.645671218647834
15 55 24.71170370880509
15 56 44.87495250665922
15 57 31.34319325413769
15 58 22.539915088779235
15 59 42.78735413374451
15 60 1.7012823653299642
16 1 25.73822720165657
16 2 20.757267411079606
16 3 14.378733885272316
16 4 26.98186646651206
16 5 31.91632729192516
16 6 37.51621159222199
16 7 46.630973035474206
16 8 43.37445086280165
16 9 27.0823651573604
16 10 39.81076909825414
16 11 7.723537743828329
16 12 16.38718103513052
16 13 35.382823659393196
16 14 29.14827768400104
16 15 30.34746710156017
16 16 15.410324585400565
16 17 35.91844255699291
16 18 39.92038362873302
16 19 22.15558154694466
16 20 48.51924093741468
16 21 31.46222700195964
16 22 32.6441096464998
16 23 34.201851799319435
16 24 21.940840345554978
16 25 3.289938995166867
16 26 46.48148184186673
16 27 35.70467689385461
16 28 13.282279378494936
16 29 52.153499560344876
16 30 32.03463333648062
16 31 52.796372872931975
16 32 25.50736814037769
16 33 42.665798808019716
16 34 50.7376543839698
16 35 17.507406322120357
16 36 36.81530921622173
16 37 23.76548287173438
16 38 8.076953198634516
16 39 43.125243838438756
16 40 43.44098614919659
16 41 58.188356856070676
16 42 41.54646330973304
16 43 42.68394867557302
16 44 14.635751646384728
16 45 13.49065465833195
16 46 18.79810033640848
16 47 35.61244900995011
16 48 43.842492143812315
16 49 35.75856801659022
16 50 29.90749315926636
16 51 39.72160028423168
16 52 33.44856548366445
16 53 45.29035461868284
16 54 35.08527849450343
16 55 41.12841242046403
16 56 32.781438678462976
16 57 15.762527799379006
16 58 26.672403063560253
16 59 53.444716268551964
16 60 45.73037848626637
17 1 11.550905592737125
17 2 17.920166421492358
17 3 20.87272387117701
17 4 22.732676861148175
17 5 10.830105079634961
17 6 38.66658852725303
17 7 14.68785259264909
17 8 30.60730416184888
17 9 30.52573492503497
17 10 19.779188593403955
17 11 28.144431714422822
17 12 19.03962709596189
17 13 4.529498447273989
17 14 4.2989395567434165
17 15 28.190972043272378
17 16 26.20974214843084
17 17 19.436098193184097
17 18 11.415885843113303
17 19 24.50628412022167
17 20 20.1278504700974
17 21 33.9074783820827
17 22 24.51989706224459
17 23 24.664543527181635
17 24 11.300801018191773
17 25 36.13328410423982
17 26 39.2449433093907
17 27 8.028683991105613
17 28 35.10451110457055
17 29 19.884188390071884
17 30 1.8297375260756095
17 31 20.00087005525452
17 32 30.49349905157378
17 33 12.040447876072088
17 34 19.2792937769363
17 35 17.628495446416782
17 36 11.688529916848285
17 37 17.064379247097467
17 38 28.11433352013939
17 39 25.132946701305386
17 40 21.813803333546016
17 41 26.17426141212237
17 42 12.164320443815937
17 43 30.10546952789947
17 44 23.69332918921052
17 45 31.745030104952583
17 46 17.335593427746762
17 47 29.43503757653696
17 48 39.628097095432814
17 49 11.360505718677217
17 50 8.851972640859668
17 51 8.10183345066239
17 52 7.912343506583473
17 53 29.292807803464964
17 54 2.5721871005645576
17 55 19.687484184804724
17 56 4.44618825286207
17 57 21.605032723070764
17 58 20.321526638045107
17 59 21.98981504096794
17 60 42.40430567436885
18 1 17.56474965236623
18 2 4.082882790755819
18 3 2.6004465135659487
18 4 25.936236801855205
18 5 22.93603134673479
18 6 41.437441045667065
18 7 33.517396371437684
18 8 40.65612429671652
18 9 30.68499398256732
18 10 32.95407338336551
18 11 10.229186498919434
18 12 13.696309325630764
18 13 20.01501428011106
18 14 16.43869340432866
18 15 31.400193339352906
18 16 20.018151202620952
18 17 30.281379402962077
18 18 28.77452345403598
18 19 23.622773453539907
18 20 37.904250050864135
18 21 35.296602019717696
18 22 17.54552107926499
18 23 18.87968451580605
18 24 11.430739913818442
18 25 19.863904875907245
18 26 46.890402546182614
18 27 19.45014573284527
18 28 25.323468772651353
18 29 38.6916964011606
18 30 18.73003594556699
18 31 38.444765157438056
18 32 29.67843537598433
18 33 26.527251223828763
18 34 38.07189917448922
18 35 1.2929263744346686
18 36 26.986710316272976
18 37 7.0456233460206965
18 38 16.490786888396816
18 39 37.68658874695801
18 40 36.1621695820049
18 41 44.99937582644908
18 42 25.150821583183898
18 43 39.993343314216375
18 44 4.887745280466066
18 45 23.10698406842692
18 46 14.712595390998423
18 47 35.386487951529794
18 48 45.587571942874845
18 49 18.988306170220994
18 50 13.462495138316932
18 51 24.14636521824141
18 52 17.11151584677922
18 53 41.083172032348244
18 54 20.477661596699157
18 55 33.71150517629523
18 56 17.277887979268527
18 57 16.01242849834286
18 58 24.219922010217232
18 59 40.79596627090538
18 60 48.084809620085665
19 1 3.9857926541341913
19 2 17.6478770028843
19 3 18.114774902499555
19 4 15.451953673361126
19 5 6.259528966417421
19 6 31.733334068931935
19 7 19.11689857530153
19 8 25.80892076912704
19 9 23.07386312833287
19 10 16.49031694332386
19 11 24.30720704144534
19 12 12.254236465687592
19 13 11.970105732996833
19 14 3.5217651752238517
19 15 21.102761140713408
19 16 18.928793429305095
19 17 14.625872087621639
19 18 12.514364425557748
19 19 16.925206909436344
19 20 21.502172034832874
19 21 26.657292503740067
19 22 27.891083160338248
19 23 28.44207512627954
19 24 5.940885266067098
19 25 30.883472096304693
19 26 33.65255091948519
19 27 14.909608250311418
19 28 28.038282163570155
19 29 24.67654430589828
19 30 5.906704602228127
19 31 25.780789869771155
19 32 22.968073281961384
19 33 19.624158427637354
19 34 23.13582898415516
19 35 15.554253802051152
19 36 10.177903846121412
19 37 18.082017794575297
19 38 21.77677052820071
19 39 21.568456401352773
19 40 19.473494453565408
19 41 30.61058740743561
19 42 19.672708893021223
19 43 25.218093581643814
19 44 21.57553953742938
19 45 24.59845804455256
19 46 10.2289721652333
19 47 23.043784413328204
19 48 33.491900115779124
19 49 17.651651440607427
19 50 12.991647322810925
19 51 15.667853567693916
19 52 13.960589286446295
19 53 25.36745898440976
19 54 10.126913538917396
19 55 17.047144564902396
19 56 10.82407458508346
19 57 14.53646436249629
19 58 13.046913637559598
19 59 25.84245248958653
19 60 36.235290823721236
20 1 8.338207935025837
20 2 12.718597245386439
20 3 10.21943486968721
20 4 16.01327448750473
20 5 14.402618109578086
20 6 31.932415550043252
20 7 28.33184628698212
20 8 30.7213012408715
20 9 21.494794262020918
20 10 23.777009412000503
20 11 15.226319164413413
20 12 5.1074721138454455
20 13 18.227070419501135
20 14 10.967536848241272
20 15 21.615880662014433
20 16 12.772845502820035
20 17 20.686694918982447
20 18 21.81650079592518
20 19 14.365027162067653
20 20 30.6789554248399
20 21 25.950651754762145
20 22 25.784453732601186
20 23 26.815740133416554
20 24 3.6947622199179455
20 25 21.588580234306182
20 26 36.88433178645078
20 27 19.661252715943665
20 28 20.743913580791435
20 29 33.86105500439559
20 30 13.904991834474437
20 31 34.64053676145358
20 32 20.724474395774926
20 33 26.007863275268534
20 34 32.456521567162824
20 35 8.95085121314435
20 36 19.07752347016455
20 37 14.62933814203854
20 38 13.186621051832539
20 39 28.17806196951119
20 40 27.19929768599268
20 41 39.88943259525524
20 42 25.374911834500224
20 43 30.051381013766136
20 44 13.91421071245752
20 45 17.62844461830738
20 46 5.030424992552385
20 47 25.400301030625183
20 48 35.68075197732284
20 49 21.02317725700276
20 50 14.973255405494104
20 51 22.527950152882013
20 52 17.782180241054053
20 53 31.355933543204756
20 54 17.37930335992275
20 55 24.754540122361526
20 56 15.968853958341182
20 57 7.972410486075166
20 58 14.213817309218085
20 59 35.171935662707654
20 60 38.22437245200877
21 1 16.203002761044402
21 2 32.02811741659769
21 3 33.25196735121849
21 4 20.686633148028054
21 5 10.023041053563153
21 6 32.27238260056231
21 7 9.867404421523373
21 8 19.24968600846885
21 9 28.156744432962654
21 10 8.061992817244953
21 11 39.37430499683058
21 12 25.650633651824805
21 13 17.95624860390741
21 14 15.613970795604311
21 15 23.889605257555225
21 16 30.154527855266434
21 17 11.041500984666218
21 18 3.801663310037432
21 19 25.136658248198273
21 20 6.59647406941352
21 21 29.62084734357414
21 22 39.60774134811017
21 23 39.682859301546934
21 24 21.060579076138062
21 25 45.149441607593246
21 26 28.701606127437213
21 27 21.80285958156083
21 28 39.34968755854699
21 29 14.18919412170255
21 30 14.1519238813999
21 31 17.35825954630572
21 32 28.945028712816107
21 33 21.514314115756015
21 34 11.19717980331016
21 35 30.54468425815241
21 36 5.133955688951582
21 37 31.74132352619964
21 38 35.11896000069011
21 39 12.43668635874289
21 40 7.956040529954839
21 41 18.428670268083337
21 42 22.99692231887986
21 43 18.98886450561531
21 44 36.647544522337306
21 45 35.851223774303136
21 46 23.2564610488698
21 47 22.21196840914494
21 48 30.419478327261068
21 49 25.45221591275393
21 50 23.968745765826622
21 51 18.203375527569385
21 52 22.561929206209154
21 53 16.580011976461005
21 54 15.519672448908233
21 55 6.843091236385668
21 56 19.309561741723545
21 57 27.01954521434272
21 58 18.98042822524615
21 59 13.333722301408343
21 60 33.08163395186878
22 1 34.240080797216535
22 2 19.209309290921496
22 3 25.42881501289652
22 4 45.45876584494511
22 5 36.495976052998294
22 6 61.914655749567146
22 7 36.41064833725146
22 8 56.560348093516524
22 9 51.9111830709178
22 10 46.03938795466384
22 11 31.24152874046447
22 12 35.46375004873443
22 13 22.945573113063187
22 14 28.035592234627355
22 15 51.27754655123563
22 16 42.71048303247979
22 17 45.28105369311109
22 18 37.098725784439345
22 19 44.83038016327273
22 20 44.57733304973198
22 21 56.20382091916545
22 22 6.416393746416188
22 23 4.789999734207029
22 24 29.26262400125009
22 25 41.21055586272473
22 26 64.68519233606528
22 27 19.13567057509429
22 28 48.591430271137945
22 29 39.33670487726191
22 30 27.769128543448147
22 31 36.74635744869824
22 32 51.236331336923335
22 33 22.224606137482954
22 34 40.733088577840334
22 35 23.45390670090236
22 36 37.96466436043879
22 37 16.431843875338416
22 38 39.75554889842651
22 39 51.39196634581559
22 40 48.05126807863315
22 41 44.96972548528969
22 42 20.076264418227503
22 43 56.011612427945515
22 44 24.301572672488103
22 45 46.31859885733613
22 46 35.500266518467726
22 47 53.94661629144865
22 48 64.44464789317642
22 49 15.491788964090555
22 50 18.102611542382263
22 51 23.698843032284252
22 52 18.428159617486166
22 53 55.51847655099886
22 54 25.399603386825444
22 55 45.96443330468652
22 56 21.84514770024508
22 57 38.20142203996456
22 58 43.22274638322579
22 59 42.8644303993974
22 60 67.1619859161028
23 1 23.041603540872625
23 2 29.999135080705898
23 3 24.12880824170986
23 4 17.139408593139798
23 5 27.871608913114827
23 6 22.435942709094896
23 7 44.51954836378719
23 8 31.776631964438856
23 9 13.279778182777696
23 10 32.105687828734744
23 11 21.395461190193604
23 12 15.208988352216199
23 13 37.835914298690334
23 14 29.618609820687862
23 15 17.794830953642
23 16 7.707115609236335
23 17 27.80495657542793
23 18 36.41185623123306
23 19 12.04588480577035
23 20 43.33919949375155
23 21 16.864274400517683
23 22 43.53533710809312
23 23 44.871328823712474
23 24 23.205830394057084
23 25 17.05053022683121
23 26 32.615852295978
23 27 39.7164119536086
23 28 3.338594460393733
23 29 49.97637673608392
23 30 32.42302745210037
23 31 51.821547207664864
23 32 11.6268357295829
23 33 45.70150194627296
23 34 47.66690832815028
23 35 25.730427510685445
23 36 32.487190181694935
23 37 32.76072712718976
23 38 9.958995669106752
23 39 33.71073921495755
23 40 35.59987094491839
23 41 55.20421943892365
23 42 45.298898966610516
23 43 31.136835850067463
23 44 26.463857119451678
23 45 2.9091006865909637
23 46 16.597671170452944
23 47 23.125533516352892
23 48 29.42218560274191
23 49 41.18988301938635
23 50 35.12139363005353
23 51 41.950368591772744
23 52 37.923505156462745
23 53 34.630884876695454
23 54 36.483863079624705
23 55 33.73403279354316
23 56 35.855869266680585
23 57 12.422430619964068
23 58 18.242563834549646
23 59 50.12145984062837
23 60 30.94361923074568
24 1 31.124413546189384
24 2 18.005990784443586
24 3 24.448392116816446
24 4 42.54190311446381
24 5 32.92471899386763
24 6 59.029654236632865
24 7 32.172592570791295
24 8 52.96070460165867
24 9 49.30424804468264
24 10 42.25284182104846
24 11 30.952411692742913
24 12 33.27829878073247
24 13 18.924871991650374
24 14 24.562709557861908
24 15 48.354234540115435
24 16 40.7417452367309
24 17 41.7003398178142
24 18 33.0715872192267
24 19 42.30519626275457
24 20 40.399639666806436
24 21 53.47043711617159
24 22 7.796159491368083
24 23 6.387139163735488
24 24 26.547652601292942
24 25 41.012384456375635
24 26 61.27792224293128
24 27 15.067799737155541
24 28 47.230865085398584
24 29 35.08813322541672
24 30 24.042922331646967
24 31 32.53350325010518
24 32 48.73361501878134
24 33 17.977201508134495
24 34 36.48222451174459
24 35 22.026073376084327
24 36 34.11561924484738
24 37 15.028667573505306
24 38 38.45538233923146
24 39 47.605894930554946
24 40 44.14135388373893
24 41 40.74677809444286
24 42 15.825932529652162
24 43 52.43024833529192
24 44 23.938168514156647
24 45 44.73686282048029
24 46 33.06401604991087
24 47 50.7478668431136
24 48 61.21156621930305
24 49 11.417688995555034
24 50 14.733212270620816
24 51 19.480552246220764
24 52 14.566694871199212
24 53 51.76736575592452
24 54 21.423267362673847
24 55 42.105812567802516
24 56 18.02978868696686
24 57 36.08943858457138
24 58 40.246670712977625
24 59 38.61113304720519
24 60 63.951484109800084
25 1 26.696321539425323
25 2 45.26096520671333
25 3 42.49786914080793
25 4 16.85827845120865
25 5 24.817050463830476
25 6 9.389278677886049
25 7 35.91410582910712
25 8 7.539216017789199
25 9 15.6887256852311
25 10 18.04351128046149
25 11 44.61960874938697
25 12 29.6065798103885
25 13 39.997814586906
25 14 32.92624039874975
25 15 12.137379790531128
25 16 27.05091862240011
25 17 16.446648649850147
25 18 28.615997171482473
25 19 20.56580121016196
25 20 29.087183670211985
25 21 12.318664719283088
25 22 57.316700734151574
25 23 58.01808323062999
25 24 32.378565156017544
25 25 44.65721582667916
25 26 4.206865243205582
25 27 43.67329415018947
25 28 32.222874828356204
25 29 39.55210697842054
25 30 33.877883464743746
25 31 43.17199233993432
25 32 17.349011757164675
25 33 46.00701100642135
25 34 36.19076400952239
25 35 41.66520794491614
25 36 25.418212311179495
25 37 46.67149680192643
25 38 34.41294664751192
25 39 14.338348471750553
25 40 18.98411148625452
25 41 41.98041406098177
25 42 46.95388009827726
25 43 7.4939102047376345
25 44 46.10084151913347
25 45 29.94696341364444
25 46 28.08963363417409
25 47 7.338179094811097
25 48 4.342129139140326
25 49 46.91696697567087
25 50 42.760786820156625
25 51 42.1191202702383
25 52 43.29996946650901
25 53 11.459005558098362
25 54 37.50126755215808
25 55 19.2817194171587
25 56 39.88697011351759
25 57 28.279263181645575
25 58 18.501039644383177
25 59 37.46208300935105
25 60 7.021057373607429
26 1 11.037193770178732
26 2 30.24060056774392
26 3 28.923921853042135
26 4 8.470432489244127
26 5 8.144837107651908
26 6 20.605630298535925
26 7 21.901807158447227
26 8 12.45971491654774
26 9 15.580421951171955
26 10 6.61489746990849
26 11 33.12701912470859
26 12 17.623141795703972
26 13 23.35964286270077
26 14 16.357744304220358
26 15 11.355344796414862
26 16 19.56832799112751
26 17 2.3748547050173574
26 18 13.611614047963885
26 19 13.480429060709104
26 20 18.25525583670153
26 21 17.18741475573528
26 22 41.29268875831363
26 23 41.8594942084966
26 24 17.190658302461063
26 25 36.54050181370485
26 26 20.369549952184666
26 27 27.003603294202826
26 28 28.214752018543898
26 29 26.702618567465404
26 30 17.203052373322308
26 31 29.5733731106616
26 32 16.436753375570444
26 33 29.703158588536816
26 34 23.785982012386896
26 35 27.254903694146197
26 36 9.713737461115148
26 37 31.156093426273717
26 38 25.863598042991825
26 39 9.664316225482136
26 40 10.197127968573351
26 41 30.944597011002877
26 42 30.487129319940472
26 43 11.84503534434344
26 44 32.61628576795353
26 45 24.852994422059574
26 46 15.37535471335909
26 47 10.751545913652134
26 48 20.67008985168472
26 49 30.245609381207096
26 50 26.272931876290677
26 51 25.72597057196137
26 52 26.639924871870562
26 53 12.650601744781998
26 54 20.89215383422796
26 55 8.220696687945049
26 56 23.2163594844472
26 57 17.823196249159015
26 58 7.388533515322833
26 59 25.875427086097258
26 60 23.448467527516783
27 1 6.202940102185249
27 2 16.488520915566575
27 3 17.73993052484005
27 4 17.726314698605265
27 5 7.820807667881252
27 6 34.008955089053636
27 7 18.38174174201971
27 8 27.73812337806228
27 9 25.31284453862473
27 10 17.978124480138742
27 11 24.390707306251024
27 12 13.626183220472775
27 13 9.810024839036066
27 14 1.3026933941083894
27 15 23.38116437633646
27 16 20.66051953877916
27 17 16.48497018218219
27 18 12.615363535508104
27 19 19.060720821054232
27 20 21.738307747854822
27 21 28.930129708351426
27 22 26.006332318583613
27 23 26.48726377636589
27 24 6.335185825537429
27 25 31.564838459110316
27 26 35.758818659362156
27 27 12.644629831401307
27 28 29.62596753280391
27 29 23.88335363447568
27 30 4.089367242181184
27 31 24.65150536270381
27 32 25.172704648910898
27 33 17.558351147804014
27 34 22.632834593101467
27 35 14.898858752845415
27 36 10.969136658684777
27 37 16.598720872364602
27 38 22.93552231451711
27 39 23.182020342658895
27 40 20.74373066291629
27 41 29.974740275140544
27 42 17.508874175000237
27 43 27.164404097962368
27 44 21.030369593081115
27 45 26.23658612050988
27 46 11.812125337797251
27 47 25.262368511508516
27 48 35.68656509623309
27 49 15.376133580612159
27 50 10.844728014431993
27 51 13.663420116334029
27 52 11.685243749161394
27 53 27.094219893557835
27 54 8.141553044855637
27 55 18.366416124404942
27 56 8.553221992941634
27 57 16.105432558084182
27 58 15.32293488125315
27 59 25.365829276146002
27 60 38.436943726870965
28 1 22.293757253817557
28 2 22.889733471644465
28 3 16.533860419586617
28 4 21.222929533533748
28 5 28.206687478436688
28 6 30.80773087262188
28 7 43.99141306663422
28 8 37.427707070295604
28 9 20.4926807031635
28 10 34.99853759414172
28 11 12.358873141329672
28 12 12.758682370005731
28 13 34.48057319475703
28 14 27.17590896951651
28 15 24.02392339203954
28 16 9.308607257328658
28 17 30.900772184019026
28 18 36.616657385606324
28 19 16.131737400066328
28 20 44.722000154529404
28 21 24.793892211615333
28 22 35.9602827612225
28 23 37.41162226647432
28 24 19.96623090575871
28 25 8.667751699595925
28 26 39.99509442173885
28 27 35.53157725279383
28 28 7.181883357470602
28 29 49.558995639019514
28 30 30.124675643054793
28 31 50.698506138919505
28 32 18.889860424174522
28 33 42.168169451512725
28 34 47.77183097806971
28 35 18.90340453841876
28 36 33.13348964338234
28 37 25.8508585368965
28 38 3.1692335322901637
28 39 37.81279161362552
28 40 38.63906730602641
28 41 55.334742856489214
28 42 41.360005542788606
28 43 36.74500344320777
28 44 18.162285414434205
28 45 6.775842456481512
28 46 15.035078151941686
28 47 29.368111377176724
28 48 37.23981103571431
28 49 36.26734250157768
28 50 30.173990611391176
28 51 38.808918064034785
28 52 33.44539673087395
28 53 39.625526947893455
28 54 33.702545538418846
28 55 36.44167392042433
28 56 32.099954953809295
28 57 11.127799498911976
28 58 21.294030999016478
28 59 50.411018691455766
28 60 39.07058102635283
29 1 10.958185757634007
29 2 11.209182346409388
29 3 7.799218478789963
29 4 17.976595670068537
29 5 17.007638743921454
29 6 33.49062345142869
29 7 30.563933281334236
29 8 33.10422186370162
29 9 22.819575363195334
29 10 26.383693389443124
29 11 12.633564135440139
29 12 5.836731147677885
29 13 19.63896944111614
29 14 13.013652094503088
29 15 23.407853614246125
29 16 12.956038993872959
29 17 23.239201818349756
29 18 24.285908336768106
29 19 15.711271864769847
29 20 33.20784358786757
29 21 27.389251514678282
29 22 24.661917221909594
29 23 25.806768303606738
29 24 5.891973287120627
29 25 19.425955028548064
29 26 38.987316752132024
29 27 20.63133402125937
29 28 20.052767497450592
29 29 36.0594204330863
29 30 15.895464979411598
29 31 36.65981736622772
29 32 21.89765275441203
29 33 27.26495651736941
29 34 34.776672968708795
29 35 7.094966427954787
29 36 21.64611302039224
29 37 13.496887790546932
29 38 11.889749691623226
29 39 30.73805291405845
29 40 29.81539286420961
29 41 42.1540861480945
29 42 26.44947298672716
29 43 32.42839118754805
29 44 11.484522918161229
29 45 17.18788021034737
29 46 6.731302598629346
29 47 27.461475059924773
29 48 37.608034168454346
29 49 21.574112981634226
29 50 15.45471288571593
29 51 23.98552306510435
29 52 18.586613836922886
29 53 33.85388588845251
29 54 19.071565150764023
29 55 27.37174236323349
29 56 17.201607804180878
29 57 8.439385564553728
29 58 16.349001306349432
29 59 37.50252520965416
29 60 40.095481887856046
30 1 19.83382253155555
30 2 9.701097218831343
30 3 3.376560821772868
30 4 25.77650707294459
30 5 25.81371007712446
30 6 39.998118254298426
30 7 38.24863407394359
30 8 41.57413429306491
30 9 29.054174182090303
30 10 35.2663613104765
30 11 4.440208219412112
30 12 13.011215654904937
30 13 25.494314205668157
30 14 20.70676804315113
30 15 30.700479975882423
30 16 17.351973110969652
30 17 32.0545598319955
30 18 32.6822455292333
30 19 22.388431802245933
30 20 41.734640217693396
30 21 33.739443673332666
30 22 22.17752798286014
30 23 23.660373354065154
30 24 14.324900529337434
30 25 13.894856682712414
30 26 46.78529901217494
30 27 25.258781610655646
30 28 20.787214012521346
30 29 43.59034429373394
30 30 23.327034553677972
30 31 43.66308332257366
30 32 27.80993744738834
30 33 32.319651807166494
30 34 42.6731066971892
30 35 6.7186137146030624
30 36 30.330815215537488
30 37 12.71325874346455
30 38 12.096153841977783
30 39 39.55742881481258
30 40 38.70015651276073
30 41 49.83456292716233
30 42 31.020586493435598
30 43 40.88848695066347
30 44 4.433972214920223
30 45 19.129595751247766
30 46 14.844016541340757
30 47 35.274503742129895
30 48 44.98732510360715
30 49 24.94895851238549
30 50 19.312574381252272
30 51 29.73342177217992
30 52 22.939539108961053
30 53 42.55697790657344
30 54 25.65580959364084
30 55 36.255497156234476
30 56 22.785682776768354
30 57 14.448761563066695
30 58 24.509815638481083
30 59 45.410759645459464
30 60 47.30886513670774
