DATASET: Gunluk and Lee 2009
FACILITIES: 40
CUSTOMERS: 80
FIXED_COSTS:
1 69.0
2 90.0
3 6.0
4 86.0
5 33.0
6 46.0
7 50.0
8 66.0
9 51.0
10 99.0
11 70.0
12 100.0
13 76.0
14 10.0
15 44.0
16 17.0
17 21.0
18 21.0
19 90.0
20 38.0
21 7.0
22 25.0
23 32.0
24 11.0
25 58.0
26 5.0
27 97.0
28 35.0
29 4.0
30 6.0
31 53.0
32 83.0
33 66.0
34 13.0
35 63.0
36 92.0
37 91.0
38 48.0
39 32.0
40 28.0
CAPACITIES:
1 4286
2 4286
3 4286
4 4286
5 4286
6 4286
7 4286
8 4286
9 4286
10 4286
11 4286
12 4286
13 4286
14 4286
15 4286
16 4286
17 4286
18 4286
19 4286
20 4286
21 4286
22 4286
23 4286
24 4286
25 4286
26 4286
27 4286
28 4286
29 4286
30 4286
31 4286
32 4286
33 4286
34 4286
35 4286
36 4286
37 4286
38 4286
39 4286
40 4286
DEMANDS:
1 78
2 14
3 26
4 91
5 81
6 27
7 19
8 98
9 93
10 99
11 84
12 20
13 20
14 9
15 56
16 15
17 45
18 7
19 69
20 63
21 48
22 91
23 61
24 99
25 59
26 31
27 62
28 21
29 88
30 92
31 82
32 36
33 42
34 41
35 27
36 91
37 97
38 62
39 52
40 16
41 97
42 81
43 53
44 6
45 23
46 9
47 44
48 88
49 20
50 93
51 70
52 16
53 35
54 83
55 75
56 56
57 37
58 1
59 63
60 23
61 65
62 24
63 99
64 100
65 43
66 45
67 58
68 75
69 42
70 2
71 2
72 86
73 94
74 37
75 9
76 84
77 22
78 74
79 82
80 58
ASSIGNMENT_COSTS:
1 1 48.265758907885385
1 2 45.023556065196786
1 3 25.143448258025398
1 4 8.601900089983298
1 5 11.200597528744277
1 6 9.045775059004427
1 7 20.704162676157427
1 8 51.01945603485669
1 9 48.33953685447133
1 10 34.12219221600563
1 11 50.822555068346716
1 12 27.468636767745476
1 13 17.961082730677493
1 14 43.65612978204858
1 15 28.66072396362223
1 16 35.32965830278246
1 17 46.372289169794875
1 18 13.067942440402028
1 19 24.11121066005049
1 20 49.7489448964773
1 21 10.676696384467244
1 22 41.88851642597379
1 23 55.00025202882096
1 24 21.98567639332743
1 25 42.81051008080899
1 26 30.52138510996203
1 27 14.679349522881552
1 28 13.337328975296996
1 29 38.442274480617094
1 30 9.498389278599529
1 31 33.38636537817518
1 32 42.1358271226082
1 33 42.19655880801601
1 34 34.255505973273145
1 35 34.475482713926716
1 36 9.49846513029707
1 37 16.68111121707089
1 38 25.656287875053458
1 39 33.122222086083184
1 40 44.73878140003515
1 41 12.68246442672811
1 42 52.17502888712499
1 43 3.3021200890063227
1 44 46.09232821874547
1 45 32.86322773950848
1 46 44.16076468477318
1 47 4.424091485967003
1 48 26.47253684002659
1 49 9.448592149815207
1 50 22.59780374030819
1 51 15.044671882696134
1 52 15.228790896479193
1 53 25.910219693450724
1 54 41.74667462062824
1 55 28.070818002684245
1 56 11.055361484098114
1 57 10.284686487886711
1 58 57.90669522082913
1 59 53.190397515359
1 60 8.44973195773952
1 61 41.14580827061904
1 62 40.19906811945127
1 63 34.48461873996636
1 64 59.47303653902899
1 65 38.17991959437519
1 66 33.98090221243891
1 67 22.783009927564507
1 68 30.813063625273934
1 69 50.510070294752104
1 70 15.290673139869776
1 71 22.012634782060154
1 72 27.16442208731887
1 73 31.19447009484768
1 74 11.129855455122186
1 75 30.856155462813454
1 76 21.833775493431062
1 77 38.89167606637815
1 78 43.98979323731131
1 79 15.91136906560646
1 80 34.793786172143676
2 1 24.424616461883403
2 2 21.543006793989797
2 3 2.8039162787398713
2 4 21.402610233224426
2 5 30.3156422920207
2 6 20.944885123193824
2 7 6.337700388587954
2 8 28.512665324467505
2 9 38.6354738642417
2 10 13.998423320446788
2 11 27.016382332793903
2 12 19.66950660053603
2 13 7.6535859187777655
2 14 32.2938354446499
2 15 15.92897166761065
2 16 16.017200986855965
2 17 22.929376275471313
2 18 29.515797883869592
2 19 29.792279069315896
2 20 29.593111202698747
2 21 13.8757237726206
2 22 18.088140852633277
2 23 31.78469545867721
2 24 19.597856723256154
2 25 25.393623632250378
2 26 12.166507752379303
2 27 9.21702174458771
2 28 17.30968537355878
2 29 16.959718162088993
2 30 30.134624503307233
2 31 23.067076083587185
2 32 24.342498103528765
2 33 31.33444332325451
2 34 22.40322917445477
2 35 15.114614481535686
2 36 14.820833518798224
2 37 9.495359340611754
2 38 20.07627710260293
2 39 13.731185540333051
2 40 25.48551888014246
2 41 30.70581813198585
2 42 28.337904780430257
2 43 20.583221992227955
2 44 31.270446817595364
2 45 19.142799176043578
2 46 28.871153543789514
2 47 23.312067308049425
2 48 14.83661066820659
2 49 24.944668660140593
2 50 8.740595681698709
2 51 32.43487723008593
2 52 12.68685738619727
2 53 9.417835943204299
2 54 20.350979823766618
2 55 19.15090798692305
2 56 31.970568605853355
2 57 26.35040544115717
2 58 34.552630847018214
2 59 29.342307452209543
2 60 16.006781001890698
2 61 23.001142225252554
2 62 20.9907437041858
2 63 26.480018541934008
2 64 35.764686776978536
2 65 14.354450520080524
2 66 22.99668360990037
2 67 2.277367974739401
2 68 6.970410718977875
2 69 28.1569446028053
2 70 9.671835033566559
2 71 16.22833805108654
2 72 23.47278673183664
2 73 14.117501147036096
2 74 23.838357954488913
2 75 17.746251740884595
2 76 13.651822772765584
2 77 16.129681014698814
2 78 29.61691717459372
2 79 8.415338446305553
2 80 20.784544712783006
3 1 38.03552596429601
3 2 37.364842457259414
3 3 20.137384376216545
3 4 9.846836055671295
3 5 17.124039851968327
3 6 9.259936111458709
3 7 19.70271923209642
3 8 37.273984364966495
3 9 30.674477526430298
3 10 20.12256522900389
3 11 41.48011021554517
3 12 9.722637239344019
3 13 10.22325419169969
3 14 25.865719302976103
3 15 12.017080777238803
3 16 33.37291056602331
3 17 38.75392029672187
3 18 14.940441424601728
3 19 12.448233244615677
3 20 34.05413195016981
3 21 15.970678420882992
3 22 31.714071782866355
3 23 42.12169498252311
3 24 4.378404555636969
3 25 26.192252279805107
3 26 16.25653599237701
3 27 13.916918677306167
3 28 4.470110787146046
3 29 34.31673356240532
3 30 18.114994930652806
3 31 37.96493899008699
3 32 25.72041975467172
3 33 24.40668650049832
3 34 16.678409226291745
3 35 32.45724867119223
3 36 15.571053683452407
3 37 8.649258333630168
3 38 7.872532677539431
3 39 18.831872496123975
3 40 28.837363600977245
3 41 16.68591164614525
3 42 41.66223230774486
3 43 15.364262609227838
3 44 28.587690221679996
3 45 15.85593071174749
3 46 26.81323789419887
3 47 14.178452962863727
3 48 29.378815452676342
3 49 11.966902960696126
3 50 23.009795213494108
3 51 17.598581104291895
3 52 20.21747382519862
3 53 12.476477397356
3 54 27.600415544455004
3 55 33.00022409380131
3 56 19.6126667247527
3 57 12.878725482628878
3 58 45.18304631474182
3 59 43.14969787819121
3 60 11.189754550545457
3 61 24.968497538305936
3 62 24.6696826500436
3 63 16.752260996525237
3 64 47.74878961877872
3 65 28.585768390118417
3 66 38.16663530370855
3 67 15.221153890287184
3 68 22.904477767880795
3 69 36.61016265806894
3 70 16.76509140072558
3 71 4.64232364066381
3 72 9.807977187991298
3 73 15.974151729618233
3 74 9.809788720301293
3 75 13.927326444786244
3 76 25.971103242576078
3 77 33.02922539851762
3 78 26.46180066014523
3 79 15.65471788934335
3 80 36.95690051122999
4 1 24.048420758388726
4 2 24.317359362512878
4 3 12.780586051340952
4 4 22.334172615606587
4 5 30.77833576251388
4 6 21.74532517276793
4 7 16.408201205798097
4 8 23.505008602553794
4 9 28.240369552139104
4 10 6.245755868445298
4 11 27.65484197114194
4 12 11.084073071025168
4 13 10.475847410855014
4 14 21.872961550212146
4 15 6.163823115727514
4 16 24.448235202544897
4 17 25.655568460431518
4 18 28.940836700346672
4 19 24.481250781259416
4 20 21.831346646615597
4 21 20.499652483403757
4 22 17.889464719334473
4 23 28.104664590414778
4 24 13.825046160266188
4 25 15.853187063959354
4 26 2.5435985889902866
4 27 15.784727959940417
4 28 16.707925429464673
4 29 23.66022244008236
4 30 31.3685253648253
4 31 33.30743792604361
4 32 14.942316690896748
4 33 20.937725958473102
4 34 12.113317263535306
4 35 23.651352055577764
4 36 20.986683725636
4 37 11.376317855507015
4 38 12.426682531689904
4 39 5.146042048875174
4 40 16.980150322799194
4 41 30.581819883122733
4 42 27.58262023466272
4 43 24.787039551100058
4 44 21.106972348759516
4 45 8.752776328858397
4 46 18.75283025362439
4 47 25.799241594834964
4 48 25.23679463610052
4 49 25.3260714301503
4 50 19.134146120182645
4 51 31.687339184065628
4 52 21.513521775400932
4 53 2.075493869797403
4 54 13.935327972587569
4 55 29.566429409841977
4 56 33.04497662430665
4 57 26.480399189165755
4 58 31.148278373379686
4 59 29.136126727650147
4 60 19.560494391144477
4 61 13.738847769499671
4 62 12.356468041370421
4 63 16.70362632756765
4 64 33.59646980211697
4 65 15.15870252758799
4 66 33.16757874757067
4 67 8.884595966562527
4 68 11.560835572367855
4 69 22.90627637771015
4 70 17.748301241751378
4 71 10.436963161169015
4 72 15.671696541768135
4 73 3.86867752451726
4 74 23.466215323730488
4 75 7.542714477859189
4 76 23.92347856415474
4 77 21.356650835550724
4 78 19.34753929100955
4 79 16.178990353196102
4 80 30.578095523849264
5 1 55.275827763292895
5 2 53.638803612115694
5 3 34.39618226337372
5 4 10.919560986223152
5 5 2.9504553903422104
5 6 11.332773572183273
5 7 31.446755224921862
5 8 55.148401317248975
5 9 43.41817596310816
5 10 37.96084734754958
5 11 58.47325260525865
5 12 26.091723778074893
5 13 24.74622934494115
5 14 40.33782896177923
5 15 29.67238454841288
5 16 46.54141722516739
5 17 55.03643641568235
5 18 2.9410660451500865
5 19 15.373719166158853
5 20 51.662781537942834
5 21 22.490533788401613
5 22 48.84184888147715
5 23 59.954455364398875
5 24 20.104372877716354
5 25 43.441917029635746
5 26 34.085950403459435
5 27 24.52036180088005
5 28 15.458622560472834
5 29 48.774161054259174
5 30 5.030985674470514
5 31 46.76125076034438
5 32 43.11469797675914
5 33 38.80193118916684
5 34 33.050565352268706
5 35 45.63143084503547
5 36 21.333147008214056
5 37 22.93053997709822
5 38 23.747279254334362
5 39 36.68690612130961
5 40 46.429209767761215
5 41 1.629766722746671
5 42 59.02551898198421
5 43 15.378085264259111
5 44 44.585331414400606
5 45 33.11951608499891
5 46 43.20789902333204
5 47 10.87938889706036
5 48 39.14629482794975
5 49 7.347181540675438
5 50 34.12183047578783
5 51 1.1474907751562373
5 52 27.773200329689303
5 53 30.04301301435252
5 54 45.47496593513984
5 55 41.395247266447775
5 56 4.513645571794847
5 57 5.9159938606365134
5 58 63.00885584782394
5 59 60.389132055826735
5 60 17.221617896647736
5 61 42.502920658406055
5 62 42.42763260402553
5 63 30.9426558735775
5 64 65.43913441114331
5 65 45.443205179928924
5 66 47.26969853665658
5 67 30.441786863775505
5 68 38.85308483060086
5 69 54.485519912448446
5 70 26.37783221652321
5 71 22.311747864369895
5 72 23.391172552407173
5 73 33.84604487823008
5 74 8.570611039144472
5 75 31.339469701340843
5 76 34.65948742331053
5 77 48.36333238098339
5 78 42.476757406563316
5 79 26.29457131396383
5 80 47.52014782779568
6 1 29.564251098999815
6 2 29.826183089635933
6 3 16.042765524559204
6 4 18.236246949296476
6 5 26.17183275579685
6 6 17.632517195618917
6 7 18.184383527853274
6 8 28.157479222259994
6 9 26.487156711295135
6 10 11.081342047842583
6 11 33.20559395451082
6 12 6.377797265755307
6 13 9.640206896764663
6 14 20.581199246434885
6 15 3.8267391365551906
6 16 28.759053500388827
6 17 31.174891841221665
6 18 24.059554230610296
6 19 18.920803956858432
6 20 25.194674895419865
6 21 19.383408975460817
6 22 23.447849890401347
6 23 33.05042524300155
6 24 8.26538662322457
6 25 17.835245805286938
6 26 7.26696416152616
6 27 15.29751859446268
6 28 12.44827509386932
6 29 28.541547518630118
6 30 27.010499613547516
6 31 36.232538668103004
6 32 17.196882269612626
6 33 19.363315564365664
6 34 10.371899958550086
6 35 27.905994538744157
6 36 19.55680703988896
6 37 9.596505283217544
6 38 7.152622914950612
6 39 9.762240552093338
6 40 20.032732849581787
6 41 25.79575268836959
6 42 33.04307271394272
6 43 21.99794523842126
6 44 21.537089495061114
6 45 8.084386379058902
6 46 19.427735077298244
6 47 22.151193733303533
6 48 27.785854276567456
6 49 20.866792467653333
6 50 21.330519531977576
6 51 26.70252345422534
6 52 21.748665876535313
6 53 4.619347852650784
6 54 18.484171901836003
6 55 31.959761804508958
6 56 28.588662831169298
6 57 21.8903480577952
6 58 36.116834751302676
6 59 34.63448288596044
6 60 16.89767548515845
6 61 16.281862724874873
6 62 15.695898114538254
6 63 13.397325732604767
6 64 38.805567755016014
6 65 20.70052321003671
6 66 36.21575977290507
6 67 11.179005109288518
6 68 16.44246755078825
6 69 27.491312620293435
6 70 17.837795747058518
6 71 4.951977783541117
6 72 10.532219602986507
6 73 6.859409993088416
6 74 18.82384829008333
6 75 6.11000063914535
6 76 25.60831849516993
6 77 26.52376230332421
6 78 19.517270391963372
6 79 16.305322124054406
6 80 34.08558619213456
7 1 40.79829238899119
7 2 43.17381883101187
7 3 32.17450086722048
7 4 25.929152724490862
7 5 30.00320803883737
7 6 25.44338749018452
7 7 34.10430428270702
7 8 34.914490437149745
7 9 14.326746931666015
7 10 22.365181982265398
7 11 44.799142534158214
7 12 9.825077135804438
7 13 24.803311686776468
7 14 11.686725500658222
7 15 14.047835957602944
7 16 44.60411884142839
7 17 44.387107358753454
7 18 26.855245011938482
7 19 14.253493120932259
7 20 28.198369968463382
7 21 32.95819157394415
7 22 35.76643203957489
7 23 40.48274066990591
7 24 12.90507723860766
7 25 19.5397195480556
7 26 20.17141567904089
7 27 29.980779409924974
7 28 21.592962154567076
7 29 43.81866459282694
7 30 31.828395737501175
7 31 52.3416763941613
7 32 19.900774292387606
7 33 10.213036145540936
7 34 9.940916137051008
7 35 43.78472834114706
7 36 32.69748544914323
7 37 24.005594620146255
7 38 10.1124532124615
7 39 21.198079817891653
7 40 23.615049831588912
7 41 28.766656633813025
7 42 43.502963912742466
7 43 32.41754156890165
7 44 17.3160737971438
7 45 13.02175829081677
7 46 16.87186485219845
7 47 30.362877252578745
7 48 43.837303643654536
7 49 26.51914465584659
7 50 37.33667565166493
7 51 28.29909014823202
7 52 36.577112074740356
7 53 20.329970154693434
7 54 26.6999685996599
7 55 47.9333743648695
7 56 32.71569849308095
7 57 26.71182276001589
7 58 43.39232944721274
7 59 45.38712431756123
7 60 28.46678088357998
7 61 20.146631257741827
7 62 21.72522631795855
7 63 4.342894352269085
7 64 47.161917118179986
7 65 34.0758569408371
7 66 52.34566816767497
7 67 27.32470814652375
7 68 31.764239160364827
7 69 34.08700684101963
7 70 32.78815471587485
7 71 14.637251353727324
7 72 7.469170612053907
7 73 18.21306832289255
7 74 24.23573652369203
7 75 13.103047441246641
7 76 41.3333027820989
7 77 41.29997308980954
7 78 15.50205144709032
7 79 31.39755039669147
7 80 50.22741517866771
8 1 20.089757487678405
8 2 16.737809177779905
8 3 3.420622209561334
8 4 26.257933922919445
8 5 35.167934097609766
8 6 25.800685011589426
8 7 8.907605489454923
8 8 25.523314603159523
8 9 40.03612517875859
8 10 13.592640099462216
8 11 22.42329590129069
8 12 22.76309533597104
8 13 12.449991138792301
8 14 33.554630401722584
8 15 18.311350329354962
8 16 12.32384338466049
8 17 18.116954650686917
8 18 34.36288089682494
8 19 34.081954473964196
8 20 27.894519643557793
8 21 18.107785241675785
8 22 13.964486604461982
8 23 28.20336425826944
8 24 23.617926610541513
8 25 25.113156511042167
8 26 13.116949454357846
8 27 13.735740575967133
8 28 22.091765184670496
8 29 12.428239635421939
8 30 34.96213460807162
8 31 21.665566404105675
8 32 23.981476866444623
8 33 32.77695122165942
8 34 24.227651987469322
8 35 11.49241527091842
8 36 19.149377425722726
8 37 14.29345690726895
8 38 23.551686357578657
8 39 13.804013402907522
8 40 24.410514087382317
8 41 35.56122086384926
8 42 24.002184712301506
8 43 25.184539990360033
8 44 31.573203024823922
8 45 20.766740000140103
8 46 29.15052376436626
8 47 28.090578343738027
8 48 14.385596427540198
8 49 29.800446040811536
8 50 9.766025439250999
8 51 37.2817429409034
8 52 15.8869339221969
8 53 11.992111946207093
8 54 18.44421400717973
8 55 18.6989139469903
8 56 36.80074717234496
8 57 31.205572607415128
8 58 30.82110117424721
8 59 24.871462242484903
8 60 20.771190902859793
8 61 22.5906254147485
8 62 20.253949717097164
8 63 28.91190610404621
8 64 31.652185290614177
8 65 10.222040323571719
8 66 21.408857411505004
8 67 6.801982664602195
8 68 2.857048453004184
8 69 25.280865308504485
8 70 13.60395532326871
8 71 20.129354457372344
8 72 26.957737607161093
8 73 15.262809168961732
8 74 28.67845566627672
8 75 19.742476219929518
8 76 14.757180686859472
8 77 11.30443340661829
8 78 30.152263381313166
8 79 12.614622138559872
8 80 18.500243858222145
9 1 9.349028823983772
9 2 16.469334607162594
9 3 31.580474891643274
9 4 51.108383922373434
9 5 59.75595738558568
9 6 50.53923299361623
9 7 37.08199405316457
9 8 7.545435031172038
9 9 39.887858911182974
9 10 23.06932286008209
9 11 10.529097087694346
9 12 37.26481776349283
9 13 37.656859847383636
9 14 34.82711779242285
9 15 32.29629354101604
9 16 30.43998233324872
9 17 16.138084198943037
9 18 57.987574806243245
9 19 52.016693150457094
9 20 15.966533257593396
9 21 45.874624241347696
9 22 14.292045150193836
9 23 2.2923483780860994
9 24 42.06797803798425
9 25 23.176697212744607
9 26 26.911508354776625
9 27 41.13293433126175
9 28 45.654992231921604
9 29 25.724050057759356
9 30 60.20433183510703
9 31 43.362553379176724
9 32 22.555403208051445
9 33 35.30879148619985
9 34 32.5763520045996
9 35 30.4969653468625
9 36 46.7926769154098
9 37 39.17811304699209
9 38 39.43620590048632
9 39 24.394854235083788
9 40 19.03196464754353
9 41 59.61660089347151
9 42 6.7815444753859575
9 43 52.176126734894304
9 44 28.63826524848997
9 45 30.353400079553627
9 46 27.38166519914348
9 47 54.12697941045358
9 48 39.71895448169842
9 49 54.26594050333874
9 50 37.400752944933686
9 51 60.72897357223316
9 52 44.06659756090636
9 53 30.905369991345644
9 54 16.082788205703704
9 55 43.17173912260731
9 56 61.93303941008191
9 57 55.46859772969043
9 58 2.7566772954854657
9 59 8.073712202457871
9 60 47.179968702000764
9 61 22.131226342399877
9 62 20.623433735273718
9 63 37.93259002008636
9 64 4.909612935298329
9 65 17.977913510055135
9 66 42.65064350361136
9 67 32.739192490381214
9 68 25.387990102663576
9 69 8.383332764212861
9 70 41.59499875451667
9 71 39.06612353982167
9 72 41.788794049103345
9 73 27.503089034815503
9 74 52.48272677807171
9 75 31.424209488052597
9 76 41.91627106208692
9 77 22.400029905860926
9 78 29.167672867915602
9 79 40.41171457471346
9 80 38.516364130920635
10 1 46.95958907246121
10 2 47.597609449920256
10 3 32.03309115734144
10 4 17.002136624522215
10 5 18.6882411697892
10 6 16.693692596101233
10 7 31.940112412550942
10 8 43.53936093144692
10 9 26.112317333503103
10 10 27.94721045157864
10 11 50.73437378586472
10 12 13.128409697959697
10 13 22.397733286708583
10 14 23.682754595993757
10 15 18.31983847918736
10 16 45.28046792656952
10 17 48.94341085769403
10 18 15.436555878158128
10 19 2.1762767708391957
10 20 38.14421904655095
10 21 27.315143356649852
10 22 41.0536288551783
10 23 48.91009310742946
10 24 9.792458135749778
10 25 29.40785266737265
10 26 24.542541569042132
10 27 26.01124529487248
10 28 14.912360749700216
10 29 45.790911882358635
10 30 20.732484357657135
10 31 50.18154846731383
10 32 29.423588095538612
10 33 22.1739488972299
10 34 18.5857834559177
10 35 44.37639235500942
10 36 26.657761420914788
10 37 20.882032357090726
10 38 11.106232604589133
10 39 26.593664869403018
10 40 33.09526452640109
10 41 17.26380848950439
10 42 50.2309168847326
10 43 24.21305389349048
10 44 28.800590988724494
10 45 20.095103398284305
10 46 27.89759789969149
10 47 21.020667116338274
10 48 41.60745544841767
10 49 16.337429670422384
10 50 35.24888827610851
10 51 16.476457099251114
10 52 32.044472048625934
10 53 22.29986589730958
10 54 34.284295523127426
10 55 45.16699865966886
10 56 21.33426902744811
10 57 16.10261001494487
10 58 51.951636749582356
10 59 51.93722257301373
10 60 21.724994763817236
10 61 29.226516332640845
10 62 30.015966008327815
10 63 14.787097871139334
10 64 55.211210593912064
10 65 38.45263171344745
10 66 50.39581725221256
10 67 26.990746242353552
10 68 33.90449730890976
10 69 42.763680821296326
10 70 28.818337252313807
10 71 13.321306756082398
10 72 8.611135121529905
10 73 23.297800954420726
10 74 14.335486363853105
10 75 18.94495800697536
10 76 38.09878267465367
10 77 44.09036498929104
10 78 26.80942000165958
10 79 27.805642787249145
10 80 49.17978423710525
11 1 42.959743192394306
11 2 43.21685046121391
11 3 27.234747579305825
11 4 13.68427837978365
11 5 17.530112567102616
11 6 13.26589230159059
11 7 27.13800302114343
11 8 40.37025612627968
11 9 26.908006869233297
11 10 24.113438119473614
11 11 46.648295262088055
11 12 9.886114878436763
11 13 17.578286847093086
11 14 23.36329375893202
11 15 14.631922989390764
11 16 40.487436776956706
11 17 44.57819470742776
11 18 14.484326234690439
11 19 5.4930986574244836
11 20 35.6726279794014
11 21 22.919720772846556
11 22 36.90358140810952
11 23 45.601679298290996
11 24 5.228871430864576
11 25 27.10919311383047
11 26 20.517658941306127
11 27 21.3177264596647
11 28 10.54355623198983
11 29 41.08634743485078
11 30 19.266782139674632
11 31 45.41916651270089
11 32 26.951241075403466
11 33 21.827554471947135
11 34 16.38250340736444
11 35 39.58109822348488
11 36 22.349896730356473
11 37 16.07827120275614
11 38 7.5691783425979
11 39 22.754335768137686
11 40 30.495146034259797
11 41 16.41809084425506
11 42 46.35383177058887
11 43 20.628569831353055
11 44 27.625060662832556
11 45 17.14138978851931
11 46 26.35985682670326
11 47 18.01816531395164
11 48 36.83271436550034
11 49 13.92805931987772
11 50 30.451614912100283
11 51 16.30004587826243
11 52 27.47837265648872
11 53 17.855354792563503
11 54 30.888757722144682
11 55 40.44177698739922
11 56 20.248323926989208
11 57 14.104698550960256
11 58 48.66589807030401
11 59 47.99829330221687
11 60 17.54242929198657
11 61 26.555824337750344
11 62 26.9916026096359
11 63 13.933425929741661
11 64 51.709334787794425
11 65 34.14117317090661
11 66 45.6202441164114
11 67 22.204655385458537
11 68 29.286254509717168
11 69 39.625969571819354
11 70 24.147576284641186
11 71 8.747832155658287
11 72 6.398470043132598
11 73 19.509599082193184
11 74 11.66845187563431
11 75 15.678445757995446
11 76 33.39573321029333
11 77 39.482040581230244
11 78 25.532567838391433
11 79 23.084892739023648
11 80 44.36524204944903
12 1 26.67204384937968
12 2 30.9921897367382
12 3 28.16643336727977
12 4 34.83924300947336
12 5 41.745365004357474
12 6 34.24195819923978
12 7 32.46892361201003
12 8 18.601836266725012
12 9 15.186528632027493
12 10 12.919538770707623
12 11 30.673840070825097
12 12 15.78747421501297
12 13 26.17044768524105
12 14 9.107461138404341
12 15 13.486326372125507
12 16 37.288268428919466
12 17 31.934132056278692
12 18 39.08395555106767
12 19 29.207565014750834
12 20 11.351079813481157
12 21 36.252739896203636
12 22 23.249767308401033
12 23 24.166524621659338
12 24 21.837554082250154
12 25 2.961231567764746
12 26 14.10538171929902
12 27 31.750743956329146
12 28 29.145616327202333
12 29 34.82148676092
12 30 43.00237233168021
12 31 48.134665345269184
12 32 3.8101218495812423
12 33 9.296776561104432
12 34 8.850922706740544
12 35 36.685160074847396
12 36 36.56827684189381
12 37 26.5813389538773
12 38 18.1169187448556
12 39 12.716214525879582
12 40 7.093076701213377
12 41 40.982933603182495
12 42 28.58992246438002
12 43 39.21734900954229
12 44 5.091310412102897
12 45 9.282793776817881
12 46 2.668578229642805
12 47 39.029340162379576
12 48 40.65243740602659
12 49 36.914481417394946
12 50 34.95537712297268
12 51 41.28594696337565
12 52 37.69866469544995
12 53 17.927954769572118
12 54 12.31980361145122
12 55 45.011048473251066
12 56 44.3681907385619
12 57 37.671207755062206
12 58 26.937880488348583
12 59 30.56903524580068
12 60 34.139969796615595
12 61 4.848337943331478
12 62 7.429118433261904
12 63 12.806581534035343
12 64 30.973521623598998
12 65 23.099709825172386
12 66 47.8458419052676
12 67 25.00339982238445
12 68 24.56139323171885
12 69 17.761315657619566
12 70 33.892354851140766
12 71 20.4345935885898
12 72 18.953994768357035
12 73 12.336796452323421
12 74 34.661477399499375
12 75 11.28589896407158
12 76 39.89702468314974
12 77 31.487751398898894
12 78 3.9376220929200874
12 79 32.31705574100781
12 80 44.67768685937223
13 1 24.92601382087939
13 2 18.976251084149393
13 3 9.386507054207902
13 4 30.0637823709841
13 5 38.390373901881645
13 6 29.761569353362738
13 7 9.481978851028682
13 8 33.231981666039914
13 9 50.04756296221174
13 10 23.613286759188902
13 11 25.79762249291477
13 12 31.796333911849956
13 13 18.508354359251296
13 14 43.584238843626835
13 15 27.85396449328928
13 16 6.120130926431204
13 17 20.03720541466567
13 18 38.41758780317304
13 19 41.17473758326954
13 20 37.0322557141667
13 21 18.75518326136784
13 22 20.241402632921243
13 23 34.690407473564896
13 24 31.433736400539118
13 25 35.05701902081938
13 26 23.121015426371606
13 27 16.40767022088328
13 28 27.48598471442753
13 29 10.117069435893802
13 30 37.59634681747309
13 31 11.608775948391624
13 32 33.910078068986955
13 33 42.76827440315569
13 34 34.07463113002031
13 35 5.334587455091446
13 36 19.96560277751721
13 37 20.135522286837706
13 38 32.17714227487368
13 39 23.872818264661316
13 40 34.03537982532401
13 41 39.19672101299901
13 42 28.504192382074713
13 43 26.51064084722797
13 44 41.61584302901824
13 45 30.666735000247737
13 46 39.194812241205824
13 47 30.45462028108561
13 48 5.635203694341563
13 49 33.57541615066366
13 50 6.745751073640445
13 51 41.25817129964761
13 52 14.140679891861655
13 53 21.34563311331947
13 54 27.665051074570705
13 55 9.350040510192931
13 56 39.41355733613907
13 57 35.02110416295482
13 58 36.84330368697597
13 59 28.709440692486833
13 60 23.600952846508754
13 61 32.51589240941672
13 62 30.09507649242894
13 63 38.47298520880757
13 64 36.54077685643291
13 65 17.132736379986447
13 66 11.336297758051364
13 67 14.330227322692163
13 68 12.094449785390122
13 69 33.17092032039085
13 70 14.471447447715278
13 71 28.190607343469342
13 72 35.56101235014043
13 73 25.24933402933755
13 74 33.09617756960915
13 75 29.493167255118912
13 76 8.807069661568999
13 77 12.188914801831748
13 78 40.21965991641948
13 79 14.567733880579093
13 80 8.669761447815246
14 1 54.38120778903662
14 2 53.141409595305674
14 3 34.3092914265274
14 4 11.235187806454121
14 5 5.461030046488041
14 6 11.513611026980902
14 7 31.812567785538864
14 8 53.64616756086901
14 9 40.60690813547583
14 10 36.596779512650556
14 11 57.70382765367078
14 12 24.015378521851463
14 13 24.384266506303256
14 14 37.73683621222158
14 15 27.936882793196993
14 16 46.82716476787515
14 17 54.540262575644405
14 18 3.121809658972284
14 19 12.433740083128333
14 20 49.77637552959612
14 21 23.418288154661933
14 22 47.9923071934833
14 23 58.58313672340854
14 24 18.165578605521507
14 25 41.4095252779892
14 26 32.74119849285611
14 27 24.86932789284423
14 28 14.796581344326931
14 29 48.777670652635194
14 30 7.734762122798408
14 31 47.87450553724766
14 32 41.145251322721016
14 33 36.203577960005035
14 34 30.850330357704888
14 35 45.90846504092044
14 36 22.317193103093746
14 37 22.542257580888567
14 38 21.648585166796046
14 39 35.2907290534785
14 40 44.54947059660609
14 41 3.737283592299135
14 42 58.06705053476351
14 43 16.84185743703272
14 44 42.203013299406464
14 45 31.168781289298565
14 46 40.92119714753881
14 47 12.346021415069249
14 48 40.00519683790598
14 49 7.853975945833009
14 50 34.659092983510774
14 51 2.0011302719361193
14 52 28.755305484188025
14 53 28.91508882424031
14 54 43.984385252119836
14 55 42.516036586050696
14 56 7.53652880282173
14 57 6.470311546317658
14 58 61.64887213345621
14 59 59.50105609222275
14 60 17.81495037968157
14 61 40.60646260647627
14 62 40.68914671212105
14 63 28.411807356457132
14 64 64.24637952263384
14 65 44.70231119936424
14 66 48.33600827253255
14 67 30.069737608326992
14 68 38.38721286904666
14 69 52.9584157695986
14 70 26.97188316946847
14 71 20.699040567616795
14 72 20.976991315803804
14 73 32.32631018354763
14 74 8.23722060269795
14 75 29.466085545082237
14 76 35.627692073921494
14 77 48.13435936699379
14 78 40.111618349575586
14 79 26.709294722116013
14 80 48.33130110243775
15 1 30.005782033691393
15 2 33.94878133647214
15 3 29.179579632304574
15 4 33.16317951591418
15 5 39.56587330764012
15 6 32.57757597044063
15 7 33.039726883196806
15 8 22.278026597001258
15 9 12.484245645947011
15 10 14.673863955857344
15 11 34.0293475268916
15 12 13.69696036553408
15 13 25.868707196223404
15 14 6.0346890189516476
15 15 12.623394057511995
15 16 39.232464423152116
15 17 34.956515808488945
15 18 36.77141109799228
15 19 26.204211228757174
15 20 14.960522015536743
15 21 35.80545923117289
15 22 26.196973701309307
15 23 27.847427316467453
15 24 19.728694388373555
15 25 6.6147177249991085
15 26 14.93033775127946
15 27 31.53687920072869
15 28 27.61412338865417
15 29 37.112927480089176
15 30 40.95905517176404
15 31 49.50663742903617
15 32 7.31223918682128
15 33 5.868989563296516
15 34 6.640807616050035
15 35 38.57330717400844
15 36 36.00146237102959
15 37 26.024476560250452
15 38 15.902256807284084
15 39 14.150229132429581
15 40 10.768591537527278
15 41 38.69270834397305
15 42 32.082881502848146
15 43 38.0649948484369
15 44 5.270106446745506
15 45 8.419130795163591
15 46 3.7856772574601636
15 47 37.47518292040659
15 48 41.7159496541613
15 49 34.962786134391514
15 50 35.74728020756922
15 51 38.82938258710472
15 52 37.75701256633085
15 53 18.073565275135845
15 54 15.53781684070643
15 55 46.06951184835134
15 56 42.2329482279414
15 57 35.611587141739236
15 58 30.625734251048232
15 59 34.05215287128673
15 60 33.13330708264613
15 61 8.079868663906087
15 62 10.433365542526344
15 63 9.45924403156619
15 64 34.64893286438078
15 65 25.675398028623324
15 66 49.279177122814154
15 67 25.514039454293563
15 68 26.243631924938494
15 69 21.437712021684032
15 70 33.8783195171393
15 71 18.855016871337735
15 72 16.209224610589278
15 73 12.898828913713716
15 74 32.66700192677743
15 75 10.340593908281894
15 76 40.55999808632938
15 77 33.92226932150297
15 78 3.149841456017023
15 79 32.3071982641986
15 80 46.31113773273426
16 1 32.8707406123188
16 2 29.151525938867756
16 3 9.395911671198617
16 4 15.965565814608295
16 5 24.295405695516784
16 6 15.688438461903406
16 7 4.85328976240529
16 8 37.26920718494704
16 9 43.61997724208438
16 10 21.923754248989873
16 11 35.14950748577801
16 12 22.682326216981213
16 13 7.552122392605266
16 14 37.66839461560533
16 15 20.731326549547138
16 16 19.90632467174803
16 17 30.485109915880898
16 18 24.305971158082173
16 19 28.453909744925603
16 20 37.86659921078408
16 21 5.361316895531157
16 22 26.66740506259686
16 23 40.559259608736184
16 24 20.12784812008134
16 25 32.73009058739362
16 26 19.2249398283458
16 27 2.579350427976142
16 28 14.074068816945259
16 29 22.60944816444699
16 30 23.602618377209836
16 31 21.68657662030825
16 32 31.780178009007837
16 33 36.48465652684575
16 34 27.44842314204792
16 35 19.008633802371108
16 36 6.472787837159137
16 37 8.262334502905693
16 38 22.145191347731444
16 39 21.351748319401292
16 40 33.43533412100621
16 41 25.07399915081739
16 42 36.785007680795204
16 43 12.867069782202858
16 44 37.864051444866696
16 45 24.723520849824755
16 46 35.55932321917294
16 47 16.46825560914071
16 48 13.237672620118552
16 49 19.457913234540694
16 50 7.463209512052968
16 51 27.13690836973611
16 52 4.661167505586021
16 53 15.142703551877407
16 54 28.844086722209294
16 55 16.593865578661273
16 56 25.436797029776425
16 57 20.90233179086657
16 58 43.30532087161195
16 59 37.64761188268444
16 60 9.477394364844962
16 61 30.522490401689982
16 62 28.823210961959578
16 63 30.25215682827847
16 64 44.37721945857145
16 65 22.91318193148672
16 66 21.968136736655214
16 67 8.700450939099456
16 68 15.425062595987345
16 69 36.894376580386876
16 70 0.8995798293925984
16 71 17.63969151249478
16 72 25.18145105301603
16 73 20.757757016966515
16 74 19.075593048699904
16 75 22.931956916543477
16 76 9.526649925973487
16 77 22.949928924674825
16 78 35.9992554206025
16 79 0.8473794008941606
16 80 21.32807516516327
17 1 12.7554410643849
17 2 17.744618590421844
17 3 22.55144695391823
17 4 38.52836846476429
17 5 46.89822675523684
17 6 37.93895449644336
17 7 27.98628632236327
17 8 7.319619769686179
17 9 28.9387978702108
17 10 9.959495685185784
17 11 16.74566670108564
17 12 23.605146413666944
17 13 25.919015400356948
17 14 23.036135235946773
17 15 18.711435490108098
17 16 27.146359004916892
17 17 18.500774733781782
17 18 44.90899225362187
17 19 38.36079927782563
17 20 8.759664745884885
17 21 35.22268115307743
17 22 10.350489467817644
17 23 12.287603323713899
17 24 28.550469077483516
17 25 11.071256334061102
17 26 13.817718028705217
17 27 30.335807076448273
17 28 32.877583418021615
17 29 23.570981088072706
17 30 47.55089247432428
17 31 39.520816401968474
17 32 10.11995579868498
17 33 23.168893149769314
17 34 19.086269896001454
17 35 26.78354880279516
17 36 35.95759662470741
17 37 27.18585401311279
17 38 25.797616279901682
17 39 11.179466180998247
17 40 7.610452342463729
17 41 46.615341214585975
17 42 14.778025374863226
17 43 40.58629733121414
17 44 17.819944036472695
17 45 16.70180597591789
17 46 15.905572782603123
17 47 41.933578801174484
17 48 33.55465276766038
17 49 41.481334754758834
17 50 29.35219968958795
17 51 47.56965062529408
17 52 34.62820539252394
17 53 18.206907804683752
17 54 2.4295119208678386
17 55 37.67482891192411
17 56 49.211633045151935
17 57 42.59912383575387
17 58 15.35590731109711
17 59 16.733500238305886
17 60 35.40643092633744
17 61 9.26413919456531
17 62 7.2222449055282
17 63 24.584310025003642
17 64 18.531750869587512
17 65 11.754557830236395
17 66 39.02594399480168
17 67 21.936480403783246
17 68 16.85169644725549
17 69 6.713128919535633
17 70 31.473100442238362
17 71 25.693933767028987
17 72 28.120648178344638
17 73 14.061349845294075
17 74 39.55804693944748
17 75 17.759434748302137
17 76 34.35822687315588
17 77 19.91496560292722
17 78 17.612866552704816
17 79 30.06489477384627
17 80 35.28090004743715
18 1 32.45933157209322
18 2 35.17731808610761
18 3 26.527920003520084
18 4 27.004563195899895
18 5 33.13680698332051
18 6 26.43043636927062
18 7 29.547330014701256
18 8 26.61964913699611
18 9 14.838230897758558
18 10 14.466131347750313
18 11 36.47476401670703
18 12 7.485927694027702
18 13 21.299670350328366
18 14 8.995552190312365
18 15 8.199144202475821
18 16 38.02325610249901
18 17 36.34324418592409
18 18 30.31249937727571
18 19 19.90959243918432
18 20 20.390774913275475
18 21 30.83149517045421
18 22 27.6308125297599
18 23 32.16717352018299
18 24 13.393421608142905
18 25 11.620879964405386
18 26 13.008342101694945
18 27 26.937359952639916
18 28 21.60929805063877
18 29 36.673188174222425
18 30 34.57540915063126
18 31 47.05652864899154
18 32 11.790529743909254
18 33 7.711012569777499
18 34 1.7772483387696818
18 35 37.266010641370485
18 36 30.880733993468567
18 37 21.109049362805887
18 38 9.54998489783274
18 39 13.440190070005084
18 40 15.523395941406951
18 41 32.236895531015286
18 42 35.10197341461739
18 43 32.302360831219204
18 44 11.61869708632994
18 45 5.283644883538064
18 46 10.239903179156551
18 47 31.381177097500018
18 48 38.84484109996802
18 49 28.63235700249814
18 50 32.54305026020852
18 51 32.353733200845085
18 52 33.41415389283445
18 53 14.615883268766172
18 54 18.286528980104443
18 55 43.12511583171471
18 56 35.81475657141867
18 57 29.23061360731515
18 58 35.11132298385752
18 59 36.99503675226673
18 60 27.55972665692355
18 61 11.867217483218562
18 62 13.318881743280564
18 63 4.073120930187903
18 64 38.80239491926653
18 65 26.23081540238269
18 66 46.94107215250794
18 67 22.175555262988553
18 68 24.922632940084792
18 69 25.800213357311442
18 70 29.503465123667038
18 71 12.961871394915608
18 72 9.752939317315015
18 73 10.877060552238225
18 74 26.32237702043551
18 75 6.2870760390640115
18 76 37.06030360312977
18 77 33.87591642601932
18 78 9.494388080335703
18 79 27.970739685071095
18 80 44.378884572019544
19 1 35.93205503959404
19 2 30.201121709854238
19 3 15.341534064448457
19 4 25.7344920863533
19 5 32.61197034727111
19 6 25.6465140584228
19 7 10.695695791895641
19 8 43.301249453098336
19 9 54.90276876233574
19 10 30.805040525098086
19 11 37.00116590314674
19 12 34.39504523067187
19 13 19.260340388516585
19 14 48.74110165270597
19 15 31.888946738847313
19 16 16.754740713154966
19 17 31.27017856260592
19 18 33.53406752114738
19 19 39.88623938050497
19 20 45.8859875333549
19 21 13.407137940363913
19 22 30.77610609074888
19 23 45.34438657215473
19 24 32.00639448887952
19 25 42.28379810136687
19 26 29.03667245441326
19 27 14.334961076482516
19 28 25.375835843837024
19 29 21.24163535793626
19 30 31.27085119156961
19 31 11.431809835087412
19 32 41.21911692607759
19 33 47.66002864569075
19 34 38.60212513328364
19 35 16.176314402524827
19 36 14.399773794672418
19 37 20.139551315306736
19 38 33.98654765899854
19 39 30.621377024830053
19 40 42.146117753979496
19 41 33.7987704834727
19 42 39.60308989148444
19 43 20.04007412434221
19 44 48.13961766619364
19 45 35.58782365757125
19 46 45.75060198582573
19 47 24.518635588225692
19 48 5.966983804777083
19 49 28.80631341358031
19 50 8.370444457452338
19 51 36.09128439045769
19 52 8.214438910141308
19 53 25.71685253898201
19 54 36.449946765547786
19 55 6.121017490030925
19 56 32.94144673739821
19 57 30.156700653494266
19 58 47.666565753883404
19 59 39.8906362796364
19 60 19.295159378659367
19 61 39.865116226680755
19 62 37.76076795794988
19 63 41.86965423648552
19 64 47.62622233276987
19 65 27.332464692428616
19 66 12.025345156731323
19 67 18.219481942038435
19 68 20.79548482448176
19 69 43.128357761278494
19 70 11.474099707899041
19 71 29.49966942381933
19 72 37.06088183672167
19 73 30.91167807400177
19 74 29.100778671288463
19 75 33.96481309209871
19 76 3.3058925215902812
19 77 23.405633717069147
19 78 46.437090210248535
19 79 12.722960779927424
19 80 13.31531908780076
20 1 7.23391075216373
20 2 14.106311041597763
20 3 30.230132015801065
20 4 50.52607257410319
20 5 59.26979896169824
20 6 49.967960291749094
20 7 35.66711673959613
20 8 9.097878119195425
20 9 41.49164038692022
20 10 22.988686973910337
20 11 7.937865973608274
20 12 37.53821757188118
20 13 36.86604631361906
20 14 36.20489701655393
20 15 32.43904004119114
20 16 28.25333367523164
20 17 13.680339981980834
20 18 57.624640087307064
20 19 52.24249728507283
20 20 17.738293824981564
20 21 44.719469937724845
20 22 12.847699893003
20 23 4.695191744534228
20 24 42.08540225871835
20 25 24.364964454236816
20 26 26.755291427823135
20 27 40.051094948698456
20 28 45.18496496921634
20 29 23.484821013220277
20 30 59.62100668100808
20 31 41.122212455359914
20 32 23.64633834776496
20 33 36.592807570998445
20 34 33.2540575311304
20 35 28.3574675176671
20 36 45.677257177723554
20 37 38.453056211049706
20 38 39.639797863416746
20 39 24.339524481533747
20 40 20.28145056214111
20 41 59.20562669818269
20 42 4.212558845945401
20 43 51.23945378970893
20 44 30.18646893686779
20 45 30.818292672372927
20 46 28.776029034802235
20 47 53.38113898790301
20 48 37.78978142721391
20 49 53.76201194589749
20 50 35.789646190015056
20 51 60.407637227639135
20 52 42.653258176975875
20 53 30.52142360753122
20 54 16.50189780365956
20 55 41.12554868609416
20 56 61.3755143281991
20 57 55.001482573223534
20 58 5.083972471180686
20 59 5.440639461934045
20 60 46.327072720495174
20 61 23.083586858159137
20 62 21.338323808609207
20 63 38.72292084892145
20 64 4.943416047314003
20 65 16.598105856249816
20 66 40.39195232985035
20 67 31.754812637165664
20 68 24.081876845252086
20 69 9.893901646280796
20 70 40.34875571395984
20 71 38.968212606298806
20 72 42.14627268106736
20 73 27.544626530401057
20 74 52.053801477848836
20 75 31.743025881507926
20 76 40.178619669116614
20 77 20.271541547210887
20 78 30.562181268528548
20 79 39.22769340853346
20 80 36.244983939160626
21 1 39.75322418980476
21 2 37.1707526039653
21 3 17.463114196431647
21 4 6.394184564977716
21 5 14.933619539662734
21 6 6.1318238787908435
21 7 14.256698531346249
21 8 41.89584445503975
21 9 40.7100281446716
21 10 24.92138648376744
21 11 42.56347966981177
21 12 19.332628060362175
21 13 8.92341611671207
21 14 35.54182687111102
21 15 19.766296197952382
21 16 29.345549948491772
21 17 38.55350993771131
21 18 14.74138195582757
21 19 20.3563772686926
21 20 40.551340375542964
21 21 6.46844762319731
21 22 33.31052746346298
21 23 46.00574874614971
21 24 14.638872462066827
21 25 33.75512927351642
21 26 21.312012338606007
21 27 7.3235274337888425
21 28 6.188705181991099
21 29 31.666143781841576
21 30 14.541014523142938
21 31 30.658500165168224
21 32 33.04125474465275
21 33 34.146364753416975
21 34 25.742252163351946
21 35 28.43492895981784
21 36 5.704680012404935
21 37 7.5070901783420725
21 38 17.875774612718843
21 39 23.91318911789882
21 40 35.56462304700847
21 41 15.581786357380226
21 42 43.632568651499696
21 43 6.048440109460018
21 44 37.40415326910144
21 45 24.018450384577605
21 46 35.37268934830983
21 47 7.69790148729619
21 48 22.512402812584774
21 49 9.90303424534089
21 50 17.033657934382532
21 51 17.58958280598674
21 52 11.617506511732675
21 53 16.700533906116576
21 54 32.56131438855628
21 55 25.364828453698184
21 56 16.384455175249837
21 57 11.349954316413395
21 58 48.94936197040934
21 59 44.77244583334318
21 60 0.9450727610481982
21 61 32.016346848744554
21 62 31.008095560597038
21 63 26.772564697432554
21 64 50.710420773519694
21 65 29.676107439855887
21 66 31.04440850537747
21 67 14.187781482157725
21 68 22.539700857592244
21 69 41.369316117103075
21 70 9.358946929697813
21 71 13.712596128945108
21 72 20.07487767976467
21 73 22.019796253485023
21 74 9.561371630925
21 75 22.013476717527563
21 76 18.30924945367339
21 77 31.49508322863863
21 78 35.335183688306735
21 79 9.113926113572118
21 80 30.772452139115003
22 1 40.66770756370433
22 2 39.8809078017018
22 3 22.22864796699579
22 4 8.08612264785832
22 5 14.642392770511792
22 6 7.5483633839994795
22 7 21.289249713413806
22 8 39.9005498781555
22 9 31.876330692726945
22 10 22.773137102947867
22 11 44.08911402039046
22 12 11.614052518664435
22 13 12.137198877290285
22 14 27.427818332689785
22 15 14.483221385884844
22 16 35.39249970794331
22 17 41.2732749187235
22 18 12.337320204669558
22 19 10.834300895136389
22 20 36.52889595224159
22 21 16.333448779757234
22 22 34.330802225253926
22 23 44.770317016287706
22 24 5.669571827164195
22 25 28.531846695031916
22 26 18.910131859541746
22 27 15.045522685846851
22 28 3.9435951370782285
22 29 36.55181064882063
22 30 15.770344365985084
22 31 39.29692616832235
22 32 28.108611000343252
22 33 25.933731798794916
22 34 18.683048476020243
22 35 34.471631091511604
22 36 15.74994861372916
22 37 10.412031756761705
22 38 9.497774876862989
22 39 21.47751769161215
22 40 31.301823932587858
22 41 14.116840376561807
22 42 44.30627604998942
22 43 14.42212916968483
22 44 30.56644206380888
22 45 18.167072358616196
22 46 28.893922151781563
22 47 12.537717682367845
22 48 30.7757861733796
22 49 9.67885247525803
22 50 24.5448028935538
22 51 14.958985223887094
22 52 20.99683239060792
22 53 15.121496940091927
22 54 30.22762093388262
22 55 34.210653883519996
22 56 17.192501007757958
22 57 10.461246951537488
22 58 47.83288562667019
22 59 45.7838263610153
22 60 10.964948181223486
22 61 27.40676106337189
22 62 27.202378371338142
22 63 18.098808721433414
22 64 50.408176996473145
22 65 31.165968228615853
22 66 39.55081242386022
22 67 17.435351060536263
22 68 25.32904044865904
22 69 39.230911302196844
22 70 17.81724456506785
22 71 7.0828440698558754
22 72 10.68077031368931
22 73 18.58618320036855
22 74 7.425699990619035
22 75 16.2890184390748
22 76 27.118936833043733
22 77 35.3973634476922
22 78 28.434062698119174
22 79 16.878262975962357
22 80 38.57097542959976
23 1 20.145664800966202
23 2 22.485450781951897
23 3 17.62143139415428
23 4 29.157072181717776
23 5 37.31434002036862
23 6 28.558694096633623
23 7 22.271593429489613
23 8 17.014719657138365
23 9 24.944210508675443
23 10 2.2170270732735
23 11 24.094569406969146
23 12 14.074105368235855
23 13 17.599859364157684
23 14 18.441777535700247
23 15 8.989914722682672
23 16 26.76212783484874
23 17 23.652222610546062
23 18 35.22432066703164
23 19 28.76857267994414
23 20 14.667060909385347
23 21 27.53214484462908
23 22 14.965627122863365
23 23 22.04536123459667
23 24 18.786775975727902
23 25 9.473658607305376
23 26 4.6215499339237205
23 27 22.73551967895659
23 28 23.419106677998627
23 29 24.678575850077724
23 30 38.07823839400604
23 31 37.422444685361846
23 32 8.401912843377668
23 33 17.946070629235926
23 34 10.978193453911606
23 35 26.118097484326245
23 36 28.074360296767946
23 37 18.540912032756683
23 38 16.166678543957055
23 39 2.244301514088186
23 40 9.892204239027656
23 41 36.9614853115565
23 42 23.15787071047545
23 43 31.94021771536071
23 44 15.801779837548882
23 45 7.817934114571118
23 46 13.380802914375877
23 47 32.8042204927599
23 48 30.021560868073998
23 49 31.959347410303014
23 50 24.520368872014078
23 51 37.849779153256705
23 52 28.08019015538702
23 53 9.234224639490863
23 54 7.358354202635496
23 55 34.373458513187586
23 56 39.693696962566285
23 57 33.02364554780116
23 58 25.11610502383432
23 59 24.945522956035507
23 60 26.713071364117035
23 61 7.056777891475353
23 62 5.255810397069935
23 63 16.592529860248657
23 64 28.090233586865327
23 65 13.618783966940365
23 66 37.1334245834417
23 67 15.050240601599697
23 68 13.874377136924116
23 69 16.334613740284322
23 70 24.466382262919826
23 71 15.933825383612662
23 72 18.729980945974123
23 73 4.312352076534628
23 74 29.964109991413057
23 75 8.349668549536199
23 76 29.535673277590412
23 77 21.59366036531443
23 78 14.458621950651414
23 79 22.926644518466528
23 80 33.995915000189704
24 1 18.347464181905167
24 2 23.762753707055907
24 3 26.78029140805539
24 4 39.5306894130633
24 5 47.38138212918248
24 6 38.92791609826972
24 7 31.952679731795815
24 8 9.338052111050914
24 9 23.549848914917142
24 10 11.981640111987694
24 11 22.2104731368254
24 12 22.380942941327074
24 13 28.21764208133038
24 14 18.07155259978848
24 15 18.29876627180928
24 16 32.839878515051986
24 17 24.47402767603367
24 18 45.07088441771932
24 19 36.868352321245204
24 20 4.0315289697669465
24 21 38.0622667888
24 22 16.394491549837255
24 23 14.909239005729924
24 24 28.00841916322423
24 25 6.328138373955104
24 26 15.265143372513629
24 27 33.2200279028873
24 28 33.74950464449601
24 29 29.468988813963932
24 30 48.30540255623102
24 31 44.92619144315134
24 32 5.827490853240662
24 33 18.472117147302782
24 34 16.51186964443612
24 35 32.41714122554625
24 36 38.64970274016605
24 37 29.18482297979384
24 38 24.72691697958167
24 39 12.752121836377212
24 40 2.171974524598151
24 41 46.8824317845379
24 42 19.73735075601556
24 43 42.57654880023902
24 44 12.249786870269288
24 45 15.122508240088997
24 46 10.658285645790551
24 47 43.31702091980858
24 48 38.48101977840038
24 49 42.153809865012484
24 50 33.7361733431697
24 51 47.55208913177753
24 52 38.2162156099004
24 53 19.87772572693664
24 54 5.924127140073855
24 55 42.71314115247638
24 56 49.854411865834216
24 57 43.129907341457056
24 58 17.72240416521412
24 59 21.72851470442688
24 60 37.34981918750689
24 61 5.780204961203618
24 62 5.6163560667639105
24 63 21.485595235596357
24 64 21.70944896624641
24 65 17.529917983613213
24 66 44.48112346772383
24 67 25.188933958271882
24 68 21.63013032695782
24 69 8.49767991751366
24 70 34.76287185891835
24 71 25.688770580746983
24 72 26.434387968713008
24 73 14.622421761055685
24 74 40.05889138944356
24 75 16.712311073514122
24 76 38.79844827795932
24 77 25.846027579936116
24 78 12.44017071454928
24 79 33.260795689467265
24 80 40.85605968762462
25 1 16.496827493659712
25 2 22.598007874079144
25 3 28.258187786101963
25 4 42.472424108237306
25 5 50.47521463046778
25 6 41.87200594980865
25 7 33.610621119161266
25 8 6.207624094606089
25 9 26.24134518997867
25 10 14.334701357551118
25 11 20.14558337214704
25 12 25.72841479437563
25 13 30.676263796864628
25 14 21.088898482528794
25 15 21.485256420940843
25 16 32.972435213523205
25 17 23.138481090872883
25 18 48.234904575719234
25 19 40.273118740661204
25 20 3.0868836287783235
25 21 40.32758982297422
25 22 15.753122642902659
25 23 11.684798238758402
25 24 31.271535514145434
25 25 9.659002385762182
25 26 17.905753359566237
25 27 35.45025787940753
25 28 36.711916200311194
25 29 29.237246270040778
25 30 51.332061182861985
25 31 45.427973303304164
25 32 9.248260997711686
25 33 21.604151263744257
25 34 19.951545382879377
25 35 32.63828350449526
25 36 40.98243148524984
25 37 31.763451196183762
25 38 28.062026141877904
25 39 15.29243020478881
25 40 5.529775340390533
25 41 50.025930552449914
25 42 17.322664580726958
25 43 45.20208323258644
25 44 14.941586721620098
25 45 18.4770200882696
25 46 13.644433514033386
25 47 46.152333231629186
25 48 39.46092655909077
25 49 45.19119342543524
25 50 35.12879254048393
25 51 50.7571835844431
25 52 40.107858319217605
25 53 22.507127506258623
25 54 7.091709517382787
25 55 43.59451106855686
25 56 52.9122515461203
25 57 46.20501827374072
25 58 14.40088570072596
25 59 19.297790551351497
25 60 39.97940515032287
25 61 9.212670586746457
25 62 8.723003959506215
25 63 24.91512469986904
25 64 18.513849694507062
25 65 17.591770911606634
25 66 44.92372449680102
25 67 27.207498498231857
25 68 22.705485035955608
25 69 5.380838704402721
25 70 36.802911684226885
25 71 28.83676480186317
25 72 29.84207311702817
25 73 17.524710287200264
25 74 43.13530215263574
25 75 20.001867702369527
25 76 40.159533414502455
25 77 25.55137007130965
25 78 15.429262748503284
25 79 35.34305310511445
25 80 41.147558659930844
26 1 29.41091527417134
26 2 22.699765711128418
26 3 15.714532691455455
26 4 34.04094061612879
26 5 41.786703544389496
26 6 33.82684199307986
26 7 14.402238135491421
26 8 38.73848787359112
26 9 56.56003003211569
26 10 30.116753023629727
26 11 29.541253348078726
26 12 37.977718782458766
26 13 23.999439476805964
26 14 50.103627629341766
26 15 34.23234698086311
26 16 8.358291073160796
26 17 23.493328761852844
26 18 42.25387877488813
26 19 46.449508614080145
26 20 43.1298800906762
26 21 21.929200886136442
26 22 25.561667895213713
26 23 39.61165381648868
26 24 37.15358012296514
26 25 41.51725392510026
26 26 29.639290544323593
26 27 20.829692414419597
26 28 32.2999923702594
26 29 13.191882521920917
26 30 40.69514398407163
26 31 5.152916308313804
26 32 40.36462432759234
26 33 49.27519783184684
26 34 40.53755882882825
26 35 8.251598725282244
26 36 23.09381263902395
26 37 25.459114623009004
26 38 38.203054216956915
26 39 30.396902093907986
26 40 40.35810833732724
26 41 42.79268100430823
26 42 32.66724272050974
26 43 29.379100067865572
26 44 48.121945769279975
26 45 37.150789887535986
26 46 45.702357366495974
26 47 33.67392836916671
26 48 5.2805382535198415
26 49 37.40849532510241
26 50 11.109870003336512
26 51 44.98555665061002
26 52 16.688944059357283
26 53 27.71000122462617
26 54 33.86055748353422
26 55 5.227415393600104
26 56 42.4471534178665
26 57 38.82864345006142
26 58 41.495073332260226
26 59 32.53594374728042
26 60 27.439952498621466
26 61 38.97063736573948
26 62 36.51854994633149
26 63 44.82392461896447
26 64 40.63016186321383
26 65 22.839418348723616
26 66 4.81153830348188
26 67 20.46139645496202
26 68 18.533507352048368
26 69 38.758093426273824
26 70 18.370774447826825
26 71 34.054971774258405
26 72 41.54888753782359
26 73 31.762286950605812
26 74 37.266243763402585
26 75 35.93234090057169
26 76 9.881821711271284
26 77 16.347656005719358
26 78 46.741432644884874
26 79 18.939424139635435
26 80 3.103599717288854
27 1 24.443751276476387
27 2 28.58209004505215
27 3 25.955523193352683
27 4 33.98485090560163
27 5 41.23491225029494
27 6 33.38277395495307
27 7 30.405117954944917
27 8 16.99893253975822
27 9 17.60429179318535
27 10 10.568326195543046
27 11 28.463521420632386
27 12 15.480927033094927
27 13 24.542241463231292
27 14 11.398634057565054
27 15 12.411101434742605
27 16 34.83849794078807
27 17 29.545298391211894
27 18 38.69288042009422
27 19 29.520356213004206
27 20 10.565843259323927
27 21 34.64302682957901
27 22 20.8321587425317
27 23 22.580401272966864
27 24 21.421063710205708
27 25 1.9170368717109743
27 26 12.085738549758801
27 27 30.042005696474618
27 28 28.229410494682977
27 29 32.34274278902951
27 30 42.380452893127234
27 31 45.78688635583168
27 32 1.9279405464914312
27 33 11.420549054361972
27 34 8.99325332596953
27 35 34.243531215342955
27 36 35.020866481948524
27 37 25.087265092900278
27 38 17.849136544744667
27 39 10.472739932804881
27 40 5.657233645538208
27 41 40.56544555796932
27 42 26.517854773852882
27 43 37.99726829571987
27 44 7.471296809365125
27 45 8.455780589505283
27 46 5.077026604242101
27 47 38.07022572204216
27 48 38.39730179445772
27 49 36.248903331664515
27 50 32.80122158734025
27 51 41.00840910643947
27 52 35.83563287976458
27 53 16.163112758289046
27 54 10.000849813011516
27 55 42.751717722318574
27 56 43.8130802376545
27 57 37.08407479815842
27 58 25.447180814784133
27 59 28.484346837556135
27 60 32.85495132233486
27 61 2.5105221990430375
27 62 4.9923354981227
27 63 13.740519750753824
27 64 29.330503421620513
27 65 20.622854373071288
27 66 45.483686108254375
27 67 22.998637268126185
27 68 22.17212932934347
27 69 16.164248470065363
27 70 32.0766423600244
27 71 19.652657678716853
27 72 19.120891269679387
27 73 10.48745091052258
27 74 34.04014384905032
27 75 10.36816919587734
27 76 37.77842139773628
27 77 29.00741152097534
27 78 6.41579951849721
27 79 30.506172830560153
27 80 42.2748299506127
28 1 23.024026283416468
28 2 19.352936596079427
28 3 0.5533711889703352
28 4 24.03867320854863
28 5 32.88325637358883
28 6 23.61467001050622
28 7 5.93570647452057
28 8 28.400617551632575
28 9 41.16118935117647
28 10 15.493404077542007
28 11 25.250597746686786
28 12 22.744583249780984
28 13 10.660549023924592
28 14 34.74579454655735
28 15 18.761373609761836
28 16 12.794271983743496
28 17 20.7097872992315
28 18 32.26903146021707
28 19 32.998694054607405
28 20 30.41547872607134
28 21 15.250415698287206
28 22 16.938358147411588
28 23 31.17020216386312
28 24 22.82330442823719
28 25 27.054453105915684
28 26 14.338875426791262
28 27 11.05437216469786
28 28 20.27099512603344
28 29 13.945359843721402
28 30 32.55465884846822
28 31 20.357677916746137
28 32 25.95365413738806
28 33 33.8626882586542
28 34 25.059089165516234
28 35 11.890007905859276
28 36 16.32261367909442
28 37 12.478126129687483
28 38 23.23914958100562
28 39 15.483330776420317
28 40 26.68705803814789
28 41 33.372332241790204
28 42 26.931236426220995
28 43 22.486177588126285
28 44 33.26311598225445
28 45 21.698299175614277
28 46 30.84408108235707
28 47 25.58461652019052
28 48 12.474708525838256
28 49 27.605717925730023
28 50 7.119535354641436
28 51 35.184757663264854
28 52 12.909498702136121
28 53 12.24741087488808
28 54 20.997421844080932
28 55 16.83484388599753
28 56 34.399030096272334
28 57 29.03140172659951
28 58 33.797636078911694
28 59 27.755694294304828
28 60 18.270364692081507
28 61 24.577561769076347
28 62 22.368725412362707
28 63 29.375112067083904
28 64 34.61602708983042
28 65 13.199054822478033
28 66 20.2162117154481
28 67 5.503229411411455
28 68 5.8022730512903635
28 69 28.133860663553516
28 70 10.694636785991046
28 71 19.445475068733305
28 72 26.642761874917177
28 73 16.412955580476517
28 74 26.63822653557831
28 75 20.444856585027757
28 76 12.180980428149295
28 77 13.479039627154185
28 78 31.721440003556882
28 79 9.791952949557077
28 80 17.76814921812827
29 1 8.517364325725207
29 2 14.299344259649278
29 3 23.131126603034815
29 4 41.28580785549837
29 5 49.87182280439251
29 6 40.710248402589286
29 7 28.6839824750134
29 8 5.682504605796837
29 9 33.207383716640834
29 10 13.131284950310551
29 11 12.431775892431853
29 12 27.535491709757537
29 13 28.06720735443876
29 14 27.405294756414317
29 15 22.461435840836774
29 16 25.43065846314429
29 17 14.8534252768497
29 18 48.061844122950404
29 19 42.250357426690805
29 20 11.384333080472528
29 21 36.786242026721595
29 22 7.805531391669408
29 23 9.049396249030828
29 24 32.172052526061705
29 25 15.413803889279142
29 26 16.96960932814034
29 27 31.948692166411284
29 28 35.77529857536193
29 29 21.369437302494035
29 30 50.372007496926905
29 31 38.20371901640202
29 32 14.506364050643478
29 33 27.575996384477996
29 34 23.394020574531975
29 35 25.205881306307447
29 36 37.62540303034089
29 37 29.507098119646262
29 38 29.648942540610335
29 39 14.462507051561808
29 40 11.706340701006376
29 41 49.70365121358777
29 42 10.343552659291596
29 43 42.70439107392167
29 44 21.989074837993634
29 45 20.843434893162225
29 46 20.184996066845464
29 47 44.431110248632415
29 48 33.028664994331905
29 49 44.394288949928054
29 50 29.572153980406636
29 51 50.79436303555822
29 52 35.562029440482604
29 53 21.010012311215252
29 54 6.584214027046899
29 55 36.93954023016668
29 56 52.08383184350479
29 57 45.57884960161387
29 58 12.053549500476167
29 59 12.300381081018925
29 60 37.6196015524734
29 61 13.692690091500042
29 62 11.629544319556478
29 63 28.938203220056863
29 64 14.630875885005832
29 65 10.458892399455227
29 66 37.627979516252005
29 67 23.47527235673509
29 68 17.031175716286775
29 69 5.579866116580752
29 70 32.72812317298348
29 71 29.133799810851357
29 72 32.14234233163002
29 73 17.606872501408454
29 74 42.57958795322613
29 75 21.73860549640777
29 76 34.42301151061199
29 77 17.67639375321505
29 78 21.920540725574718
29 79 31.427995265675513
29 80 33.70046375608581
30 1 48.50244414156445
30 2 47.4419987301196
30 3 28.98537307371437
30 4 7.3962714795941435
30 5 7.960225465541964
30 6 7.392420808296323
30 7 27.00202057620113
30 8 47.72823626535983
30 9 36.38940228731284
30 10 30.65809091712178
30 11 51.86663950821049
30 12 18.40019432452223
30 13 18.908467481175702
30 14 32.925056243210534
30 15 22.081436176537306
30 16 41.80437226825461
30 17 48.83951749804104
30 18 4.955923321638296
30 19 9.46654486814066
30 20 44.01530092804302
30 21 19.60318301669215
30 22 42.13308605340673
30 23 52.64725266175836
30 24 12.42267656126909
30 25 35.75587066495292
30 26 26.801524358412482
30 27 20.156901465213323
30 28 9.254405351836812
30 29 43.46433102035231
30 30 9.784244005404025
30 31 43.9528627740641
30 32 35.44016752607435
30 33 31.390127181290623
30 34 25.369948539280173
30 35 40.88080180973111
30 36 18.639005366257763
30 37 17.068655957481933
30 38 16.057226965888052
30 39 29.3537827743142
30 40 38.782572659456136
30 41 6.8874021082794
30 42 52.16858354138011
30 43 14.401792757256166
30 44 36.96508560323285
30 45 25.445627114544262
30 46 35.54520725874489
30 47 10.483960833607053
30 48 35.763673449694366
30 49 5.451788989122196
30 50 30.030615584454974
30 51 7.197277533607409
30 52 24.875829320485675
30 53 22.99772636044422
30 54 38.0619403612889
30 55 38.65351489773971
30 56 10.678532953933804
30 57 5.001862359911884
30 58 55.71231845801964
30 59 53.62158286022149
30 60 13.724265128185737
30 61 34.84901228225048
30 62 34.8436591196984
30 63 23.476095417004295
30 64 58.30907128775502
30 65 38.8901001853537
30 66 44.33663761023049
30 67 24.532084295035194
30 68 32.74084133392078
30 69 47.04569854046692
30 70 22.544297661848532
30 71 14.789298820366179
30 72 15.84591572465747
30 73 26.405013576799547
30 74 4.04031114628026
30 75 23.687575911773372
30 76 31.60365713254358
30 77 42.62736030257504
30 78 34.84898021088277
30 79 22.043001596690022
30 80 43.95362410103323
31 1 29.857720560982752
31 2 30.24636717899607
31 3 16.6643131317865
31 4 18.401807387766247
31 5 26.217391154814617
31 6 17.797684337055014
31 7 18.811811937323252
31 8 28.207851133705475
31 9 25.899265861745707
31 10 11.234620968474813
31 11 33.52898915298796
31 12 5.7620268649528406
31 13 10.210026911453797
31 14 20.02545031413045
31 15 3.4028756467697603
31 16 29.35164909356704
31 17 31.589174389284167
31 18 24.043248278913683
31 19 18.5536819233344
31 20 25.053321512863093
31 21 19.887934134097268
31 22 23.785674343760522
31 23 33.15490937883027
31 24 7.958620892245897
31 25 17.561975313901
31 26 7.474678942297548
31 27 15.85492655992224
31 28 12.61332495970477
31 29 29.089383218924752
31 30 27.105919164504655
31 31 36.863998211932724
31 32 16.956550124207308
31 33 18.79403681403935
31 34 9.829196499613731
31 35 28.501285853585596
31 36 20.03727850633537
31 37 10.105822096697898
31 38 6.621200150912078
31 39 9.898501162275029
31 40 19.869687033492013
31 41 25.80055023644284
31 42 33.30342397383367
31 43 22.339675267573902
31 44 21.10171723958941
31 45 7.664128069155933
31 46 19.020655237705924
31 47 22.37835535542763
31 48 28.417354055626593
31 49 20.954623595553148
31 50 21.96098802902503
31 51 26.6545346546311
31 52 22.326507519225622
31 53 5.149296613847483
31 54 18.540191340142755
31 55 32.590041916093995
31 56 28.662161110164103
31 57 21.94775024880092
31 58 36.22383468155705
31 59 34.914725248415266
31 60 17.271835628433386
31 61 16.079545268555464
31 62 15.592896723950803
31 63 12.76998020360135
31 64 38.97243954356363
31 65 21.09818278213623
31 66 36.846587974456185
31 67 11.809031139399643
31 68 16.97896280507428
31 69 27.53025594467412
31 70 18.41647716589129
31 71 4.774487329860911
31 72 9.980462379811495
31 73 6.884378707331567
31 74 18.877533308395712
31 75 5.669310567088974
31 76 26.230121171659555
31 77 27.033355083492616
31 78 19.067186853226808
31 79 16.88940345141564
31 80 34.709883912707504
32 1 36.91265035827215
32 2 34.95947081254523
32 3 15.899188076100772
32 4 7.991101525976098
32 5 16.909854549004404
32 6 7.474453643466797
32 7 14.015652388154395
32 8 38.26761396815862
32 9 36.694006174787205
32 10 21.11812293507222
32 11 39.94816813201846
32 12 15.254476895171637
32 13 6.0646841796110245
32 14 31.4090291563174
32 15 15.55024196423553
32 16 28.660607829650285
32 17 36.3563701179927
32 18 15.913479009848002
32 19 18.386519667064853
32 20 36.54336628112086
32 21 9.173774886797823
32 22 30.451191580975056
32 23 42.57871230273374
32 24 11.016472874378229
32 25 29.590105241921894
32 26 17.405595949440347
32 27 7.497853810236951
32 28 4.064930446217697
32 29 30.378872888799062
32 30 17.033022914418183
32 31 31.76347743319668
32 32 28.898580621955922
32 33 30.03173440166184
32 34 21.544768461761418
32 35 27.736715506582776
32 36 8.851090048943739
32 37 4.273536734440557
32 38 13.952531119898156
32 39 20.04162590335311
32 40 31.50480871598488
32 41 17.163022699665515
32 42 40.73878748764456
32 43 10.202937171032557
32 44 33.184231916509255
32 45 19.799642424137716
32 46 31.15279970509527
32 47 10.935067141438623
32 48 23.284420422473886
32 49 11.439222507854332
32 50 17.183224428992833
32 51 18.831876551605994
32 52 13.489289739247159
32 53 12.836468078686933
32 54 28.801215986737315
32 55 26.648010233543634
32 56 18.819077172539533
32 57 12.810029562176872
32 58 45.565662176577035
32 59 41.99489193812807
32 60 5.142356060922175
32 61 27.901248843981918
32 62 26.98545297436959
32 63 22.78590955297573
32 64 47.55584705080158
32 65 26.9358200838501
32 66 32.038495808584045
32 67 11.75623464122928
32 68 20.17580657317751
32 69 37.70680461993944
32 70 10.246228190653577
32 71 9.635178779102576
32 72 16.42152054425057
32 73 17.967136939398483
32 74 10.229366074028473
32 75 17.794050562824644
32 76 19.55083051394978
32 77 29.73853705116025
32 78 31.11698216380352
32 79 9.356948354697412
32 80 31.218319305562552
33 1 44.51437125300456
33 2 44.96535687866166
33 3 29.226334794416182
33 4 15.107650436743175
33 5 18.042345134646833
33 6 14.734988848096547
33 7 29.165605069013168
33 8 41.52275694897288
33 9 26.293720359137083
33 10 25.56888264809495
33 11 48.247334271187306
33 12 10.971014791900556
33 13 19.603275803420694
33 14 23.196946882986452
33 15 15.987021822920505
33 16 42.47489497014406
33 17 46.31889863651015
33 18 14.876798630195143
33 19 3.8304405118373137
33 20 36.495671107785945
33 21 24.81689003958302
33 22 38.53082403319566
33 23 46.82400383870454
33 24 7.042777867449593
33 25 27.83485206916386
33 26 22.065110868175296
33 27 23.31970801157432
33 28 12.410821803973446
33 29 43.01437020812861
33 30 19.923733525359218
33 31 47.4412179110663
33 32 27.756705368556993
33 33 21.664245012890817
33 34 17.01412307340985
33 35 41.57035053428133
33 36 24.212992734894158
33 37 18.105868088286307
33 38 8.782085346349367
33 39 24.21032035711329
33 40 31.36817362516463
33 41 16.786061367049665
33 42 47.849447843405535
33 43 22.194820832920637
33 44 27.84738092781674
33 45 18.138674619302538
33 46 26.738248356785157
33 47 19.328384938694196
33 48 38.85698417441167
33 49 14.952310016790163
33 50 32.4789334166825
33 51 16.380608391885062
33 52 29.43995971731614
33 53 19.6254224196583
33 54 32.13826874716821
33 55 42.45487503224372
33 56 20.749293232433104
33 57 14.949419991105387
33 58 49.879538207953544
33 59 49.52492667091287
33 60 19.349361422585787
33 61 27.45268174948822
33 62 28.056480856398245
33 63 13.919858681013924
33 64 53.02671174869258
33 65 35.850367602659375
33 66 47.64481393593588
33 67 24.18622463879042
33 68 31.161400882799107
33 69 40.76299194244375
33 70 26.143108324448754
33 71 10.580461379041948
33 72 6.851951813194956
33 73 20.93277295895463
33 74 12.78325639621227
33 75 16.823071654900588
33 76 35.40230051658709
33 77 41.353352440633515
33 78 25.791929886629898
33 79 25.095278301328143
33 80 46.39195335693196
34 1 17.85515573947771
34 2 22.344294411153573
34 3 23.29973613463251
34 4 36.05785193678376
34 5 44.04429706872141
34 6 35.45667016471633
34 7 28.392103757297267
34 8 11.123215610519093
34 9 23.943454809522414
34 10 8.313764837282116
34 11 21.8665075504854
34 12 19.534842801143192
34 13 24.555676953811474
34 14 17.92814236378594
34 15 15.099027619950364
34 16 30.12839514188273
34 17 23.223298412546985
34 18 41.818934113046545
34 19 34.21444731408594
34 20 7.700698082519206
34 21 34.391110286756586
34 22 14.667342751195555
34 23 16.600843426368986
34 24 24.930633470114778
34 25 6.05912299082475
34 26 11.627044503294792
34 27 29.54982060811592
34 28 30.290928530300125
34 29 27.07812642880158
34 30 44.902031895962416
34 31 41.90161250845541
34 32 5.0264333317753
34 33 18.022636718874548
34 34 14.313488848203267
34 35 29.642783627936648
34 36 34.97976477072018
34 37 25.544229827086102
34 38 21.833309326664413
34 39 9.088834591059541
34 40 3.610103028036424
34 41 43.60344114976735
34 42 19.92463905583722
34 43 38.95295358795226
34 44 13.0283471188722
34 45 12.352349180525884
34 46 10.952620457475467
34 47 39.77835084218347
34 48 35.1968323931582
34 49 38.75995355935261
34 50 30.269884629777
34 51 44.35873357119136
34 52 34.58645268188089
34 53 16.243008980046156
34 54 3.578619460340441
34 55 39.47034043214896
34 56 46.48026228450839
34 57 39.77313102869265
34 58 19.594441374211055
34 59 21.88526985173576
34 60 33.725824622650876
34 61 4.108314651892461
34 62 2.423964197429569
34 63 19.671450033965257
34 64 23.183381613463457
34 65 15.105396011071878
34 66 41.496009977135394
34 67 21.546276115577086
34 68 18.383736826712948
34 69 10.333366322819494
34 70 31.109274789100027
34 71 22.422064609529365
34 72 23.82852429867446
34 73 11.108456688620354
34 74 36.703548953287665
34 75 13.728666645598247
34 76 35.33436663150644
34 77 23.55413832975042
34 78 12.602374693837723
34 79 29.6023438810871
34 80 37.98572233897329
35 1 35.23016979724763
35 2 39.51129132123389
35 3 34.64245934326055
35 4 36.093019320043176
35 5 41.57290004965562
35 6 35.53480071653217
35 7 38.24228271468309
35 8 26.569760282224593
35 9 6.74269192049962
35 10 20.411894584959402
35 11 39.221061109760086
35 12 16.745079786914484
35 13 30.500464354383862
35 14 0.9056385432749564
35 15 17.18619319658473
35 16 44.96190674445838
35 17 40.4781565764593
35 18 38.57235706955788
35 19 26.673237568773356
35 20 18.448158168086483
35 21 40.17960082055153
35 22 31.759074690893353
35 23 32.02719600831656
35 24 22.36485555512666
35 25 11.411136061135986
35 26 20.44355508009821
35 27 36.16958956701177
35 28 30.85975944319005
35 29 42.861645220828116
35 30 43.18820631668103
35 31 55.06911053735825
35 32 12.373419658539452
35 33 2.33065855200793
35 34 10.504763792461077
35 35 44.29454587471478
35 36 40.25529100604384
35 37 30.422960597675043
35 38 18.580167168076635
35 39 19.845711314115917
35 40 15.290385731038677
35 41 40.50685803145856
35 42 37.03662617660752
35 43 41.636537624373226
35 44 5.752754174981707
35 45 13.309553915156158
35 46 6.746062477484497
35 47 40.51710327160428
35 48 47.156339992947096
35 49 37.43251761026736
35 50 41.06590787369031
35 51 40.314599704644266
35 52 42.56299649944661
35 53 23.183959571495905
35 54 20.89295864094658
35 55 51.49664197608772
35 56 44.2853536648332
35 57 37.88923699430992
35 58 34.61263783962244
35 59 39.02339489838236
35 60 36.943520271113215
35 61 13.402770220408128
35 62 15.92103387582938
35 63 10.16604660155398
35 64 38.85465461063008
35 65 31.379865371398243
35 66 54.86565241923142
35 67 30.73905193343861
35 68 31.94126509952634
35 69 25.736986795010573
35 70 38.65592652205981
35 71 22.313864965536858
35 72 17.82606798853494
35 73 18.347692995539592
35 74 35.106536386824104
35 75 14.994856633361007
35 76 45.781817403996236
35 77 39.658137887739386
35 78 4.961096916464407
35 79 37.102434140172576
35 80 51.9675317782204
36 1 27.17524641299689
36 2 20.797527219299077
36 3 12.443131969903426
36 4 31.774290881061408
36 5 39.809880335206635
36 6 31.519568945832994
36 7 11.59699504569429
36 8 36.011339842554655
36 9 53.25137106195735
36 10 26.841952910269555
36 11 27.672362424002362
36 12 34.77408326298711
36 13 21.04656916587583
36 14 46.79488063953493
36 15 30.95762528794458
36 16 6.718717201989957
36 17 21.727877510272506
36 18 40.07347215761307
36 19 43.62734569327538
36 20 40.0955504786782
36 21 19.957410237962527
36 22 22.900936923895895
36 23 37.184013928356514
36 24 34.13283262943029
36 25 38.27345149035338
36 26 26.330547038995398
36 27 18.298699065429904
36 28 29.655650230564344
36 29 11.44010049118017
36 30 38.855358357811795
36 31 8.381414106677875
36 32 37.12447095483215
36 33 45.96704029114917
36 34 37.23839661300487
36 35 6.279568636622845
36 36 21.153911411524557
36 37 22.578667830530787
36 38 35.05954960015488
36 39 27.103597619520702
36 40 37.19760607304304
36 41 40.7249537719362
36 42 30.602946101818546
36 43 27.603781448544435
36 44 44.84545029408336
36 45 33.84639754789321
36 46 42.42465374778562
36 47 31.75473992377255
36 48 4.191848965181043
36 49 35.21775863898327
36 50 8.428856426291516
36 51 42.861189895739045
36 52 14.93004914563715
36 53 24.43783075777369
36 54 30.768546504478138
36 55 6.7232626892833585
36 56 40.64272885977254
36 57 36.65344644454521
36 58 39.2071480383996
36 59 30.63858164953079
36 60 25.208085933081463
36 61 35.73023856617008
36 62 33.29763354453333
36 63 41.560336942933226
36 64 38.624504079321234
36 65 19.980685130085444
36 66 8.107994557737099
36 67 17.259764392430544
36 68 15.297829383299725
36 69 35.98946903145357
36 70 16.037125271772982
36 71 30.972315494622805
36 72 38.42244253914815
36 73 28.45351352457174
36 74 34.92137727751203
36 75 32.63929883684176
36 76 8.579163680041946
36 77 14.164386449677203
36 78 43.45066045168657
36 79 16.41193608992503
36 80 5.756558197557761
37 1 33.43338075744044
37 2 30.782208233889268
37 3 11.172584417674175
37 4 12.320227778718436
37 5 21.16190393900268
37 6 11.910439313125513
37 7 8.865567757314377
37 8 36.15883353841933
37 9 39.03232584626501
37 10 19.639610067387327
37 11 36.18746591150005
37 12 17.79383653476887
37 13 3.3790366610420106
37 14 33.28443915654278
37 15 16.51167137263442
37 16 23.60054773954488
37 17 32.166674617310385
37 18 20.59890965390089
37 19 23.348684875097312
37 20 35.585631174144304
37 21 6.744471250670624
37 22 27.009295078981978
37 23 40.02554465336267
37 24 14.895502285602802
37 25 29.55450246350359
37 26 16.359130073968036
37 27 2.807220097156407
37 28 9.21427275253493
37 29 25.54890575505527
37 30 20.903348338976432
37 31 26.803012351857596
37 32 28.707638253994173
37 33 32.02505902241145
37 34 23.099409681301736
37 35 22.678211653643245
37 36 7.142796276503546
37 37 3.235638015048461
37 38 17.06849262138182
37 39 18.802541638944557
37 40 30.819121294969214
37 41 21.654632341283808
37 42 37.32565454350567
37 43 11.685782888824624
37 44 34.08584412321829
37 45 20.690354614437545
37 46 31.873435146463308
37 47 14.082302829483417
37 48 18.257566049662604
37 49 15.890921453318613
37 50 12.055375077376324
37 51 23.506646208618317
37 52 9.396845186530468
37 53 11.843781266215426
37 54 27.091361959726427
37 55 21.791182187661537
37 56 22.742421891662257
37 57 17.322563054324494
37 58 42.922155300091774
37 59 38.42832194992502
37 60 6.8112904959813525
37 61 27.550226090841512
37 62 26.187239016220936
37 63 25.425205193220346
37 64 44.51488749085037
37 65 23.344049989045264
37 66 27.038752453712444
37 67 7.855292502621758
37 68 16.15132294228904
37 69 35.682407422685344
37 70 5.6560448871733255
37 71 12.543661608910362
37 72 20.015673055500145
37 73 17.502145111941275
37 74 15.039364336490285
37 75 18.782038906145125
37 76 14.759301863968954
37 77 25.187840004173957
37 78 32.124636488023405
37 79 4.443095380550769
37 80 26.094530425388186
38 1 30.171133001402374
38 2 26.154806175914057
38 3 6.715222328194842
38 4 19.018496270861178
38 5 27.453015090924914
38 6 18.711096577257187
38 7 1.6581469117518444
38 8 35.23881512164826
38 9 44.017496558447846
38 10 20.754173428751717
38 11 32.28707285503822
38 12 23.63944806037069
38 13 8.685817391450588
38 14 37.877083812981205
38 15 21.003272318293313
38 16 16.74062149535438
38 17 27.471190601361535
38 18 27.376736281404884
38 19 30.782476956376666
38 20 36.46677131123976
38 21 8.417916837011798
38 22 24.095934200171197
38 23 38.243545075585494
38 24 21.82962533014022
38 25 31.96489293268841
38 26 18.508683270070854
38 27 5.357917843607639
38 28 16.654578369995587
38 29 19.42215561587163
38 30 26.790451706811215
38 31 19.4783104550496
38 32 30.953004856024574
38 33 36.78143998190313
38 34 27.720794608331385
38 35 15.838056142696333
38 36 9.577407252470552
38 37 9.91874681750363
38 38 23.407406428828793
38 39 20.363390970953947
38 40 32.28430699066351
38 41 28.197250865606293
38 42 34.072989542605704
38 43 16.039272193967836
38 44 37.51364340983635
38 45 24.746205637314755
38 46 35.15264038096691
38 47 19.659585877867823
38 48 10.877330575865304
38 49 22.54206267500325
38 50 4.591003706509064
38 51 30.228442559665698
38 52 5.863428930645998
38 53 14.90094619873438
38 54 27.23289541096909
38 55 14.661704915192239
38 56 28.626183632917478
38 57 23.98893091748053
38 58 40.91283295212125
38 59 34.853535528245885
38 60 12.610492457522337
38 61 29.641390537948116
38 62 27.74186666456814
38 63 31.037886867817544
38 64 41.777161161159945
38 65 20.351771245096124
38 66 19.66327656345397
38 67 7.594841398019795
38 68 12.903181422691363
38 69 34.916758683433876
38 70 3.7839151710704337
38 71 19.00824055010923
38 72 26.607248267886334
38 73 20.262647136222213
38 74 22.049087892719445
38 75 23.091946094479603
38 76 7.956417484157953
38 77 19.849690634662736
38 78 35.745267921648065
38 79 3.5254973627053703
38 80 18.628809399714022
39 1 37.444813509362646
39 2 30.52121337703724
39 3 22.937120582380956
39 4 37.28166046434839
39 5 43.98204667993412
39 6 37.19278235044607
39 7 20.165853431519285
39 8 47.017671321045086
39 9 63.93526241456703
39 10 37.9879782752589
39 11 37.26261641846116
39 12 44.45517132823592
39 13 29.686615824273012
39 14 57.55004273588135
39 15 41.2052476311012
39 16 16.373175209774644
39 17 31.182713469976846
39 18 45.030036861765346
39 19 51.220406007463325
39 20 51.39159140159564
39 21 24.949167112613104
39 22 33.83177097419145
39 23 47.7477228372234
39 24 42.80236424555574
39 25 49.488722228296155
39 26 37.15957492464093
39 27 25.399168138740723
39 28 36.73170975993766
39 29 21.079715406261894
39 30 42.52952441474875
39 31 3.4505471593987007
39 32 48.34819287037583
39 33 56.63254554168571
39 34 47.725550867755906
39 35 16.41194910508616
39 36 25.946896984674268
39 37 30.856253164698206
39 38 44.37099967417932
39 39 38.15800333693547
39 40 48.5047185917333
39 41 45.227160776508846
39 42 40.546750569831715
39 43 31.433449726288913
39 44 55.955074041001
39 45 44.44309541868976
39 46 53.5319000828723
39 47 35.94216340881608
39 48 10.501034439949574
39 49 40.3312387553407
39 50 16.93852290031919
39 51 47.54046880630718
39 52 19.700385987956217
39 53 34.725747693506435
39 54 42.08230113248062
39 55 6.343607827133344
39 56 44.139151914177866
39 57 41.66915354719652
39 58 49.52754944981554
39 59 40.26147403759593
39 60 30.830049066867183
39 61 46.95473694190299
39 62 44.55613985308853
39 63 51.63750705427408
39 64 48.41683875786024
39 65 31.139077346221576
39 66 4.251914798777734
39 67 27.200914156097667
39 68 26.561687077349887
39 69 47.04721592706754
39 70 22.60043471673688
39 71 40.004260229281144
39 72 47.60117827727303
39 73 39.23309818708814
39 74 40.647983670404045
39 75 43.06743985647957
39 76 13.31299385487345
39 77 24.44451088398047
39 78 54.485737756289176
39 79 23.62528220125416
39 80 8.390193931001512
40 1 54.19912035375501
40 2 52.03267116894214
40 3 32.40867625877963
40 4 9.309596511533508
40 5 1.6122048970176308
40 6 9.858604032670467
40 7 28.942620687602055
40 8 54.9687074148795
40 9 45.77960844287791
40 10 37.69224674476296
40 11 57.2088523196879
40 12 27.135019022444553
40 13 23.27693362057051
40 14 42.21692770300706
40 15 30.090732838657374
40 16 44.00921978521809
40 17 53.42201359440867
40 18 4.849382204860749
40 19 18.356606693238902
40 20 52.12480743006742
40 21 19.47856882102087
40 22 47.73773441528873
40 23 59.55131894711355
40 24 21.07121525893939
40 25 44.20582999132994
40 26 33.833515195792586
40 27 22.14654371217195
40 28 14.77547319173399
40 29 46.56282113421469
40 30 0.7765413789238631
40 31 43.3597534851267
40 32 43.772000851023314
40 33 40.685288269363994
40 34 34.20686141998732
40 35 43.114257918671974
40 36 18.281697069415408
40 37 21.54431434359911
40 38 24.877284549524063
40 39 36.48080462106037
40 40 46.91078987436042
40 41 3.3029153666988416
40 42 58.02142049237876
40 43 11.951878275734563
40 44 45.98751858534036
40 45 33.841379020643075
40 46 44.43460329399893
40 47 7.687401463103029
40 48 36.029580399043205
40 49 6.175651284872959
40 50 31.39109715052959
40 51 5.353573239975904
40 52 24.62196897217154
40 53 29.530016142095395
40 54 45.334723748035834
40 55 38.00714084615411
40 56 1.562220725242716
40 57 5.213071753816513
40 58 62.57636175477938
40 59 59.28057532743475
40 60 14.762991881444243
40 61 43.04069914591503
40 62 42.704467728350224
40 63 32.75201700348835
40 64 64.74782241449518
40 65 44.211933358820865
40 66 43.910771842588595
40 67 28.874759702627014
40 68 37.3068653568931
40 69 54.347999624090406
40 70 23.677531422333846
40 71 22.698705199902147
40 72 25.085865058904645
40 73 33.86384631147984
40 74 8.267719459582318
40 75 31.9562245270489
40 76 31.459654321902548
40 77 46.440897283089434
40 78 43.858584217794714
40 79 23.80720608180851
40 80 44.41193472940025
