DATASET: Gunluk and Lee 2009
FACILITIES: 40
CUSTOMERS: 80
FIXED_COSTS:
1 84.0
2 8.0
3 100.0
4 27.0
5 62.0
6 89.0
7 6.0
8 68.0
9 100.0
10 78.0
11 87.0
12 25.0
13 87.0
14 58.0
15 53.0
16 7.0
17 76.0
18 44.0
19 27.0
20 73.0
21 31.0
22 16.0
23 13.0
24 20.0
25 88.0
26 28.0
27 2.0
28 35.0
29 56.0
30 28.0
31 18.0
32 69.0
33 71.0
34 6.0
35 55.0
36 51.0
37 6.0
38 31.0
39 68.0
40 20.0
CAPACITIES:
1 4165
2 4165
3 4165
4 4165
5 4165
6 4165
7 4165
8 4165
9 4165
10 4165
11 4165
12 4165
13 4165
14 4165
15 4165
16 4165
17 4165
18 4165
19 4165
20 4165
21 4165
22 4165
23 4165
24 4165
25 4165
26 4165
27 4165
28 4165
29 4165
30 4165
31 4165
32 4165
33 4165
34 4165
35 4165
36 4165
37 4165
38 4165
39 4165
40 4165
DEMANDS:
1 72
2 30
3 30
4 64
5 73
6 39
7 75
8 77
9 66
10 58
11 11
12 82
13 57
14 85
15 58
16 48
17 53
18 25
19 100
20 63
21 14
22 86
23 2
24 9
25 29
26 78
27 41
28 69
29 41
30 90
31 2
32 23
33 18
34 44
35 82
36 67
37 20
38 3
39 48
40 4
41 51
42 56
43 44
44 66
45 66
46 16
47 98
48 23
49 70
50 61
51 7
52 73
53 48
54 52
55 52
56 10
57 74
58 25
59 94
60 94
61 18
62 96
63 65
64 36
65 94
66 93
67 18
68 39
69 15
70 92
71 16
72 44
73 50
74 69
75 71
76 47
77 96
78 90
79 16
80 84
ASSIGNMENT_COSTS:
1 1 29.11804760745281
1 2 12.803672039808777
1 3 37.42433921993956
1 4 35.643330311246764
1 5 19.701569529000874
1 6 38.376578299696426
1 7 32.23942866582321
1 8 19.183385010529545
1 9 42.4016122403902
1 10 33.23483954202197
1 11 37.47693382066182
1 12 42.964331369906795
1 13 29.54733824360533
1 14 33.69104412573905
1 15 41.93556528244803
1 16 24.9569819457664
1 17 7.689648132500751
1 18 28.914205521351953
1 19 34.01582561564857
1 20 35.42806717428508
1 21 34.30827311480585
1 22 7.62226111322134
1 23 29.630275244283588
1 24 32.277612978667555
1 25 23.337434802630188
1 26 42.7397010369233
1 27 33.01250238853901
1 28 33.722607730065675
1 29 14.299809694228838
1 30 23.57450558332533
1 31 40.63512013595199
1 32 24.319223609144238
1 33 40.64226079454317
1 34 24.94609138925448
1 35 4.34233703456779
1 36 11.378943193636227
1 37 38.64911992722435
1 38 4.463187029601616
1 39 7.1461909505629775
1 40 47.44173577849675
1 41 40.03296938986857
1 42 23.18407965680646
1 43 20.422081458093324
1 44 29.024064885605455
1 45 40.13259931704552
1 46 4.737393148465789
1 47 21.49643633835907
1 48 4.816440931401901
1 49 31.133930528616776
1 50 38.69347090367612
1 51 41.21088391322445
1 52 25.703781371279256
1 53 39.3543800389068
1 54 29.522730351920366
1 55 27.873875056724895
1 56 31.46058840639723
1 57 40.028686375426474
1 58 21.665284789106995
1 59 26.760409014152923
1 60 8.26127947624938
1 61 18.226031566752393
1 62 29.7836978671111
1 63 41.79344232212745
1 64 37.83471984709424
1 65 26.96981702922535
1 66 21.142351100621987
1 67 34.86813106808688
1 68 34.66424642204789
1 69 5.916661341402624
1 70 25.841850278483225
1 71 25.56999270600222
1 72 44.066912202549275
1 73 28.248931853534142
1 74 40.70433886788902
1 75 30.25955623484678
1 76 12.503625385457784
1 77 9.30465937551235
1 78 16.49037408424055
1 79 20.506705497569275
1 80 24.889350124103064
2 1 20.736197382225434
2 2 47.33003693862953
2 3 34.77126092638881
2 4 18.430243304553798
2 5 25.872297253316738
2 6 5.063908367874658
2 7 16.168029449709557
2 8 36.92284906666194
2 9 30.48374580639451
2 10 24.2989718935824
2 11 11.320236940042031
2 12 38.6803348698997
2 13 29.04318791009236
2 14 18.046940303875946
2 15 9.903711805448397
2 16 16.111785874267028
2 17 45.122396705255
2 18 11.238750272350197
2 19 7.125699616475763
2 20 35.161551332420075
2 21 9.39811530372056
2 22 31.49374976117332
2 23 21.000091124805824
2 24 40.69359601116126
2 25 29.9495013591025
2 26 31.733399810372386
2 27 20.4453887379677
2 28 28.34121247167431
2 29 23.72370528286629
2 30 21.568847034467918
2 31 4.48796703151885
2 32 28.44035449382168
2 33 32.051973616251345
2 34 34.19777432272512
2 35 42.34801501626371
2 36 40.48210326341368
2 37 20.29660659682469
2 38 37.92681463776586
2 39 43.203821751978765
2 40 11.173505065848365
2 41 2.075379046571413
2 42 15.021045318249419
2 43 38.96280136698781
2 44 9.682126470666699
2 45 30.975293590501558
2 46 33.49722297912886
2 47 25.219769293472094
2 48 38.95009947170407
2 49 41.22081269729383
2 50 9.94345048865655
2 51 23.17512906439102
2 52 21.75798789102958
2 53 29.050729474769994
2 54 33.719153086136885
2 55 23.925842555912947
2 56 11.890487870748792
2 57 2.199605545946766
2 58 24.817762495776442
2 59 30.555041551022207
2 60 29.775000787787658
2 61 29.91782391002682
2 62 15.19595763615331
2 63 14.26876724817908
2 64 17.269394779828836
2 65 21.334619360312125
2 66 26.045318033021857
2 67 13.31016697381559
2 68 19.29424779404703
2 69 32.917694524611925
2 70 29.1707689249114
2 71 30.047345275760794
2 72 41.24856183598233
2 73 27.227609176120172
2 74 4.94313516650255
2 75 36.621792877300926
2 76 33.466598619628044
2 77 35.08388990737444
2 78 34.70055895236628
2 79 40.089124547307
2 80 13.769863198258664
3 1 37.07622839728
3 2 14.775006099107035
3 3 22.044912559722636
3 4 26.150174355325046
3 5 10.75014522691843
3 6 39.010041543359975
3 7 38.06923727022272
3 8 2.497544350830021
3 9 28.748801178780383
3 10 21.261914012369576
3 11 31.035701479678572
3 12 27.243410206152124
3 13 40.74944079029744
3 14 24.522853419869218
3 15 36.28684168803298
3 16 29.96055447274238
3 17 17.568045664379852
3 18 25.331304607817472
3 19 35.60962499612857
3 20 19.789478957097483
3 21 29.23733540629324
3 22 19.542402725144576
3 23 37.679535084439436
3 24 15.610337037295285
3 25 35.491993464290346
3 26 28.744156295899316
3 27 40.57094677784102
3 28 20.110122659459513
3 29 18.81448524008191
3 30 15.516727480402084
3 31 40.42170695723766
3 32 11.253750233396616
3 33 26.316429062034192
3 34 38.43862626290991
3 35 18.548863026504417
3 36 7.504295279408502
3 37 28.368721850155776
3 38 20.884341265468674
3 39 14.622136162235238
3 40 42.84305344047016
3 41 38.53571376201217
3 42 25.28423911269963
3 43 4.083816295074655
3 44 26.92036725166919
3 45 26.078891448776858
3 46 14.52610594146886
3 47 31.596156385249003
3 48 21.443860281021344
3 49 14.448635132813042
3 50 41.317825006957
3 51 29.97911236420973
3 52 34.17383604006248
3 53 25.843756231596497
3 54 42.29176834150504
3 55 16.644291048800977
3 56 25.9796592963785
3 57 37.97423133354336
3 58 12.21428659481858
3 59 12.294844346191748
3 60 16.791858842989544
3 61 6.7198556981427195
3 62 35.13872259881364
3 63 34.215640908515795
3 64 28.79695221939407
3 65 17.492372809193213
3 66 31.65568156052474
3 67 39.32312721030824
3 68 24.838995405890376
3 69 18.685313686736635
3 70 12.120676144647808
3 71 37.56560508915853
3 72 27.990579448798186
3 73 38.92679225445717
3 74 40.69376333202006
3 75 13.966567304005398
3 76 5.23108455498576
3 77 24.33184972126994
3 78 1.8108894338996147
3 79 4.68009707944703
3 80 23.18480923986673
4 1 38.30272054524112
4 2 14.094333695220682
4 3 22.435038100380602
4 4 27.260544219511424
4 5 12.067792725167301
4 6 40.364169872198005
4 7 39.36128354741247
4 8 2.519368440493076
4 9 29.42259498600909
4 10 22.209295424003386
4 11 32.27632502657821
4 12 27.5044797454231
4 13 41.84532441283578
4 14 25.66599926450185
4 15 37.53856251010912
4 16 31.247608175495785
4 17 17.36764136326213
4 18 26.668320794736257
4 19 36.96055020926991
4 20 20.127165471649384
4 21 30.530510437455728
4 22 20.397728040412318
4 23 38.90482704485165
4 24 15.404974374760927
4 25 36.51064526120229
4 26 29.364996803025367
4 27 41.82103289220164
4 28 20.865286793923985
4 29 20.021450208351382
4 30 16.801996904359047
4 31 41.77282560057656
4 32 12.251402699498296
4 33 26.897711117201805
4 34 39.374317058495095
4 35 18.65183540759529
4 36 7.158075530208158
4 37 29.407456911342138
4 38 21.37948431177625
4 39 14.443428731545252
4 40 44.1134746971714
4 41 39.87748642242429
4 42 26.611685099197715
4 43 3.342318963828676
4 44 28.270076587141187
4 45 26.70841531664143
4 46 15.260877128499015
4 47 32.70795799321481
4 48 21.885782978221865
4 49 14.140581546675218
4 50 42.665599385029246
4 51 30.927304778017024
4 52 35.37025555412652
4 53 26.55891174288314
4 54 43.29501755527803
4 55 17.72302261020937
4 56 27.27430052529538
4 57 39.30960305823374
4 58 13.48754962907836
4 59 13.036876992406683
4 60 17.75363731510308
4 61 8.023003161633392
4 62 36.434605127098294
4 63 35.3927560272074
4 64 29.919329384206932
4 65 18.685545744818064
4 66 32.747142707551866
4 67 40.64592479306498
4 68 25.936580099988944
4 69 19.460289475254434
4 70 12.99983453484003
4 71 38.60336302097807
4 72 28.129599370199955
4 73 40.04412443746077
4 74 42.04578949883805
4 75 14.110864338123422
4 76 6.278864189648775
4 77 25.04040762652368
4 78 3.1611284913061026
4 79 3.6585256578173424
4 80 24.538963236751282
5 1 33.33993540614194
5 2 13.750958158427087
5 3 25.029651313999118
5 4 26.525881364562043
5 5 10.019145613480125
5 6 36.689259206077786
5 7 34.684494772587286
5 8 6.739384374751902
5 9 30.88851006598488
5 10 22.5247338663013
5 11 30.475649287316735
5 12 30.459411138104116
5 13 36.639468746129104
5 14 24.734467393733002
5 15 35.585214965139144
5 16 26.5656454356336
5 17 14.89634734700475
5 18 23.738096426671095
5 19 33.011151134365896
5 20 22.921938868855214
5 21 28.20806541468271
5 22 15.2005809212573
5 23 33.93740488689707
5 24 19.651411115595067
5 25 31.264216903941346
5 26 31.04564726069035
5 27 36.93519308051096
5 28 22.11860967945918
5 29 15.054399746287373
5 30 14.885255456870066
5 31 38.32286861132079
5 32 12.701738464198693
5 33 28.759120076650113
5 34 34.13432979093407
5 35 15.103970370002253
5 36 6.178249666207523
5 37 29.08984942844775
5 38 16.744846355660272
5 39 12.000777331343567
5 40 41.93173244533433
5 41 36.722443994786566
5 42 22.29008841146954
5 43 8.4177221176
5 44 24.978633607765072
5 45 28.384280585898498
5 46 10.2029944589136
5 47 27.522538962773357
5 48 17.368346912864713
5 49 18.59664847976883
5 50 38.59432988093878
5 51 31.098095233235135
5 52 30.32823390699243
5 53 27.886025069328035
5 54 38.04595609069464
5 55 17.424486034699076
5 56 24.97761442779512
5 57 36.29417984855425
5 58 11.889853593275843
5 59 14.602856581162746
5 60 12.504843661043296
5 61 6.763858919811998
5 62 31.790019892544535
5 63 34.086424608468405
5 64 29.06572099863329
5 65 17.557021169951213
5 66 27.541036181726632
5 67 36.20512880572388
5 68 25.30777580299965
5 69 14.344274004642422
5 70 13.98213651001265
5 71 33.362249747386926
5 72 31.441814662591057
5 73 34.860839504637276
5 74 38.55074247654995
5 75 17.562122103779824
5 76 1.2531064635644156
5 77 20.00908932920392
5 78 3.788606843139375
5 79 8.899154132856754
5 80 20.98505137124688
6 1 34.55617124862049
6 2 8.800581451120877
6 3 39.80642561184321
6 4 39.99023022874419
6 5 23.54670100620358
6 6 44.02770075749499
6 7 37.83976330686058
6 8 20.358068037288817
6 9 45.64069255173247
6 10 36.90770655093628
6 11 42.429730560287936
6 12 45.14514596175306
6 13 34.37056996510307
6 14 38.07194886419168
6 15 47.05907018617685
6 16 30.63307475250913
6 17 2.321217322678857
6 18 34.12678992926985
6 19 39.68306218984133
6 20 37.63667682113801
6 21 39.419061029936856
6 22 13.210181340938574
6 23 35.05045231835624
6 24 33.31200580313558
6 25 28.047433435999146
6 26 45.84345480720001
6 27 38.45139150610443
6 28 36.87168409841705
6 29 19.895138734033832
6 30 27.868150972062484
6 31 46.25914383201021
6 32 27.401079090359016
6 33 43.586018605054896
6 34 29.08779997174451
6 35 1.8759060396562104
6 36 10.985998108514403
6 37 42.862696520132744
6 38 8.271982362861293
6 39 3.8739858547668566
6 40 52.74486209602283
6 41 45.57819748415991
6 42 28.805504092430496
6 43 21.06007774233577
6 44 34.40717125764361
6 45 43.18896298338914
6 46 10.046897274720475
6 47 26.76508405182535
6 48 7.8532851605837655
6 49 31.97383352769027
6 50 44.37753241772277
6 51 45.21640729087773
6 52 31.12969320503536
6 53 42.617053940626604
6 54 33.838112464190004
6 55 31.613864179465757
6 56 36.462676026158505
6 57 45.53178216643358
6 58 25.546375219764357
6 59 29.439626792664214
6 60 13.895447232903745
6 61 21.284592322272918
6 62 35.42532498644472
6 63 46.60945227571886
6 64 42.31574573173108
6 65 31.102755562425177
6 66 26.342457645197893
6 67 40.52350877825635
6 68 38.9184576282599
6 69 11.5133865808001
6 70 28.768714418977225
6 71 30.261759948055833
6 72 45.95743572363975
6 73 33.232113568865294
6 74 46.33782909676472
6 75 31.935789880417648
6 76 15.10719834207634
6 77 13.636088907097092
6 78 18.3430909523955
6 79 20.826020697188397
6 80 30.233764923381006
7 1 31.93716300293694
7 2 12.165364760695876
7 3 41.3032197288163
7 4 40.141732385989926
7 5 24.067547785979155
7 6 42.36506416778645
7 7 35.476073234368926
7 8 22.36742383561693
7 9 46.62849910817671
7 10 37.58518534814938
7 11 41.98701087215052
7 12 46.763113395198936
7 13 31.30430766295386
7 14 38.19278469969234
7 15 46.40931996471664
7 16 28.580228003469205
7 17 5.632708339460303
7 18 33.37083828733253
7 19 37.94492681942725
7 20 39.22361346206181
7 21 38.79019410902963
7 22 11.072619611014197
7 23 32.40815880814754
7 24 35.46196931648266
7 25 24.955276749636376
7 26 46.91946270900054
7 27 35.82046724855421
7 28 37.90368080732801
7 29 18.515615272696785
7 30 28.053716687827446
7 31 44.698925760573424
7 32 28.447959246519467
7 33 44.75961933684589
7 34 25.82077083488401
7 35 1.6427251605629867
7 36 13.47351692140785
7 37 43.129230993740784
7 38 5.297847680821658
7 39 6.96036167188946
7 40 51.842546528135955
7 41 44.23877549258957
7 42 27.29748525239289
7 43 23.310630901629303
7 44 33.39858687191371
7 45 44.291360771330325
7 46 9.252020071146177
7 47 24.011067501964344
7 48 4.683224521381861
7 49 34.203892745713645
7 50 42.393955903190815
7 51 45.65316055157318
7 52 28.51021619521162
7 53 43.58519159970672
7 54 30.599683748240817
7 55 32.233483409155916
7 56 35.9663382184256
7 57 44.285700026889295
7 58 26.047932637872318
7 59 30.736671059758574
7 60 12.475651689228792
7 61 22.31284762369651
7 62 33.1852640888701
7 63 46.31519951094048
7 64 42.34903856901539
7 65 31.423835714642095
7 66 23.535239801851223
7 67 38.320339825856806
7 68 39.148377561397695
7 69 9.463408174564515
7 70 29.91619182037522
7 71 27.15329472945615
7 72 47.730050071198434
7 73 30.249907809072596
7 74 44.743552082115166
7 75 33.77972868667475
7 76 16.32933268671317
7 77 10.554302923976852
7 78 20.00665405711696
7 79 23.20484588687031
7 80 29.29470326278502
8 1 15.824356586151875
8 2 26.09690392296321
8 3 40.478266957630964
8 4 32.85304811171727
8 5 21.289990233414702
8 6 27.722382195796552
8 7 19.44701434170354
8 8 26.982052244446876
8 9 42.78285533323066
8 10 33.05717774495932
8 11 31.890959544479713
8 12 46.13197977267867
8 13 16.54265255185624
8 14 30.957431320654006
8 15 35.18420782755546
8 16 13.291882976918924
8 17 20.959427495482725
8 18 22.710693805013783
8 19 23.21072513017589
8 20 39.06729818345917
8 21 28.146994162172422
8 22 6.068396869179319
8 23 16.309348797878044
8 24 38.71104196372619
8 25 10.768156669464895
8 26 43.49049087004667
8 27 19.715861111179215
8 28 35.07396455443583
8 29 8.648282406243501
8 30 22.670743694538174
8 31 30.296640997847852
8 32 27.11588234938474
8 33 41.98475444615315
8 34 13.701486365227009
8 35 16.998771979441322
8 36 22.72863776296014
8 37 36.10944455353773
8 38 10.888080758186726
8 39 20.5112294271874
8 40 39.425482481521925
8 41 30.551017849612343
8 42 14.14216182922452
8 43 28.88088048128447
8 44 21.64174247985928
8 45 41.19707262148807
8 46 11.39293368180025
8 47 8.08170171512103
8 48 11.71789213422942
8 49 38.032657528583336
8 50 26.933425145025712
8 51 39.2293970494987
8 52 12.395689943669925
8 53 39.882690623744445
8 54 17.512100230305514
8 55 28.154047246408844
8 56 26.164506695628116
8 57 30.914376708630602
8 58 22.642771196462967
8 59 30.208951053879158
8 60 8.040973264445054
8 61 22.422000713733738
8 62 17.345574733162444
8 63 36.5682695670912
8 64 34.32463913926364
8 65 26.044539600968747
8 66 7.762942104003468
8 67 22.48770513868042
8 68 32.32162178402608
8 69 7.66169419728633
8 70 28.795667291598605
8 71 12.924202224166176
8 72 47.862425018610296
8 73 15.03452033061055
8 74 30.23941504333217
8 75 35.58198857168702
8 76 19.574729208539484
8 77 6.56409926540637
8 78 23.688715531300815
8 79 29.434264397163183
8 80 18.369558489041957
9 1 38.62299266274462
9 2 42.99080156846681
9 3 14.298810314547461
9 4 5.093256502768977
9 5 20.02833342145884
9 6 27.509742182024887
9 7 35.73508357736681
9 8 27.250588282862903
9 9 7.959659769321902
9 10 7.204946933879544
9 11 11.237953627180078
9 12 16.755643195392636
9 13 46.273458818067844
9 14 6.795924942041538
9 15 14.789031443446534
9 16 30.907077994486304
9 17 44.11213974015518
9 18 16.858838698158074
9 19 27.53636801193459
9 20 15.715647237779567
9 21 13.818834338756533
9 22 36.594700843775186
9 23 39.11048402151306
9 24 23.536057503465173
9 25 44.407151219715445
9 26 9.230973065438555
9 27 40.023606946782095
9 28 9.788578779588606
9 29 29.21742875999613
9 30 16.050069429848197
9 31 26.806205827266822
9 32 17.18265826111157
9 33 9.995424922243817
9 34 48.743025771791714
9 35 43.276449422720674
9 36 35.38868422983107
9 37 2.2586824725233274
9 38 41.92932490196403
9 39 41.33025960465582
9 40 20.776788999052744
9 41 23.52543346620583
9 42 25.79765876818637
9 43 28.461409599852928
9 44 19.240301738721428
9 45 8.963285234869224
9 46 35.058486662911086
9 47 38.99934376397559
9 48 42.904208706594154
9 49 24.739025204459793
9 50 32.20230464338212
9 51 1.6489982130221565
9 52 37.86860718351028
9 53 7.121078143237789
9 54 50.19207466311902
9 55 12.066710103999622
9 56 13.309871396477668
9 57 22.242990214258285
9 58 18.028900455524568
9 59 16.77542542505273
9 60 33.44603024952597
9 61 22.726229000186326
9 62 33.48659514073569
9 63 10.051725839400648
9 64 5.282094832581253
9 65 12.596500524469532
9 66 39.63506489195125
9 67 34.155610943180534
9 68 5.360161648896946
9 69 37.15742834537805
9 70 16.45337138074002
9 71 45.49208899346792
9 72 19.372828089130813
9 73 44.166733662660754
9 74 27.313569168271894
9 75 20.173359366312436
9 76 28.834817286237747
9 77 41.97505665046113
9 78 27.064040202551993
9 79 29.564685921613115
9 80 20.327724415873654
10 1 19.534662523200296
10 2 38.5722969854379
10 3 28.70209248757351
10 4 14.134026903180077
10 5 17.131863060157812
10 6 11.681076997016646
10 7 16.68903685038116
10 8 28.193561985268733
10 9 26.438844353946067
10 10 18.31630728376233
10 11 10.068314277730488
10 12 33.35912586898058
10 13 27.39991314925253
10 14 12.897421760464947
10 15 12.861391024245897
10 16 12.19109292885668
10 17 36.69008775066597
10 18 2.95821811907768
10 19 9.491003858090991
10 20 28.613095734180842
10 21 6.22622591803171
10 22 23.923630940696995
10 23 20.005640690839364
10 24 33.10379645051514
10 25 26.38982825723055
10 26 27.551451143097438
10 27 20.920016850522536
10 28 22.10016350783325
10 29 15.824377193215309
10 30 13.124269134596089
10 31 12.771825222595293
10 32 20.27593166878134
10 33 27.19501655663655
10 34 30.79786857840499
10 35 34.174609050496144
10 36 31.632825024246632
10 37 17.00335339005775
10 38 30.2996671310317
10 39 34.63167062028919
10 40 17.650000259971357
10 41 10.939406409696094
10 42 8.264095310599687
10 43 30.268905480264536
10 44 0.8351299758051737
10 45 26.1507457975452
10 46 25.208531230836012
10 47 21.079347444700414
10 48 31.34053351403847
10 49 33.43662024963699
10 50 15.136765345193396
10 51 20.301320620792037
10 52 19.095440984381124
10 53 24.31441327865093
10 54 31.57807984442846
10 55 16.472216968316012
10 56 5.858456994875719
10 57 10.567377349918429
10 58 16.24156101084805
10 59 22.722280802953907
10 60 21.768436145567527
10 61 21.149430129202855
10 62 14.353090098029728
10 63 14.69533871578346
10 64 14.315863760199846
10 65 13.63767735425656
10 66 21.82336322053579
10 67 15.579415688179463
10 68 14.417824822032443
10 69 25.17957940494758
10 70 21.22859220248403
10 71 27.12731284055647
10 72 35.785758480356236
10 73 25.328749242053128
10 74 13.074732884395948
10 75 29.025015754501947
10 76 24.59237888458864
10 77 28.198915791846613
10 78 25.871964014667377
10 79 31.378334892827258
10 80 5.0351515215166645
11 1 41.201169623105464
11 2 26.82505100613594
11 3 9.677061634350979
11 4 18.355584540671604
11 5 11.817370108147587
11 6 37.67263672761133
11 7 40.61512891540613
11 8 10.271140317099416
11 9 16.998497800587096
11 10 11.907695680798751
11 11 25.166450144438308
11 12 14.96554171738731
11 13 46.75455323510324
11 14 17.40224103377703
11 15 30.348847022484808
11 16 33.13677319590523
11 17 29.91713687671701
11 18 23.18679780541551
11 19 35.44047992222998
11 20 7.4478153570883014
11 21 24.88451553593522
11 22 28.796064486476467
11 23 41.79989858229754
11 24 7.048834145242726
11 25 42.572514251795994
11 26 16.78811039944862
11 27 44.05612932550654
11 28 9.103105396578288
11 29 24.738026462586806
11 30 13.388722533579864
11 31 38.279150306556936
11 32 6.271723081028455
11 33 14.24868964856186
11 34 46.22568257618529
11 35 30.586291768360386
11 36 19.854342802679163
11 37 19.45727861147206
11 38 31.851204411584327
11 39 26.96840238760233
11 40 37.07296130212476
11 41 35.62989007658083
11 42 27.531747370090937
11 43 10.666653657164577
11 44 25.57563572195504
11 45 14.179109641951019
11 46 24.81693319653934
11 47 37.77694868782241
11 48 32.58396935590272
11 49 7.360122452138708
11 50 41.19601069924761
11 51 20.028540788434405
11 52 38.984836704776484
11 53 14.34048995781917
11 54 49.31652728024831
11 55 9.968080798449435
11 56 22.00537046148507
11 57 34.70434242291047
11 58 11.198116138381879
11 59 3.386591734203808
11 60 25.534357739408257
11 61 10.47546099932775
11 62 37.72652476588981
11 63 26.924178039265396
11 64 20.96833524173342
11 65 12.563297344836286
11 66 38.08573509757931
11 67 40.751185257226176
11 68 16.98266153572898
11 69 28.47763356925445
11 70 4.939774554076471
11 71 44.36678670595226
11 72 15.977567311948304
11 73 44.71506607859301
11 74 38.674668140953834
11 75 3.077369958353619
11 76 15.587633231391276
11 77 34.209175819346754
11 78 11.852018090792946
11 79 11.598405700705113
11 80 23.238289736790435
12 1 29.95155784047714
12 2 54.58619594559095
12 3 35.449599610788205
12 4 19.138064000570846
12 5 31.63866243089977
12 6 12.90975435532726
12 7 25.10746150061517
12 8 42.279494950086274
12 9 29.054433278807394
12 10 25.820277074238234
12 11 11.931140177688295
12 12 38.16975903545728
12 13 38.1993376316461
12 14 19.73943687752504
12 15 6.8589597526203985
12 16 25.610652663899984
12 17 53.110362707733515
12 18 17.74633918388595
12 19 16.40731078924112
12 20 36.4616153794507
12 21 13.119882322549707
12 22 40.29194372926009
12 23 30.160320657068716
12 24 43.324995282715754
12 25 39.42507098612113
12 26 30.34759349765281
12 27 29.179453661796938
12 28 29.740097492470134
12 29 32.273301513647006
12 30 26.8403490266159
12 31 10.437281582583866
12 32 32.68996229268631
12 33 31.42377680166372
12 34 43.63917076565686
12 35 50.6733993006237
12 36 47.34757379953333
12 37 19.505175988808624
12 38 46.706506944582266
12 39 50.95441952739007
12 40 1.8579786910289688
12 41 8.171814643145279
12 42 23.99390163365998
12 43 44.13620162383849
12 44 17.324049352008274
12 45 30.400572362148594
12 46 41.69878228569493
12 47 34.73304260885424
12 48 47.74322744926414
12 49 44.1790097351219
12 50 17.299723165684252
12 51 21.377419799709934
12 52 31.19847085206211
12 53 28.55433639379543
12 54 42.93904927499908
12 55 27.378703210031656
12 56 16.378516321839818
12 57 7.343164365097136
12 58 30.159818824298952
12 59 34.08199681356192
12 60 38.25718713800679
12 61 35.6346384125691
12 62 24.51057513406787
12 63 11.395067362887408
12 64 16.899080938906963
12 65 25.412389532693314
12 66 35.55873128654784
12 67 21.835332370597104
12 68 20.41249539270078
12 69 41.61170831336213
12 70 32.970924807531915
12 71 39.44797046936519
12 72 40.78421787639294
12 73 36.47110393996474
12 74 10.873083678446433
12 75 39.43268694738709
12 76 40.1603446078259
12 77 44.22470273902769
12 78 40.586616894978796
12 79 45.3000796182096
12 80 21.478809870756958
13 1 34.6962917000509
13 2 60.43471955280708
13 3 39.49760114302317
13 4 23.7927493559619
13 5 37.32140390955299
13 6 17.458117931251397
13 7 29.655395135894764
13 8 47.80607963236167
13 9 32.301009621664974
13 10 30.463018446733287
13 11 17.13352238800569
13 12 41.609759345394195
13 13 42.79773254514556
13 14 24.683379062241293
13 15 11.830822834490075
13 16 31.05379032599749
13 17 59.02077939846227
13 18 23.633601020422045
13 19 21.46254423307524
13 20 40.7476559097935
13 21 18.83910727615433
13 22 46.15078067931137
13 23 34.840783258345986
13 24 48.017642290751425
13 25 44.52891808344588
13 26 33.56842726692853
13 27 33.472771141362486
13 28 34.219951011410885
13 29 38.15990734315859
13 30 32.477473195618984
13 31 14.745308452253466
13 32 38.02386997775061
13 33 34.985777933993376
13 34 48.64242140380515
13 35 56.58456161031926
13 36 53.152362650251014
13 37 23.55199494036726
13 38 52.572809072960446
13 39 56.85371147393803
13 40 5.14617161579202
13 41 13.326997968866147
13 42 29.78947120709273
13 43 49.607460565282416
13 44 23.234375034413908
13 45 34.02128321426285
13 46 47.61161552811184
13 47 40.03919676745426
13 48 53.607715301396695
13 49 48.97916095867476
13 50 21.189987670011057
13 51 24.82530126333081
13 52 36.25667986507641
13 53 32.27631742400066
13 54 47.58509493747233
13 55 32.586098629664775
13 56 22.083651445545954
13 57 12.797298853616063
13 58 35.77460100823914
13 59 39.193800915183395
13 60 44.15512633701772
13 61 41.28022040779289
13 62 29.439402899250698
13 63 15.397217846929333
13 64 21.31408853053362
13 65 30.819379520676804
13 66 40.870273854156466
13 67 26.15774659394534
13 68 25.13835506741241
13 69 47.48842359637144
13 70 38.17844528152254
13 71 44.38541061267646
13 72 44.19214952857955
13 73 41.19040422194316
13 74 15.064463883343956
13 75 44.237929307628825
13 76 45.956587183182926
13 77 49.98963813321094
13 78 46.2385345506054
13 79 50.77420209827071
13 80 27.392373430251236
14 1 18.137488342669588
14 2 30.877188201430766
14 3 50.31730933186089
14 4 42.521514196060686
14 5 31.085773481604562
14 6 33.920279746467195
14 7 23.114538761766816
14 8 35.64142493598253
14 9 52.69334563675876
14 10 42.97055440318125
14 11 40.907465004800486
14 12 55.983024163698445
14 13 13.851484078862573
14 14 40.66067510159243
14 15 43.66071728640776
14 16 19.930579228004092
14 17 24.564628231381242
14 18 31.847152671491468
14 19 29.583167021353653
14 20 48.839024720915276
14 21 37.082167265336416
14 22 13.790297801199431
14 23 18.34599492191528
14 24 47.970018702436256
14 25 7.99265546204273
14 26 53.41083459276545
14 27 21.40577331558548
14 28 44.99113198811962
14 29 18.57198018674752
14 30 32.595224599730074
14 31 36.65125273307483
14 32 36.87572029089352
14 33 51.90963426342991
14 34 7.061026740755583
14 35 20.397498850602737
14 36 29.644576760595726
14 37 45.77734675242858
14 38 14.30158569269798
14 39 25.28199431035038
14 40 47.13369662824525
14 41 37.61645375971238
14 42 22.751040812834272
14 43 37.3523551418488
14 44 30.40241871200494
14 45 51.12264615532253
14 46 18.84719422890231
14 47 10.980863676991815
14 48 14.469977674141605
14 49 47.16061275883905
14 50 31.847086714791722
14 51 48.949776265223875
14 52 15.37577570712288
14 53 49.80238983273917
14 54 11.921153064608795
14 55 38.07890543796368
14 56 35.43890139363009
14 57 38.230845779662424
14 58 32.51111717062493
14 59 39.927825818225365
14 60 16.859805515329544
14 61 31.867158344040984
14 62 22.107617719391015
14 63 45.59022966182763
14 64 43.840057169791066
14 65 35.95767125691714
14 66 10.150772575182497
14 67 26.738037940952836
14 68 42.06238099120643
14 69 14.631699160950449
14 70 38.55855593167693
14 71 9.694181472454147
14 72 57.65949047027112
14 73 13.60389686361394
14 74 36.47630140939986
14 75 45.05706392906457
14 76 28.17287933782664
14 77 9.301166132732117
14 78 32.43869698185723
14 79 37.73425683897419
14 80 27.628908491767906
15 1 6.284355187434704
15 2 44.80418664735543
15 3 52.56986594980874
15 4 39.8492662008016
15 5 35.2685059483829
15 6 22.332983528533866
15 7 10.182417989661557
15 8 43.8103605807779
15 9 51.92736614124009
15 10 42.97754927939291
15 11 35.275224258652536
15 12 57.820283628490024
15 13 4.017098079874573
15 14 38.43032684541263
15 15 35.93310732003897
15 16 14.358605740283068
15 17 39.41571692233771
15 18 28.093490422253748
15 19 19.256419012885388
15 20 51.82786008989808
15 21 31.66920245440116
15 22 24.771731314469267
15 23 5.793931139319398
15 24 53.759201464679194
15 25 9.689609678727255
15 26 52.9585021006509
15 27 6.105975949030308
15 28 46.20628690953822
15 29 23.222999252378106
15 30 34.233665038470996
15 31 24.92560602437062
15 32 40.75932691666084
15 33 52.24292914855011
15 34 11.58703785087117
15 35 35.30637115872797
15 36 41.164622253189876
15 37 42.79589117326948
15 38 28.922711462563623
15 39 39.19081020410073
15 40 37.05929482919519
15 41 27.156656444448245
15 42 20.021227368339844
15 43 45.89666999256251
15 44 25.662311436982744
15 45 51.25526979975423
15 46 29.96121288235934
15 47 10.732929756981815
15 48 29.530908178157322
15 49 53.463887450884975
15 50 18.441991954072318
15 51 46.098684438342886
15 52 8.017836869737295
15 53 49.53456998000225
15 54 8.504232904981682
15 55 39.45979341831507
15 56 31.593061266462986
15 57 28.225442004991596
15 58 35.816766646012844
15 59 43.86763132325041
15 60 26.138177352548436
15 61 37.863889640243244
15 62 11.616719181532781
15 63 39.479021311471136
15 64 40.10206040226941
15 65 36.67147820116674
15 66 10.958726193846699
15 67 13.441524572720228
15 68 39.9714347200103
15 69 26.380877434008642
15 70 42.28082535515527
15 71 7.863651868134023
15 72 60.01909897794786
15 73 4.029256678646336
15 74 24.5591225330699
15 75 50.0551379273799
15 76 36.89114258980268
15 77 23.667242203328158
15 78 40.548032193714896
15 79 46.64917344073657
15 80 25.335270418253852
16 1 37.51158878374819
16 2 22.707069772733345
16 3 14.436450464925846
16 4 19.3046093261197
16 5 7.934350873882082
16 6 35.83665645411835
16 7 37.40698577273733
16 8 6.360673071571749
16 9 20.804388257580143
16 10 13.721036671625885
16 11 25.187824361146294
16 12 19.887121632909942
16 13 42.59187689143887
16 14 17.922721328047388
16 15 30.49006011453759
16 16 29.63409851552303
16 17 25.24922388274204
16 18 21.39363193063708
16 19 33.12004303303372
16 20 12.345634555111316
16 21 24.143148097366694
16 22 23.886688229362697
16 23 38.11713376392327
16 24 10.767353130403533
16 25 38.12821485362268
16 26 20.80938515162096
16 27 40.583736645835685
16 28 12.194562638853588
16 29 20.343945035643426
16 30 11.033137720311716
16 31 36.77904245572037
16 32 4.297029756879296
16 33 18.405581429007135
16 34 41.64850030592679
16 35 25.69785125387997
16 36 15.405043908172198
16 37 21.125804198107897
16 38 26.838653614539677
16 39 22.305296901945663
16 40 37.20663975165746
16 41 34.42054830270453
16 42 24.213555982859802
16 43 7.595129974499707
16 44 23.518862787569446
16 45 18.142172756312334
16 46 19.811297003305697
16 47 33.506174367719744
16 48 27.573312893653817
16 49 10.369241601362805
16 50 38.92922891897065
16 51 22.40104481558864
16 52 35.07929952956252
16 53 17.907061704097156
16 54 44.919357390969004
16 55 9.826477460035765
16 56 21.004273234954198
16 57 33.64175276081012
16 58 8.050345182321687
16 59 4.365759856923355
16 60 20.66042971913773
16 61 5.634504098025973
16 62 34.47216059974399
16 63 27.73734269865049
16 64 21.99359218545768
16 65 11.576619094364183
16 66 33.75840601048476
16 67 37.91957858671032
16 68 17.93447510448147
16 69 23.51350633596441
16 70 4.486723269907584
16 71 39.9964179492295
16 72 20.982299743801747
16 73 40.595259800021324
16 74 37.128021751185216
16 75 7.569001920402313
16 76 10.60205739790506
16 77 29.25720875023915
16 78 7.084253716206428
16 79 8.73450630033791
16 80 20.561601779120984
17 1 42.81972580598028
17 2 42.14841245052848
17 3 9.593269654613753
17 4 9.596072328297604
17 5 20.69535903384881
17 6 32.69231834396842
17 7 40.290698258332704
17 8 25.789447383319757
17 9 2.8382251478600753
17 10 7.270626117389711
17 11 16.538611591869586
17 12 11.370091176285436
17 13 50.18196865942463
17 14 10.715190596387627
17 15 20.19393288702972
17 16 34.87095878578352
17 17 44.081313297260714
17 18 21.049090936042212
17 19 32.425892013556194
17 20 11.440530563415427
17 21 18.7923126980915
17 22 38.375398298505566
17 23 43.33568390834668
17 24 19.700413953660217
17 25 47.808473172917445
17 26 3.987369616225817
17 27 44.499558679633786
17 28 7.289665096853344
17 29 31.59353744072515
17 30 17.685910226853498
17 31 32.10812070338672
17 32 16.496062034364513
17 33 4.639943124634206
17 34 52.05761024787255
17 35 43.75867946247464
17 36 34.70784323582866
17 37 7.5673511747722495
17 38 43.19828983533455
17 39 41.197935835573105
17 40 26.068991022867284
17 41 28.85009564905931
17 42 29.480357709695987
17 43 26.636099759033826
17 44 23.582482348067074
17 45 3.665782035806358
17 46 36.11317948989995
17 47 42.436210006709494
17 48 44.12063346134805
17 49 21.088611131779984
17 50 37.30429180244176
17 51 5.5327567939184
17 52 41.770333711581124
17 53 2.114095397179585
17 54 53.87561237095869
17 55 12.575945939390856
17 56 17.755746060721112
17 57 27.5833179244395
17 58 18.781617124724438
17 59 15.114096190411578
17 60 35.099302352309444
17 61 22.55078643819976
17 62 37.89239051600728
17 63 15.404970544269208
17 64 10.561311903495376
17 65 14.213491660873059
17 66 43.01351226540708
17 67 38.95905738589345
17 68 9.18543954476332
17 69 38.71350871565145
17 70 15.31735953204306
17 71 49.062092983818346
17 72 13.985128915405332
17 73 48.05989339825003
17 74 32.610332126002135
17 75 16.878042450251765
17 76 28.753538075778067
17 77 43.8919562997704
17 78 26.26036308140004
17 79 27.652615432028245
17 80 23.978089473569316
18 1 25.88417423564354
18 2 15.946503162117168
18 3 37.512173651339396
18 4 34.29297499061133
18 5 19.021655334829042
18 6 35.51362448394776
18 7 29.051252680837575
18 8 20.327169683890247
18 9 41.8670009814994
18 10 32.45660767258513
18 11 35.549577160217574
18 12 43.13447633188553
18 13 26.432411014682167
18 14 32.32666025212455
18 15 39.81111147079528
18 16 21.875107663591724
18 17 10.891331835211712
18 18 26.751890191252276
18 19 31.107920913629734
18 20 35.647055657362245
18 21 32.2302403032676
18 22 4.417947404165249
18 23 26.395580514175393
18 24 33.23055851538384
18 25 20.281586166982333
18 26 42.29847883349927
18 27 29.778966951392892
18 28 33.32793486682249
18 29 11.68132023986717
18 30 22.413464034396256
18 31 37.83473646318667
18 32 24.116841427904905
18 33 40.32759105088034
18 34 22.129066236072877
18 35 7.231981683767249
18 36 13.629589852224886
18 37 37.390726446334696
18 38 3.51848213937104
18 39 10.32639363210698
18 40 45.100356784169925
18 41 37.37902357137993
18 42 20.43009402138453
18 43 21.811776076398132
18 44 26.644114443986833
18 45 39.743762715095144
18 46 3.6860194489179294
18 47 18.274559421231924
18 48 4.449107869856625
18 49 32.208339678363785
18 50 35.656747510069074
18 51 40.10600845805178
18 52 22.46907630220379
18 53 38.82546122177881
18 54 26.602855554147375
18 55 27.109889533108372
18 56 29.51757854439044
18 57 37.44065303273303
18 58 20.903168611112825
18 59 26.791627320978407
18 60 5.688476551796935
18 61 18.212559968624376
18 62 26.6316904770318
18 63 39.98076381001852
18 64 36.35145405966196
18 65 25.895187605145537
18 66 17.934109481115392
18 67 31.734644910284576
18 68 33.4013954981997
18 69 2.7186956052016513
18 70 25.719215636659428
18 71 22.51260034673756
18 72 44.409337177181214
18 73 25.08655408336469
18 74 37.88272377370698
18 75 30.870533798676252
18 76 13.121206840558001
18 77 6.728779162695778
18 78 17.350688295313414
18 79 22.053635489315866
18 80 22.589169365691873
19 1 32.016667152750706
19 2 53.859894273621514
19 3 32.70779291186944
19 4 16.746979570159098
19 5 30.49303159607487
19 6 15.411819325266254
19 7 27.368138025410115
19 8 40.828191561188966
19 9 25.965988600329965
19 10 23.433066556422833
19 11 10.104440004790595
19 12 35.167962671778426
19 13 40.3204027762212
19 14 17.602471953874872
19 15 4.807597259237563
19 16 26.984955438091795
19 17 52.79685948537215
19 18 17.398744187590903
19 19 18.40092813282535
19 20 33.85259517481508
19 21 12.208960552797555
19 22 40.62762437084771
19 23 32.27398134660211
19 24 40.992188503033155
19 25 41.09997771850682
19 26 27.254412345912428
19 27 31.567385585140695
19 28 27.243071295823757
19 29 32.50304675795702
19 30 25.615516192307435
19 31 13.176855501746104
19 32 30.975697964823638
19 33 28.45441339782695
19 34 45.39370991476166
19 35 50.589308400741785
19 36 46.47885392831646
19 37 16.71646591418853
19 38 46.98389944207334
19 39 50.51422548138883
19 40 2.2533459309271127
19 41 10.43203145023206
19 42 24.68128398674677
19 43 42.59916599307045
19 44 17.487237509302478
19 45 27.45209739154046
19 46 41.59593715294232
19 47 36.20814656386828
19 48 48.02602487958053
19 49 41.92969366924863
19 50 20.053206292109678
19 51 18.32927331099812
19 52 32.97415830445265
19 53 25.643336674479734
19 54 45.0012343500551
19 55 25.516026157524767
19 56 15.37750821714083
19 57 9.322607076859901
19 58 28.88110493044133
19 59 32.112784990251114
19 60 38.37197463440673
19 61 34.40257373186674
19 62 26.4766331743047
19 63 8.514409988238954
19 64 14.322640519564283
19 65 23.807285628627977
19 66 37.021690873485724
19 67 24.285027335285385
19 68 18.081623297665566
19 69 41.85375716548091
19 70 31.105141431140922
19 71 41.28427786191511
19 72 37.77501063230802
19 73 38.509604240044574
19 74 13.654813977434625
19 75 37.185177871220766
19 76 39.2794629419004
19 77 44.860198082531404
19 78 39.358249724229665
19 79 43.76634907070232
19 80 21.469690356003227
20 1 25.384398730212897
20 2 21.420031756797904
20 3 25.27679041770034
20 4 21.02767880353396
20 5 6.049400010219793
20 6 27.809174224130967
20 7 26.15460217226581
20 8 13.379671214076394
20 9 28.65463887464858
20 10 19.10918410239074
20 11 23.272901752849286
20 12 30.953521686938313
20 13 29.855675976770314
20 14 19.0735567662034
20 15 28.059010951319348
20 16 18.055623197203463
20 17 20.254646074940716
20 18 15.466960745829795
20 19 24.090444868828218
20 20 23.751891856366285
20 21 20.45405409791065
20 22 12.148247601593548
20 23 25.991613848504038
20 24 23.60621382782439
20 25 25.28280716677505
20 26 29.174043487922557
20 27 28.76657870139133
20 28 20.344133099365934
20 29 7.533167627829387
20 30 9.013066375993617
20 31 29.519407052147116
20 32 11.789169985335695
20 33 27.367504831478378
20 34 28.84838443595012
20 35 18.591678076011092
20 36 14.482231175854638
20 37 24.057993110670477
20 38 16.90460944034487
20 39 17.86926245958429
20 40 34.05755389953383
20 41 28.08464285215311
20 42 13.434536244560382
20 43 15.53011331271078
20 44 16.361813582126704
20 45 26.69624527378181
20 46 10.013591134612952
20 47 20.719518871627123
20 48 17.862632137079277
20 49 23.098325924268597
20 50 29.680969924997857
20 51 26.707179582273742
20 52 22.66386772682358
20 53 25.634804434492352
20 54 32.07540057166615
20 55 13.804139135912932
20 56 17.376603420050397
20 57 27.753619223592686
20 58 7.704896003551766
20 59 14.848374792133914
20 60 8.816171770439555
20 61 7.32812811911704
20 62 23.220753037649015
20 63 27.397029190887963
20 64 23.22616488147063
20 65 12.481799006184476
20 66 20.94052645928216
20 67 27.437944190512397
20 68 20.068356405028826
20 69 12.354734802644588
20 70 13.472000144291194
20 71 27.15828094402854
20 72 32.57700578411153
20 73 27.899882208738585
20 74 29.727785081929703
20 75 20.28353266038476
20 76 7.673888415210854
20 77 17.71194548311799
20 78 10.264206679405428
20 79 16.41650866043879
20 80 12.24614707381712
21 1 29.45270842888268
21 2 26.269698329933703
21 3 18.0743616655305
21 4 14.126321282680374
21 5 2.516412399295154
21 6 27.114638571267758
21 7 28.896724091236912
21 8 12.990717362411475
21 9 20.873404701965587
21 10 11.354338156919413
21 11 18.12429074850443
21 12 23.693554594879522
21 13 35.26825403149641
21 14 12.275113369834974
21 15 23.3411152987729
21 16 21.369330383451715
21 17 26.623180190624
21 18 12.796476252394818
21 19 24.327190342619634
21 20 16.870262883942292
21 21 16.282228909141434
21 22 19.885716258411
21 23 30.049347963495432
21 24 18.729480623648893
21 25 31.510736774615
21 26 21.40829659761375
21 27 32.289396252762714
21 28 12.669986702787222
21 29 13.93299981555301
21 30 2.550799082265249
21 31 28.175657508807898
21 32 5.4964348117501824
21 33 19.66681307115013
21 34 35.41825229849414
21 35 25.64858880896835
21 36 18.684490199791043
21 37 16.896198043465997
21 38 24.61391329677548
21 39 23.923766467013
21 40 29.87176705370424
21 41 25.985434179806845
21 42 15.770830977569391
21 43 14.971604294056155
21 44 14.787313130502392
21 45 18.959868601847027
21 46 17.57500656655898
21 47 26.474900223585763
21 48 25.547901812311764
21 49 18.715434162598758
21 50 30.136588274007885
21 51 19.27528911861777
21 52 27.326257658095486
21 53 17.857464371992695
21 54 38.122851954024085
21 55 6.0241197653807035
21 56 13.029536027676444
21 57 25.30790421163434
21 58 0.7949968726481735
21 59 8.56185885646302
21 60 16.571858126472492
21 61 6.267077459872217
21 62 25.99142458505776
21 63 21.57765463139607
21 64 16.59836421372908
21 65 5.147444515930615
21 66 26.864760492331403
21 67 29.216376155418306
21 68 12.984043108229192
21 69 20.13718811644541
21 70 6.972059685634811
21 71 33.161026227301775
21 72 25.531505699687756
21 73 33.195378977672604
21 74 28.502856105067103
21 75 14.845483022605602
21 76 11.638847581925646
21 77 25.43980420174919
21 78 11.2249515753213
21 79 16.113218366804087
21 80 11.782076965386342
22 1 55.020372785115846
22 2 43.131593406969344
22 3 8.799918526699216
22 4 23.5651254708809
22 5 27.976854923995077
22 6 46.77329721943963
22 7 53.20430884634382
22 8 27.170427364436417
22 9 12.174386946993701
22 10 18.46659981387227
22 11 30.883419016027126
22 12 3.4026165729386526
22 13 61.67531371336838
22 14 24.16888780899992
22 15 34.654499547248015
22 16 46.84024342828479
22 17 47.01961569170955
22 18 33.9373712454652
22 19 46.03167502113708
22 20 10.285597406881072
22 21 32.74689688559779
22 22 45.9011295033503
22 23 55.580644146770666
22 24 15.101975213554041
22 25 58.32028763130662
22 26 10.89066542474448
22 27 57.20235465620762
22 28 14.98509546645882
22 29 40.79330173874488
22 30 27.263227998052013
22 31 46.38561634004529
22 32 22.206644818342177
22 33 9.964654678736945
22 34 62.28272911778372
22 35 47.98084837250484
22 36 36.80625989207204
22 37 21.999664954173525
22 38 49.300457973153854
22 39 44.089067062435994
22 40 40.387217449606815
22 41 43.17289214003211
22 42 41.16978024954206
22 43 26.848455569624296
22 44 36.56523023816152
22 45 11.03739978289295
22 46 42.21810636785144
22 47 53.173660817030346
22 48 50.04992264686745
22 49 16.74337025209701
22 50 51.2214750961541
22 51 19.828275612981123
22 52 53.43137474337686
22 53 12.961767160617613
22 54 64.83656126632472
22 55 21.812932933472805
22 56 31.13588023172203
22 57 41.93329782540319
22 58 26.630462326030646
22 59 19.237828222534763
22 60 42.580211065194746
22 61 27.720319538674765
22 62 50.57641929253718
22 63 29.826052457734303
22 64 24.942971758807467
22 65 24.532402636617316
22 66 53.61687413845869
22 67 52.33737752857572
22 68 22.787072797900933
22 69 45.73237381135116
22 70 20.52593396179538
22 71 59.88886828231708
22 72 1.5240086043386345
22 73 59.563315269345566
22 74 46.87793235532309
22 75 15.553628327895503
22 76 33.06950709278843
22 77 51.40529002427478
22 78 29.24206083915863
22 79 27.42584447118663
22 80 35.91801321450974
23 1 30.455295977518194
23 2 47.78205481532125
23 3 26.733116532883166
23 4 10.382180749568448
23 5 24.21009984276481
23 6 15.920545590397131
23 7 26.433642916741157
23 8 34.369083012788664
23 9 20.796264558109083
23 10 17.073148330502438
23 11 3.6778288250844433
23 12 29.693230936262516
23 13 38.69723307169502
23 14 11.102907189069048
23 15 1.9065657489272712
23 16 24.143338946748425
23 17 47.084854796478275
23 18 12.216645020621108
23 19 17.391830415080967
23 20 27.702635347984117
23 21 6.678798301204254
23 22 35.76470593110743
23 23 30.81820172132932
23 24 34.60702008784337
23 25 38.48743178753009
23 26 22.08770129146967
23 27 30.807644856142424
23 28 20.977334383816064
23 29 27.610936580126967
23 30 19.31399374274929
23 31 14.584914400332266
23 32 24.46167809695895
23 33 22.92952052281002
23 34 42.87961860149153
23 35 45.12860888504683
23 36 40.3165308705654
23 37 10.888945442914395
23 38 41.983346810533774
23 39 44.68976398210173
23 40 8.5683941912853
23 41 11.26617696973577
23 42 20.70263729210173
23 43 36.11272035970401
23 44 13.072033296341726
23 45 21.882750217309397
23 46 36.173427132367614
23 47 33.291578436465095
23 48 43.02449023648137
23 49 35.49936038083321
23 50 20.820546486138763
23 51 13.143723545782848
23 52 30.745309404575146
23 53 19.99878739071166
23 54 43.165093042319285
23 55 18.990689060856567
23 56 9.478728780682937
23 57 9.921795120709257
23 58 22.528103844599155
23 59 25.593534876579177
23 60 33.243787763754376
23 61 28.052514478286106
23 62 24.888442994999934
23 63 3.4197803086343015
23 64 8.159805081195225
23 65 17.33122562226922
23 66 34.064673927757774
23 67 23.9684314815404
23 68 11.674971083296098
23 69 36.852628624904696
23 70 24.579353294103047
23 71 39.00559447350862
23 72 32.310057073479
23 73 36.72951465443725
23 74 15.108205434777592
23 75 30.751616452616464
23 76 33.13432722241688
23 77 40.3777021704483
23 78 32.99598660304663
23 79 37.27984851289653
23 80 16.552668810772236
24 1 30.08344884895096
24 2 15.261536042931983
24 3 43.32120584645257
24 4 41.07210431740941
24 5 25.454380089982358
24 6 41.54592022187568
24 7 33.91375369969654
24 8 24.847381762763963
24 9 48.229982393902645
24 10 38.97564410363537
24 11 42.373243054943366
24 12 48.85490938867257
24 13 28.84715308280667
24 14 39.10824031249372
24 15 46.57949344291391
24 16 27.431329292826785
24 17 8.65722727236129
24 18 33.52341313417547
24 19 37.0700836229521
24 20 41.31672765866743
24 21 39.02199159304207
24 22 10.286454066396427
24 23 30.522302788431823
24 24 37.965918625632426
24 25 22.48527086312745
24 26 48.590728310637
24 27 33.93177684928694
24 28 39.578006268514635
24 29 18.279148082149394
24 30 29.111549154270634
24 31 43.97582516018266
24 32 30.198333408248256
24 33 46.51590734098691
24 34 23.049202601058173
24 35 4.748526166090757
24 36 16.3086009520107
24 37 44.14345321671242
24 38 3.856311117300474
24 39 10.059013321745711
24 40 51.74883290139327
24 41 43.74454447091783
24 42 26.761139703110874
24 43 25.932761524987107
24 44 33.306052995179094
24 45 45.99307681398318
24 46 10.097898715626117
24 47 22.039478575836803
24 48 2.853365217551912
24 49 36.764800162682114
24 50 41.229318009040696
24 51 46.8017490191875
24 52 26.678481488229945
24 53 45.18242179066661
24 54 27.86936904738404
24 55 33.61326365814028
24 56 36.34209365324917
24 57 43.8854407022972
24 58 27.392889728796977
24 59 32.658342571331296
24 60 12.443735041867617
24 61 24.11785931724053
24 62 31.782185202101694
24 63 46.816030550963404
24 64 43.16357607610604
24 65 32.56244217160273
24 66 21.49479495348251
24 67 36.92942741425711
24 68 40.15256371488981
24 69 8.924986947638006
24 70 31.731100734728734
24 71 24.647362259011647
24 72 49.934304991282644
24 73 27.91940607992498
24 74 43.98477779902472
24 75 36.08052044947006
24 76 18.379516958776847
24 77 8.311778311747132
24 78 22.288347344431024
24 79 25.90380429302714
24 80 29.31146848449371
25 1 27.132220887799914
25 2 15.158796598945013
25 3 31.231889851150342
25 4 28.930309875772824
25 5 13.001997284441908
25 6 33.60442880493771
25 7 29.298801582048604
25 8 14.51196358099529
25 9 35.790146356988394
25 10 26.529398047349652
25 11 31.068445458103515
25 12 36.849544035338816
25 13 29.45763375122234
25 14 26.98382941056272
25 15 35.70288247653083
25 16 21.40301024584394
25 17 12.628085595904404
25 18 22.816369154207987
25 19 29.45583919099442
25 20 29.360535534279343
25 21 28.063821670213656
25 22 7.424308044230815
25 23 27.705175425417334
25 24 27.156070520693472
25 25 23.801421183657517
25 26 36.173819394952346
25 27 30.913336319637846
25 28 27.173641568187218
25 29 9.684011447774719
25 30 16.84055602234407
25 31 35.64791235735278
25 32 17.87863762284135
25 33 34.14644801181846
25 34 26.453350267117838
25 35 10.657782570383246
25 36 9.981080153919104
25 37 31.916407183230167
25 38 9.740222766072723
25 39 10.595515794129136
25 40 41.463285601435615
25 41 34.67487149662783
25 42 18.38277543082507
25 43 16.21122317196241
25 44 23.248844576083236
25 45 33.592985308398504
25 46 2.6089151282751035
25 47 20.52230701448547
25 48 10.56838123677912
25 49 26.214367248493165
25 50 34.601487803400964
25 51 34.466936882945824
25 52 23.897016457656616
25 53 32.74315543877246
25 54 30.512019605062385
25 55 21.166494144254465
25 56 25.097297528365665
25 57 34.52625937522906
25 58 14.948743122480249
25 59 20.511964867034933
25 60 5.094590515532869
25 61 11.92932882995464
25 62 26.56228684500147
25 63 35.28157309077406
25 64 31.15859901341245
25 65 20.226304432097606
25 66 20.42457214050904
25 67 31.399566089199883
25 68 27.934588739735748
25 69 6.5610448554249166
25 70 19.46347447822797
25 71 25.955695741051027
25 72 38.12639764678603
25 73 27.803420476920763
25 74 35.778799600984264
25 75 24.651275393025752
25 76 7.080192728850928
25 77 12.279750646218828
25 78 11.364873842365517
25 79 16.631130905999868
25 80 19.050974599323254
26 1 21.802255384397583
26 2 28.492271612612345
26 3 25.099208557822934
26 4 16.227866311858104
26 5 8.224467478378394
26 6 21.05020373642575
26 7 21.320900122914452
26 8 18.86285016870077
26 9 26.178936993701964
26 10 16.507516564587995
26 11 16.853410062043558
26 12 30.556754433881906
26 13 27.868874602559725
26 14 14.29229983113859
26 15 21.335994385401293
26 16 13.707015926384948
26 17 26.986066360314346
26 18 8.466779257648149
26 19 17.642275939350252
26 20 24.178622419682497
26 21 13.696386899022443
26 22 16.036778225486874
26 23 22.396943603730207
26 24 26.367663319496998
26 25 24.585950238881043
26 26 26.96693729669988
26 27 24.634195466880506
26 28 19.043234122971235
26 29 8.290919771229808
26 30 6.60016200186353
26 31 22.601045653919968
26 32 13.158337463661251
26 33 25.683216946994452
26 34 28.70519129797134
26 35 24.865094336338366
26 36 21.517633069438677
26 37 19.465635235967607
26 38 21.95401009103677
26 39 24.75849257650331
26 40 27.117997633304224
26 41 21.03802451313042
26 42 8.141104331465144
26 43 21.01444441806359
26 44 9.297068938353675
26 45 24.816177269529454
26 46 15.904527669310204
26 47 19.34795244555152
26 48 22.98413000378557
26 49 26.2860148652516
26 50 23.392715659715375
26 51 22.514362951934068
26 52 19.772392116197473
26 53 23.364110976045634
26 54 30.998910055678834
26 55 12.069453170923937
26 56 10.826301369130794
26 57 20.6813649099761
26 58 8.25314950591591
26 59 16.208556622174612
26 60 13.183048751571844
26 61 11.856060579819408
26 62 18.394958654373067
26 63 21.262791296363428
26 64 17.961233111236425
26 65 9.562816244822098
26 66 19.82856224775757
26 67 21.890139041667496
26 68 15.602604109727391
26 69 16.89067965840637
26 70 14.612307718044404
26 71 26.064603681054137
26 72 32.59563449572966
26 73 25.770324358294523
26 74 22.837880331651924
26 75 22.507142808970972
26 76 14.518366818427081
26 77 21.202007590369305
26 78 16.198696287297608
26 79 22.054183063182574
26 80 5.260230600985278
27 1 43.32506238816271
27 2 32.46657082097481
27 3 4.191868150305473
27 4 15.848165129122057
27 5 15.297456869751185
27 6 37.48447123630548
27 7 42.08378859441532
27 8 15.909503316219814
27 9 11.624172329829054
27 10 9.188908826420178
27 11 23.270348933384366
27 12 9.788562633394617
27 13 49.53877860533106
27 14 15.467706142571933
27 15 28.12839993895771
27 16 35.13356196912916
27 17 35.459270064899144
27 18 23.43732704268144
27 19 35.881122925860645
27 20 2.507228423956962
27 21 23.85098244898739
27 22 33.21068507962324
27 23 43.90635223893254
27 24 8.69197263303826
27 25 45.871903261830234
27 26 11.280160832488793
27 27 45.83754743664403
27 28 5.272056035795817
27 29 28.201517032552726
27 30 15.12500809578432
27 31 37.68574024233151
27 32 9.504960485406174
27 33 8.69672258054332
27 34 49.748142899849235
27 35 35.950987913667106
27 36 25.459212508649532
27 37 16.0681739483477
27 38 36.795163012167734
27 39 32.51101128174027
27 40 34.69565316242601
27 41 34.76051665970116
27 42 29.42842880682703
27 43 16.259750462504513
27 44 26.014143948862884
27 45 8.749839839533397
27 46 29.663160698416963
27 47 40.82681665317232
27 48 37.582870953344866
27 49 9.934892010317043
27 50 41.45865414333586
27 51 15.861118649897382
27 52 41.452497222878684
27 53 9.243429871841606
27 54 52.48138166653645
27 55 10.097944837180126
27 56 21.424467431144155
27 57 33.69072347450177
27 58 14.046054110739428
27 59 6.570274151797315
27 60 29.885142223476468
27 61 15.136065625064315
27 62 39.30353771781382
27 63 24.099538298538338
27 64 18.19142844207117
27 65 12.996379995577986
27 66 41.225676398810045
27 67 41.72645716728136
27 68 14.59577724023807
27 69 33.07829913289237
27 70 7.823544944492033
27 71 47.52039727067036
27 72 11.285873884001205
27 73 47.448202499107566
27 74 38.12727623375698
27 75 5.629087702786711
27 76 20.793186043278624
27 77 38.727288269445175
27 78 17.315161316688517
27 79 17.14372937807798
27 80 24.51497091946994
28 1 16.159472400580885
28 2 36.38973776175124
28 3 30.817957313748312
28 4 17.459887811322083
28 5 16.742619589799226
28 6 12.41717893338061
28 7 14.050296732933992
28 8 27.587931511677137
28 9 29.492076428408453
28 10 20.761064440095623
28 11 14.075969978322913
28 12 35.787164741932585
28 13 23.74315622189202
28 14 15.991790080108267
28 15 16.79117045385694
28 16 8.39398326309944
28 17 33.9515677545629
28 18 5.683191033751447
28 19 8.903940376877907
28 20 30.441081017121025
28 21 10.227812199094705
28 22 20.469373041902056
28 23 16.67458010014439
28 24 34.05445773984035
28 25 22.423588169420157
28 26 30.53761237067366
28 27 18.025356979917586
28 28 24.271483540907145
28 29 12.558946271377344
28 30 13.626623562372183
28 31 14.217854236194944
28 32 20.870917565342097
28 33 29.9275824849302
28 34 26.829774755230346
28 35 31.165101206185085
28 36 29.81405266682802
28 37 20.49986247337938
28 38 26.89537400769748
28 39 32.08883167819037
28 40 21.144828702033585
28 41 13.228083280137998
28 42 4.297066609051279
28 43 29.730830016972227
28 44 3.537735492859502
28 45 28.91674885512313
28 46 22.31233803365167
28 47 17.084363204972966
28 48 27.92862473883011
28 49 34.19352862619805
28 50 14.68167245506495
28 51 23.81473923077254
28 52 15.357953607705507
28 53 27.15452588723415
28 54 27.782588364765015
28 55 17.991910383225175
28 56 9.302247770866167
28 57 13.212277645542933
28 58 16.310136271962268
28 59 23.637088349425653
28 60 18.604738986520857
28 61 20.549395309465083
28 62 11.392919643978368
28 63 18.72102978627876
28 64 17.977112793471008
28 65 15.092065699138788
28 66 17.817957260581576
28 67 13.753394071324959
28 68 17.53290737291602
28 69 21.829325679238643
28 70 22.066596254245198
28 71 23.23796438245747
28 72 38.11433558366255
28 73 21.644349212306988
28 74 14.391064214460632
28 75 30.03440690446681
28 76 23.042431688832504
28 77 24.465058826801076
28 78 24.94273077439411
28 79 30.78341677947043
28 80 3.801477055000239
29 1 4.91792917413853
29 2 46.291162818476984
29 3 50.654727927443524
29 4 37.03971298203881
29 5 34.31205875312637
29 6 18.081115937981792
29 7 6.376153636411266
29 8 43.6167662781881
29 9 49.31418457608408
29 10 40.71931272631116
29 11 31.915838156405492
29 12 55.72445747785996
29 13 8.435815784408494
29 14 35.76091341436808
29 15 32.12427326388438
29 16 12.660353846355113
29 17 41.32521328545406
29 18 25.44494430674203
29 19 15.404915802489388
29 20 50.10615331950105
29 21 28.46464389659368
29 22 26.219690530519564
29 23 4.325122224143373
29 24 52.71416158071326
29 25 13.11432176618248
29 26 50.40067004267305
29 27 2.0005892947868817
29 28 44.16362747738701
29 29 23.208619096261042
29 30 32.66655806829283
29 31 20.594857335072746
29 32 39.525664088023525
29 33 49.87695381143268
29 34 15.778471196973138
29 35 37.332521162848934
29 36 41.985506855723926
29 37 39.84940381923502
29 38 31.072355600644073
29 39 40.790779600052765
29 40 32.824106918934504
29 41 23.00278031756206
29 42 18.308012064607844
29 43 45.753304552152
29 44 22.893583854058306
29 45 48.85891791539927
29 46 31.096278060119175
29 47 12.357233662575917
29 48 31.787771645361236
29 49 52.5590833915905
29 50 13.967214892213105
29 51 43.11791839882611
29 52 8.141923669919699
29 53 47.07500637725588
29 54 13.083087139932607
29 55 37.635007177713874
29 56 28.76402537723341
29 57 24.133400406817053
29 58 34.61065949276584
29 59 42.559199251996866
29 60 27.047346370544062
29 61 37.27740229727649
29 62 8.59054680052743
29 63 35.92750819661842
29 64 37.04526385476623
29 65 34.774064498230835
29 66 12.854544369483776
29 67 9.156651474156801
29 68 37.29335820183456
29 69 27.900127499903103
29 70 40.960627291975236
29 71 11.69938598699621
29 72 58.018669429067174
29 73 7.685216828592156
29 74 20.203982791340092
29 75 48.874484294049566
29 76 37.0663626255073
29 77 26.033768961285592
29 78 40.43242976923391
29 79 46.59075350383377
29 80 23.241870460677696
30 1 43.34902459313291
30 2 14.721634462833238
30 3 22.436698084990937
30 4 30.17523908075434
30 5 16.365394256937556
30 6 44.97685679315323
30 7 44.367061061702515
30 8 5.304972008573916
30 9 30.379873933553252
30 10 24.46132246227177
30 11 35.850236562663405
30 12 26.881681754755355
30 13 46.814996864121774
30 14 28.764449005046277
30 15 41.153107135186886
30 16 36.260422210262945
30 17 19.56606130267307
30 18 30.99152607364422
30 19 41.71245449320661
30 20 20.010875644782665
30 21 34.4607434621428
30 22 25.07732819085903
30 23 43.95115388567537
30 24 13.509299365814117
30 25 41.39195718947982
30 26 30.108069868274693
30 27 46.86275229914054
30 28 22.351395293322188
30 29 25.066856976710667
30 30 20.805670021958893
30 31 46.265143962399584
30 32 15.080335145482628
30 33 27.529601512745778
30 34 44.13006633705136
30 35 21.705032490039034
30 36 9.78088752202497
30 37 31.950475149895176
30 38 25.35506312367961
30 39 16.84451830328502
30 40 47.826799431616955
30 41 44.21779230831559
30 42 31.536506558150425
30 43 3.355967091421303
30 44 32.76068182648187
30 45 27.537505947215802
30 46 19.788126165776553
30 47 37.69696481765364
30 48 25.73337517010174
30 49 11.953161062015145
30 50 47.4560956408539
30 51 33.03446978339216
30 52 40.41214824479948
30 53 27.73894780171373
30 54 48.14932287494732
30 55 20.66690092489044
30 56 31.234485491131924
30 57 43.573919931897606
30 58 17.48465977740232
30 59 14.843323294366401
30 60 22.59947259082442
30 61 12.35061145273652
30 62 41.4346601232637
30 63 38.58026703415395
30 64 32.864047037919406
30 65 22.148022223550157
30 66 37.716787732742574
30 67 45.58242973339119
30 68 28.80613208082999
30 69 24.012926553153218
30 70 15.326135633207683
30 71 43.50772806728448
30 72 27.036887313774592
30 73 45.0351867097348
30 74 46.56079923113038
30 75 13.614621703606561
30 76 11.279425871688376
30 77 29.43067527880051
30 78 7.974200730897793
30 79 2.1893759788586724
30 80 29.184419946075312
31 1 32.653111013731575
31 2 56.836852981520366
31 3 36.14806335114791
31 4 20.225740010917544
31 5 33.655280568015264
31 6 15.531712773956635
31 7 27.76649767609907
31 8 44.12225345680379
31 9 29.24483659591623
31 10 26.91323626397542
31 11 13.456517072065235
31 12 38.49592764470185
31 13 40.88119480573591
31 14 21.05469132084673
31 15 8.158625286013208
31 16 28.37180108903581
31 17 55.535470588940214
31 18 20.106260117022774
31 19 19.140912844956194
31 20 37.318809597276314
31 21 15.198292000815558
31 22 42.91405482461926
31 23 32.85089240366196
31 24 44.47223498382688
31 25 42.17714469455071
31 26 30.526878657635702
31 27 31.78937895817932
31 28 30.721754355760307
31 29 34.86076037785865
31 30 28.804509814544847
31 31 12.97438196863018
31 32 34.34729183864725
31 33 31.809313090923556
31 34 46.382672242549624
31 35 53.17918471908997
31 36 49.525319803685775
31 37 20.161203693049547
31 38 49.31746628996246
31 39 53.32852063327429
31 40 1.474228845880749
31 41 10.89637564867349
31 42 26.677190224105907
31 43 45.923867084992686
31 44 19.86067874704551
31 45 30.819487827235776
31 46 44.19275963569266
31 47 37.495108482014246
31 48 50.35609709742532
31 49 45.40575178029164
31 50 19.769910716043917
31 51 21.657462981601117
31 52 33.94407103130075
31 53 29.031219420881964
31 54 45.6319282861755
31 55 28.92184943342007
31 56 18.432848509406757
31 57 10.102594692979844
31 58 32.09770832511017
31 59 35.54750048447041
31 60 40.817512725602505
31 61 37.60639488875548
31 62 27.236153159063907
31 63 11.961868167141997
31 64 17.801305309829534
31 65 27.13666190150958
31 66 38.320915852727936
31 67 24.43758525785214
31 68 21.557434183390573
31 69 44.210411401159284
31 70 34.51662559752286
31 71 42.1828442715687
31 72 41.09576969867796
31 73 39.17297668793188
31 74 13.38066469110062
31 75 40.660475585220794
31 76 42.32676684744201
31 77 46.91412911923954
31 78 42.56487225659575
31 79 47.09057012144364
31 80 23.97490204114677
32 1 8.35293490058117
32 2 33.30560058346822
32 3 40.389169766209164
32 4 29.59344464874567
32 5 22.352831433878134
32 6 19.836320877665948
32 7 11.192917326413085
32 8 30.738280666937495
32 9 40.90858466481819
32 10 31.46169308809646
32 11 26.876886989434496
32 12 45.83495864595512
32 13 12.632312871908344
32 14 27.893182986814846
32 15 29.25204656954723
32 16 5.457842570860725
32 17 28.78142976131625
32 18 18.152184501130673
32 19 15.36871113792673
32 20 39.42250395316381
32 21 23.028856680173547
32 22 13.478297911910927
32 23 8.929488809678789
32 24 40.807880782014955
32 25 9.751950213073874
32 26 41.81132565181639
32 27 12.15176760193396
32 28 34.28001984988995
32 29 10.153748913608132
32 30 21.88895259794697
32 31 22.505063511907842
32 32 27.988303692058935
32 33 40.74960888060516
32 34 14.123706432194746
32 35 25.009274963472013
32 36 28.74491376232885
32 37 32.78015939119944
32 38 19.135318800965397
32 39 27.93382869948642
32 40 32.614618292918095
32 41 23.192749541212503
32 42 8.913838059972893
32 43 32.83749677127752
32 44 16.331926906071892
32 45 39.83081423361305
32 46 17.997288895776574
32 47 4.344895884550473
32 48 20.00979794360961
32 49 40.45291881433939
32 50 18.651816596776516
32 51 36.06684303813859
32 52 5.2225047892823975
32 53 38.25554184624177
32 54 15.777225118026845
32 55 27.339435657389764
32 56 21.837053714138673
32 57 23.749489798140157
32 58 23.073355334385624
32 59 31.13092537554371
32 60 13.873081912589482
32 61 24.79120160492984
32 62 9.000669870081659
32 63 31.513649136751308
32 64 30.492015943531825
32 65 24.71908466212209
32 66 5.033059066396447
32 67 14.14357234015687
32 68 29.39569460729533
32 69 15.183801587131004
32 70 29.566582524531952
32 71 10.91050246317674
32 72 47.88584120943136
32 73 10.568659065797732
32 74 22.39016478439773
32 75 37.19187341174737
32 76 23.939415342614
32 77 14.85274158461663
32 78 27.49007189347163
32 79 33.61463456299236
32 80 14.335459611447284
33 1 25.35122618615676
33 2 27.433662427839543
33 3 21.712669761109158
33 4 14.594431827120635
33 5 5.087226760265444
33 6 23.602634021932783
33 7 24.78356516777827
33 8 16.10098977667875
33 9 23.407496636890755
33 10 13.680422643644164
33 11 16.808205794521633
33 12 27.23462956791557
33 13 31.332352929385127
33 14 12.627991587113025
33 15 21.739154809057005
33 16 17.248492307279516
33 17 26.76862701655971
33 18 9.799897917218178
33 19 20.53978015135808
33 20 20.704581887665814
33 21 14.24005586845902
33 22 17.70109141415226
33 23 25.94590485970963
33 24 22.853395818350734
33 25 27.83528581533493
33 26 24.104447331105348
33 27 28.16330942724901
33 28 15.838380164373255
33 29 10.738241979540486
33 30 3.3074387790588675
33 31 24.887834837853013
33 32 9.62176075564557
33 33 22.64453596619552
33 34 31.8635066395415
33 35 25.16199830894033
33 36 20.100081277889554
33 37 17.711366948197536
33 38 23.115362588637126
33 39 24.29688269126275
33 40 27.957128235637196
33 41 22.97106863205881
33 42 11.644563154375263
33 43 18.20378885605894
33 44 11.377650653579948
33 45 21.83074183554289
33 46 16.473361416926185
33 47 22.681815123930225
33 48 24.110910412802706
33 49 22.81364298565083
33 50 26.342295980838042
33 51 20.529478066491087
33 52 23.293776928049788
33 53 20.496708927886097
33 54 34.34616624990276
33 55 8.849551277290747
33 56 11.050862063532719
33 57 22.437544173493144
33 58 4.7563967473650255
33 59 12.660180871875735
33 60 14.547238859479553
33 61 9.03952160757275
33 62 21.872493648196617
33 63 20.841808572989358
33 64 16.699561021951677
33 65 6.677204445884816
33 66 23.120772296759643
33 67 25.18717558222281
33 68 13.72983780474624
33 69 18.266160643950823
33 70 11.063580526922518
33 71 29.394658349688275
33 72 29.20849657342434
33 73 29.243336538121454
33 74 25.175794574489235
33 75 18.97015125332229
33 76 12.907503927427117
33 77 23.128235815553857
33 78 13.757995188805221
33 79 19.29529184502957
33 80 7.91928394286113
34 1 16.344858461268068
34 2 25.72827492003828
34 3 40.80169225803692
34 4 33.384369756741215
34 5 21.588475855121477
34 6 28.394086279048945
34 7 20.044956605670567
34 8 27.02118510828481
34 9 43.2213634141876
34 10 33.4942102087946
34 11 32.50328450997485
34 12 46.46209881012686
34 13 16.785808199359188
34 14 31.482008628033466
34 15 35.826678301277084
34 16 13.958675874184244
34 17 20.494074945796513
34 18 23.319932452688604
34 19 23.88252766527771
34 20 39.361050873985704
34 21 28.76754573199826
34 22 5.801435038849461
34 23 16.819897658946683
34 24 38.86889082412606
34 25 10.88894755116909
34 26 43.915982558735266
34 27 20.230682815848905
34 28 35.455631119258335
34 29 9.082247150635995
34 30 23.08976284492324
34 31 30.970144363345277
34 32 27.401748758702077
34 33 42.38382960250763
34 34 13.635459912280922
34 35 16.499548509627875
34 36 22.534068019723012
34 37 36.63952138705688
34 38 10.330913282946396
34 39 20.11997954036449
34 40 40.09042936613165
34 41 31.22529247016599
34 42 14.79616250105005
34 43 28.89409550052859
34 44 22.278558706100828
34 45 41.60571242898804
34 46 11.189108391261545
34 47 8.511145151812498
34 48 11.139366167541871
34 49 38.16439654609518
34 50 27.583403153927378
34 51 39.74669792854154
34 52 12.917532353929436
34 53 40.30974558613411
34 54 17.57390349428702
34 55 28.554381533851004
34 56 26.75744380353966
34 57 31.58684477879681
34 58 22.980398286784446
34 59 30.48083266068435
34 60 8.022183204976963
34 61 22.608410507445107
34 62 17.97470669163846
34 63 37.17790852013492
34 64 34.88234256909351
34 65 26.483809384376496
34 66 8.141960232304603
34 67 23.11352926347294
34 68 32.83639382816906
34 69 7.332943359549818
34 70 29.083347005023974
34 71 13.073943509563831
34 72 48.16760842751723
34 73 15.33687708792201
34 74 30.912080784580308
34 75 35.78619494580603
34 76 19.5873057032366
34 77 5.904675763697611
34 78 23.73674032232263
34 79 29.42354450111987
34 80 18.97230144469088
35 1 10.92162245201924
35 2 31.864852926778646
35 3 44.38508353432596
35 4 34.876975675096006
35 5 25.55596276173909
35 6 25.447226845171706
35 7 15.346134983553188
35 8 32.36176020530424
35 9 45.729524979566314
35 10 36.10666990800428
35 11 32.64372795807417
35 12 49.96042509108305
35 13 10.701368250486803
35 14 33.09501904903504
35 15 35.169019153349495
35 16 11.330782515339958
35 17 26.49673187814845
35 18 23.740200962824453
35 19 21.055687485713754
35 20 43.18382276289194
35 21 28.79878047462447
35 22 11.916163684869382
35 23 11.308425030490191
35 24 43.58396053142646
35 25 5.30163195047641
35 26 46.55451819410038
35 27 14.690835445432773
35 28 38.58237725901197
35 29 12.559602961563934
35 30 26.045031670938307
35 31 28.160265303559118
35 32 31.37865947301033
35 33 45.293966022774626
35 34 9.11104161709493
35 35 22.421710991522385
35 36 28.561161205620937
35 37 38.10719540542717
35 38 16.087149191439792
35 39 26.24203919256935
35 40 38.53487115320641
35 41 29.03255399731518
35 42 14.504628881083168
35 43 34.33191519418325
35 44 22.092758195246365
35 45 44.42889221242781
35 46 17.237603294565684
35 47 2.8450055769284144
35 48 16.76892626882874
35 49 43.02557647721631
35 50 23.714576109010167
35 51 41.35413897681055
35 52 7.637154395053142
35 53 42.95894955050393
35 54 12.117698901803545
35 55 31.58874336750837
35 56 27.397775519974754
35 57 29.63356493001085
35 58 26.634292054813645
35 59 34.52614328628582
35 60 13.709510790537466
35 61 27.266426870762643
35 62 13.881317750796532
35 63 37.3057326813202
35 64 35.967936665158604
35 65 29.17410201940063
35 66 2.19516606731641
35 67 18.790236915353912
35 68 34.55901771535658
35 69 13.478401281470118
35 70 33.029702748058305
35 71 7.285124798760554
35 72 51.85859204757121
35 73 9.191165381369327
35 74 28.007520258495756
35 75 40.240671609214125
35 76 25.066686582720145
35 77 10.997680556047596
35 78 29.05569054254647
35 79 34.950227704647375
35 80 19.6915820096624
36 1 45.364532255067736
36 2 32.44686138700937
36 3 4.093446483986818
36 4 18.070382366081617
36 5 16.883877670191488
36 6 39.77046834434625
36 7 44.230809586897244
36 8 16.04536724397566
36 9 12.724158388416045
36 10 11.442045474739846
36 11 25.525575191822007
36 12 8.982279577149914
36 13 51.4400788494057
36 14 17.740401181644177
36 15 30.342224337831308
36 16 37.18492484882987
36 17 35.83514211107897
36 18 25.686736630174234
36 19 38.13275990845828
36 20 1.658783180578894
36 21 26.143263887905878
36 22 34.51629813714814
36 23 45.94982732613063
36 24 6.904067800863481
36 25 47.62689092701738
36 26 12.17016407532326
36 27 47.940566024127556
36 28 7.4610858869110785
36 29 29.871731471921443
36 30 17.136146337432244
36 31 39.978837839085735
36 32 11.04227819228388
36 33 9.564564922856349
36 34 51.435877239921545
36 35 36.58505395698264
36 36 25.701214201488447
36 37 18.14179388287462
36 38 37.79766615941061
36 39 32.889113868875484
36 40 36.877631620104644
36 41 37.05235707298415
36 42 31.485705190363007
36 43 16.08733523777267
36 44 28.25354118073644
36 45 9.856576121107654
36 46 30.723810384105406
36 47 42.64783389917408
36 48 38.54661968730018
36 49 8.330434609384952
36 50 43.725972171337986
36 51 17.7052188500366
36 52 43.41875924993796
36 53 10.705888549239372
36 54 54.28297144784738
36 55 12.279410800832144
36 56 23.7129947952252
36 57 35.98015093506064
36 58 15.797033407188543
36 59 7.932334407733002
36 60 31.215304688551328
36 61 16.253509943086563
36 62 41.431463233318674
36 63 26.238184206122146
36 64 20.364669700482345
36 65 15.179791164391302
36 66 43.0218967870265
36 67 43.934609365227516
36 68 16.837632480618446
36 69 34.28760278627791
36 70 9.375835410760965
36 71 49.32046575881739
36 72 10.011930622135989
36 73 49.35999481192922
36 74 40.42017705649773
36 75 4.7456842296021655
36 76 21.5822269232046
36 77 39.98767216931428
36 78 17.84235830658781
36 79 16.85831120397468
36 80 26.656717719571027
37 1 22.75950593401837
37 2 53.69174993783844
37 3 40.727590564931035
37 4 24.14791612753461
37 5 32.57822957140754
37 6 5.875348753158793
37 7 17.622054120704828
37 8 43.63265419309595
37 9 35.631045811369795
37 10 30.391522459015636
37 11 16.642109385589983
37 12 44.26572577854784
37 13 30.715817330114643
37 14 24.06736870824705
37 15 13.33371420436515
37 16 20.335702344836744
37 17 51.16016082840167
37 18 17.95177875074437
37 19 10.357800961539699
37 20 41.30119276644273
37 21 15.634731580400402
37 22 36.99522664430772
37 23 22.852337726366834
37 24 47.169280519800694
37 25 32.89186318373361
37 26 36.91360079180604
37 27 21.30046425418319
37 28 34.44955245154534
37 29 29.575418114182522
37 30 28.277544791699338
37 31 3.260500131624883
37 32 35.10142281451743
37 33 37.53584131951933
37 34 36.855090329651766
37 35 48.18044350029523
37 36 46.98617294956337
37 37 25.514089114574595
37 38 43.38228102585378
37 39 49.37743425041019
37 40 10.71193567283096
37 41 4.79952178117448
37 42 20.672658297735882
37 43 45.675673148050926
37 44 16.29772166132034
37 45 36.46743929522948
37 46 39.48235432956688
37 47 28.785411449686606
37 48 44.38167690764667
37 49 47.75572773883155
37 50 8.983906409673608
37 51 28.043043215908693
37 52 24.64431201750751
37 53 34.54887516451837
37 54 35.51409934196187
37 55 30.454607678580693
37 56 18.416587386107867
37 57 5.762962143415991
37 58 31.531131552010528
37 59 37.137324879735004
37 60 35.595544602794334
37 61 36.61994051553473
37 62 17.772384086888945
37 63 18.28451743789576
37 64 22.55353047548481
37 65 27.937760020601786
37 66 29.615378079618132
37 67 14.035166397475237
37 68 25.170522825047108
37 69 38.512466860784436
37 70 35.784093659480895
37 71 32.553129205560474
37 72 46.86797650781249
37 73 29.189614974540362
37 74 3.320084949793263
37 75 43.11453235985214
37 76 40.037477564665544
37 77 40.06460479170975
37 78 41.38283537843269
37 79 46.80101872308698
37 80 20.272522847392278
38 1 11.311609804439076
38 2 38.39316217705599
38 3 52.19231240458772
38 4 41.74137546429782
38 5 33.52440759369996
38 6 28.450101328488685
38 7 16.506066843006188
38 8 40.29500322704305
38 9 53.06830526043089
38 10 43.568702440331684
38 11 38.58722890874324
38 12 57.722328855345914
38 13 4.988248022694357
38 14 40.06107597558478
38 15 40.34654823862943
38 16 16.39036808316088
38 17 32.465391691479695
38 18 30.17828988107103
38 19 24.55515501024383
38 20 51.06659534354766
38 21 34.76638014756053
38 22 19.178506967109133
38 23 11.285790002657741
38 24 51.60809210285065
38 25 2.7234948128585854
38 26 53.95531573993092
38 27 13.714918571377591
38 28 46.24833720912084
38 29 20.55367012820942
38 30 33.747280968617396
38 31 31.18682935368813
38 32 39.32926626564958
38 33 52.83207446341633
38 34 2.8761671826363346
38 35 28.272235034276346
38 36 35.92297850370219
38 37 44.909009831659255
38 38 21.89212555773842
38 39 32.71937526694797
38 40 42.69575938553641
38 41 32.7999269198198
38 42 21.02747121804882
38 43 42.23183098544287
38 44 28.16544756273875
38 45 51.93143167345633
38 46 24.60045117155487
38 47 7.894376831708792
38 48 22.31132655552353
38 49 51.0482880801753
38 50 25.44201515128489
38 51 48.20576605000267
38 52 9.822554440828748
38 53 50.38696088082671
38 54 4.125919222335396
38 55 39.2664542907417
38 56 33.86249351197604
38 57 33.65465910860127
38 58 34.535455190403916
38 59 42.48170314120426
38 60 21.433916446768837
38 61 35.29103839608522
38 62 16.47236671773632
38 63 43.130587613566995
38 64 42.54729160939019
38 65 36.73987930843562
38 66 7.377329421936343
38 67 20.195078317638867
38 68 41.56788715251097
38 69 20.545554849855137
38 70 40.969294771949784
38 71 1.5131527993574996
38 72 59.682319489102696
38 73 5.280857582397829
38 74 30.91350594605009
38 75 48.24964610147593
38 76 32.936131588077835
38 77 16.527533171095826
38 78 36.99146810377146
38 79 42.81065781257275
38 80 26.496288789068164
39 1 35.188569559690414
39 2 38.1094812961825
39 3 13.42114764248848
39 4 3.3577609365757266
39 5 14.939168237345193
39 6 26.04790549917405
39 7 32.80391127253365
39 8 22.713415725756
39 9 10.474448723622036
39 10 3.3466128400868276
39 11 10.841207846707006
39 12 17.41787416581692
39 13 42.51711670077265
39 14 3.384049539137076
39 15 15.638901151028172
39 16 27.21143756673709
39 17 39.05315891033914
39 18 13.482743967407634
39 19 25.270625642009172
39 20 14.081438520449826
39 21 12.03015002979834
39 22 31.612198908181426
39 23 35.7105939342184
39 24 20.905771839215507
39 25 40.20800381981282
39 26 11.49770376555313
39 27 36.9611184560108
39 28 7.267635489659684
39 29 24.407114368773012
39 30 10.97278205192178
39 31 25.851369542917723
39 32 12.501655518558014
39 33 11.055115273248454
39 34 44.48364185882788
39 35 38.17337253503736
39 36 30.48782404571016
39 37 4.661212618071213
39 38 36.85999014651255
39 39 36.29027672807526
39 40 22.24282619445781
39 41 22.750679160719454
39 42 21.818828514794085
39 43 24.094356276122415
39 44 16.061778590262556
39 45 10.003728092931901
39 46 29.96265336371666
39 47 34.82278654156325
39 48 37.829272178822684
39 49 21.86814929789562
39 50 30.437590994162466
39 51 6.755277455288415
39 52 34.10575614319363
39 53 8.165319594372871
39 54 46.2253979788629
39 55 7.117451855747029
39 56 10.393891739982964
39 57 21.59158493644729
39 58 12.939566348900433
39 59 12.64114182086444
39 60 28.429377918527067
39 61 17.76828927267056
39 62 30.336034475893385
39 63 11.813643915127235
39 64 5.841924905333864
39 65 7.497625290805361
39 66 35.41454722756609
39 67 31.668131825149743
39 68 2.146055048577865
39 69 32.127702303957925
39 70 12.023182632771537
39 71 41.42681814929965
39 72 19.93939610788769
39 73 40.395029826276755
39 74 26.325395153682056
39 75 17.134481318144033
39 76 23.81798537423775
39 77 37.03641380815057
39 78 22.255781127449623
39 79 25.230155738156697
39 80 16.31470200232026
40 1 43.70258000315782
40 2 8.84440496829657
40 3 28.683392202162466
40 4 35.202325103148866
40 5 19.902033900013972
40 6 47.641835996798996
40 7 45.42996692392107
40 8 9.895844707101459
40 9 36.44776648232945
40 10 29.9315650325732
40 11 40.24926440248357
40 12 33.170896398241354
40 13 46.08067900598018
40 14 33.635127992725934
40 15 45.50105880282803
40 16 37.34172798317474
40 17 14.585907584654878
40 18 34.348040600158825
40 19 44.00150434927958
40 20 26.26467597194741
40 21 38.41837785832038
40 22 23.58779004487925
40 23 44.28657003302946
40 24 19.715021670995704
40 25 40.239037213207304
40 26 36.23497427624143
40 27 47.41515447426115
40 28 28.194677605554798
40 29 25.621867304023883
40 30 24.716212470748484
40 31 49.21138180426013
40 32 20.10977175103766
40 33 33.67662022423734
40 34 42.44575404012773
40 35 17.511284884435245
40 36 6.832811759165461
40 37 37.25858408434675
40 38 22.303536836970736
40 39 12.25191507639766
40 40 52.049182345208536
40 41 47.484153166143905
40 42 33.25849746029385
40 43 8.826669967245994
40 44 35.779321353987534
40 45 33.633596333263405
40 46 18.17652437319987
40 47 37.21907917486044
40 48 22.452631843439434
40 49 18.118246566594134
40 50 49.584356530007064
40 51 38.617964537285104
40 52 40.534423718503746
40 53 33.72559593005975
40 54 46.79568330520965
40 55 25.646644755641862
40 56 35.15970909745727
40 57 46.982803935657074
40 58 21.42452000608084
40 59 20.471296375236893
40 60 21.788990782735382
40 61 15.913205613555679
40 62 42.57365267704036
40 63 43.376835273815466
40 64 37.87039513725741
40 65 26.673580282593324
40 66 37.099795660616955
40 67 47.104891826532494
40 68 33.86682335174906
40 69 22.219712159312337
40 70 20.68357824220327
40 71 42.43678269761565
40 72 33.29627888640867
40 73 44.47652170370495
40 74 49.45481044257952
40 75 19.88073554247573
40 76 12.242163814943083
40 77 27.041505589714838
40 78 10.955298682748165
40 79 7.856673123069077
40 80 31.876342147536036
