DATASET: Gunluk and Lee 2009
FACILITIES: 10
CUSTOMERS: 20
FIXED_COSTS:
1 45.0
2 52.0
3 75.0
4 22.0
5 48.0
6 79.0
7 16.0
8 27.0
9 5.0
10 82.0
CAPACITIES:
1 1018
2 1018
3 1018
4 1018
5 1018
6 1018
7 1018
8 1018
9 1018
10 1018
DEMANDS:
1 11
2 53
3 57
4 31
5 83
6 43
7 72
8 20
9 71
10 84
11 77
12 28
13 71
14 34
15 26
16 66
17 48
18 54
19 54
20 35
ASSIGNMENT_COSTS:
1 1 36.51516019621636
1 2 8.037310996408127
1 3 20.344333043567055
1 4 16.493588669093203
1 5 20.461338521661354
1 6 19.607567937293428
1 7 16.007016364742288
1 8 6.848895146562429
1 9 20.420922278656622
1 10 16.09231316537518
1 11 37.45253190605907
1 12 36.23233864390271
1 13 8.84236249084274
1 14 20.939199590780063
1 15 27.32666252954015
1 16 22.400694448046778
1 17 36.20511639095327
1 18 19.368947542900024
1 19 31.022262148531116
1 20 8.919734799517059
2 1 56.0795444256822
2 2 17.610182378137
2 3 13.377441925565497
2 4 4.827613463668382
2 5 34.668327894724776
2 6 39.00273738049868
2 7 25.135257720501286
2 8 26.387881130544837
2 9 39.22131806833209
2 10 34.594987472501984
2 11 56.5120880546037
2 12 55.75759530011619
2 13 13.080463402041149
2 14 40.43726504578956
2 15 40.23151174728534
2 16 41.958079215925245
2 17 55.67326472522245
2 18 30.901395788606106
2 19 50.5881326593599
2 20 18.407165425514087
3 1 48.0717026177317
3 2 9.458086891960644
3 3 7.265643241248985
3 4 19.81294567497742
3 5 19.27935363142101
3 6 33.769107044215104
3 7 32.22416893675316
3 8 21.213506260151224
3 9 28.65244261781379
3 10 32.30130356630803
3 11 51.55131897023361
3 12 46.56098777865852
3 13 10.306747681238829
3 14 32.21082953172533
3 15 44.75574573018233
3 16 34.24092796895917
3 17 48.86672581460882
3 18 14.36906554309452
3 19 42.413553632544485
3 20 24.056016050414385
4 1 41.721804459548
4 2 11.945250901329443
4 3 20.487495199552225
4 4 11.15759296623576
4 5 27.06161669216791
4 6 24.3295212334029
4 7 12.384032439805296
4 8 13.008048080702592
4 9 26.95244441390223
4 10 19.459998585203245
4 11 41.43286078323708
4 12 41.8520579371198
4 13 9.731475960124934
4 14 26.79345237470947
4 15 26.36899332501236
4 16 27.997461830057773
4 17 40.96941543611391
4 18 25.404732640293904
4 19 36.43833371944298
4 20 4.1773879102442395
5 1 23.056740413079048
5 2 20.344673127339224
5 3 32.40139311276749
5 4 35.57962879760005
5 5 9.466812267768926
5 6 14.585713668429982
5 7 31.48486972606428
5 8 13.907623727208154
5 9 3.681200050726853
5 10 18.427229360586388
5 11 28.667773794021134
5 12 21.028102662937307
5 13 24.65386035815452
5 14 9.245547440650846
5 15 35.203862060450064
5 16 11.283194371885378
5 17 24.625878779050627
5 18 14.040900769302448
5 19 17.639731096321583
5 20 27.37589110537687
6 1 21.6398248934778
6 2 29.88325149550848
6 3 42.924354418747434
6 4 35.96892401679958
6 5 31.76501457438733
6 6 9.30164039632452
6 7 18.979184726944005
6 8 18.012734608602905
6 9 20.752299002226955
6 10 6.885832074195823
6 11 17.618504876271608
6 12 23.69950363528766
6 13 31.447896380550795
6 14 15.55799109316893
6 15 12.875990235694296
6 16 14.46479116770302
6 17 19.306326679440875
6 18 34.40590999047331
6 19 18.397552035960217
6 20 22.18222419069956
7 1 24.52490010855716
7 2 23.133476061344478
7 3 34.02162762644697
7 4 39.086530798329996
7 5 8.248237815734415
7 6 19.079217646325112
7 7 36.347146699917914
7 8 18.520645920386116
7 9 7.605016625815013
7 10 23.329917357298854
7 11 31.358270175576553
7 12 21.842237725590994
7 13 27.644284396970555
7 14 13.195788466213829
7 15 40.08616915364501
7 16 14.985099898050985
7 17 26.695798592869245
7 18 13.523641656411844
7 19 19.616825712273663
7 20 31.881842785081638
8 1 24.988301510461003
8 2 26.667547449433055
8 3 39.425840797351526
8 4 31.875912448573036
8 5 30.533777197422772
8 6 10.108357759738748
8 7 14.9985937211809
8 8 15.277394251701448
8 9 20.82351407457467
8 10 4.922501215770506
8 11 21.67978736036106
8 12 26.67172891564058
8 13 27.87126591554589
8 14 16.290151675623537
8 15 11.931169837869422
8 16 15.711378401772247
8 17 22.95728303083175
8 18 32.606779989879975
8 19 21.165216549884306
8 20 18.05267049987273
9 1 11.947307485403716
9 2 29.296695316141495
9 3 42.70324133825796
9 4 40.76230150221012
9 5 23.69970355807055
9 6 5.86264153213606
9 7 28.862981444910634
9 8 17.850957808473574
9 9 10.621737692726633
9 10 12.224036502558286
9 11 14.695544312505996
9 12 12.263536297306608
9 13 32.52508747989458
9 14 5.217791499948624
9 15 26.106375620305535
9 16 3.0737156056483497
9 17 11.85054058471088
9 18 27.853953685793137
9 19 6.686006829720187
9 20 28.636828519539943
10 1 41.587536135712035
10 2 19.40245368598001
10 3 23.310434098368837
10 4 34.91993629392989
10 5 9.643685689600684
10 6 32.554929894135896
10 7 41.32935452426019
10 8 24.53454361988756
10 9 22.787886241556706
10 10 34.255043477961465
10 11 47.77035396430565
10 12 38.97865553066479
10 13 23.28615113608466
10 14 28.180391256275573
10 15 50.131173918440986
10 16 30.288426819816127
10 17 43.53612209438275
10 18 6.480845612281255
10 19 36.46507447214256
10 20 34.21292939121372
