# seed = 1254829604

param N := 1000;

param M := 5;

param Umax := 100.000000;

param: C :=
1	537196.178760
2	569643.093328
3	508022.028880
4	429091.296458
5	530131.800705
;

param: a :=
1	0.151950
2	0.136405
3	0.126579
4	0.190008
5	0.156792
6	0.163106
7	0.115546
8	0.112590
9	0.118260
10	0.104936
11	0.161343
12	0.166056
13	0.124859
14	0.189453
15	0.149803
16	0.150823
17	0.180118
18	0.182532
19	0.167147
20	0.158842
21	0.126022
22	0.180101
23	0.121589
24	0.151508
25	0.169722
26	0.196784
27	0.115554
28	0.101652
29	0.112246
30	0.100778
31	0.144974
32	0.157471
33	0.180006
34	0.185580
35	0.125751
36	0.153002
37	0.167455
38	0.193798
39	0.174379
40	0.150841
41	0.107022
42	0.124851
43	0.149542
44	0.121758
45	0.138937
46	0.168365
47	0.172376
48	0.102015
49	0.151014
50	0.101052
51	0.177559
52	0.157718
53	0.130043
54	0.176083
55	0.195360
56	0.157551
57	0.136723
58	0.110862
59	0.188823
60	0.199439
61	0.171932
62	0.169282
63	0.138971
64	0.127489
65	0.127068
66	0.169248
67	0.105024
68	0.168517
69	0.110462
70	0.109427
71	0.168523
72	0.199047
73	0.166814
74	0.123966
75	0.192331
76	0.143195
77	0.182088
78	0.147184
79	0.134070
80	0.153454
81	0.124897
82	0.183771
83	0.119961
84	0.113534
85	0.165530
86	0.185315
87	0.161265
88	0.131175
89	0.136636
90	0.179384
91	0.166340
92	0.146587
93	0.143583
94	0.156371
95	0.199256
96	0.126330
97	0.176469
98	0.128849
99	0.153124
100	0.126190
101	0.112066
102	0.186681
103	0.118438
104	0.142229
105	0.125927
106	0.172929
107	0.132896
108	0.135246
109	0.112092
110	0.182719
111	0.125134
112	0.113751
113	0.127077
114	0.170071
115	0.125172
116	0.161024
117	0.126990
118	0.129667
119	0.182515
120	0.196865
121	0.120664
122	0.159673
123	0.182905
124	0.195036
125	0.119752
126	0.165880
127	0.184299
128	0.106405
129	0.103166
130	0.170738
131	0.195457
132	0.102989
133	0.140503
134	0.146614
135	0.165075
136	0.112984
137	0.110556
138	0.150421
139	0.154915
140	0.159089
141	0.167680
142	0.128953
143	0.151907
144	0.136960
145	0.166752
146	0.131696
147	0.105631
148	0.114565
149	0.164680
150	0.185692
151	0.123070
152	0.144718
153	0.174570
154	0.102855
155	0.112675
156	0.126685
157	0.176934
158	0.159192
159	0.106923
160	0.131844
161	0.175605
162	0.140054
163	0.126667
164	0.164885
165	0.194927
166	0.160550
167	0.126760
168	0.128079
169	0.122423
170	0.166617
171	0.116464
172	0.149146
173	0.129427
174	0.149149
175	0.120178
176	0.169911
177	0.117386
178	0.133528
179	0.169549
180	0.161595
181	0.106749
182	0.150479
183	0.140285
184	0.113193
185	0.185991
186	0.167731
187	0.133371
188	0.171787
189	0.110219
190	0.179618
191	0.172693
192	0.199537
193	0.157599
194	0.171760
195	0.183671
196	0.112884
197	0.149372
198	0.138474
199	0.143085
200	0.136333
201	0.152020
202	0.169443
203	0.101922
204	0.109330
205	0.163139
206	0.102466
207	0.153462
208	0.180544
209	0.160514
210	0.117089
211	0.144117
212	0.129338
213	0.164928
214	0.156836
215	0.157059
216	0.163247
217	0.173788
218	0.191570
219	0.167950
220	0.198008
221	0.198545
222	0.127391
223	0.168285
224	0.192963
225	0.114780
226	0.134444
227	0.129775
228	0.139488
229	0.181876
230	0.178756
231	0.175095
232	0.138462
233	0.112142
234	0.141961
235	0.133624
236	0.114147
237	0.118622
238	0.154770
239	0.142383
240	0.120323
241	0.130014
242	0.105684
243	0.111565
244	0.141151
245	0.147938
246	0.103189
247	0.126119
248	0.191463
249	0.115566
250	0.115596
251	0.121149
252	0.131783
253	0.184292
254	0.155448
255	0.183759
256	0.114214
257	0.173478
258	0.131203
259	0.175392
260	0.144864
261	0.188735
262	0.105558
263	0.180101
264	0.177693
265	0.173823
266	0.191201
267	0.146041
268	0.135561
269	0.160716
270	0.183604
271	0.112403
272	0.156153
273	0.182723
274	0.123652
275	0.155299
276	0.108967
277	0.118885
278	0.168555
279	0.118454
280	0.145420
281	0.175568
282	0.161443
283	0.171718
284	0.166713
285	0.192080
286	0.111866
287	0.191456
288	0.169152
289	0.165746
290	0.168484
291	0.115378
292	0.180320
293	0.161542
294	0.132649
295	0.122506
296	0.139715
297	0.186148
298	0.171368
299	0.111496
300	0.105742
301	0.108441
302	0.115876
303	0.116849
304	0.166629
305	0.171866
306	0.136698
307	0.196320
308	0.131993
309	0.146031
310	0.124893
311	0.118497
312	0.112223
313	0.174375
314	0.115909
315	0.139914
316	0.110662
317	0.191076
318	0.115161
319	0.155788
320	0.199536
321	0.115485
322	0.180870
323	0.103888
324	0.122825
325	0.130015
326	0.174073
327	0.121028
328	0.113411
329	0.176178
330	0.192257
331	0.114397
332	0.177684
333	0.155885
334	0.179038
335	0.153804
336	0.114248
337	0.110750
338	0.161485
339	0.188591
340	0.150342
341	0.132861
342	0.183169
343	0.192874
344	0.150458
345	0.141250
346	0.119639
347	0.199264
348	0.153058
349	0.170344
350	0.124647
351	0.124386
352	0.181072
353	0.163477
354	0.190774
355	0.116060
356	0.123149
357	0.168858
358	0.166575
359	0.156685
360	0.146717
361	0.141507
362	0.176675
363	0.127937
364	0.135067
365	0.105363
366	0.132002
367	0.186611
368	0.129997
369	0.116764
370	0.102864
371	0.152899
372	0.108386
373	0.146434
374	0.113318
375	0.175270
376	0.177354
377	0.192114
378	0.115670
379	0.154917
380	0.137440
381	0.122473
382	0.129716
383	0.109184
384	0.137215
385	0.122989
386	0.135764
387	0.101541
388	0.155399
389	0.101475
390	0.167375
391	0.126385
392	0.103642
393	0.146194
394	0.145504
395	0.194996
396	0.174470
397	0.170954
398	0.133426
399	0.115208
400	0.113633
401	0.144256
402	0.102999
403	0.133873
404	0.194963
405	0.189296
406	0.107246
407	0.175877
408	0.124552
409	0.116545
410	0.100560
411	0.198490
412	0.189874
413	0.144921
414	0.165183
415	0.121471
416	0.160038
417	0.158489
418	0.172293
419	0.144118
420	0.188719
421	0.187035
422	0.179146
423	0.102519
424	0.125870
425	0.166463
426	0.183584
427	0.146847
428	0.188368
429	0.152374
430	0.150230
431	0.176060
432	0.146569
433	0.129139
434	0.163029
435	0.171496
436	0.172868
437	0.161493
438	0.130838
439	0.195643
440	0.145117
441	0.118931
442	0.171150
443	0.143621
444	0.108495
445	0.176643
446	0.164974
447	0.161896
448	0.118197
449	0.196267
450	0.169230
451	0.179207
452	0.103992
453	0.157172
454	0.101254
455	0.195089
456	0.132721
457	0.108646
458	0.171299
459	0.141997
460	0.190461
461	0.198371
462	0.105662
463	0.158625
464	0.187153
465	0.131885
466	0.172475
467	0.176276
468	0.121129
469	0.158775
470	0.143459
471	0.115863
472	0.123453
473	0.126336
474	0.113714
475	0.141637
476	0.101748
477	0.108326
478	0.180251
479	0.161633
480	0.103241
481	0.186806
482	0.103286
483	0.132712
484	0.132032
485	0.163439
486	0.160734
487	0.141491
488	0.196473
489	0.174801
490	0.141550
491	0.151745
492	0.141499
493	0.180612
494	0.148071
495	0.152536
496	0.158419
497	0.154710
498	0.153757
499	0.141946
500	0.128434
501	0.182639
502	0.172168
503	0.122316
504	0.159796
505	0.166929
506	0.135797
507	0.111628
508	0.180103
509	0.121337
510	0.107652
511	0.163710
512	0.116852
513	0.187750
514	0.188603
515	0.167864
516	0.163286
517	0.155000
518	0.182259
519	0.157297
520	0.172204
521	0.163073
522	0.158743
523	0.191282
524	0.178667
525	0.166076
526	0.193859
527	0.166585
528	0.121122
529	0.179414
530	0.177249
531	0.117259
532	0.141870
533	0.140814
534	0.124239
535	0.128307
536	0.169763
537	0.150438
538	0.156557
539	0.105459
540	0.114051
541	0.173888
542	0.187430
543	0.158680
544	0.196750
545	0.137577
546	0.113399
547	0.108524
548	0.104366
549	0.113915
550	0.155164
551	0.152759
552	0.188033
553	0.172045
554	0.180476
555	0.146472
556	0.153354
557	0.127661
558	0.176759
559	0.105265
560	0.189863
561	0.136062
562	0.194480
563	0.139914
564	0.107440
565	0.197189
566	0.112237
567	0.105907
568	0.129306
569	0.115873
570	0.122068
571	0.126718
572	0.153285
573	0.144761
574	0.126893
575	0.151966
576	0.128436
577	0.156856
578	0.156780
579	0.127579
580	0.166726
581	0.182280
582	0.194166
583	0.124933
584	0.130096
585	0.125343
586	0.179113
587	0.155811
588	0.146467
589	0.109449
590	0.116182
591	0.144897
592	0.133887
593	0.171009
594	0.191774
595	0.191208
596	0.125198
597	0.101735
598	0.104739
599	0.174553
600	0.166094
601	0.114189
602	0.107386
603	0.156327
604	0.109425
605	0.112387
606	0.187038
607	0.169493
608	0.155751
609	0.140754
610	0.142678
611	0.127811
612	0.142920
613	0.129246
614	0.158876
615	0.157410
616	0.114981
617	0.188882
618	0.188544
619	0.135689
620	0.160395
621	0.129711
622	0.178734
623	0.194722
624	0.114678
625	0.129516
626	0.174881
627	0.112701
628	0.120275
629	0.103078
630	0.125331
631	0.102700
632	0.169104
633	0.182270
634	0.181984
635	0.135704
636	0.169638
637	0.157803
638	0.179433
639	0.113292
640	0.107586
641	0.134832
642	0.166414
643	0.155683
644	0.125767
645	0.159829
646	0.121608
647	0.117130
648	0.165160
649	0.132505
650	0.173907
651	0.101135
652	0.157508
653	0.189714
654	0.178057
655	0.189907
656	0.123445
657	0.144297
658	0.171288
659	0.157434
660	0.120567
661	0.170990
662	0.112945
663	0.108742
664	0.176161
665	0.103959
666	0.149457
667	0.123252
668	0.114132
669	0.101065
670	0.122756
671	0.121868
672	0.103868
673	0.111799
674	0.179788
675	0.110621
676	0.185995
677	0.187522
678	0.161326
679	0.107785
680	0.155629
681	0.164885
682	0.113182
683	0.180023
684	0.193917
685	0.148189
686	0.135554
687	0.155223
688	0.123735
689	0.161242
690	0.116175
691	0.151048
692	0.140741
693	0.148207
694	0.161984
695	0.158925
696	0.170954
697	0.187238
698	0.103995
699	0.118095
700	0.168123
701	0.186459
702	0.156097
703	0.147489
704	0.108266
705	0.175779
706	0.119119
707	0.194657
708	0.198539
709	0.167511
710	0.119116
711	0.111587
712	0.164202
713	0.151805
714	0.119500
715	0.111889
716	0.130136
717	0.133943
718	0.141588
719	0.107399
720	0.189481
721	0.109485
722	0.193502
723	0.185251
724	0.166308
725	0.146210
726	0.111143
727	0.171755
728	0.140302
729	0.113244
730	0.127074
731	0.142622
732	0.168239
733	0.161627
734	0.193250
735	0.102789
736	0.165173
737	0.110131
738	0.163864
739	0.132537
740	0.177612
741	0.192628
742	0.176594
743	0.191128
744	0.183406
745	0.187941
746	0.130473
747	0.142475
748	0.123891
749	0.161065
750	0.183495
751	0.188330
752	0.150263
753	0.104761
754	0.189088
755	0.111914
756	0.126061
757	0.122585
758	0.140845
759	0.160381
760	0.199519
761	0.111176
762	0.153765
763	0.144799
764	0.144761
765	0.111256
766	0.175618
767	0.157276
768	0.178552
769	0.125668
770	0.171563
771	0.184384
772	0.144005
773	0.102033
774	0.109479
775	0.182618
776	0.106727
777	0.192098
778	0.139187
779	0.130624
780	0.159571
781	0.125606
782	0.194692
783	0.180741
784	0.185918
785	0.164299
786	0.198758
787	0.112498
788	0.197831
789	0.101266
790	0.106831
791	0.196993
792	0.195155
793	0.179947
794	0.163611
795	0.175864
796	0.184064
797	0.175151
798	0.188792
799	0.141368
800	0.139082
801	0.149248
802	0.150139
803	0.196564
804	0.156564
805	0.111150
806	0.122878
807	0.188188
808	0.177978
809	0.128623
810	0.145264
811	0.164328
812	0.143890
813	0.191114
814	0.105695
815	0.121442
816	0.128123
817	0.130387
818	0.116009
819	0.161983
820	0.192044
821	0.168299
822	0.130566
823	0.120729
824	0.110502
825	0.165564
826	0.132205
827	0.132958
828	0.108143
829	0.103106
830	0.179089
831	0.130911
832	0.114780
833	0.117265
834	0.129993
835	0.188960
836	0.172774
837	0.120911
838	0.100411
839	0.166330
840	0.188223
841	0.172718
842	0.196153
843	0.172360
844	0.182256
845	0.180306
846	0.182181
847	0.191994
848	0.196612
849	0.125649
850	0.139297
851	0.152510
852	0.136875
853	0.112510
854	0.147732
855	0.188110
856	0.122938
857	0.119463
858	0.119084
859	0.104536
860	0.166913
861	0.143788
862	0.102352
863	0.118730
864	0.138293
865	0.114035
866	0.165663
867	0.172406
868	0.110059
869	0.199701
870	0.147808
871	0.187353
872	0.186563
873	0.148698
874	0.106968
875	0.142610
876	0.172949
877	0.179116
878	0.143816
879	0.134642
880	0.199615
881	0.176899
882	0.120494
883	0.188578
884	0.190920
885	0.196621
886	0.139257
887	0.121905
888	0.127206
889	0.107582
890	0.124490
891	0.156089
892	0.179179
893	0.108021
894	0.155597
895	0.129466
896	0.100976
897	0.113772
898	0.107429
899	0.187765
900	0.118890
901	0.131373
902	0.191015
903	0.175233
904	0.165397
905	0.162733
906	0.195091
907	0.155156
908	0.183629
909	0.100653
910	0.113730
911	0.196553
912	0.143359
913	0.142341
914	0.117452
915	0.165135
916	0.133276
917	0.186958
918	0.169356
919	0.118704
920	0.187119
921	0.123701
922	0.165318
923	0.160621
924	0.180867
925	0.172504
926	0.148576
927	0.162621
928	0.147543
929	0.140890
930	0.111769
931	0.116318
932	0.170116
933	0.100898
934	0.152935
935	0.175211
936	0.104449
937	0.156812
938	0.151734
939	0.112548
940	0.121153
941	0.107667
942	0.178227
943	0.199414
944	0.153845
945	0.130319
946	0.127706
947	0.114536
948	0.199096
949	0.157644
950	0.108435
951	0.141954
952	0.113306
953	0.131114
954	0.179439
955	0.157989
956	0.196170
957	0.185455
958	0.114384
959	0.192012
960	0.165552
961	0.177201
962	0.193742
963	0.167789
964	0.168720
965	0.140480
966	0.170487
967	0.130424
968	0.114995
969	0.189076
970	0.138954
971	0.147010
972	0.100402
973	0.147340
974	0.184866
975	0.175075
976	0.191577
977	0.101547
978	0.186780
979	0.178158
980	0.113322
981	0.106888
982	0.189818
983	0.196772
984	0.130937
985	0.179001
986	0.125357
987	0.142225
988	0.106438
989	0.132067
990	0.191061
991	0.189748
992	0.154742
993	0.146415
994	0.118762
995	0.183677
996	0.102946
997	0.104269
998	0.164409
999	0.193464
1000	0.178181
;

param: b :=
1	62.739322
2	56.760300
3	85.770234
4	85.980023
5	65.589367
6	90.437255
7	8.782817
8	78.718668
9	2.512548
10	79.899076
11	51.770072
12	39.339411
13	52.985112
14	15.120836
15	48.971527
16	16.294660
17	55.401747
18	73.119853
19	17.315913
20	61.555074
21	82.662445
22	70.412298
23	78.979766
24	67.163737
25	89.629917
26	92.108353
27	57.772844
28	36.892624
29	33.556875
30	83.626760
31	29.663661
32	18.694449
33	96.312014
34	89.287885
35	45.600180
36	41.263334
37	83.328200
38	20.666380
39	28.842071
40	68.177209
41	66.588647
42	94.835942
43	53.651317
44	74.208734
45	20.070021
46	87.514811
47	81.153172
48	44.358710
49	99.894572
50	89.289794
51	77.502266
52	97.811043
53	0.938239
54	26.999327
55	44.920348
56	80.618290
57	89.624209
58	49.492265
59	42.596302
60	18.002159
61	59.603770
62	6.729455
63	7.747316
64	46.518566
65	33.193599
66	5.500015
67	35.760045
68	31.134335
69	27.276698
70	46.370437
71	85.509444
72	39.439686
73	97.185169
74	64.679690
75	26.095923
76	11.663440
77	21.170821
78	5.069274
79	11.069447
80	97.064051
81	35.956583
82	48.353654
83	57.206891
84	22.759242
85	78.405520
86	13.399451
87	82.123216
88	83.829597
89	0.991830
90	72.341897
91	13.212581
92	29.739042
93	56.419207
94	67.740065
95	28.641959
96	94.795245
97	91.995438
98	18.139092
99	58.989737
100	78.583425
101	65.753548
102	88.158654
103	22.942394
104	2.977845
105	61.510745
106	21.829812
107	48.290296
108	18.808488
109	29.643049
110	60.130205
111	21.279967
112	75.437543
113	8.954712
114	16.403657
115	80.441536
116	96.114640
117	92.907578
118	70.769506
119	95.493134
120	12.538604
121	81.927401
122	38.939246
123	45.136355
124	25.319643
125	48.404917
126	72.399403
127	79.598842
128	5.301055
129	80.748700
130	97.822698
131	63.413785
132	50.566130
133	90.698954
134	57.990200
135	46.234411
136	4.396751
137	10.161725
138	25.662781
139	2.271179
140	90.629631
141	65.793031
142	17.245642
143	86.352722
144	13.800423
145	37.288570
146	48.602932
147	11.221953
148	14.516360
149	70.321348
150	43.751917
151	87.132481
152	32.606757
153	22.282170
154	4.248655
155	0.264374
156	75.032501
157	97.256914
158	85.065655
159	59.010623
160	97.149165
161	66.881005
162	95.274424
163	67.796752
164	68.404868
165	2.582977
166	50.770287
167	89.098009
168	99.812395
169	86.000597
170	54.025877
171	54.754058
172	88.871084
173	69.932227
174	29.363244
175	24.533672
176	45.266529
177	49.993500
178	18.799897
179	87.404619
180	10.160310
181	11.274922
182	51.356304
183	35.564812
184	33.660030
185	49.927875
186	79.489804
187	92.531842
188	20.654699
189	47.262715
190	58.291483
191	89.627407
192	19.466964
193	54.006834
194	11.247789
195	7.312559
196	37.687368
197	66.631802
198	37.507357
199	83.085816
200	12.626426
201	64.840902
202	30.392393
203	29.517717
204	71.347004
205	90.249466
206	11.622345
207	88.281554
208	39.937888
209	43.063596
210	60.807148
211	85.223570
212	26.502617
213	26.542911
214	3.104619
215	53.532384
216	23.748814
217	54.647423
218	1.347296
219	28.633090
220	75.830994
221	92.042775
222	49.101570
223	66.995617
224	90.911528
225	66.099556
226	13.759210
227	87.287442
228	79.548244
229	30.224508
230	89.118220
231	33.889235
232	92.788501
233	29.163361
234	92.416875
235	46.080563
236	52.132134
237	9.719401
238	10.450999
239	30.312248
240	53.162708
241	14.816175
242	28.742733
243	55.659241
244	71.465930
245	44.386858
246	7.263425
247	8.860358
248	95.250636
249	43.352264
250	29.804114
251	1.632830
252	44.285927
253	66.653517
254	79.026447
255	23.212908
256	87.302460
257	66.876628
258	81.455215
259	11.331981
260	62.832560
261	80.094201
262	57.114772
263	20.706176
264	53.934011
265	5.344424
266	7.330397
267	57.858286
268	45.291169
269	54.764700
270	8.127536
271	9.260830
272	95.910836
273	77.755191
274	2.043063
275	42.242059
276	52.128774
277	52.800044
278	18.462215
279	30.335548
280	64.997921
281	63.498129
282	16.007192
283	61.131822
284	37.099670
285	38.588039
286	65.431761
287	86.295185
288	41.664567
289	25.021492
290	41.663343
291	2.467313
292	42.291785
293	16.707915
294	67.822941
295	7.737679
296	36.034284
297	85.759150
298	66.852874
299	20.820825
300	83.458697
301	66.842821
302	94.303825
303	26.374641
304	37.105996
305	36.601558
306	86.420642
307	32.453602
308	45.383479
309	19.268380
310	63.104021
311	76.518973
312	72.400614
313	79.412485
314	3.968106
315	43.287417
316	76.791122
317	51.271749
318	28.110496
319	33.153764
320	0.564322
321	93.753657
322	51.803508
323	74.813297
324	77.012047
325	37.988264
326	20.165880
327	98.655682
328	43.006109
329	39.742649
330	34.852790
331	41.083771
332	57.414526
333	21.919547
334	37.056098
335	46.816471
336	47.618133
337	7.250222
338	43.475343
339	99.249867
340	6.869639
341	31.207642
342	59.762574
343	87.616558
344	54.129644
345	87.054421
346	57.878424
347	12.450589
348	6.756721
349	80.117795
350	80.668334
351	62.780551
352	40.769004
353	2.092143
354	83.024176
355	78.846864
356	11.946807
357	74.427248
358	16.116322
359	58.247786
360	80.267859
361	95.213435
362	15.041411
363	35.258377
364	90.769770
365	28.078767
366	73.117173
367	44.747714
368	30.902605
369	52.393727
370	91.340874
371	94.645737
372	28.689150
373	92.836579
374	23.915335
375	81.764418
376	10.695908
377	97.611244
378	91.313215
379	56.267179
380	44.913360
381	90.677470
382	0.593041
383	51.208827
384	19.477839
385	15.119187
386	50.804663
387	32.337218
388	22.935328
389	73.787872
390	81.606429
391	15.813397
392	47.726398
393	96.810574
394	58.482436
395	3.147463
396	95.610119
397	97.928162
398	31.523256
399	59.603023
400	50.639968
401	21.593644
402	15.600298
403	3.098580
404	71.547804
405	67.788431
406	26.532149
407	72.671004
408	34.336833
409	3.864179
410	96.580483
411	52.359373
412	50.295781
413	89.315519
414	44.197166
415	11.130128
416	91.611770
417	72.061744
418	65.311915
419	9.004710
420	60.683537
421	65.180103
422	65.124834
423	46.962987
424	81.846392
425	35.394894
426	23.247624
427	43.465893
428	92.391380
429	38.730244
430	89.001805
431	4.405862
432	14.579402
433	84.994257
434	49.643076
435	29.080837
436	49.554523
437	79.058406
438	23.735333
439	22.158783
440	73.149057
441	7.243998
442	16.384755
443	13.858049
444	66.361441
445	28.770960
446	68.636127
447	16.982504
448	11.982177
449	17.940647
450	3.203020
451	60.632624
452	25.721868
453	77.927940
454	86.996235
455	74.404555
456	42.523963
457	31.754299
458	77.740347
459	81.259096
460	84.006403
461	16.292736
462	10.349371
463	86.623678
464	17.069927
465	47.373280
466	94.045948
467	7.901107
468	18.486478
469	11.864775
470	40.578237
471	13.455660
472	10.753886
473	13.861407
474	79.007129
475	68.367714
476	68.183149
477	92.316762
478	25.107802
479	17.673366
480	3.532375
481	90.050248
482	32.665506
483	73.983999
484	76.172233
485	35.014985
486	43.234602
487	2.098667
488	26.269732
489	12.141932
490	8.269105
491	5.735142
492	97.662660
493	11.355278
494	58.783068
495	88.553450
496	59.997213
497	94.399839
498	12.875008
499	23.332409
500	5.071245
501	41.578295
502	91.413068
503	99.937905
504	84.101475
505	30.732688
506	89.457054
507	62.862007
508	91.172924
509	22.442396
510	9.599905
511	58.769868
512	49.662064
513	21.285075
514	87.930615
515	97.209670
516	11.854206
517	63.884574
518	0.971299
519	79.258550
520	38.646858
521	71.530397
522	36.858749
523	70.357391
524	36.006048
525	63.375006
526	70.192711
527	31.949086
528	37.057485
529	99.990734
530	58.998110
531	98.772183
532	17.892018
533	60.520498
534	7.325627
535	46.032665
536	28.327565
537	76.766591
538	20.760250
539	64.324960
540	48.414503
541	18.250068
542	59.676637
543	23.230439
544	75.033884
545	20.900295
546	26.843851
547	45.141028
548	57.020709
549	60.703316
550	6.615717
551	15.621016
552	29.027935
553	90.048455
554	11.448000
555	89.122307
556	54.679203
557	60.326712
558	58.651450
559	4.061019
560	31.162260
561	52.995378
562	63.589780
563	27.744395
564	65.016967
565	17.688641
566	17.276584
567	70.889625
568	95.878062
569	76.409737
570	54.797043
571	76.271790
572	40.049733
573	58.728183
574	50.862037
575	87.480640
576	97.740762
577	84.839406
578	95.050090
579	22.503337
580	0.239511
581	74.697033
582	74.483221
583	40.655861
584	34.808244
585	10.376914
586	98.669534
587	56.314316
588	9.304378
589	19.509956
590	56.988470
591	18.996393
592	59.063240
593	73.660374
594	13.573619
595	78.067892
596	41.150210
597	2.441208
598	85.784438
599	25.357902
600	55.738722
601	55.405242
602	67.047571
603	71.070265
604	14.866436
605	25.431845
606	55.774966
607	7.264804
608	79.304320
609	33.602317
610	77.212034
611	63.817344
612	9.421040
613	57.548088
614	60.374247
615	15.791162
616	19.797924
617	1.387545
618	85.324873
619	27.063850
620	4.326726
621	26.575383
622	15.943060
623	28.405947
624	18.312093
625	83.559607
626	20.838646
627	96.652785
628	86.590255
629	38.489616
630	8.663710
631	10.983077
632	20.774570
633	15.142946
634	19.123486
635	98.620229
636	15.555801
637	58.906994
638	67.001621
639	53.968735
640	79.646084
641	52.879659
642	5.851586
643	25.486820
644	43.122134
645	64.633650
646	52.000816
647	28.381163
648	57.352756
649	79.502987
650	79.237909
651	24.121684
652	91.532717
653	16.579636
654	76.930005
655	81.008554
656	14.337123
657	10.894259
658	97.019134
659	81.539876
660	48.953277
661	75.344807
662	74.687912
663	70.960163
664	82.781790
665	5.946280
666	37.574243
667	90.686991
668	14.662429
669	52.985517
670	72.566583
671	34.204998
672	27.473502
673	52.915956
674	24.287071
675	97.470154
676	45.662565
677	55.124420
678	18.415633
679	61.911529
680	25.429874
681	35.545465
682	72.396153
683	67.146276
684	51.462916
685	62.315766
686	4.812774
687	96.793040
688	87.710167
689	7.872057
690	15.935776
691	64.472990
692	50.089089
693	29.351890
694	37.224350
695	78.816839
696	9.580386
697	71.473458
698	60.761541
699	70.671635
700	58.869617
701	18.638412
702	30.358670
703	60.106195
704	41.821244
705	62.458474
706	8.143506
707	26.963735
708	6.015174
709	67.653127
710	98.035904
711	35.783731
712	65.662987
713	77.072511
714	36.839597
715	3.737926
716	69.995124
717	89.024224
718	3.002855
719	77.341477
720	60.029890
721	34.377058
722	64.278085
723	18.988128
724	92.623222
725	74.938492
726	98.181798
727	73.108977
728	65.251031
729	80.804250
730	10.292157
731	34.075564
732	49.266158
733	15.492736
734	56.976037
735	78.022707
736	99.147008
737	32.256905
738	31.139685
739	66.448988
740	11.785703
741	32.894424
742	91.134152
743	19.023008
744	76.079792
745	35.589061
746	55.923038
747	63.200040
748	73.655333
749	19.133050
750	57.496802
751	84.498686
752	66.154006
753	58.648703
754	47.574121
755	30.448191
756	96.978898
757	21.820127
758	68.986482
759	64.338546
760	49.394608
761	40.798817
762	31.949966
763	38.385732
764	63.679471
765	28.796671
766	54.584363
767	22.389815
768	60.267571
769	74.612622
770	57.689271
771	8.914340
772	47.597127
773	39.779817
774	4.853248
775	95.375827
776	68.635390
777	52.236746
778	91.005575
779	59.784239
780	21.304509
781	48.739315
782	41.612272
783	52.784004
784	95.136668
785	88.355760
786	37.159155
787	15.302999
788	93.577567
789	93.019161
790	48.886633
791	61.920072
792	8.422513
793	29.137945
794	29.798152
795	56.678338
796	89.742472
797	25.161661
798	65.280116
799	45.406173
800	18.401843
801	36.546946
802	68.407079
803	93.823823
804	34.639480
805	41.181197
806	61.289952
807	79.296497
808	68.818845
809	83.742615
810	6.924435
811	85.643049
812	32.710196
813	46.451903
814	27.611540
815	66.364742
816	48.021003
817	56.681169
818	22.195898
819	76.263573
820	9.733792
821	47.436270
822	94.954420
823	84.602189
824	44.894475
825	71.709398
826	84.519533
827	54.012510
828	77.363730
829	27.086014
830	57.596631
831	29.756011
832	69.423196
833	33.219661
834	83.358848
835	48.897325
836	84.230453
837	4.551241
838	74.723967
839	24.427017
840	5.472385
841	34.565355
842	62.294375
843	70.652362
844	50.949579
845	59.778099
846	76.735242
847	37.899906
848	88.307816
849	92.910181
850	48.391556
851	24.923254
852	17.229428
853	69.598395
854	66.028427
855	63.095308
856	36.108683
857	69.846760
858	57.956094
859	21.764894
860	72.579445
861	5.083779
862	46.213947
863	99.436961
864	43.463127
865	64.953734
866	86.106728
867	66.660186
868	47.878739
869	66.793007
870	71.390735
871	40.316394
872	27.498469
873	21.351006
874	66.921292
875	42.818709
876	17.707603
877	94.937205
878	62.440960
879	38.131030
880	58.640660
881	56.981243
882	31.625779
883	46.917309
884	16.699627
885	9.832577
886	28.972449
887	78.069920
888	86.976185
889	60.372775
890	32.649737
891	6.346976
892	39.609840
893	21.229870
894	35.552397
895	31.551465
896	55.651075
897	7.021135
898	10.623222
899	80.126938
900	62.212946
901	23.044235
902	0.069193
903	10.717428
904	54.385497
905	0.145362
906	12.801600
907	50.489776
908	63.904625
909	68.719114
910	24.072446
911	29.248539
912	98.262532
913	67.489764
914	55.395026
915	67.757002
916	50.432611
917	99.890530
918	66.915961
919	47.659492
920	4.024845
921	56.537647
922	74.577167
923	2.781925
924	76.173266
925	0.894877
926	6.362014
927	47.096929
928	66.825245
929	51.836525
930	99.562354
931	77.527616
932	94.044552
933	24.230154
934	2.743351
935	56.800532
936	72.411364
937	55.593909
938	9.576462
939	55.764142
940	30.020431
941	88.925906
942	57.912063
943	10.097394
944	6.110569
945	61.499393
946	46.887480
947	49.080645
948	95.494736
949	20.489788
950	64.269995
951	97.888863
952	86.400991
953	96.446278
954	79.737718
955	97.537798
956	25.301805
957	19.101518
958	73.481665
959	16.008768
960	48.346227
961	32.749090
962	94.673914
963	51.429743
964	72.932583
965	24.929812
966	57.869993
967	24.076376
968	9.943846
969	57.700928
970	48.717676
971	64.521317
972	91.333586
973	73.009936
974	27.714125
975	91.195604
976	41.377271
977	27.769158
978	8.513692
979	48.828554
980	25.308756
981	87.552594
982	73.792679
983	11.276151
984	13.491812
985	49.044118
986	16.432086
987	21.507009
988	50.667437
989	34.563080
990	45.324966
991	97.962878
992	78.914000
993	11.763249
994	69.316021
995	28.345026
996	46.411001
997	67.460474
998	24.266821
999	28.329665
1000	27.266449
;

param: c :=
1	26.767126
2	63.343585
3	71.630918
4	90.042651
5	14.890728
6	71.382899
7	77.672046
8	41.258550
9	61.556023
10	43.235831
11	26.945993
12	9.925794
13	4.954963
14	74.017170
15	93.567241
16	18.761284
17	63.043061
18	70.974753
19	63.543814
20	34.967314
21	41.238364
22	10.316088
23	19.872925
24	59.163522
25	76.937045
26	23.286852
27	7.630284
28	47.774391
29	14.734247
30	85.352749
31	95.739695
32	55.038051
33	8.218128
34	89.996691
35	34.812559
36	61.345433
37	30.868432
38	23.933575
39	97.736719
40	5.766129
41	47.132000
42	48.337400
43	16.518461
44	37.512603
45	51.886987
46	70.844217
47	94.940935
48	17.823485
49	84.206133
50	54.513910
51	55.050976
52	1.691104
53	53.095575
54	64.804986
55	77.246299
56	1.742348
57	96.685515
58	16.881064
59	78.992706
60	94.579955
61	56.829110
62	19.787995
63	8.419048
64	49.013860
65	1.667779
66	93.114799
67	29.347755
68	91.667482
69	9.905662
70	9.452023
71	23.934168
72	97.070492
73	39.028094
74	90.172173
75	80.261843
76	91.347728
77	55.614001
78	30.801786
79	94.416050
80	71.911368
81	38.793576
82	49.856205
83	22.171798
84	68.298630
85	78.083658
86	48.567501
87	92.982096
88	35.635225
89	16.155082
90	99.325836
91	95.083102
92	86.557594
93	69.088961
94	40.307534
95	49.762962
96	59.791856
97	55.690895
98	66.158186
99	69.712352
100	63.295005
101	99.231142
102	75.959599
103	5.809483
104	12.634026
105	77.374213
106	62.307063
107	54.081183
108	98.278049
109	88.223838
110	6.749702
111	30.027764
112	38.749302
113	59.951998
114	59.890587
115	57.251842
116	58.473320
117	12.747403
118	70.853511
119	55.782684
120	93.054911
121	61.329582
122	91.437910
123	99.620225
124	72.923964
125	89.228973
126	3.410731
127	11.082174
128	96.453634
129	68.583426
130	1.721092
131	12.117318
132	11.347808
133	89.100109
134	41.628368
135	36.582253
136	46.843615
137	11.472385
138	45.413758
139	22.761912
140	11.846133
141	79.932173
142	3.848648
143	42.112160
144	34.688839
145	77.840199
146	71.933335
147	15.113556
148	32.729535
149	76.665788
150	47.501404
151	63.414033
152	25.249122
153	87.370977
154	22.361801
155	92.984104
156	50.808421
157	82.545666
158	30.774295
159	23.998898
160	52.942480
161	32.997943
162	31.254160
163	66.717827
164	93.210324
165	11.856468
166	94.026437
167	71.857431
168	52.961772
169	58.472014
170	63.618477
171	52.268513
172	24.450295
173	91.461866
174	29.502570
175	74.697093
176	67.700062
177	59.847594
178	67.185373
179	31.904345
180	18.052015
181	36.804968
182	35.191297
183	34.878982
184	24.018820
185	79.042546
186	21.099282
187	81.861816
188	25.333748
189	74.398726
190	81.055173
191	88.598003
192	87.012494
193	97.782137
194	44.837080
195	65.488386
196	10.702253
197	30.951243
198	37.834413
199	12.150447
200	33.794808
201	17.032313
202	60.597991
203	90.962897
204	4.995457
205	79.919247
206	43.742737
207	57.633156
208	36.182812
209	49.600942
210	47.283671
211	98.221372
212	72.135433
213	51.045247
214	36.975604
215	87.309983
216	65.816335
217	31.056884
218	5.186389
219	0.970626
220	54.298550
221	22.381855
222	22.451359
223	14.279313
224	40.352526
225	83.250022
226	60.925878
227	40.785930
228	22.243932
229	39.751237
230	20.477593
231	53.367251
232	63.399313
233	68.818446
234	60.868809
235	84.581218
236	31.353918
237	5.130362
238	60.852449
239	39.002373
240	75.657522
241	63.448012
242	40.323975
243	73.087009
244	38.099104
245	19.947956
246	8.751466
247	3.271346
248	52.198541
249	87.947505
250	31.513659
251	76.194378
252	95.836744
253	31.992410
254	51.471080
255	54.165873
256	41.670181
257	42.630004
258	52.259879
259	88.643334
260	77.921689
261	93.692228
262	39.103510
263	69.718661
264	51.833469
265	92.306059
266	75.561327
267	83.759455
268	57.874229
269	13.225820
270	31.429400
271	43.424452
272	79.057847
273	22.892112
274	62.779234
275	31.471778
276	80.804517
277	96.827149
278	53.420416
279	27.931951
280	98.861168
281	88.765777
282	84.151602
283	9.203802
284	41.903034
285	15.047665
286	44.932313
287	37.129141
288	9.342401
289	45.043665
290	30.666232
291	0.385179
292	87.910820
293	39.313908
294	38.594291
295	46.148005
296	24.350983
297	48.889116
298	58.476948
299	8.812672
300	87.314739
301	33.187895
302	70.426904
303	50.443775
304	79.760817
305	17.205814
306	70.869833
307	97.600148
308	81.346683
309	11.984637
310	22.112199
311	24.811465
312	43.617861
313	28.866567
314	54.303908
315	25.656159
316	2.866521
317	57.963494
318	59.375366
319	90.615417
320	9.097208
321	41.107847
322	22.443320
323	35.849817
324	18.811687
325	68.944386
326	23.207484
327	67.759290
328	91.600336
329	1.556274
330	78.606031
331	55.040988
332	81.879686
333	39.240902
334	27.061417
335	12.653555
336	93.697483
337	99.771055
338	48.005787
339	66.286522
340	59.950574
341	24.324177
342	34.186443
343	59.866366
344	96.883095
345	96.744058
346	21.755969
347	66.489314
348	17.728198
349	71.239632
350	26.892221
351	66.186169
352	28.195567
353	32.808701
354	32.436717
355	50.386038
356	89.725906
357	96.257837
358	36.326721
359	21.036933
360	71.238515
361	67.617246
362	94.459665
363	39.509495
364	86.418522
365	43.788104
366	97.840161
367	47.484253
368	51.681920
369	32.561704
370	67.358286
371	90.813575
372	94.163154
373	76.677821
374	77.966972
375	0.765838
376	29.378954
377	94.624071
378	22.987102
379	90.375832
380	74.100739
381	91.678030
382	9.205381
383	42.916925
384	25.449380
385	85.578225
386	91.627576
387	56.889303
388	56.168946
389	33.239220
390	97.073497
391	56.927594
392	79.982524
393	89.927984
394	12.965121
395	96.874465
396	29.145445
397	4.248281
398	57.617328
399	23.603216
400	21.169118
401	55.460268
402	45.438497
403	85.072079
404	62.503282
405	44.559492
406	23.564477
407	74.723923
408	29.401477
409	69.580141
410	13.533645
411	16.949251
412	91.790663
413	51.382077
414	54.989901
415	18.052144
416	9.328084
417	7.034592
418	65.407131
419	68.065672
420	72.846741
421	66.398398
422	47.843475
423	10.758208
424	87.713058
425	54.934871
426	91.578712
427	32.136368
428	13.677575
429	27.828450
430	30.129923
431	15.673388
432	62.182369
433	14.476482
434	90.631017
435	24.584869
436	81.214889
437	91.903036
438	24.632763
439	46.876865
440	33.076861
441	78.936693
442	56.123451
443	98.441483
444	14.760153
445	81.540373
446	12.039851
447	11.627643
448	76.883614
449	78.204892
450	19.825748
451	65.101588
452	52.788376
453	40.755390
454	30.742517
455	79.256905
456	72.315749
457	87.146451
458	18.223877
459	71.700519
460	37.054995
461	36.548822
462	32.110950
463	94.650630
464	38.111990
465	22.416098
466	14.131837
467	31.542060
468	95.878636
469	83.087458
470	74.705929
471	93.328033
472	11.086697
473	28.184847
474	45.172811
475	44.111901
476	62.371549
477	63.209900
478	41.349677
479	76.554513
480	54.558575
481	81.492837
482	82.957445
483	1.436100
484	0.746137
485	85.182943
486	28.365624
487	81.698507
488	65.681776
489	65.911428
490	84.235749
491	16.665659
492	88.963499
493	15.054291
494	60.608593
495	50.355247
496	73.059769
497	8.028254
498	28.990768
499	94.094819
500	44.425742
501	7.377031
502	20.022958
503	28.467419
504	84.189015
505	50.154534
506	92.804617
507	20.077623
508	87.269379
509	36.338293
510	36.888195
511	29.118888
512	9.250296
513	92.747020
514	31.463228
515	10.499338
516	56.613953
517	62.465388
518	27.411493
519	31.913250
520	75.016412
521	11.729239
522	87.586510
523	0.917576
524	55.447731
525	6.773524
526	52.065391
527	45.389890
528	42.380525
529	22.772115
530	89.744200
531	28.451615
532	66.954051
533	18.716836
534	75.892181
535	16.025066
536	85.361878
537	59.796025
538	18.691306
539	75.216287
540	57.854021
541	61.066305
542	97.656652
543	95.950645
544	22.880792
545	62.870260
546	93.490689
547	35.037082
548	94.731084
549	53.043100
550	54.213720
551	42.957251
552	55.257734
553	45.421638
554	16.659799
555	74.174137
556	5.603807
557	48.344653
558	4.983927
559	30.224030
560	22.590849
561	95.491734
562	7.190141
563	31.484184
564	57.013859
565	1.094256
566	99.537076
567	76.794880
568	44.715212
569	23.706088
570	29.685134
571	84.909788
572	20.961837
573	45.767312
574	56.004483
575	63.767733
576	89.634550
577	53.094907
578	52.701766
579	6.599953
580	94.921593
581	59.328107
582	48.110059
583	17.443661
584	77.471437
585	35.053579
586	83.963191
587	96.097423
588	76.844859
589	33.760402
590	32.346285
591	50.162845
592	49.609086
593	89.412282
594	98.103517
595	27.660356
596	61.949137
597	53.799788
598	41.454553
599	77.294529
600	6.038420
601	2.425392
602	21.523913
603	27.033459
604	8.752615
605	94.572764
606	45.135369
607	75.377393
608	16.161551
609	19.709781
610	58.595849
611	53.523204
612	9.273608
613	9.761830
614	8.770668
615	71.251572
616	60.790458
617	35.045841
618	33.192061
619	30.928181
620	92.061248
621	95.155248
622	23.493272
623	90.907438
624	56.135842
625	43.194034
626	33.337249
627	16.579227
628	13.557919
629	54.520332
630	86.569318
631	40.093838
632	92.265839
633	84.369637
634	9.589784
635	1.380948
636	1.269190
637	8.006019
638	25.575099
639	84.586178
640	71.941132
641	73.808728
642	58.659960
643	20.966071
644	90.385700
645	68.789921
646	41.941321
647	22.055965
648	70.446161
649	50.522975
650	86.314044
651	95.213258
652	20.537608
653	13.462579
654	64.870941
655	80.253077
656	13.717772
657	2.751560
658	72.352127
659	13.048586
660	70.239760
661	78.465147
662	30.112001
663	95.341201
664	7.489936
665	56.147626
666	25.795680
667	98.356762
668	16.617830
669	12.285374
670	47.260744
671	27.025601
672	88.786714
673	37.857635
674	69.295804
675	21.516228
676	66.442709
677	10.113675
678	60.614042
679	0.995272
680	96.354032
681	19.305411
682	4.114418
683	60.776498
684	0.109539
685	63.487305
686	33.387962
687	65.282690
688	55.590163
689	34.480689
690	49.471743
691	32.782622
692	18.469892
693	78.790426
694	91.590688
695	72.945370
696	16.771354
697	90.337509
698	36.097370
699	64.242103
700	21.385792
701	55.261055
702	21.624588
703	22.258067
704	40.888568
705	34.957398
706	18.213272
707	86.495229
708	16.726878
709	38.989355
710	47.300988
711	4.858096
712	83.948121
713	33.131352
714	33.006228
715	24.656743
716	91.543385
717	65.783805
718	1.231359
719	62.490390
720	52.481240
721	99.994255
722	55.250924
723	30.739783
724	60.792086
725	95.501239
726	75.498711
727	55.046526
728	71.528659
729	69.284281
730	24.462276
731	52.770163
732	40.957716
733	85.999255
734	52.493062
735	33.333538
736	32.298865
737	21.088170
738	19.646339
739	90.370117
740	40.098735
741	54.586899
742	4.114927
743	13.025924
744	13.063393
745	47.350584
746	65.910636
747	18.922671
748	80.295754
749	1.570812
750	7.428545
751	96.138306
752	18.732614
753	99.926063
754	29.365762
755	94.712688
756	62.035690
757	78.035496
758	23.654858
759	43.809060
760	35.596199
761	49.226217
762	51.262093
763	87.260080
764	26.095456
765	87.595702
766	38.498222
767	24.268431
768	60.228306
769	14.454098
770	61.126491
771	54.901732
772	18.563577
773	81.200921
774	6.549853
775	9.279588
776	65.993437
777	75.208257
778	71.813222
779	13.288960
780	90.939109
781	86.387904
782	14.447023
783	61.702117
784	90.789809
785	12.671955
786	21.485517
787	52.019565
788	91.800934
789	7.047078
790	44.105026
791	94.973825
792	76.667138
793	13.422436
794	21.601010
795	35.095534
796	68.533393
797	49.283663
798	43.248871
799	11.058411
800	7.171279
801	30.492213
802	9.200579
803	21.737658
804	29.229222
805	45.504438
806	14.373783
807	58.519760
808	32.046762
809	81.315034
810	64.229928
811	47.918520
812	69.141099
813	42.055537
814	33.950620
815	98.532601
816	23.649595
817	8.157413
818	99.223996
819	26.912045
820	53.508786
821	13.840517
822	98.214137
823	43.988567
824	85.103525
825	6.307707
826	85.481762
827	57.950243
828	15.798301
829	16.181190
830	0.866402
831	39.032391
832	6.751257
833	9.149444
834	57.381444
835	16.802375
836	53.588221
837	78.178807
838	11.192680
839	8.205751
840	83.001337
841	0.161336
842	23.937444
843	40.486320
844	5.319935
845	82.538383
846	40.729543
847	56.905506
848	89.714354
849	8.701325
850	94.398808
851	1.618139
852	90.170273
853	20.311543
854	50.061101
855	79.488549
856	77.622616
857	5.649166
858	22.124744
859	5.159329
860	57.209251
861	73.120628
862	38.003852
863	33.397293
864	78.473850
865	74.482491
866	62.381103
867	8.164222
868	36.150301
869	27.290004
870	34.635064
871	96.761822
872	45.617236
873	17.031222
874	14.756797
875	81.777542
876	47.307570
877	84.305608
878	84.270827
879	32.736550
880	61.914223
881	44.577246
882	44.588690
883	34.147528
884	85.235749
885	44.264009
886	20.146322
887	0.325096
888	68.371999
889	1.695145
890	49.955913
891	17.673028
892	64.677267
893	18.850923
894	74.688160
895	67.720044
896	5.931053
897	71.723734
898	46.983876
899	31.178104
900	24.025550
901	17.733555
902	9.856452
903	58.022571
904	52.785183
905	6.618254
906	68.974110
907	29.424075
908	49.651831
909	71.567978
910	70.061556
911	36.598290
912	35.961660
913	67.869265
914	4.284144
915	17.600044
916	50.505287
917	46.196272
918	1.324188
919	46.739290
920	74.820092
921	38.885581
922	43.672930
923	77.805356
924	93.254391
925	29.150751
926	91.492663
927	54.302614
928	62.975161
929	85.430878
930	34.826726
931	82.648431
932	3.132836
933	64.537390
934	92.562223
935	45.795739
936	75.058229
937	54.962680
938	95.107196
939	95.415529
940	13.707911
941	2.731508
942	21.979324
943	52.781896
944	59.134070
945	16.741050
946	68.604870
947	49.528115
948	60.455572
949	58.877741
950	80.977425
951	74.721124
952	70.511317
953	76.895157
954	9.208367
955	21.302906
956	72.233248
957	90.760086
958	64.197891
959	51.838376
960	76.388129
961	85.778264
962	74.917350
963	90.922617
964	85.087510
965	73.836591
966	42.183600
967	65.379458
968	17.254442
969	27.348353
970	89.182170
971	6.564897
972	14.709294
973	62.285092
974	99.156111
975	75.327407
976	19.911440
977	29.940296
978	39.949329
979	24.109497
980	89.261799
981	18.624423
982	31.352939
983	82.321003
984	27.901265
985	63.809258
986	14.796009
987	16.462553
988	77.515374
989	71.673214
990	74.767107
991	65.255158
992	17.505287
993	15.039741
994	23.279937
995	41.670262
996	88.058212
997	63.335930
998	99.931542
999	5.568490
1000	60.523487
;

param: d :=
1	-24.284567
2	-2.932879
3	-45.256740
4	-18.542450
5	-32.281532
6	-43.167266
7	-57.686610
8	-24.066143
9	-10.109318
10	-5.021671
11	-23.766405
12	-62.561151
13	-97.469436
14	-69.288237
15	-88.641017
16	-5.941120
17	-92.936097
18	-7.542605
19	-27.898139
20	-67.140514
21	-80.410751
22	-1.138144
23	-15.367863
24	-77.516981
25	-66.733963
26	-68.249164
27	-43.207948
28	-88.032201
29	-67.881507
30	-40.058563
31	-78.089074
32	-19.241675
33	-12.363827
34	-66.645389
35	-59.514582
36	-61.645681
37	-36.805094
38	-51.163818
39	-17.403012
40	-59.162524
41	-58.165629
42	-13.803894
43	-19.589396
44	-54.308838
45	-63.325974
46	-25.868640
47	-80.491963
48	-49.647600
49	-32.467794
50	-61.435041
51	-70.554188
52	-71.437798
53	-75.015674
54	-6.093397
55	-20.434066
56	-87.934616
57	-8.225720
58	-87.447089
59	-58.080959
60	-35.756031
61	-50.822019
62	-28.975988
63	-64.343241
64	-55.629867
65	-93.938967
66	-36.171637
67	-38.147330
68	-11.694546
69	-81.118632
70	-41.558883
71	-29.808721
72	-7.838392
73	-3.837769
74	-84.366398
75	-97.763817
76	-47.352678
77	-93.977535
78	-55.745030
79	-26.902070
80	-56.373938
81	-94.841645
82	-24.881406
83	-24.425236
84	-55.664316
85	-40.054438
86	-42.773296
87	-99.941270
88	-18.968933
89	-41.192001
90	-52.316931
91	-55.576294
92	-4.845947
93	-63.434797
94	-7.994242
95	-84.589193
96	-74.344609
97	-28.447460
98	-84.593369
99	-77.787107
100	-33.502177
101	-38.170901
102	-53.527044
103	-25.871192
104	-91.613186
105	-4.360477
106	-63.775841
107	-67.872612
108	-88.794864
109	-82.098422
110	-4.647203
111	-97.491610
112	-23.941534
113	-18.841880
114	-31.650558
115	-86.604131
116	-32.226599
117	-42.981897
118	-31.583804
119	-57.532789
120	-43.244630
121	-22.084454
122	-81.853984
123	-4.347251
124	-34.110296
125	-24.465380
126	-41.064863
127	-54.371641
128	-2.156646
129	-97.213494
130	-56.338151
131	-15.314097
132	-93.599823
133	-48.415245
134	-56.931869
135	-66.341134
136	-85.295206
137	-77.326665
138	-38.231402
139	-55.984866
140	-99.282408
141	-95.738060
142	-24.203295
143	-36.620367
144	-17.626455
145	-10.486292
146	-56.457733
147	-14.436730
148	-81.585899
149	-93.207870
150	-79.619315
151	-99.089376
152	-83.348927
153	-10.316798
154	-64.415596
155	-10.659345
156	-25.813511
157	-59.652083
158	-15.559023
159	-5.705705
160	-45.793861
161	-31.410661
162	-9.137132
163	-90.786988
164	-4.340341
165	-81.074051
166	-86.507226
167	-40.242052
168	-40.666748
169	-10.859487
170	-40.172993
171	-71.679210
172	-56.827778
173	-98.715848
174	-97.889014
175	-21.350154
176	-66.470822
177	-30.345889
178	-42.022103
179	-38.988904
180	-8.902910
181	-18.554398
182	-81.820786
183	-99.867572
184	-19.621355
185	-82.104717
186	-14.216668
187	-29.824453
188	-93.022118
189	-54.901788
190	-96.363532
191	-48.264353
192	-79.363744
193	-60.538796
194	-2.906671
195	-41.930280
196	-6.061298
197	-62.029617
198	-74.513573
199	-59.133155
200	-18.830092
201	-82.491135
202	-19.854663
203	-67.126929
204	-52.835242
205	-24.710483
206	-63.738925
207	-29.505195
208	-58.858232
209	-48.523197
210	-77.915500
211	-75.963650
212	-26.919580
213	-77.439159
214	-6.981523
215	-93.340229
216	-89.469680
217	-27.990387
218	-36.294596
219	-81.004672
220	-65.016054
221	-14.145079
222	-6.792624
223	-0.658443
224	-1.850525
225	-84.249132
226	-11.257496
227	-47.842797
228	-38.060165
229	-3.844865
230	-80.891007
231	-41.655453
232	-0.611987
233	-47.071601
234	-35.795259
235	-26.624334
236	-65.375125
237	-28.011136
238	-81.830221
239	-88.798100
240	-18.808254
241	-85.404550
242	-62.962372
243	-83.304535
244	-97.996595
245	-13.059512
246	-21.153875
247	-10.433073
248	-68.212838
249	-11.346842
250	-46.305286
251	-58.902676
252	-59.465398
253	-12.436740
254	-92.353241
255	-28.293151
256	-54.272739
257	-50.327921
258	-72.959934
259	-92.615658
260	-3.665143
261	-57.098830
262	-52.771525
263	-77.269312
264	-70.047508
265	-37.533380
266	-30.877011
267	-60.267126
268	-25.335984
269	-69.565077
270	-64.562456
271	-95.290464
272	-68.285455
273	-33.517443
274	-18.474203
275	-31.475301
276	-59.603434
277	-37.691003
278	-52.387553
279	-58.653647
280	-91.800750
281	-92.959975
282	-57.752724
283	-31.454930
284	-79.866202
285	-79.988255
286	-89.273062
287	-19.778191
288	-46.696429
289	-25.050039
290	-89.612481
291	-69.573986
292	-74.748116
293	-1.329028
294	-58.008481
295	-32.450200
296	-29.619200
297	-13.466697
298	-40.721007
299	-49.190421
300	-55.663314
301	-45.410743
302	-59.773482
303	-34.262178
304	-74.894114
305	-19.321753
306	-75.987650
307	-70.492056
308	-97.580327
309	-3.524917
310	-95.346602
311	-64.296997
312	-16.907565
313	-28.024662
314	-2.743892
315	-48.101459
316	-67.225440
317	-84.112106
318	-41.221426
319	-15.345103
320	-46.160247
321	-58.858854
322	-16.263132
323	-38.148666
324	-17.800066
325	-79.369965
326	-16.829305
327	-37.864238
328	-64.145192
329	-87.971778
330	-88.930848
331	-16.658961
332	-99.108368
333	-76.355390
334	-29.361934
335	-44.639332
336	-7.146430
337	-34.208806
338	-56.635453
339	-72.168091
340	-22.596752
341	-54.484965
342	-23.133648
343	-7.355217
344	-1.536586
345	-92.463407
346	-20.410892
347	-76.412148
348	-12.755933
349	-69.789293
350	-78.469520
351	-78.869530
352	-97.171532
353	-70.033448
354	-91.497477
355	-12.700577
356	-49.959164
357	-64.956177
358	-5.229452
359	-10.506466
360	-20.846355
361	-8.107205
362	-33.599277
363	-75.805211
364	-28.606066
365	-73.599756
366	-96.759043
367	-45.772212
368	-75.543225
369	-43.726338
370	-10.717574
371	-3.313292
372	-93.773963
373	-6.081775
374	-34.999749
375	-92.167996
376	-55.287360
377	-17.072662
378	-90.166793
379	-68.404971
380	-84.592830
381	-76.761313
382	-40.904935
383	-96.192214
384	-39.798022
385	-86.635536
386	-90.135631
387	-6.780782
388	-35.395843
389	-55.608448
390	-7.175235
391	-88.037232
392	-4.730614
393	-96.916340
394	-98.327164
395	-71.765266
396	-28.456381
397	-72.118554
398	-86.591334
399	-94.863922
400	-73.401870
401	-58.869824
402	-67.855272
403	-61.878338
404	-47.419663
405	-87.100860
406	-71.584707
407	-68.662451
408	-30.009202
409	-98.382526
410	-36.936551
411	-56.950394
412	-86.561762
413	-80.355135
414	-5.415267
415	-8.948397
416	-26.428370
417	-24.561845
418	-35.916231
419	-4.499719
420	-56.291359
421	-94.913151
422	-11.525917
423	-90.446713
424	-8.723311
425	-65.471117
426	-43.568813
427	-86.754620
428	-63.788451
429	-36.867753
430	-62.057349
431	-69.005045
432	-61.852725
433	-38.724998
434	-23.293201
435	-0.675070
436	-97.001678
437	-22.833229
438	-6.979851
439	-89.880166
440	-64.252482
441	-56.483645
442	-47.635334
443	-64.476340
444	-66.872392
445	-76.480375
446	-1.948982
447	-59.167600
448	-25.679978
449	-5.291825
450	-16.010136
451	-39.252289
452	-83.967767
453	-31.200336
454	-21.862136
455	-26.705748
456	-47.453039
457	-26.252035
458	-75.912925
459	-17.247846
460	-78.796624
461	-22.371842
462	-22.022699
463	-54.228773
464	-94.623483
465	-96.414911
466	-90.470147
467	-87.175074
468	-46.760002
469	-46.574403
470	-18.428909
471	-61.720972
472	-62.414697
473	-42.121919
474	-90.407253
475	-75.275952
476	-23.546168
477	-98.345665
478	-8.662655
479	-10.181736
480	-51.586343
481	-69.082397
482	-34.342303
483	-4.078416
484	-26.618432
485	-60.006245
486	-84.707035
487	-77.016417
488	-20.569752
489	-23.762786
490	-57.704101
491	-63.071730
492	-30.135468
493	-37.689735
494	-86.247664
495	-81.552550
496	-57.345488
497	-28.623899
498	-57.279350
499	-42.999316
500	-10.957727
501	-67.005696
502	-54.772537
503	-69.655676
504	-11.213705
505	-38.976626
506	-19.777050
507	-80.994771
508	-99.873674
509	-50.195622
510	-8.158687
511	-86.135145
512	-90.343124
513	-92.172753
514	-24.127289
515	-95.798093
516	-99.825747
517	-15.880960
518	-8.491074
519	-49.956473
520	-96.333218
521	-26.427309
522	-84.642761
523	-46.252582
524	-93.921501
525	-2.010843
526	-31.124268
527	-21.685802
528	-91.291296
529	-19.668896
530	-67.303723
531	-75.967303
532	-6.064461
533	-13.796566
534	-33.380863
535	-48.920981
536	-40.492582
537	-21.109897
538	-76.488584
539	-75.824109
540	-10.056836
541	-10.086581
542	-27.208048
543	-81.523481
544	-84.558761
545	-87.207132
546	-28.747325
547	-30.409365
548	-97.977178
549	-90.134216
550	-21.955565
551	-84.370719
552	-18.475875
553	-92.918169
554	-24.792832
555	-0.484440
556	-92.432308
557	-29.381986
558	-67.983730
559	-49.313825
560	-93.477082
561	-89.764193
562	-99.916368
563	-11.741569
564	-87.575896
565	-72.586536
566	-65.172045
567	-98.601762
568	-63.504041
569	-52.643133
570	-20.917644
571	-72.187372
572	-47.178320
573	-78.443781
574	-28.392044
575	-24.327735
576	-41.878966
577	-58.234514
578	-22.258002
579	-26.653234
580	-77.269143
581	-53.952679
582	-16.199836
583	-21.971916
584	-17.202539
585	-68.056840
586	-25.965273
587	-84.861235
588	-5.423220
589	-73.107225
590	-6.346814
591	-20.049894
592	-82.150284
593	-32.893101
594	-31.381222
595	-75.031539
596	-42.455319
597	-48.102087
598	-45.651574
599	-36.035198
600	-35.802816
601	-58.150825
602	-30.664803
603	-89.872904
604	-49.120675
605	-10.318701
606	-6.924015
607	-28.081740
608	-22.724992
609	-32.212738
610	-48.569426
611	-77.616524
612	-11.944780
613	-95.376849
614	-24.962640
615	-22.880035
616	-26.423166
617	-57.594978
618	-2.181909
619	-54.549083
620	-30.834802
621	-99.037925
622	-60.475870
623	-70.232390
624	-52.129480
625	-39.555884
626	-33.057718
627	-92.143417
628	-56.232153
629	-6.014749
630	-18.532858
631	-54.106464
632	-97.558389
633	-1.151089
634	-4.457584
635	-9.775500
636	-43.792508
637	-2.102741
638	-28.300949
639	-2.338413
640	-82.824509
641	-63.786588
642	-32.316602
643	-36.311078
644	-48.658301
645	-55.584891
646	-6.451301
647	-9.061452
648	-76.179915
649	-46.528691
650	-35.707247
651	-30.074850
652	-0.550184
653	-88.230120
654	-51.496684
655	-59.569930
656	-90.240970
657	-60.489361
658	-8.174039
659	-29.103878
660	-14.562288
661	-48.757074
662	-73.337218
663	-88.506563
664	-51.487263
665	-82.992527
666	-80.302858
667	-98.282581
668	-55.756360
669	-3.594028
670	-69.753888
671	-21.983880
672	-70.336317
673	-89.844569
674	-3.594617
675	-77.093611
676	-66.744074
677	-85.452370
678	-49.887140
679	-54.357679
680	-75.075550
681	-13.599029
682	-20.375754
683	-9.863230
684	-45.468920
685	-50.815872
686	-68.091703
687	-25.471370
688	-72.151038
689	-77.981262
690	-83.715866
691	-85.465177
692	-25.871329
693	-86.510194
694	-82.425402
695	-6.594209
696	-79.574061
697	-79.979168
698	-77.535481
699	-3.114819
700	-40.286690
701	-40.595527
702	-27.132014
703	-62.173383
704	-55.636282
705	-59.979117
706	-59.495369
707	-50.081458
708	-79.835981
709	-10.230445
710	-39.995050
711	-53.455852
712	-17.584976
713	-61.699834
714	-63.773561
715	-49.121258
716	-22.562526
717	-61.198897
718	-74.463461
719	-59.469671
720	-77.512329
721	-65.858402
722	-14.954879
723	-48.965196
724	-32.460485
725	-91.299646
726	-36.375879
727	-28.250705
728	-4.446749
729	-56.015999
730	-12.134401
731	-61.876724
732	-56.262304
733	-83.326290
734	-35.221511
735	-27.926505
736	-10.365133
737	-37.099300
738	-95.178196
739	-81.464127
740	-69.894791
741	-74.038439
742	-91.107529
743	-87.784296
744	-96.947557
745	-21.689110
746	-29.427983
747	-2.938274
748	-71.994483
749	-25.909303
750	-3.442088
751	-64.319276
752	-83.826124
753	-76.316468
754	-30.616582
755	-86.515622
756	-66.510014
757	-81.276758
758	-40.422315
759	-39.693056
760	-71.114749
761	-94.111475
762	-84.199204
763	-77.165601
764	-31.584210
765	-44.935127
766	-88.786022
767	-93.497535
768	-70.186281
769	-87.071661
770	-2.341473
771	-28.020652
772	-17.496432
773	-73.698378
774	-30.292432
775	-2.927682
776	-32.146901
777	-52.999771
778	-42.248952
779	-88.174752
780	-33.878904
781	-65.114337
782	-39.314494
783	-44.050803
784	-42.268568
785	-22.412088
786	-10.303076
787	-1.114502
788	-87.721779
789	-37.031578
790	-2.378880
791	-90.335303
792	-83.359650
793	-68.033046
794	-44.587967
795	-17.088839
796	-71.831081
797	-29.874717
798	-34.541215
799	-45.209256
800	-39.317137
801	-15.656813
802	-81.327635
803	-54.152167
804	-0.187112
805	-77.791902
806	-69.951156
807	-81.320128
808	-12.821555
809	-49.639582
810	-25.506639
811	-90.167369
812	-41.735756
813	-50.366327
814	-62.258018
815	-97.243136
816	-7.647023
817	-21.694562
818	-14.850340
819	-95.961428
820	-74.005560
821	-33.168629
822	-45.784729
823	-71.114086
824	-90.273638
825	-7.524287
826	-14.286261
827	-53.201946
828	-93.642487
829	-52.905735
830	-35.807657
831	-62.781757
832	-99.737877
833	-24.784528
834	-54.208373
835	-94.858364
836	-26.359296
837	-40.056394
838	-92.838213
839	-24.520941
840	-54.395091
841	-10.479927
842	-50.258853
843	-49.460952
844	-6.551516
845	-11.488223
846	-34.817792
847	-7.845110
848	-79.450059
849	-33.864248
850	-55.382771
851	-64.951443
852	-22.395159
853	-30.584070
854	-62.554125
855	-3.188610
856	-82.663414
857	-78.919204
858	-90.745530
859	-75.152076
860	-83.026285
861	-76.723832
862	-20.025696
863	-75.621070
864	-39.582647
865	-80.805886
866	-77.127433
867	-54.472949
868	-51.936757
869	-66.901874
870	-73.718390
871	-38.164847
872	-51.055417
873	-43.138099
874	-56.882124
875	-30.100157
876	-92.415456
877	-24.122520
878	-10.566648
879	-48.326915
880	-85.628597
881	-41.323700
882	-32.198349
883	-27.116489
884	-24.809286
885	-70.642158
886	-98.828837
887	-33.517896
888	-28.205128
889	-58.270149
890	-90.274317
891	-99.647100
892	-0.674988
893	-91.653785
894	-76.030857
895	-68.838859
896	-49.067757
897	-68.555468
898	-27.894181
899	-93.384198
900	-6.421761
901	-0.907137
902	-3.054076
903	-53.043055
904	-87.619517
905	-6.088479
906	-80.883043
907	-27.110245
908	-6.514096
909	-41.324161
910	-33.484878
911	-96.828875
912	-87.666435
913	-28.234426
914	-32.896266
915	-63.297328
916	-96.662341
917	-76.443494
918	-94.682008
919	-13.427058
920	-8.597047
921	-58.698935
922	-84.176291
923	-93.183066
924	-17.808800
925	-80.756794
926	-76.604092
927	-98.493177
928	-8.784137
929	-81.304657
930	-94.976300
931	-54.531265
932	-38.391088
933	-44.799582
934	-84.089455
935	-39.357945
936	-60.724076
937	-60.539787
938	-45.133662
939	-22.914953
940	-86.285271
941	-46.537136
942	-46.714389
943	-45.622932
944	-51.048264
945	-74.265026
946	-58.586480
947	-82.732647
948	-78.924600
949	-89.574545
950	-32.430581
951	-41.304618
952	-18.089567
953	-19.358357
954	-60.105761
955	-83.133544
956	-22.852814
957	-39.823898
958	-15.104759
959	-31.092439
960	-25.239625
961	-1.495847
962	-34.025236
963	-41.451340
964	-67.082591
965	-7.682015
966	-53.124870
967	-83.797671
968	-10.087646
969	-20.001841
970	-75.958292
971	-79.153415
972	-57.414130
973	-87.280879
974	-97.879937
975	-97.576926
976	-19.240835
977	-91.888578
978	-98.511109
979	-59.556865
980	-87.522127
981	-17.784315
982	-90.270374
983	-73.287785
984	-29.113926
985	-96.889676
986	-85.381269
987	-39.150749
988	-62.208839
989	-85.611780
990	-81.037948
991	-46.442932
992	-30.461579
993	-37.122200
994	-3.722191
995	-44.649786
996	-22.287337
997	-30.475590
998	-18.085581
999	-91.495986
1000	-98.539074
;

param: weight :=
1	35.569045
2	77.231202
3	43.945858
4	18.925965
5	39.718858
6	15.783397
7	84.653268
8	76.027931
9	57.683250
10	61.743059
11	20.293654
12	96.210424
13	95.345517
14	91.144147
15	39.473586
16	12.160259
17	32.318988
18	11.453115
19	20.648013
20	92.344168
21	94.081213
22	64.826466
23	86.183232
24	60.024921
25	62.114460
26	25.718160
27	77.588472
28	36.396936
29	19.007122
30	7.048680
31	63.300401
32	50.940832
33	53.573026
34	2.243127
35	77.941487
36	2.192724
37	6.186735
38	2.410458
39	17.313462
40	2.516502
41	8.003325
42	33.858358
43	17.677761
44	23.814467
45	3.640339
46	29.068765
47	23.757668
48	31.249268
49	80.502124
50	35.631146
51	15.034529
52	72.222979
53	21.241813
54	77.578210
55	13.328029
56	19.991416
57	19.879321
58	78.273922
59	67.904822
60	12.789674
61	39.778008
62	19.606890
63	99.526379
64	59.480762
65	75.361514
66	70.046544
67	85.088646
68	3.136763
69	63.304122
70	90.833164
71	91.654772
72	4.235369
73	59.447461
74	53.455293
75	45.527518
76	70.403512
77	91.448479
78	97.258573
79	8.159361
80	13.570677
81	38.810838
82	1.990967
83	63.597063
84	67.344070
85	51.988416
86	57.455258
87	87.408755
88	59.358709
89	76.800928
90	17.510806
91	73.426561
92	87.096088
93	56.913158
94	49.283421
95	87.575459
96	43.053531
97	37.054953
98	14.160214
99	95.599391
100	70.883291
101	81.352711
102	14.675905
103	94.549984
104	19.200631
105	83.886402
106	88.444359
107	11.018201
108	65.628629
109	4.734138
110	68.831849
111	17.750295
112	12.545085
113	41.671278
114	28.332705
115	98.359683
116	91.552762
117	95.461808
118	47.359692
119	76.884741
120	81.079165
121	95.370037
122	7.645520
123	3.132914
124	93.798481
125	90.963406
126	29.863225
127	57.939244
128	24.212601
129	76.637434
130	64.075278
131	39.558921
132	10.406255
133	36.964039
134	56.275218
135	49.530708
136	48.578014
137	94.899152
138	32.742328
139	54.317375
140	34.360784
141	99.457378
142	32.630931
143	9.935797
144	75.813330
145	81.490667
146	49.827319
147	16.329054
148	90.409935
149	34.363971
150	26.864208
151	76.879728
152	76.387533
153	8.766986
154	23.436128
155	7.985939
156	95.459053
157	98.185862
158	2.699560
159	49.206887
160	33.406233
161	56.659443
162	69.766304
163	9.063222
164	53.317387
165	96.908499
166	5.926662
167	58.110475
168	90.768510
169	95.261473
170	50.188681
171	73.943208
172	3.340219
173	30.393273
174	88.809530
175	14.537443
176	6.042601
177	78.531147
178	62.352397
179	88.801883
180	13.148584
181	90.025521
182	85.036627
183	6.166734
184	91.721548
185	11.829582
186	70.881025
187	74.237670
188	39.445575
189	47.921192
190	39.283426
191	8.447463
192	6.197792
193	24.940557
194	19.043414
195	52.886663
196	41.910599
197	19.183774
198	58.562177
199	23.321550
200	10.622557
201	23.681516
202	25.087784
203	67.813219
204	96.865097
205	31.805148
206	92.864331
207	6.732515
208	20.882393
209	76.177300
210	8.892187
211	60.907957
212	63.136055
213	97.067338
214	44.803923
215	5.959095
216	46.374981
217	78.896935
218	74.683438
219	51.681992
220	69.160976
221	98.715520
222	60.035571
223	39.615178
224	55.070763
225	85.243935
226	49.255724
227	73.410939
228	73.028064
229	30.270404
230	87.395018
231	50.143702
232	81.715695
233	81.507359
234	54.813143
235	42.813341
236	71.528716
237	68.383308
238	10.740621
239	83.408240
240	18.193774
241	88.309923
242	63.733932
243	28.371624
244	89.739352
245	56.032870
246	88.570619
247	24.221250
248	32.965382
249	60.447251
250	32.489444
251	88.687585
252	23.900732
253	56.658239
254	11.705473
255	12.747406
256	41.587202
257	8.894213
258	22.769919
259	98.906289
260	70.774527
261	52.283040
262	3.813612
263	70.674472
264	81.164337
265	13.601478
266	4.628602
267	1.751862
268	92.594448
269	77.720435
270	38.699228
271	72.010176
272	65.383487
273	18.313185
274	76.940008
275	72.950212
276	87.690656
277	57.934484
278	50.674992
279	96.849924
280	47.058481
281	32.702600
282	56.839721
283	24.206411
284	84.864995
285	80.135048
286	73.894702
287	93.401858
288	84.072725
289	93.630897
290	62.179169
291	23.254268
292	53.488536
293	96.960426
294	21.915248
295	82.860764
296	46.957585
297	17.023312
298	92.183710
299	20.296879
300	26.195714
301	35.048694
302	65.037779
303	13.778864
304	96.421140
305	87.537025
306	31.449755
307	87.172430
308	85.753896
309	85.156140
310	88.327809
311	57.625247
312	96.448835
313	9.831225
314	7.323902
315	40.364875
316	81.630075
317	87.105004
318	12.090902
319	6.077810
320	97.842226
321	46.195676
322	84.732288
323	90.794179
324	36.432716
325	23.416730
326	74.265577
327	40.398860
328	27.475547
329	2.578044
330	17.882196
331	62.096668
332	41.179368
333	84.214755
334	73.181797
335	59.256246
336	59.100412
337	90.685348
338	44.923306
339	23.665532
340	77.732629
341	86.702627
342	53.089982
343	53.873675
344	97.519249
345	15.737467
346	35.928855
347	58.385968
348	83.786843
349	73.034952
350	79.340431
351	70.613972
352	21.154531
353	26.423195
354	70.565561
355	9.966996
356	34.142514
357	95.602141
358	19.755342
359	88.332195
360	88.882678
361	82.687729
362	65.431424
363	70.599178
364	85.684915
365	18.396579
366	52.748109
367	37.274105
368	97.330294
369	76.822631
370	63.107460
371	21.835522
372	32.610806
373	47.593723
374	48.888389
375	38.657699
376	99.978551
377	94.354972
378	97.563860
379	50.683550
380	10.814476
381	98.524378
382	45.852624
383	34.794803
384	30.017936
385	47.247074
386	66.549715
387	56.020146
388	82.210089
389	77.819701
390	42.390323
391	29.886082
392	58.014859
393	90.129495
394	23.855727
395	48.063626
396	88.550535
397	10.792021
398	27.524716
399	63.059816
400	52.789676
401	50.330094
402	87.272478
403	31.670226
404	85.106905
405	73.195264
406	53.598976
407	14.663167
408	66.816745
409	42.565983
410	49.669212
411	65.605928
412	78.923963
413	21.446538
414	15.046085
415	13.620125
416	55.128467
417	15.960237
418	78.962652
419	29.363079
420	55.715588
421	56.669389
422	39.309499
423	23.177131
424	46.470859
425	31.586223
426	67.286703
427	49.067214
428	81.056808
429	48.800695
430	80.475709
431	39.545397
432	71.300483
433	98.257241
434	85.996079
435	92.290953
436	87.622202
437	10.952828
438	62.263782
439	83.599447
440	50.357297
441	7.503239
442	20.189246
443	91.114571
444	59.787774
445	39.501886
446	5.339809
447	60.893871
448	64.703375
449	53.929664
450	36.967321
451	84.310727
452	24.535157
453	19.572736
454	61.703095
455	69.421602
456	27.248688
457	92.576989
458	93.834854
459	50.558172
460	62.522824
461	89.691118
462	63.267368
463	60.767927
464	41.745432
465	30.824179
466	16.096831
467	85.673972
468	96.499141
469	58.059642
470	46.495206
471	17.870341
472	21.080902
473	27.419470
474	32.924655
475	22.575379
476	50.256697
477	31.289833
478	63.066175
479	75.795932
480	13.993871
481	15.626553
482	10.028145
483	75.881951
484	67.834482
485	25.584917
486	91.731777
487	33.686107
488	92.008155
489	8.982881
490	81.834167
491	46.271608
492	13.826069
493	34.995473
494	38.831182
495	65.142757
496	3.270181
497	32.014827
498	82.912145
499	85.786247
500	19.635345
501	60.425488
502	34.726904
503	71.600866
504	27.553904
505	87.856038
506	78.714334
507	95.897748
508	37.036383
509	53.258853
510	98.402338
511	20.595310
512	30.586163
513	40.887401
514	88.176372
515	47.543907
516	4.658564
517	77.971936
518	11.521894
519	87.214939
520	15.374373
521	75.974981
522	37.662672
523	54.931667
524	28.239824
525	14.284347
526	74.120898
527	6.466559
528	52.890576
529	54.200770
530	65.425843
531	96.793727
532	86.900072
533	39.446349
534	16.873988
535	27.100131
536	61.413604
537	1.791295
538	15.548831
539	51.023110
540	15.883304
541	69.635796
542	19.992214
543	3.099337
544	98.559848
545	45.625424
546	17.619144
547	35.703902
548	30.514534
549	79.388037
550	22.836387
551	29.129745
552	1.277804
553	60.042699
554	14.336113
555	98.998209
556	33.396401
557	76.196433
558	40.773819
559	12.031421
560	7.305734
561	52.985829
562	71.445897
563	98.378785
564	97.062905
565	68.691068
566	24.561507
567	81.314178
568	96.002077
569	65.021486
570	67.548936
571	4.648401
572	75.128911
573	60.525157
574	87.484416
575	35.489132
576	77.054886
577	13.525513
578	48.393052
579	44.618960
580	72.128992
581	50.865605
582	33.278213
583	82.597133
584	13.424740
585	83.886444
586	22.186386
587	3.338021
588	93.173496
589	97.562660
590	40.388071
591	51.430157
592	33.766987
593	88.911147
594	9.068895
595	5.911061
596	35.455362
597	82.567400
598	4.597813
599	92.540153
600	25.113925
601	80.569966
602	25.346329
603	23.738496
604	69.522714
605	89.502681
606	20.772429
607	49.622840
608	49.153121
609	44.292119
610	28.810446
611	53.963656
612	3.472055
613	30.171685
614	38.272763
615	83.742640
616	71.516212
617	24.533311
618	73.646292
619	32.370131
620	79.570445
621	4.658394
622	89.624694
623	71.102859
624	16.968882
625	29.720418
626	90.103806
627	97.638711
628	26.853241
629	68.574653
630	56.968889
631	71.712921
632	87.839683
633	23.769534
634	63.262419
635	92.679425
636	97.052713
637	5.752524
638	69.748799
639	53.289470
640	75.436614
641	43.673118
642	62.438486
643	24.150238
644	15.672974
645	62.672285
646	69.484543
647	64.948630
648	25.785793
649	43.759990
650	31.273812
651	68.851425
652	85.230602
653	8.443003
654	1.742588
655	35.135065
656	78.843577
657	81.011216
658	96.504261
659	93.376658
660	97.482027
661	16.617129
662	84.602472
663	11.366094
664	74.861673
665	77.073979
666	23.781835
667	42.510618
668	41.911959
669	64.834164
670	21.868527
671	51.700346
672	47.698938
673	55.087041
674	68.845404
675	93.937365
676	76.149590
677	33.809135
678	48.598523
679	72.346291
680	22.616904
681	58.867335
682	6.595557
683	81.876967
684	2.560018
685	8.878507
686	30.439853
687	83.362070
688	67.661070
689	98.028739
690	70.762187
691	14.520546
692	82.177412
693	4.841715
694	65.422579
695	1.827222
696	26.605875
697	86.148198
698	35.541310
699	84.319827
700	76.679773
701	12.923760
702	51.276763
703	80.325757
704	64.642905
705	59.750219
706	68.178249
707	86.504526
708	79.094328
709	6.424946
710	42.975626
711	76.046568
712	7.105942
713	27.721143
714	57.433580
715	93.572407
716	30.700073
717	36.212689
718	85.563700
719	16.485226
720	96.293765
721	85.403242
722	42.298403
723	58.211339
724	18.978164
725	16.314133
726	21.462774
727	8.178069
728	50.793191
729	32.520663
730	78.053355
731	43.348159
732	13.761376
733	87.369611
734	53.003995
735	22.786641
736	87.142481
737	70.676379
738	75.128607
739	83.291471
740	76.798550
741	5.918240
742	80.961329
743	82.104471
744	81.092580
745	54.583684
746	86.167965
747	89.269985
748	82.722326
749	32.035266
750	60.943753
751	63.181480
752	37.358763
753	56.153325
754	75.823842
755	5.493499
756	93.601442
757	57.925843
758	85.308754
759	88.141857
760	19.590246
761	54.740363
762	65.785553
763	57.537884
764	24.024584
765	89.212578
766	83.634918
767	28.995557
768	76.307683
769	97.472550
770	26.844010
771	64.339422
772	59.222995
773	46.819459
774	35.320297
775	9.221124
776	66.630978
777	24.973933
778	73.774052
779	86.225002
780	91.101956
781	46.353517
782	10.370717
783	99.786391
784	53.358839
785	1.179198
786	4.247448
787	50.686776
788	54.720443
789	49.478675
790	7.551885
791	40.112904
792	98.138243
793	28.743208
794	42.655610
795	20.450292
796	87.489956
797	35.478095
798	82.101261
799	77.599396
800	74.075737
801	20.263526
802	96.610237
803	64.309615
804	1.097282
805	96.012221
806	22.753086
807	64.003287
808	87.616298
809	30.294544
810	7.669950
811	8.772636
812	63.131450
813	65.480457
814	15.642085
815	17.557908
816	23.289221
817	66.848662
818	80.655541
819	26.638273
820	48.001017
821	50.691202
822	87.434323
823	63.278551
824	30.743693
825	75.990490
826	11.408833
827	21.635442
828	32.263211
829	56.412208
830	67.649764
831	23.009406
832	55.585565
833	80.217537
834	89.819197
835	96.031674
836	48.938568
837	42.351789
838	75.236230
839	99.646064
840	51.751371
841	40.309921
842	36.575728
843	31.290008
844	58.530252
845	35.904587
846	23.116750
847	28.145779
848	38.668474
849	44.014737
850	42.421640
851	14.300681
852	82.587520
853	62.135752
854	86.712584
855	29.938749
856	80.918653
857	5.846363
858	36.205325
859	91.269016
860	10.925067
861	2.876217
862	63.915027
863	21.312579
864	53.190421
865	89.903641
866	4.049638
867	90.036991
868	28.574513
869	91.260218
870	32.490007
871	59.915403
872	50.867325
873	67.209277
874	15.834690
875	76.157667
876	44.549321
877	57.204635
878	12.271688
879	95.043002
880	2.740951
881	27.612276
882	39.818220
883	23.566841
884	7.071649
885	61.890605
886	43.910414
887	37.378758
888	55.230058
889	33.923723
890	8.762047
891	36.347770
892	41.373193
893	87.834855
894	8.273796
895	73.548503
896	65.722991
897	8.300295
898	10.848752
899	88.588421
900	86.320269
901	54.663323
902	51.491422
903	42.740341
904	27.226403
905	7.693552
906	7.316041
907	50.086812
908	61.242044
909	16.519298
910	37.088399
911	23.928460
912	18.205694
913	40.975724
914	49.392120
915	27.168513
916	17.778255
917	4.031039
918	79.457030
919	20.230815
920	71.417293
921	93.307916
922	78.135677
923	27.075046
924	81.676346
925	87.593140
926	97.787318
927	88.514014
928	82.822464
929	59.066925
930	81.936018
931	96.803114
932	18.266056
933	26.479608
934	94.019622
935	75.740916
936	77.660713
937	2.052018
938	71.473521
939	11.854914
940	46.471666
941	50.072281
942	97.216107
943	50.062031
944	61.367139
945	39.198595
946	60.996188
947	3.518074
948	49.292544
949	75.118187
950	14.089514
951	24.387599
952	28.536367
953	14.576495
954	1.804987
955	8.883620
956	92.942511
957	78.018931
958	55.838177
959	96.683906
960	88.358061
961	50.119390
962	72.102888
963	12.489787
964	58.249545
965	93.898999
966	33.304065
967	23.354724
968	76.159424
969	17.087092
970	81.818734
971	57.270908
972	38.826628
973	89.320142
974	18.450214
975	71.481826
976	65.764790
977	49.129586
978	51.588566
979	61.932198
980	28.154530
981	90.075911
982	55.006326
983	20.193697
984	15.830897
985	89.592381
986	29.620860
987	4.685467
988	60.793093
989	61.662542
990	17.048929
991	2.062469
992	93.597404
993	72.886374
994	8.036110
995	43.305914
996	65.719322
997	21.807366
998	93.867189
999	91.295391
1000	24.308815
;

param: U :=
1	100.000000
2	100.000000
3	100.000000
4	100.000000
5	100.000000
6	100.000000
7	100.000000
8	100.000000
9	100.000000
10	100.000000
11	100.000000
12	100.000000
13	100.000000
14	100.000000
15	100.000000
16	100.000000
17	100.000000
18	100.000000
19	100.000000
20	100.000000
21	100.000000
22	100.000000
23	100.000000
24	100.000000
25	100.000000
26	100.000000
27	100.000000
28	100.000000
29	100.000000
30	100.000000
31	100.000000
32	100.000000
33	100.000000
34	100.000000
35	100.000000
36	100.000000
37	100.000000
38	100.000000
39	100.000000
40	100.000000
41	100.000000
42	100.000000
43	100.000000
44	100.000000
45	100.000000
46	100.000000
47	100.000000
48	100.000000
49	100.000000
50	100.000000
51	100.000000
52	100.000000
53	100.000000
54	100.000000
55	100.000000
56	100.000000
57	100.000000
58	100.000000
59	100.000000
60	100.000000
61	100.000000
62	100.000000
63	100.000000
64	100.000000
65	100.000000
66	100.000000
67	100.000000
68	100.000000
69	100.000000
70	100.000000
71	100.000000
72	100.000000
73	100.000000
74	100.000000
75	100.000000
76	100.000000
77	100.000000
78	100.000000
79	100.000000
80	100.000000
81	100.000000
82	100.000000
83	100.000000
84	100.000000
85	100.000000
86	100.000000
87	100.000000
88	100.000000
89	100.000000
90	100.000000
91	100.000000
92	100.000000
93	100.000000
94	100.000000
95	100.000000
96	100.000000
97	100.000000
98	100.000000
99	100.000000
100	100.000000
101	100.000000
102	100.000000
103	100.000000
104	100.000000
105	100.000000
106	100.000000
107	100.000000
108	100.000000
109	100.000000
110	100.000000
111	100.000000
112	100.000000
113	100.000000
114	100.000000
115	100.000000
116	100.000000
117	100.000000
118	100.000000
119	100.000000
120	100.000000
121	100.000000
122	100.000000
123	100.000000
124	100.000000
125	100.000000
126	100.000000
127	100.000000
128	100.000000
129	100.000000
130	100.000000
131	100.000000
132	100.000000
133	100.000000
134	100.000000
135	100.000000
136	100.000000
137	100.000000
138	100.000000
139	100.000000
140	100.000000
141	100.000000
142	100.000000
143	100.000000
144	100.000000
145	100.000000
146	100.000000
147	100.000000
148	100.000000
149	100.000000
150	100.000000
151	100.000000
152	100.000000
153	100.000000
154	100.000000
155	100.000000
156	100.000000
157	100.000000
158	100.000000
159	100.000000
160	100.000000
161	100.000000
162	100.000000
163	100.000000
164	100.000000
165	100.000000
166	100.000000
167	100.000000
168	100.000000
169	100.000000
170	100.000000
171	100.000000
172	100.000000
173	100.000000
174	100.000000
175	100.000000
176	100.000000
177	100.000000
178	100.000000
179	100.000000
180	100.000000
181	100.000000
182	100.000000
183	100.000000
184	100.000000
185	100.000000
186	100.000000
187	100.000000
188	100.000000
189	100.000000
190	100.000000
191	100.000000
192	100.000000
193	100.000000
194	100.000000
195	100.000000
196	100.000000
197	100.000000
198	100.000000
199	100.000000
200	100.000000
201	100.000000
202	100.000000
203	100.000000
204	100.000000
205	100.000000
206	100.000000
207	100.000000
208	100.000000
209	100.000000
210	100.000000
211	100.000000
212	100.000000
213	100.000000
214	100.000000
215	100.000000
216	100.000000
217	100.000000
218	100.000000
219	100.000000
220	100.000000
221	100.000000
222	100.000000
223	100.000000
224	100.000000
225	100.000000
226	100.000000
227	100.000000
228	100.000000
229	100.000000
230	100.000000
231	100.000000
232	100.000000
233	100.000000
234	100.000000
235	100.000000
236	100.000000
237	100.000000
238	100.000000
239	100.000000
240	100.000000
241	100.000000
242	100.000000
243	100.000000
244	100.000000
245	100.000000
246	100.000000
247	100.000000
248	100.000000
249	100.000000
250	100.000000
251	100.000000
252	100.000000
253	100.000000
254	100.000000
255	100.000000
256	100.000000
257	100.000000
258	100.000000
259	100.000000
260	100.000000
261	100.000000
262	100.000000
263	100.000000
264	100.000000
265	100.000000
266	100.000000
267	100.000000
268	100.000000
269	100.000000
270	100.000000
271	100.000000
272	100.000000
273	100.000000
274	100.000000
275	100.000000
276	100.000000
277	100.000000
278	100.000000
279	100.000000
280	100.000000
281	100.000000
282	100.000000
283	100.000000
284	100.000000
285	100.000000
286	100.000000
287	100.000000
288	100.000000
289	100.000000
290	100.000000
291	100.000000
292	100.000000
293	100.000000
294	100.000000
295	100.000000
296	100.000000
297	100.000000
298	100.000000
299	100.000000
300	100.000000
301	100.000000
302	100.000000
303	100.000000
304	100.000000
305	100.000000
306	100.000000
307	100.000000
308	100.000000
309	100.000000
310	100.000000
311	100.000000
312	100.000000
313	100.000000
314	100.000000
315	100.000000
316	100.000000
317	100.000000
318	100.000000
319	100.000000
320	100.000000
321	100.000000
322	100.000000
323	100.000000
324	100.000000
325	100.000000
326	100.000000
327	100.000000
328	100.000000
329	100.000000
330	100.000000
331	100.000000
332	100.000000
333	100.000000
334	100.000000
335	100.000000
336	100.000000
337	100.000000
338	100.000000
339	100.000000
340	100.000000
341	100.000000
342	100.000000
343	100.000000
344	100.000000
345	100.000000
346	100.000000
347	100.000000
348	100.000000
349	100.000000
350	100.000000
351	100.000000
352	100.000000
353	100.000000
354	100.000000
355	100.000000
356	100.000000
357	100.000000
358	100.000000
359	100.000000
360	100.000000
361	100.000000
362	100.000000
363	100.000000
364	100.000000
365	100.000000
366	100.000000
367	100.000000
368	100.000000
369	100.000000
370	100.000000
371	100.000000
372	100.000000
373	100.000000
374	100.000000
375	100.000000
376	100.000000
377	100.000000
378	100.000000
379	100.000000
380	100.000000
381	100.000000
382	100.000000
383	100.000000
384	100.000000
385	100.000000
386	100.000000
387	100.000000
388	100.000000
389	100.000000
390	100.000000
391	100.000000
392	100.000000
393	100.000000
394	100.000000
395	100.000000
396	100.000000
397	100.000000
398	100.000000
399	100.000000
400	100.000000
401	100.000000
402	100.000000
403	100.000000
404	100.000000
405	100.000000
406	100.000000
407	100.000000
408	100.000000
409	100.000000
410	100.000000
411	100.000000
412	100.000000
413	100.000000
414	100.000000
415	100.000000
416	100.000000
417	100.000000
418	100.000000
419	100.000000
420	100.000000
421	100.000000
422	100.000000
423	100.000000
424	100.000000
425	100.000000
426	100.000000
427	100.000000
428	100.000000
429	100.000000
430	100.000000
431	100.000000
432	100.000000
433	100.000000
434	100.000000
435	100.000000
436	100.000000
437	100.000000
438	100.000000
439	100.000000
440	100.000000
441	100.000000
442	100.000000
443	100.000000
444	100.000000
445	100.000000
446	100.000000
447	100.000000
448	100.000000
449	100.000000
450	100.000000
451	100.000000
452	100.000000
453	100.000000
454	100.000000
455	100.000000
456	100.000000
457	100.000000
458	100.000000
459	100.000000
460	100.000000
461	100.000000
462	100.000000
463	100.000000
464	100.000000
465	100.000000
466	100.000000
467	100.000000
468	100.000000
469	100.000000
470	100.000000
471	100.000000
472	100.000000
473	100.000000
474	100.000000
475	100.000000
476	100.000000
477	100.000000
478	100.000000
479	100.000000
480	100.000000
481	100.000000
482	100.000000
483	100.000000
484	100.000000
485	100.000000
486	100.000000
487	100.000000
488	100.000000
489	100.000000
490	100.000000
491	100.000000
492	100.000000
493	100.000000
494	100.000000
495	100.000000
496	100.000000
497	100.000000
498	100.000000
499	100.000000
500	100.000000
501	100.000000
502	100.000000
503	100.000000
504	100.000000
505	100.000000
506	100.000000
507	100.000000
508	100.000000
509	100.000000
510	100.000000
511	100.000000
512	100.000000
513	100.000000
514	100.000000
515	100.000000
516	100.000000
517	100.000000
518	100.000000
519	100.000000
520	100.000000
521	100.000000
522	100.000000
523	100.000000
524	100.000000
525	100.000000
526	100.000000
527	100.000000
528	100.000000
529	100.000000
530	100.000000
531	100.000000
532	100.000000
533	100.000000
534	100.000000
535	100.000000
536	100.000000
537	100.000000
538	100.000000
539	100.000000
540	100.000000
541	100.000000
542	100.000000
543	100.000000
544	100.000000
545	100.000000
546	100.000000
547	100.000000
548	100.000000
549	100.000000
550	100.000000
551	100.000000
552	100.000000
553	100.000000
554	100.000000
555	100.000000
556	100.000000
557	100.000000
558	100.000000
559	100.000000
560	100.000000
561	100.000000
562	100.000000
563	100.000000
564	100.000000
565	100.000000
566	100.000000
567	100.000000
568	100.000000
569	100.000000
570	100.000000
571	100.000000
572	100.000000
573	100.000000
574	100.000000
575	100.000000
576	100.000000
577	100.000000
578	100.000000
579	100.000000
580	100.000000
581	100.000000
582	100.000000
583	100.000000
584	100.000000
585	100.000000
586	100.000000
587	100.000000
588	100.000000
589	100.000000
590	100.000000
591	100.000000
592	100.000000
593	100.000000
594	100.000000
595	100.000000
596	100.000000
597	100.000000
598	100.000000
599	100.000000
600	100.000000
601	100.000000
602	100.000000
603	100.000000
604	100.000000
605	100.000000
606	100.000000
607	100.000000
608	100.000000
609	100.000000
610	100.000000
611	100.000000
612	100.000000
613	100.000000
614	100.000000
615	100.000000
616	100.000000
617	100.000000
618	100.000000
619	100.000000
620	100.000000
621	100.000000
622	100.000000
623	100.000000
624	100.000000
625	100.000000
626	100.000000
627	100.000000
628	100.000000
629	100.000000
630	100.000000
631	100.000000
632	100.000000
633	100.000000
634	100.000000
635	100.000000
636	100.000000
637	100.000000
638	100.000000
639	100.000000
640	100.000000
641	100.000000
642	100.000000
643	100.000000
644	100.000000
645	100.000000
646	100.000000
647	100.000000
648	100.000000
649	100.000000
650	100.000000
651	100.000000
652	100.000000
653	100.000000
654	100.000000
655	100.000000
656	100.000000
657	100.000000
658	100.000000
659	100.000000
660	100.000000
661	100.000000
662	100.000000
663	100.000000
664	100.000000
665	100.000000
666	100.000000
667	100.000000
668	100.000000
669	100.000000
670	100.000000
671	100.000000
672	100.000000
673	100.000000
674	100.000000
675	100.000000
676	100.000000
677	100.000000
678	100.000000
679	100.000000
680	100.000000
681	100.000000
682	100.000000
683	100.000000
684	100.000000
685	100.000000
686	100.000000
687	100.000000
688	100.000000
689	100.000000
690	100.000000
691	100.000000
692	100.000000
693	100.000000
694	100.000000
695	100.000000
696	100.000000
697	100.000000
698	100.000000
699	100.000000
700	100.000000
701	100.000000
702	100.000000
703	100.000000
704	100.000000
705	100.000000
706	100.000000
707	100.000000
708	100.000000
709	100.000000
710	100.000000
711	100.000000
712	100.000000
713	100.000000
714	100.000000
715	100.000000
716	100.000000
717	100.000000
718	100.000000
719	100.000000
720	100.000000
721	100.000000
722	100.000000
723	100.000000
724	100.000000
725	100.000000
726	100.000000
727	100.000000
728	100.000000
729	100.000000
730	100.000000
731	100.000000
732	100.000000
733	100.000000
734	100.000000
735	100.000000
736	100.000000
737	100.000000
738	100.000000
739	100.000000
740	100.000000
741	100.000000
742	100.000000
743	100.000000
744	100.000000
745	100.000000
746	100.000000
747	100.000000
748	100.000000
749	100.000000
750	100.000000
751	100.000000
752	100.000000
753	100.000000
754	100.000000
755	100.000000
756	100.000000
757	100.000000
758	100.000000
759	100.000000
760	100.000000
761	100.000000
762	100.000000
763	100.000000
764	100.000000
765	100.000000
766	100.000000
767	100.000000
768	100.000000
769	100.000000
770	100.000000
771	100.000000
772	100.000000
773	100.000000
774	100.000000
775	100.000000
776	100.000000
777	100.000000
778	100.000000
779	100.000000
780	100.000000
781	100.000000
782	100.000000
783	100.000000
784	100.000000
785	100.000000
786	100.000000
787	100.000000
788	100.000000
789	100.000000
790	100.000000
791	100.000000
792	100.000000
793	100.000000
794	100.000000
795	100.000000
796	100.000000
797	100.000000
798	100.000000
799	100.000000
800	100.000000
801	100.000000
802	100.000000
803	100.000000
804	100.000000
805	100.000000
806	100.000000
807	100.000000
808	100.000000
809	100.000000
810	100.000000
811	100.000000
812	100.000000
813	100.000000
814	100.000000
815	100.000000
816	100.000000
817	100.000000
818	100.000000
819	100.000000
820	100.000000
821	100.000000
822	100.000000
823	100.000000
824	100.000000
825	100.000000
826	100.000000
827	100.000000
828	100.000000
829	100.000000
830	100.000000
831	100.000000
832	100.000000
833	100.000000
834	100.000000
835	100.000000
836	100.000000
837	100.000000
838	100.000000
839	100.000000
840	100.000000
841	100.000000
842	100.000000
843	100.000000
844	100.000000
845	100.000000
846	100.000000
847	100.000000
848	100.000000
849	100.000000
850	100.000000
851	100.000000
852	100.000000
853	100.000000
854	100.000000
855	100.000000
856	100.000000
857	100.000000
858	100.000000
859	100.000000
860	100.000000
861	100.000000
862	100.000000
863	100.000000
864	100.000000
865	100.000000
866	100.000000
867	100.000000
868	100.000000
869	100.000000
870	100.000000
871	100.000000
872	100.000000
873	100.000000
874	100.000000
875	100.000000
876	100.000000
877	100.000000
878	100.000000
879	100.000000
880	100.000000
881	100.000000
882	100.000000
883	100.000000
884	100.000000
885	100.000000
886	100.000000
887	100.000000
888	100.000000
889	100.000000
890	100.000000
891	100.000000
892	100.000000
893	100.000000
894	100.000000
895	100.000000
896	100.000000
897	100.000000
898	100.000000
899	100.000000
900	100.000000
901	100.000000
902	100.000000
903	100.000000
904	100.000000
905	100.000000
906	100.000000
907	100.000000
908	100.000000
909	100.000000
910	100.000000
911	100.000000
912	100.000000
913	100.000000
914	100.000000
915	100.000000
916	100.000000
917	100.000000
918	100.000000
919	100.000000
920	100.000000
921	100.000000
922	100.000000
923	100.000000
924	100.000000
925	100.000000
926	100.000000
927	100.000000
928	100.000000
929	100.000000
930	100.000000
931	100.000000
932	100.000000
933	100.000000
934	100.000000
935	100.000000
936	100.000000
937	100.000000
938	100.000000
939	100.000000
940	100.000000
941	100.000000
942	100.000000
943	100.000000
944	100.000000
945	100.000000
946	100.000000
947	100.000000
948	100.000000
949	100.000000
950	100.000000
951	100.000000
952	100.000000
953	100.000000
954	100.000000
955	100.000000
956	100.000000
957	100.000000
958	100.000000
959	100.000000
960	100.000000
961	100.000000
962	100.000000
963	100.000000
964	100.000000
965	100.000000
966	100.000000
967	100.000000
968	100.000000
969	100.000000
970	100.000000
971	100.000000
972	100.000000
973	100.000000
974	100.000000
975	100.000000
976	100.000000
977	100.000000
978	100.000000
979	100.000000
980	100.000000
981	100.000000
982	100.000000
983	100.000000
984	100.000000
985	100.000000
986	100.000000
987	100.000000
988	100.000000
989	100.000000
990	100.000000
991	100.000000
992	100.000000
993	100.000000
994	100.000000
995	100.000000
996	100.000000
997	100.000000
998	100.000000
999	100.000000
1000	100.000000
;

