# seed = 1254829604

param N := 1000;

param M := 5;

param Umax := 100.000000;

param: C :=
1	459826.663480
2	570862.867741
3	445774.179852
4	481310.504483
5	551696.434152
;

param: a :=
1	0.107674
2	0.144582
3	0.106021
4	0.163061
5	0.141121
6	0.179877
7	0.110404
8	0.182301
9	0.194990
10	0.153470
11	0.197633
12	0.136652
13	0.155964
14	0.184224
15	0.188531
16	0.119886
17	0.106257
18	0.109331
19	0.107363
20	0.124373
21	0.156707
22	0.120775
23	0.180294
24	0.168492
25	0.114935
26	0.149404
27	0.141515
28	0.199020
29	0.135778
30	0.199665
31	0.180090
32	0.122723
33	0.140790
34	0.116666
35	0.197233
36	0.178483
37	0.117891
38	0.180641
39	0.108255
40	0.134071
41	0.133161
42	0.168110
43	0.155215
44	0.181990
45	0.155403
46	0.150899
47	0.126485
48	0.118181
49	0.118451
50	0.163852
51	0.121832
52	0.126384
53	0.131999
54	0.122429
55	0.167853
56	0.113912
57	0.174035
58	0.105646
59	0.176586
60	0.174159
61	0.156212
62	0.161073
63	0.155407
64	0.175720
65	0.179833
66	0.140869
67	0.149279
68	0.107783
69	0.172132
70	0.133075
71	0.147122
72	0.166825
73	0.171147
74	0.187746
75	0.100575
76	0.142503
77	0.177906
78	0.191600
79	0.100642
80	0.176876
81	0.150102
82	0.121863
83	0.171509
84	0.130229
85	0.167947
86	0.153092
87	0.186080
88	0.129239
89	0.121762
90	0.161510
91	0.118939
92	0.132329
93	0.146700
94	0.190316
95	0.147762
96	0.130273
97	0.191137
98	0.144324
99	0.198214
100	0.155311
101	0.157095
102	0.105724
103	0.168494
104	0.174302
105	0.110800
106	0.124189
107	0.159455
108	0.104072
109	0.152627
110	0.144404
111	0.145040
112	0.165312
113	0.196826
114	0.122968
115	0.121435
116	0.127604
117	0.110708
118	0.183537
119	0.102989
120	0.156306
121	0.149536
122	0.199904
123	0.117830
124	0.159458
125	0.170322
126	0.167406
127	0.119515
128	0.150164
129	0.197433
130	0.170791
131	0.112312
132	0.166763
133	0.109656
134	0.165518
135	0.138160
136	0.160428
137	0.174162
138	0.103181
139	0.163090
140	0.158176
141	0.146686
142	0.122882
143	0.168242
144	0.107210
145	0.150473
146	0.153861
147	0.177854
148	0.142857
149	0.172966
150	0.166062
151	0.156279
152	0.174004
153	0.109208
154	0.176843
155	0.137143
156	0.135028
157	0.145133
158	0.139331
159	0.135893
160	0.101854
161	0.170450
162	0.197250
163	0.184640
164	0.136640
165	0.158451
166	0.165497
167	0.160744
168	0.127598
169	0.196069
170	0.135747
171	0.105628
172	0.105416
173	0.160154
174	0.153607
175	0.102595
176	0.171815
177	0.171010
178	0.151436
179	0.170299
180	0.174777
181	0.156257
182	0.174956
183	0.140491
184	0.152681
185	0.133930
186	0.135586
187	0.107239
188	0.165925
189	0.115275
190	0.172963
191	0.127417
192	0.100627
193	0.113747
194	0.171269
195	0.148240
196	0.104281
197	0.176550
198	0.143446
199	0.146889
200	0.111945
201	0.177557
202	0.185238
203	0.123375
204	0.196197
205	0.124728
206	0.111940
207	0.158799
208	0.196666
209	0.172562
210	0.138036
211	0.105549
212	0.144247
213	0.196360
214	0.193521
215	0.117115
216	0.130492
217	0.172901
218	0.138175
219	0.183861
220	0.103407
221	0.176265
222	0.141693
223	0.179789
224	0.170217
225	0.198703
226	0.100701
227	0.161405
228	0.177862
229	0.177930
230	0.181263
231	0.179624
232	0.125872
233	0.177051
234	0.187826
235	0.137558
236	0.190030
237	0.140496
238	0.196187
239	0.188318
240	0.149447
241	0.108785
242	0.122643
243	0.187802
244	0.153414
245	0.148009
246	0.171106
247	0.164625
248	0.155935
249	0.103355
250	0.164185
251	0.179288
252	0.188279
253	0.193156
254	0.158529
255	0.194837
256	0.110543
257	0.143073
258	0.117213
259	0.140374
260	0.185520
261	0.143929
262	0.129416
263	0.106504
264	0.170134
265	0.174000
266	0.195903
267	0.154677
268	0.116283
269	0.164450
270	0.105441
271	0.184313
272	0.125773
273	0.125687
274	0.171275
275	0.199651
276	0.187631
277	0.115303
278	0.161480
279	0.144644
280	0.120904
281	0.135514
282	0.102560
283	0.134642
284	0.188387
285	0.166465
286	0.165314
287	0.178526
288	0.112315
289	0.198250
290	0.108213
291	0.178445
292	0.107333
293	0.174473
294	0.189089
295	0.182899
296	0.183256
297	0.118176
298	0.110963
299	0.118334
300	0.111924
301	0.150342
302	0.139345
303	0.193256
304	0.184535
305	0.138166
306	0.120086
307	0.109284
308	0.127582
309	0.149556
310	0.141534
311	0.169582
312	0.199418
313	0.194543
314	0.156363
315	0.130950
316	0.165200
317	0.192132
318	0.107978
319	0.125855
320	0.133890
321	0.126817
322	0.133894
323	0.103644
324	0.175199
325	0.180731
326	0.199147
327	0.169548
328	0.123106
329	0.170192
330	0.118011
331	0.193141
332	0.125808
333	0.130458
334	0.116213
335	0.127553
336	0.102374
337	0.163258
338	0.130544
339	0.191395
340	0.189593
341	0.139898
342	0.193003
343	0.116829
344	0.112017
345	0.194697
346	0.152791
347	0.115256
348	0.172559
349	0.172129
350	0.122417
351	0.143313
352	0.116006
353	0.177764
354	0.110399
355	0.132499
356	0.105433
357	0.130276
358	0.187620
359	0.109056
360	0.156777
361	0.157246
362	0.114834
363	0.157169
364	0.131431
365	0.162456
366	0.111642
367	0.131078
368	0.172096
369	0.155578
370	0.148020
371	0.185635
372	0.197912
373	0.137186
374	0.146906
375	0.139489
376	0.178208
377	0.134745
378	0.107122
379	0.137156
380	0.151826
381	0.175948
382	0.192890
383	0.105378
384	0.172931
385	0.166575
386	0.159417
387	0.198674
388	0.153428
389	0.117817
390	0.145904
391	0.172703
392	0.125499
393	0.152742
394	0.106696
395	0.114747
396	0.109225
397	0.172080
398	0.108220
399	0.141921
400	0.148522
401	0.187089
402	0.150125
403	0.149688
404	0.133916
405	0.184925
406	0.193986
407	0.155212
408	0.136016
409	0.182677
410	0.103392
411	0.177382
412	0.137810
413	0.163519
414	0.188132
415	0.137425
416	0.158615
417	0.130515
418	0.177684
419	0.168882
420	0.113441
421	0.121262
422	0.195634
423	0.143025
424	0.153991
425	0.143958
426	0.163786
427	0.148290
428	0.170369
429	0.171394
430	0.120960
431	0.122433
432	0.172848
433	0.158082
434	0.197363
435	0.126384
436	0.109977
437	0.118274
438	0.106187
439	0.177089
440	0.106638
441	0.151835
442	0.198258
443	0.181172
444	0.177407
445	0.142000
446	0.139943
447	0.108282
448	0.137629
449	0.126689
450	0.159827
451	0.187866
452	0.120431
453	0.198655
454	0.189781
455	0.107124
456	0.136619
457	0.174045
458	0.164552
459	0.146034
460	0.189006
461	0.166934
462	0.150816
463	0.196610
464	0.147445
465	0.120559
466	0.139031
467	0.136497
468	0.119482
469	0.162986
470	0.137890
471	0.131934
472	0.182215
473	0.183971
474	0.142931
475	0.196188
476	0.106433
477	0.135027
478	0.196716
479	0.198886
480	0.155277
481	0.173810
482	0.116337
483	0.146099
484	0.164299
485	0.192327
486	0.156658
487	0.110004
488	0.123697
489	0.122426
490	0.112857
491	0.126774
492	0.105284
493	0.101692
494	0.175726
495	0.184435
496	0.171230
497	0.148383
498	0.146849
499	0.107875
500	0.187808
501	0.111686
502	0.130571
503	0.156483
504	0.185681
505	0.141834
506	0.195377
507	0.110120
508	0.138077
509	0.106677
510	0.103774
511	0.110014
512	0.148267
513	0.168323
514	0.191431
515	0.116020
516	0.133450
517	0.109878
518	0.154067
519	0.184106
520	0.124239
521	0.198924
522	0.101420
523	0.128497
524	0.117937
525	0.167871
526	0.124879
527	0.166856
528	0.117551
529	0.133597
530	0.131221
531	0.118177
532	0.155502
533	0.122342
534	0.193675
535	0.182565
536	0.194416
537	0.146724
538	0.188145
539	0.147774
540	0.165191
541	0.191385
542	0.194147
543	0.182392
544	0.122672
545	0.196709
546	0.150845
547	0.163364
548	0.145371
549	0.133919
550	0.151829
551	0.122293
552	0.185071
553	0.162753
554	0.161942
555	0.190565
556	0.169437
557	0.169775
558	0.100112
559	0.152678
560	0.145548
561	0.171951
562	0.150157
563	0.113018
564	0.152944
565	0.118064
566	0.109903
567	0.120458
568	0.145353
569	0.104993
570	0.167890
571	0.176191
572	0.124485
573	0.180097
574	0.167857
575	0.100230
576	0.168658
577	0.108385
578	0.193363
579	0.144502
580	0.167019
581	0.172439
582	0.131044
583	0.192690
584	0.159438
585	0.157338
586	0.150555
587	0.190668
588	0.163355
589	0.156151
590	0.140490
591	0.139172
592	0.147798
593	0.112431
594	0.167158
595	0.109299
596	0.110724
597	0.155005
598	0.118896
599	0.104714
600	0.152329
601	0.165717
602	0.197452
603	0.125758
604	0.195295
605	0.179328
606	0.182619
607	0.123314
608	0.195854
609	0.158186
610	0.130104
611	0.186140
612	0.130667
613	0.119431
614	0.120511
615	0.193938
616	0.184827
617	0.138469
618	0.131764
619	0.191979
620	0.164529
621	0.148677
622	0.124636
623	0.132537
624	0.115943
625	0.137477
626	0.197813
627	0.189117
628	0.184817
629	0.184229
630	0.109358
631	0.158653
632	0.189555
633	0.116840
634	0.116861
635	0.153617
636	0.182936
637	0.100340
638	0.111106
639	0.161122
640	0.151887
641	0.149492
642	0.152713
643	0.197429
644	0.176871
645	0.122697
646	0.131098
647	0.151614
648	0.188687
649	0.125003
650	0.108859
651	0.195893
652	0.163646
653	0.106416
654	0.131377
655	0.101226
656	0.174472
657	0.138563
658	0.148125
659	0.194240
660	0.199093
661	0.132995
662	0.134796
663	0.139075
664	0.101660
665	0.162704
666	0.165398
667	0.112683
668	0.164641
669	0.113841
670	0.140603
671	0.152531
672	0.142832
673	0.102301
674	0.141923
675	0.157100
676	0.143580
677	0.150523
678	0.125247
679	0.121909
680	0.153101
681	0.168817
682	0.196619
683	0.105260
684	0.155785
685	0.194773
686	0.144226
687	0.149416
688	0.184340
689	0.154335
690	0.179367
691	0.135969
692	0.175801
693	0.153534
694	0.140259
695	0.107638
696	0.164238
697	0.156258
698	0.191022
699	0.129854
700	0.196185
701	0.120995
702	0.155355
703	0.174045
704	0.124329
705	0.157574
706	0.153921
707	0.118477
708	0.127213
709	0.105333
710	0.198454
711	0.105647
712	0.145066
713	0.163870
714	0.185486
715	0.170011
716	0.164934
717	0.178021
718	0.199567
719	0.147115
720	0.150070
721	0.134351
722	0.137178
723	0.168192
724	0.140789
725	0.192872
726	0.193015
727	0.168033
728	0.149532
729	0.180460
730	0.173882
731	0.184512
732	0.140977
733	0.143944
734	0.195387
735	0.191363
736	0.190139
737	0.155557
738	0.143607
739	0.104986
740	0.105942
741	0.109443
742	0.189871
743	0.177233
744	0.146566
745	0.158026
746	0.185001
747	0.113367
748	0.122572
749	0.182480
750	0.187620
751	0.176843
752	0.174595
753	0.144636
754	0.117258
755	0.131576
756	0.136533
757	0.155503
758	0.127838
759	0.195287
760	0.175777
761	0.137759
762	0.178485
763	0.112734
764	0.148584
765	0.124364
766	0.166466
767	0.101445
768	0.116685
769	0.181535
770	0.176373
771	0.125486
772	0.110332
773	0.166946
774	0.123845
775	0.156550
776	0.172064
777	0.159441
778	0.173599
779	0.154395
780	0.100805
781	0.179371
782	0.158138
783	0.140012
784	0.111757
785	0.124258
786	0.174311
787	0.139489
788	0.166535
789	0.159327
790	0.122670
791	0.110364
792	0.127846
793	0.126472
794	0.191510
795	0.164567
796	0.183568
797	0.113396
798	0.100654
799	0.123629
800	0.131610
801	0.142059
802	0.103297
803	0.178128
804	0.178667
805	0.133356
806	0.170307
807	0.126425
808	0.173685
809	0.172043
810	0.164289
811	0.168403
812	0.162896
813	0.147258
814	0.170247
815	0.123265
816	0.130582
817	0.198111
818	0.150978
819	0.190668
820	0.104042
821	0.178363
822	0.112485
823	0.169655
824	0.199758
825	0.109031
826	0.125405
827	0.187902
828	0.158959
829	0.170784
830	0.164512
831	0.193736
832	0.164972
833	0.133172
834	0.190706
835	0.145575
836	0.109600
837	0.113724
838	0.139714
839	0.178990
840	0.150140
841	0.164660
842	0.154842
843	0.163469
844	0.128595
845	0.118572
846	0.151162
847	0.107654
848	0.195256
849	0.173437
850	0.141152
851	0.115208
852	0.189722
853	0.197197
854	0.163971
855	0.101958
856	0.199849
857	0.199535
858	0.188479
859	0.190660
860	0.157196
861	0.115255
862	0.171436
863	0.137718
864	0.123714
865	0.108423
866	0.111673
867	0.106472
868	0.117918
869	0.126906
870	0.140315
871	0.199042
872	0.163438
873	0.123251
874	0.197149
875	0.181573
876	0.119998
877	0.101414
878	0.132916
879	0.168830
880	0.124398
881	0.179908
882	0.104313
883	0.123558
884	0.172307
885	0.192541
886	0.106347
887	0.102050
888	0.121928
889	0.194359
890	0.121342
891	0.161493
892	0.115297
893	0.177471
894	0.130487
895	0.170827
896	0.113328
897	0.175487
898	0.146714
899	0.170446
900	0.189130
901	0.184028
902	0.193716
903	0.113413
904	0.181383
905	0.144785
906	0.115913
907	0.106048
908	0.145981
909	0.135606
910	0.120894
911	0.171016
912	0.174661
913	0.194782
914	0.194277
915	0.145788
916	0.184293
917	0.185569
918	0.176234
919	0.140864
920	0.183471
921	0.101389
922	0.151774
923	0.132177
924	0.155404
925	0.183409
926	0.158083
927	0.144440
928	0.105191
929	0.133204
930	0.101600
931	0.136376
932	0.198573
933	0.129717
934	0.147146
935	0.161024
936	0.161341
937	0.106098
938	0.192117
939	0.179614
940	0.156767
941	0.187549
942	0.152380
943	0.144546
944	0.170916
945	0.170013
946	0.199502
947	0.189007
948	0.144537
949	0.120187
950	0.122261
951	0.111320
952	0.174226
953	0.107938
954	0.178750
955	0.136561
956	0.136758
957	0.192348
958	0.142374
959	0.196057
960	0.141716
961	0.106346
962	0.127116
963	0.134403
964	0.176451
965	0.107129
966	0.146985
967	0.111824
968	0.104616
969	0.154621
970	0.188754
971	0.145265
972	0.104707
973	0.185360
974	0.156467
975	0.170322
976	0.150464
977	0.111325
978	0.138746
979	0.156252
980	0.114166
981	0.110885
982	0.123008
983	0.183774
984	0.197468
985	0.181917
986	0.140865
987	0.197818
988	0.196706
989	0.189985
990	0.165542
991	0.151024
992	0.164929
993	0.173072
994	0.144178
995	0.145512
996	0.182604
997	0.128425
998	0.194630
999	0.146663
1000	0.196784
;

param: b :=
1	67.468279
2	96.686568
3	96.402927
4	77.520515
5	12.365242
6	29.894665
7	62.781812
8	15.083193
9	97.110774
10	86.554932
11	74.392178
12	21.956303
13	11.024585
14	60.462619
15	20.279514
16	30.326749
17	66.263058
18	31.201997
19	66.530929
20	31.432327
21	9.512981
22	25.256119
23	57.360277
24	27.614518
25	6.152891
26	82.155883
27	11.265725
28	39.291032
29	96.010781
30	64.418700
31	97.713425
32	34.206296
33	49.031357
34	52.460672
35	94.336031
36	44.653144
37	0.481834
38	9.975796
39	59.082873
40	24.952712
41	38.142672
42	75.832316
43	40.682668
44	61.000098
45	9.735582
46	55.997949
47	49.044572
48	72.442356
49	1.179027
50	97.146250
51	57.167004
52	11.106866
53	95.843842
54	85.230391
55	63.105824
56	67.621854
57	78.281900
58	8.780713
59	72.737653
60	75.049873
61	14.630403
62	2.498166
63	10.516538
64	87.606049
65	1.902669
66	27.975345
67	22.099410
68	93.162984
69	49.212426
70	85.082611
71	14.601954
72	89.073606
73	45.677637
74	68.313365
75	73.061584
76	73.810832
77	8.403690
78	57.032559
79	59.139686
80	65.447798
81	48.381916
82	3.935646
83	67.275639
84	86.289689
85	76.552519
86	43.932442
87	91.176796
88	47.381325
89	63.676896
90	25.611132
91	43.972187
92	5.454173
93	38.110880
94	16.060515
95	68.622431
96	13.298370
97	93.868786
98	1.540095
99	45.984496
100	26.236058
101	14.083734
102	59.273504
103	86.477480
104	46.114155
105	24.201668
106	57.793943
107	30.150040
108	6.897803
109	51.737025
110	55.001178
111	12.433478
112	60.612197
113	11.125450
114	39.097506
115	94.019606
116	54.554386
117	72.285851
118	81.210629
119	53.072818
120	89.773930
121	96.938029
122	51.217663
123	40.332023
124	69.988228
125	31.768414
126	70.634849
127	44.138218
128	44.604881
129	29.637016
130	7.640281
131	78.554194
132	59.025979
133	74.625507
134	2.896062
135	81.919537
136	23.511693
137	58.816226
138	9.113054
139	76.354711
140	26.374234
141	60.266171
142	51.453580
143	34.785523
144	81.721058
145	79.762110
146	47.497934
147	32.529309
148	93.516819
149	47.597883
150	36.951158
151	2.783637
152	34.914757
153	18.850544
154	81.936184
155	24.817431
156	92.130671
157	99.165735
158	52.521989
159	88.143406
160	66.023084
161	21.999089
162	14.367935
163	33.892008
164	71.196135
165	87.666456
166	72.674214
167	45.105779
168	0.685260
169	52.436068
170	89.128837
171	59.129481
172	9.399945
173	9.030119
174	67.281519
175	88.489573
176	61.678571
177	32.940471
178	4.995348
179	14.213863
180	53.066974
181	90.523402
182	15.585436
183	76.073781
184	13.414202
185	9.223699
186	71.018548
187	13.021781
188	16.172169
189	84.550402
190	43.794721
191	87.540898
192	44.689816
193	69.616023
194	29.142658
195	58.922035
196	18.512226
197	91.639895
198	69.119914
199	11.994716
200	32.633947
201	87.189708
202	39.589497
203	55.617673
204	26.485446
205	88.519569
206	37.786927
207	93.850887
208	79.239952
209	71.291943
210	64.211705
211	55.994861
212	54.216157
213	85.564720
214	56.951814
215	34.832278
216	69.076546
217	16.857307
218	11.510429
219	54.157653
220	41.742928
221	79.328512
222	82.917338
223	81.652660
224	74.301569
225	67.427312
226	25.950442
227	48.361129
228	41.943236
229	37.095645
230	59.229066
231	40.392628
232	66.581460
233	44.669764
234	22.405068
235	49.459237
236	51.168811
237	17.178065
238	76.592016
239	62.124109
240	63.182953
241	73.868720
242	15.622535
243	60.840625
244	17.240631
245	91.371974
246	1.981804
247	8.963063
248	71.440228
249	38.679886
250	27.123716
251	0.346365
252	14.832098
253	82.815688
254	61.251646
255	12.061660
256	11.647268
257	66.804673
258	52.901241
259	65.231351
260	22.876125
261	83.409888
262	5.281638
263	85.384467
264	88.047821
265	35.870561
266	13.428349
267	71.631618
268	27.737552
269	65.306150
270	94.187282
271	82.349045
272	5.570731
273	3.543247
274	27.380860
275	7.377643
276	60.525315
277	96.132519
278	66.629922
279	10.852517
280	20.824150
281	50.157630
282	74.633932
283	43.480872
284	47.345121
285	44.401829
286	6.408374
287	50.159272
288	52.215462
289	12.724344
290	69.222879
291	25.645553
292	87.122420
293	0.634411
294	93.860040
295	99.136261
296	14.986642
297	7.635713
298	38.891419
299	2.993828
300	59.350325
301	97.328067
302	18.264793
303	6.716757
304	4.032289
305	19.436317
306	11.723551
307	48.826946
308	8.001768
309	39.927017
310	89.181988
311	56.866800
312	25.215231
313	57.749132
314	45.605761
315	8.019044
316	75.743588
317	71.810663
318	1.269843
319	70.910804
320	54.745891
321	99.247224
322	24.220249
323	27.873469
324	62.933574
325	3.209758
326	22.104606
327	60.503045
328	24.670142
329	35.950082
330	43.651430
331	29.737028
332	2.500041
333	51.694467
334	43.212935
335	30.148798
336	33.848840
337	49.354763
338	13.281683
339	1.058779
340	4.297209
341	84.286715
342	53.740661
343	98.513578
344	59.965185
345	58.620443
346	31.413370
347	57.067341
348	2.661138
349	23.360985
350	43.455269
351	16.383333
352	27.728027
353	82.263775
354	22.757225
355	44.701613
356	91.347110
357	61.492679
358	15.583218
359	55.000766
360	21.419601
361	83.859209
362	15.328842
363	64.704054
364	74.205891
365	4.645304
366	84.087817
367	96.844687
368	84.606139
369	73.401098
370	82.011067
371	90.339710
372	3.721099
373	66.076255
374	28.588418
375	24.553927
376	71.247664
377	98.036732
378	14.903124
379	46.046434
380	24.226647
381	11.770365
382	72.377347
383	84.779643
384	1.971009
385	3.923728
386	34.378151
387	66.492377
388	9.319276
389	65.051516
390	73.563538
391	29.152709
392	88.997936
393	29.644253
394	24.599342
395	57.552447
396	4.784151
397	43.799781
398	41.833461
399	7.044588
400	94.652448
401	18.662174
402	45.638587
403	53.953471
404	54.422728
405	38.215594
406	35.895969
407	83.890043
408	97.276801
409	68.030716
410	77.128319
411	0.438110
412	87.137661
413	13.845874
414	58.008469
415	36.751821
416	73.920964
417	4.653839
418	79.963763
419	64.910639
420	24.843875
421	9.140674
422	24.259273
423	83.242513
424	10.580298
425	7.816117
426	9.843141
427	29.959988
428	59.594380
429	66.984793
430	81.570141
431	70.278206
432	63.101653
433	90.508689
434	19.150753
435	88.620689
436	42.908748
437	42.872178
438	19.442023
439	40.792285
440	76.211099
441	47.085687
442	71.908124
443	14.302911
444	26.866333
445	59.785745
446	0.808294
447	0.502488
448	88.598527
449	30.744234
450	39.314635
451	82.167073
452	78.177998
453	43.558131
454	4.879496
455	50.811357
456	65.881437
457	2.775470
458	76.273246
459	40.352656
460	63.162694
461	18.626674
462	88.749512
463	76.894306
464	49.377914
465	12.667608
466	64.671878
467	18.447422
468	25.410037
469	6.654454
470	16.864617
471	67.458895
472	2.392990
473	67.924249
474	98.254567
475	65.243991
476	39.231709
477	79.224702
478	13.407603
479	88.484104
480	14.170997
481	19.393671
482	95.196283
483	2.892036
484	96.404823
485	8.164243
486	60.362653
487	95.979612
488	8.014655
489	29.762796
490	8.437193
491	52.675543
492	72.834104
493	8.862906
494	28.351464
495	78.091491
496	76.063969
497	23.861438
498	79.546093
499	66.664982
500	74.584471
501	80.798515
502	24.695176
503	9.620880
504	92.420324
505	6.427452
506	16.909864
507	6.734263
508	49.031963
509	14.629890
510	38.001436
511	9.037823
512	29.450092
513	38.257333
514	0.471756
515	83.002112
516	39.685790
517	96.085478
518	1.126163
519	77.438879
520	6.770052
521	46.009834
522	5.622650
523	84.621898
524	98.490804
525	61.651964
526	59.630866
527	64.107948
528	34.374222
529	67.655078
530	39.313567
531	37.698996
532	28.102010
533	6.118823
534	75.523379
535	69.175321
536	7.526875
537	23.162654
538	80.737238
539	43.208150
540	98.842332
541	21.203900
542	68.138258
543	70.736861
544	85.590588
545	24.933333
546	88.019277
547	18.934020
548	61.107075
549	32.799311
550	52.877461
551	25.247620
552	22.802833
553	77.378439
554	55.985399
555	56.655031
556	98.250082
557	7.565759
558	9.816952
559	98.958788
560	83.905106
561	41.558087
562	80.581337
563	59.669576
564	65.165421
565	7.947675
566	64.821850
567	47.413234
568	33.911009
569	44.599932
570	31.356861
571	80.185981
572	86.424878
573	58.759020
574	82.822525
575	11.988317
576	51.595277
577	19.668570
578	27.445013
579	37.741506
580	21.658438
581	43.672619
582	0.101415
583	61.187157
584	79.957347
585	86.554052
586	48.862351
587	81.027585
588	62.353585
589	35.018785
590	78.836297
591	89.419540
592	65.071135
593	0.480087
594	11.763966
595	35.881558
596	26.131472
597	51.466476
598	10.246538
599	51.451935
600	26.560009
601	55.771758
602	65.551669
603	86.574160
604	92.285835
605	31.062250
606	52.195601
607	59.960613
608	62.938651
609	89.156764
610	82.792846
611	68.700581
612	51.518232
613	71.005553
614	69.724535
615	59.036990
616	5.123661
617	25.799881
618	9.340052
619	71.958157
620	18.212889
621	57.897370
622	55.784192
623	92.433202
624	27.498669
625	54.138719
626	30.042786
627	62.043601
628	91.854591
629	55.394480
630	21.415899
631	27.280872
632	8.450370
633	48.725611
634	53.555813
635	89.875170
636	1.226828
637	20.217159
638	27.608873
639	50.783770
640	61.843778
641	13.302729
642	64.235815
643	69.817351
644	26.846782
645	77.297992
646	10.526758
647	53.668356
648	61.692613
649	92.514596
650	47.891383
651	67.036623
652	38.564725
653	99.384427
654	78.617260
655	55.584251
656	11.072968
657	5.466938
658	43.574729
659	90.744464
660	22.026825
661	70.375827
662	73.684616
663	47.855366
664	9.649389
665	47.398743
666	52.526313
667	57.684837
668	55.671284
669	87.379158
670	4.226375
671	74.665535
672	2.651152
673	15.590029
674	58.993585
675	86.345198
676	10.521271
677	54.663080
678	98.139143
679	8.173124
680	48.857621
681	2.337092
682	7.073463
683	40.280211
684	27.655547
685	72.261881
686	64.510324
687	74.562062
688	53.742915
689	72.376867
690	73.989239
691	67.866510
692	21.896052
693	53.271366
694	49.958954
695	39.723066
696	70.785740
697	2.647339
698	28.663503
699	88.341193
700	72.317066
701	67.961286
702	74.685833
703	43.529742
704	76.812568
705	56.396374
706	39.549287
707	78.834574
708	71.260115
709	31.423560
710	73.673560
711	81.083959
712	59.529455
713	24.314223
714	58.917034
715	54.787036
716	70.525385
717	64.607998
718	79.698765
719	27.434529
720	28.805007
721	31.559691
722	47.004014
723	93.004036
724	42.877774
725	17.650232
726	52.792040
727	45.421334
728	38.257787
729	91.880921
730	91.822588
731	74.088857
732	11.403724
733	98.784618
734	39.377255
735	50.343033
736	11.490108
737	52.720017
738	76.541707
739	17.154711
740	68.268868
741	35.427292
742	54.529547
743	38.626426
744	87.636341
745	34.065286
746	70.045084
747	40.821553
748	91.732787
749	84.330846
750	4.503900
751	96.378456
752	39.845797
753	63.178685
754	16.744371
755	59.479070
756	32.624982
757	29.372350
758	97.746334
759	3.000470
760	24.590021
761	64.126282
762	82.465415
763	55.908595
764	7.928089
765	67.933406
766	10.876720
767	18.142404
768	40.998877
769	71.174746
770	94.485940
771	77.542388
772	61.244833
773	11.632624
774	91.183825
775	51.920268
776	30.235270
777	56.743084
778	4.838554
779	64.063597
780	38.010112
781	72.499962
782	72.234910
783	9.886953
784	74.566936
785	78.918865
786	51.721914
787	83.429028
788	57.943118
789	63.144407
790	31.319467
791	56.160675
792	20.423354
793	98.429768
794	33.178649
795	6.671131
796	5.513528
797	32.612086
798	76.005195
799	85.925352
800	23.048743
801	52.355562
802	45.083020
803	74.246566
804	72.359204
805	1.444048
806	98.341647
807	98.114477
808	6.786501
809	92.525653
810	50.653603
811	96.055416
812	56.448393
813	45.352470
814	59.428416
815	47.002811
816	29.436668
817	35.574612
818	90.920094
819	59.365105
820	71.533369
821	82.934416
822	75.296123
823	80.238792
824	8.824604
825	68.589798
826	68.272742
827	8.305736
828	93.882783
829	6.133354
830	48.584762
831	72.725955
832	99.437459
833	94.283613
834	3.008309
835	89.805956
836	66.335534
837	76.139745
838	73.793232
839	78.115519
840	7.381372
841	65.278814
842	19.879250
843	55.783358
844	5.938726
845	57.193685
846	43.170396
847	40.994534
848	78.704939
849	92.162227
850	80.454612
851	98.121257
852	95.367869
853	78.626022
854	20.606097
855	8.561390
856	19.657300
857	79.383605
858	5.108615
859	19.998350
860	67.328971
861	40.348179
862	56.565925
863	11.846442
864	23.524580
865	33.331600
866	20.325581
867	92.882348
868	88.923151
869	94.146211
870	50.745516
871	81.079808
872	77.039673
873	73.927624
874	40.231967
875	30.219765
876	34.969277
877	71.756318
878	91.599883
879	20.701161
880	13.528649
881	86.308370
882	90.713309
883	13.722925
884	45.179815
885	55.299359
886	49.921846
887	69.502755
888	53.425033
889	61.418695
890	1.849239
891	47.368040
892	31.171750
893	2.555203
894	40.365563
895	55.776652
896	71.626593
897	93.683691
898	34.401988
899	46.999175
900	91.202431
901	65.048684
902	37.000270
903	56.371557
904	33.949473
905	1.509446
906	71.377276
907	5.742438
908	8.161180
909	46.353543
910	79.863407
911	75.557554
912	37.405154
913	34.136101
914	71.410280
915	96.298512
916	12.099144
917	22.847207
918	72.665528
919	0.198325
920	0.003862
921	86.001171
922	36.385483
923	11.985206
924	26.839859
925	78.012849
926	1.770003
927	56.509478
928	53.208413
929	26.673562
930	99.672102
931	67.664516
932	26.913167
933	26.755928
934	62.891941
935	25.337447
936	54.233466
937	1.836324
938	19.504639
939	9.567242
940	65.303096
941	99.189748
942	32.952313
943	27.755993
944	42.815760
945	48.110048
946	55.357340
947	17.210818
948	24.159966
949	95.138943
950	91.352327
951	60.466990
952	43.055123
953	94.803528
954	45.187640
955	20.710637
956	32.396173
957	36.731158
958	74.531990
959	64.726237
960	64.734425
961	69.021560
962	34.023666
963	51.962412
964	60.093301
965	95.847012
966	23.977447
967	63.896153
968	24.908645
969	50.570748
970	27.237512
971	22.683748
972	73.858188
973	63.097009
974	15.434776
975	6.273041
976	95.562341
977	24.112364
978	38.906480
979	53.028283
980	8.023012
981	70.287078
982	43.522896
983	18.630901
984	56.321053
985	78.563295
986	49.358984
987	31.032519
988	86.774716
989	53.138072
990	33.935052
991	39.196048
992	68.906308
993	0.890251
994	89.388773
995	1.776682
996	23.765350
997	60.661842
998	28.164570
999	91.449155
1000	10.926724
;

param: c :=
1	60.097224
2	8.788114
3	28.503970
4	79.800773
5	44.446337
6	63.969195
7	22.196823
8	41.065147
9	88.325474
10	48.743782
11	88.293490
12	1.235784
13	39.845610
14	96.608729
15	48.662976
16	30.328596
17	37.989699
18	30.298731
19	42.847442
20	5.154698
21	77.001175
22	16.696480
23	60.149203
24	83.112608
25	4.712049
26	84.793357
27	12.650570
28	41.891720
29	47.754743
30	41.909000
31	69.361953
32	37.652213
33	0.030846
34	6.838582
35	64.188233
36	54.681799
37	25.144529
38	19.490297
39	66.523493
40	64.983916
41	77.846910
42	27.783606
43	96.705865
44	37.911278
45	38.376044
46	42.974560
47	35.050247
48	22.226489
49	35.916832
50	42.538365
51	8.361997
52	35.091860
53	76.034642
54	72.618546
55	32.373734
56	75.408458
57	26.552448
58	49.596345
59	73.982959
60	25.017725
61	82.811000
62	86.021798
63	37.230430
64	1.694121
65	1.081920
66	29.573599
67	89.383443
68	13.183741
69	40.161188
70	18.778165
71	12.301535
72	96.393496
73	77.059994
74	70.930398
75	11.330976
76	67.506897
77	23.181503
78	45.681649
79	99.109057
80	87.983029
81	39.438693
82	62.928985
83	73.620595
84	14.515495
85	33.422525
86	19.702544
87	40.121226
88	56.544996
89	4.026840
90	44.656621
91	78.073937
92	54.960600
93	37.706186
94	11.010552
95	71.905774
96	89.616058
97	33.295828
98	51.684944
99	91.682203
100	48.866146
101	41.719021
102	79.170698
103	28.071617
104	57.228988
105	91.383237
106	86.358247
107	38.199659
108	18.424342
109	88.715288
110	99.641349
111	5.190178
112	72.709935
113	63.817252
114	19.197110
115	74.077217
116	29.719574
117	68.621031
118	69.321375
119	44.006693
120	27.195843
121	25.185969
122	61.642620
123	50.749274
124	37.440913
125	79.308004
126	88.348184
127	43.075988
128	18.969132
129	14.560843
130	86.076449
131	68.188522
132	63.517892
133	97.766380
134	63.930904
135	44.339921
136	37.741648
137	10.297926
138	9.461843
139	38.849521
140	31.982612
141	92.780753
142	36.498430
143	56.774397
144	86.248856
145	24.774630
146	66.992730
147	29.870552
148	75.008327
149	88.926110
150	7.859029
151	33.385373
152	39.603961
153	53.287859
154	83.002063
155	8.889787
156	91.509485
157	47.225075
158	15.134069
159	12.369132
160	9.158485
161	42.691449
162	40.198520
163	56.420457
164	64.932118
165	38.274605
166	42.870018
167	79.529742
168	38.813890
169	23.336529
170	55.497236
171	28.569131
172	2.623532
173	29.161114
174	13.150864
175	87.513698
176	30.107479
177	21.486826
178	86.243456
179	62.311550
180	21.179309
181	33.977507
182	78.133886
183	75.837942
184	80.648413
185	81.687742
186	61.750578
187	49.469968
188	72.377854
189	97.309577
190	59.942663
191	91.943328
192	54.800840
193	14.476439
194	27.004211
195	57.752230
196	93.830024
197	59.664178
198	45.433994
199	1.113446
200	4.354748
201	35.202693
202	51.251518
203	95.452744
204	93.230569
205	36.727473
206	82.518607
207	63.926335
208	68.749190
209	13.925645
210	80.816365
211	94.362191
212	19.623226
213	64.361355
214	58.806629
215	76.160903
216	67.058766
217	56.338276
218	13.350057
219	23.840606
220	71.395654
221	38.845444
222	79.445304
223	11.082830
224	60.426668
225	86.257022
226	57.392120
227	67.492865
228	83.703982
229	32.347167
230	47.524209
231	10.223166
232	88.886229
233	87.039104
234	86.863730
235	16.807639
236	97.700639
237	33.251512
238	49.640124
239	4.526258
240	29.072623
241	84.171921
242	94.942935
243	70.355087
244	88.152301
245	64.438268
246	29.912130
247	12.161007
248	50.177855
249	52.624986
250	76.973849
251	21.549565
252	54.863221
253	23.973607
254	3.052651
255	50.809598
256	12.895341
257	64.331205
258	25.363046
259	53.907803
260	31.799512
261	43.644568
262	42.519155
263	59.602976
264	2.908206
265	25.355015
266	23.093884
267	85.411114
268	71.652078
269	55.433553
270	24.189170
271	25.554814
272	23.685518
273	4.904742
274	29.602157
275	51.489166
276	25.618283
277	51.223085
278	11.371100
279	19.039624
280	49.331235
281	71.129053
282	65.767743
283	82.586136
284	50.968142
285	43.363410
286	14.774946
287	7.072391
288	11.796621
289	23.874670
290	45.934332
291	13.382313
292	17.558071
293	51.926713
294	2.505282
295	84.666945
296	49.195514
297	99.813228
298	16.566768
299	61.633885
300	78.399090
301	59.372610
302	19.088460
303	55.090993
304	77.166487
305	35.547114
306	49.047565
307	23.480605
308	2.100375
309	3.259285
310	37.028669
311	9.720414
312	68.390197
313	72.527431
314	34.407423
315	32.203660
316	1.847679
317	51.311227
318	2.154961
319	7.484194
320	34.539905
321	21.228323
322	9.200047
323	98.259620
324	30.995501
325	10.212449
326	56.338526
327	89.649103
328	43.743502
329	88.285305
330	53.839356
331	24.215500
332	40.056391
333	96.689582
334	67.140737
335	11.468625
336	42.252307
337	12.592332
338	55.208253
339	47.122811
340	64.379087
341	94.402345
342	33.973431
343	59.309188
344	99.268809
345	31.624472
346	51.002024
347	72.434227
348	62.174257
349	36.430245
350	12.747237
351	69.301365
352	89.616667
353	1.965079
354	94.582828
355	52.650459
356	19.594752
357	29.416622
358	64.158108
359	64.855197
360	27.956398
361	38.694146
362	44.136059
363	95.001268
364	79.864311
365	6.443244
366	37.085831
367	19.306741
368	22.069859
369	83.738574
370	34.192960
371	82.245829
372	1.738456
373	40.164601
374	20.454905
375	18.221265
376	57.144711
377	89.471350
378	93.836513
379	15.977270
380	31.127580
381	17.756052
382	6.246028
383	82.815373
384	16.673831
385	56.877888
386	5.471403
387	18.429456
388	33.038736
389	44.133326
390	61.871543
391	44.254566
392	46.082975
393	46.034944
394	55.393109
395	49.324705
396	31.748735
397	96.514723
398	62.378604
399	2.448439
400	2.815453
401	91.939965
402	82.326443
403	60.535152
404	12.121072
405	15.769838
406	20.824156
407	58.473525
408	65.941978
409	33.104170
410	68.656624
411	11.638336
412	23.707777
413	67.829105
414	58.274314
415	44.381444
416	57.092640
417	89.871927
418	84.943213
419	52.443836
420	44.911760
421	15.670169
422	53.590821
423	56.185078
424	5.359994
425	76.882448
426	69.371372
427	90.699477
428	19.863194
429	95.564024
430	10.461655
431	28.320101
432	76.523140
433	1.759141
434	14.062958
435	10.095701
436	97.770341
437	39.507204
438	5.289743
439	52.169682
440	8.724457
441	82.058045
442	11.942928
443	35.219015
444	80.339360
445	50.368961
446	14.844882
447	68.595201
448	34.341678
449	98.930024
450	78.289696
451	81.797229
452	77.145402
453	27.347609
454	22.496939
455	85.196038
456	52.033522
457	88.215231
458	19.188802
459	55.107270
460	12.482268
461	38.096892
462	90.562187
463	6.434080
464	9.009786
465	31.428310
466	49.211833
467	94.801174
468	59.327044
469	5.153643
470	40.857943
471	96.165910
472	7.796969
473	72.353762
474	67.928546
475	14.953131
476	51.528342
477	53.590574
478	44.979601
479	12.758734
480	65.511313
481	81.673326
482	59.966905
483	21.712089
484	47.492193
485	89.401561
486	93.574944
487	2.962111
488	79.939016
489	78.772083
490	25.856777
491	25.879738
492	18.123606
493	90.983337
494	8.555166
495	41.778472
496	30.667177
497	89.088378
498	12.871338
499	87.267626
500	99.670603
501	8.341049
502	20.069781
503	45.643817
504	63.429381
505	24.058243
506	79.870323
507	94.071682
508	84.894190
509	19.891052
510	52.621207
511	42.981276
512	55.049414
513	31.232340
514	5.750226
515	73.248920
516	73.323934
517	15.927334
518	59.608281
519	67.520947
520	40.304897
521	66.097707
522	21.607073
523	87.779137
524	38.607095
525	85.045982
526	83.760714
527	35.630137
528	41.903444
529	93.740259
530	10.569801
531	78.511137
532	32.721519
533	57.393978
534	73.447062
535	82.336951
536	29.865128
537	15.054158
538	54.487550
539	26.118574
540	76.703487
541	3.595870
542	5.036457
543	96.286662
544	76.709537
545	49.665066
546	28.943225
547	47.861652
548	60.794589
549	55.856496
550	15.835676
551	54.970547
552	36.094759
553	69.285515
554	5.445157
555	39.192402
556	39.737751
557	52.036034
558	2.326250
559	1.210055
560	65.558352
561	63.296570
562	86.229456
563	73.420262
564	94.232040
565	0.330485
566	13.816040
567	57.373232
568	39.138416
569	83.475195
570	74.819258
571	94.574465
572	64.281543
573	9.299902
574	76.424179
575	59.004520
576	21.758358
577	93.903581
578	82.614888
579	24.505473
580	58.033951
581	40.642152
582	78.972890
583	63.247599
584	91.591783
585	75.343670
586	62.013948
587	35.977791
588	12.572059
589	76.342750
590	1.570205
591	7.442846
592	20.125600
593	54.687767
594	94.143607
595	89.111045
596	34.116543
597	47.632315
598	31.053650
599	20.538928
600	11.624462
601	42.172035
602	67.545181
603	29.312252
604	59.268881
605	82.758933
606	17.023857
607	54.439917
608	80.340049
609	81.081635
610	54.832870
611	40.203513
612	20.762833
613	5.722736
614	99.430574
615	22.280107
616	29.327913
617	63.197101
618	46.216914
619	28.036824
620	15.553601
621	78.101044
622	38.040715
623	21.244085
624	80.445945
625	51.983992
626	70.053382
627	51.899477
628	88.784843
629	38.251819
630	78.627485
631	37.714300
632	22.837697
633	83.860629
634	7.798682
635	31.807538
636	16.764199
637	18.311356
638	39.304840
639	35.942658
640	73.078865
641	57.365071
642	6.398674
643	46.016813
644	35.480304
645	11.574516
646	84.124268
647	83.514917
648	99.203633
649	0.987536
650	35.101893
651	41.365499
652	36.203391
653	96.409515
654	70.056281
655	66.217293
656	74.495734
657	22.448861
658	51.498819
659	90.729413
660	59.292221
661	8.192041
662	83.662795
663	88.725851
664	71.358834
665	84.722738
666	60.075061
667	92.051501
668	30.581664
669	12.818775
670	58.552443
671	4.783883
672	80.625081
673	85.025908
674	92.136205
675	94.676867
676	93.138002
677	97.148521
678	94.567686
679	16.636351
680	61.518966
681	7.707440
682	82.776753
683	63.868906
684	93.726379
685	41.701040
686	28.054167
687	12.084893
688	45.129067
689	83.780195
690	2.440674
691	96.604245
692	43.785885
693	2.203501
694	64.138130
695	89.452949
696	31.916104
697	11.746060
698	2.213022
699	85.789827
700	3.918726
701	97.428305
702	30.165335
703	44.011922
704	25.055957
705	99.961267
706	60.771401
707	67.833745
708	63.968164
709	2.061130
710	94.027074
711	56.611847
712	63.997491
713	96.203794
714	11.479282
715	47.719270
716	77.805263
717	75.118884
718	29.745868
719	9.850571
720	18.055259
721	33.046333
722	74.156876
723	70.572862
724	7.335384
725	33.876883
726	89.774122
727	45.900751
728	74.495586
729	46.245123
730	78.069381
731	80.007964
732	29.603200
733	67.895424
734	38.122156
735	54.947295
736	93.198933
737	66.796091
738	82.512358
739	6.077524
740	46.376977
741	88.494483
742	84.525765
743	75.457846
744	50.732761
745	78.001503
746	75.216026
747	49.536425
748	59.741745
749	13.428974
750	15.996278
751	67.648024
752	30.526732
753	12.045552
754	56.773432
755	8.173065
756	21.920390
757	67.356227
758	24.062720
759	10.736227
760	13.917131
761	61.068586
762	41.756217
763	64.367045
764	76.806080
765	69.293165
766	99.855698
767	7.553305
768	46.540232
769	97.312939
770	59.193050
771	35.066034
772	23.518957
773	59.770291
774	15.145303
775	20.799330
776	92.308182
777	60.956423
778	12.766825
779	26.658588
780	29.746706
781	60.315721
782	56.597817
783	60.235334
784	9.232350
785	35.748150
786	31.093981
787	40.172191
788	55.834557
789	18.276215
790	38.679619
791	34.762484
792	58.799490
793	7.910120
794	56.178040
795	19.455611
796	57.552739
797	93.576565
798	99.147764
799	33.375297
800	85.747911
801	77.064198
802	40.712607
803	99.943019
804	98.410603
805	17.738188
806	56.031768
807	38.485469
808	4.712222
809	41.883274
810	36.589919
811	29.912843
812	61.128492
813	10.618232
814	55.628003
815	66.351224
816	69.642588
817	88.191369
818	78.163948
819	55.200199
820	4.537389
821	93.495836
822	77.519069
823	78.042592
824	99.183112
825	80.296414
826	41.409101
827	10.876862
828	28.316043
829	56.248983
830	72.804348
831	95.096655
832	5.229738
833	37.685971
834	69.564357
835	45.619995
836	87.217334
837	2.756602
838	49.609276
839	74.458333
840	25.172874
841	16.209262
842	33.437880
843	78.423082
844	38.397436
845	28.997580
846	81.250539
847	28.153474
848	71.153294
849	76.547463
850	64.326082
851	15.852473
852	34.322142
853	12.697421
854	81.194066
855	41.462024
856	40.875716
857	97.327659
858	18.957197
859	54.706814
860	65.954724
861	11.015120
862	38.511114
863	0.124991
864	32.342032
865	66.324477
866	4.018077
867	99.063768
868	6.164819
869	13.081533
870	52.715966
871	26.748633
872	64.535029
873	47.549848
874	80.337703
875	90.806873
876	7.996478
877	88.706067
878	14.162560
879	32.983322
880	83.247514
881	47.061974
882	15.931973
883	35.183852
884	33.484951
885	63.331518
886	85.207915
887	40.965793
888	30.931114
889	79.457372
890	18.862809
891	43.617897
892	22.813858
893	90.269085
894	5.092334
895	39.644720
896	87.168390
897	73.822024
898	49.680127
899	37.462270
900	5.801811
901	8.397087
902	86.959430
903	62.874486
904	9.878370
905	50.476543
906	53.427418
907	30.647864
908	66.415265
909	45.417366
910	67.538453
911	12.435841
912	29.182536
913	64.862195
914	56.742222
915	50.703954
916	74.642463
917	18.428814
918	81.744723
919	34.889876
920	97.038185
921	56.994828
922	89.305711
923	11.064076
924	82.655434
925	32.454794
926	83.743385
927	27.984313
928	44.987510
929	91.609966
930	4.119206
931	14.833320
932	87.733604
933	38.543529
934	81.398869
935	84.062095
936	69.278005
937	6.153289
938	97.579960
939	28.576794
940	30.160243
941	82.773609
942	6.056809
943	0.249285
944	68.192429
945	32.233496
946	31.570683
947	92.713208
948	21.774002
949	73.573476
950	88.653574
951	7.958413
952	14.414420
953	89.927983
954	90.743948
955	90.919943
956	32.499213
957	83.316858
958	23.339605
959	75.132201
960	10.564966
961	85.968735
962	11.552639
963	96.166153
964	26.800391
965	81.607896
966	46.566190
967	25.459137
968	95.185728
969	36.485891
970	28.383413
971	22.874766
972	28.922460
973	95.304528
974	85.798678
975	82.173767
976	84.297430
977	33.800773
978	24.843519
979	53.276210
980	79.282232
981	65.948371
982	72.657468
983	46.482551
984	91.737331
985	77.017581
986	38.142728
987	19.610984
988	67.614432
989	12.711335
990	27.034391
991	34.809748
992	23.747773
993	20.086096
994	51.431396
995	11.890423
996	72.178905
997	20.240914
998	57.609420
999	32.127013
1000	73.520590
;

param: d :=
1	-18.403233
2	-23.160646
3	-25.887507
4	-10.626684
5	-3.051059
6	-44.892504
7	-29.499050
8	-8.910417
9	-76.505851
10	-66.729228
11	-57.920630
12	-99.379141
13	-21.838850
14	-74.710665
15	-23.143250
16	-31.369974
17	-5.449667
18	-89.433398
19	-52.791861
20	-79.018294
21	-94.630125
22	-48.896566
23	-81.716300
24	-1.209638
25	-42.217094
26	-45.441174
27	-81.483807
28	-84.283220
29	-4.072932
30	-17.222039
31	-15.197832
32	-92.483661
33	-46.559629
34	-41.441833
35	-55.012210
36	-79.608285
37	-12.747186
38	-81.706928
39	-91.713735
40	-59.090375
41	-2.650399
42	-77.208193
43	-19.640760
44	-98.519836
45	-78.073094
46	-84.116796
47	-95.667652
48	-54.035684
49	-84.843616
50	-98.236409
51	-39.792421
52	-30.641596
53	-32.950319
54	-55.344696
55	-96.230459
56	-43.549635
57	-17.603131
58	-59.261782
59	-47.378942
60	-53.222306
61	-11.413834
62	-63.518334
63	-18.040310
64	-74.683746
65	-46.183803
66	-34.113022
67	-67.910224
68	-6.194816
69	-90.637298
70	-65.231284
71	-51.795648
72	-3.601139
73	-39.470022
74	-99.070688
75	-59.263764
76	-38.718742
77	-9.792703
78	-12.006850
79	-22.297773
80	-52.193132
81	-38.567446
82	-10.630124
83	-5.309965
84	-24.089714
85	-32.944029
86	-58.924783
87	-74.481654
88	-7.831637
89	-4.617505
90	-23.974728
91	-47.638015
92	-47.968773
93	-13.178864
94	-53.139468
95	-48.211407
96	-25.070674
97	-30.788588
98	-0.715414
99	-64.079478
100	-33.678019
101	-70.999202
102	-4.659996
103	-98.209831
104	-74.012668
105	-97.517486
106	-26.944984
107	-98.826143
108	-16.757315
109	-19.301210
110	-98.366832
111	-63.576672
112	-48.329386
113	-64.974481
114	-58.607567
115	-89.849794
116	-72.754240
117	-84.101739
118	-43.753042
119	-33.194161
120	-24.496889
121	-76.386748
122	-70.376061
123	-13.548795
124	-71.220173
125	-85.671152
126	-5.397817
127	-55.299484
128	-88.193157
129	-51.818171
130	-91.767961
131	-8.380362
132	-44.889040
133	-47.268161
134	-15.513018
135	-47.279434
136	-53.495409
137	-57.649722
138	-33.301139
139	-39.143615
140	-77.893553
141	-8.974562
142	-39.376233
143	-21.459911
144	-83.327895
145	-10.677609
146	-14.156207
147	-29.365301
148	-20.644280
149	-70.259104
150	-47.689233
151	-18.946423
152	-59.003401
153	-60.921105
154	-48.149067
155	-73.931240
156	-57.113213
157	-21.481879
158	-21.064936
159	-10.819522
160	-15.143561
161	-20.659824
162	-11.240740
163	-68.134967
164	-48.226163
165	-29.180162
166	-25.344610
167	-96.564515
168	-32.203889
169	-47.510931
170	-99.321225
171	-56.096960
172	-51.713917
173	-60.316072
174	-7.579040
175	-74.068087
176	-72.687964
177	-0.420716
178	-45.940323
179	-0.540095
180	-12.071982
181	-56.229363
182	-94.936373
183	-38.021942
184	-61.075091
185	-3.758606
186	-43.235158
187	-58.783980
188	-55.940830
189	-8.886732
190	-46.388946
191	-90.895716
192	-37.622490
193	-36.782626
194	-56.353290
195	-54.450415
196	-35.776647
197	-31.507018
198	-1.752689
199	-38.634909
200	-61.050300
201	-64.691194
202	-20.931980
203	-16.961024
204	-58.369083
205	-74.158562
206	-83.705689
207	-5.998044
208	-52.082855
209	-31.985217
210	-68.733131
211	-57.723406
212	-73.234543
213	-39.713813
214	-37.729762
215	-68.959754
216	-88.691814
217	-32.736421
218	-42.202200
219	-51.778120
220	-37.786089
221	-47.574484
222	-91.248728
223	-63.873005
224	-16.433213
225	-77.456841
226	-27.903485
227	-99.749269
228	-42.693074
229	-10.987664
230	-58.309926
231	-34.119401
232	-16.735522
233	-55.456554
234	-28.470269
235	-30.094595
236	-62.445513
237	-49.280341
238	-14.926472
239	-24.642796
240	-63.689518
241	-74.407743
242	-79.655867
243	-78.946668
244	-96.946125
245	-47.464948
246	-99.821554
247	-51.203265
248	-49.121934
249	-26.290035
250	-47.662429
251	-56.273725
252	-81.809126
253	-94.683485
254	-91.293218
255	-52.538002
256	-12.483335
257	-35.377502
258	-27.924157
259	-35.652802
260	-11.427123
261	-5.261178
262	-57.688465
263	-29.164801
264	-4.503029
265	-72.091876
266	-72.297606
267	-1.678641
268	-41.197844
269	-75.946642
270	-91.651276
271	-90.332150
272	-51.133544
273	-88.902141
274	-57.072739
275	-44.915203
276	-88.180315
277	-59.142651
278	-14.834228
279	-50.451033
280	-49.493613
281	-12.996583
282	-71.821664
283	-14.135133
284	-0.242395
285	-14.495856
286	-85.354979
287	-50.344591
288	-21.917439
289	-19.163626
290	-40.818967
291	-78.191365
292	-77.891945
293	-18.454778
294	-99.113977
295	-93.226249
296	-70.809512
297	-68.441690
298	-71.479003
299	-29.739077
300	-85.571013
301	-64.991363
302	-11.459241
303	-6.930637
304	-98.897892
305	-0.200154
306	-1.514746
307	-31.343477
308	-53.329118
309	-95.353352
310	-81.299161
311	-94.870932
312	-51.534781
313	-81.976661
314	-41.536612
315	-65.790765
316	-97.771291
317	-98.147811
318	-23.631930
319	-1.617123
320	-31.702727
321	-40.979791
322	-64.258307
323	-45.044299
324	-22.645688
325	-11.785243
326	-66.313503
327	-9.223872
328	-67.694392
329	-31.547920
330	-50.993535
331	-96.646551
332	-17.853339
333	-79.892627
334	-40.043662
335	-84.162123
336	-43.786237
337	-12.526452
338	-29.399491
339	-11.915628
340	-43.265858
341	-48.633746
342	-64.744471
343	-70.578932
344	-32.774347
345	-58.180036
346	-82.830289
347	-90.342085
348	-93.467751
349	-68.562131
350	-78.313821
351	-25.062597
352	-32.991796
353	-49.801593
354	-27.427068
355	-31.070260
356	-81.820252
357	-0.422962
358	-22.763413
359	-88.979074
360	-48.640285
361	-90.103669
362	-65.571620
363	-13.414029
364	-4.410542
365	-72.689070
366	-60.401185
367	-30.227489
368	-83.768251
369	-49.420283
370	-72.116023
371	-7.921318
372	-65.002109
373	-43.507272
374	-31.024522
375	-76.772002
376	-87.598706
377	-83.008936
378	-91.139554
379	-22.678972
380	-27.719059
381	-5.830988
382	-49.965593
383	-5.150981
384	-33.232700
385	-17.447885
386	-9.455370
387	-83.570420
388	-40.326153
389	-99.367250
390	-37.422136
391	-70.419114
392	-69.029275
393	-28.828478
394	-60.264930
395	-41.119882
396	-28.903217
397	-83.665861
398	-45.697478
399	-12.043886
400	-96.084619
401	-63.586653
402	-18.126102
403	-53.796820
404	-3.705577
405	-12.626303
406	-3.198599
407	-52.848361
408	-81.657741
409	-56.787500
410	-84.487147
411	-6.848288
412	-41.365800
413	-78.007348
414	-45.925527
415	-29.470817
416	-72.728035
417	-57.846281
418	-98.608489
419	-63.288620
420	-28.284338
421	-34.356067
422	-47.272869
423	-67.103436
424	-61.066157
425	-3.598207
426	-91.302500
427	-36.040111
428	-76.039845
429	-72.420489
430	-73.679750
431	-0.684087
432	-57.781031
433	-51.218581
434	-82.773744
435	-78.051508
436	-79.561287
437	-53.405574
438	-17.289657
439	-21.151963
440	-79.298781
441	-38.068934
442	-3.971414
443	-79.320870
444	-17.303151
445	-5.829966
446	-51.332878
447	-9.659718
448	-50.427692
449	-38.092470
450	-59.833279
451	-61.764667
452	-64.724107
453	-32.749884
454	-75.877159
455	-93.945924
456	-85.090902
457	-44.157765
458	-58.302259
459	-26.618469
460	-88.497378
461	-47.869890
462	-97.150700
463	-15.174425
464	-33.366315
465	-24.333804
466	-48.486650
467	-25.405741
468	-89.955890
469	-30.580266
470	-53.100030
471	-36.638092
472	-68.573118
473	-21.227357
474	-97.741662
475	-98.658474
476	-52.708896
477	-68.807446
478	-95.487366
479	-28.760297
480	-76.794212
481	-11.236878
482	-32.134608
483	-0.310842
484	-90.721699
485	-94.914589
486	-77.830379
487	-8.322395
488	-16.335788
489	-55.861507
490	-39.651134
491	-83.824204
492	-1.141373
493	-95.345843
494	-44.334913
495	-36.792704
496	-2.912797
497	-25.737591
498	-35.027064
499	-1.141599
500	-3.636698
501	-46.535250
502	-38.761791
503	-54.429007
504	-1.447612
505	-70.898273
506	-4.952015
507	-81.539070
508	-41.852726
509	-47.679614
510	-32.796278
511	-65.927289
512	-71.862549
513	-37.605738
514	-23.674457
515	-64.088551
516	-13.928990
517	-47.140965
518	-90.883701
519	-84.661302
520	-70.010564
521	-27.827153
522	-25.255861
523	-55.576081
524	-22.454394
525	-64.608344
526	-34.815979
527	-67.045983
528	-60.841506
529	-78.623759
530	-30.171713
531	-96.777114
532	-60.737486
533	-42.028042
534	-64.421783
535	-23.694317
536	-95.014250
537	-74.764562
538	-79.133671
539	-94.832441
540	-61.361524
541	-26.277690
542	-75.987440
543	-2.554223
544	-22.840247
545	-77.172137
546	-72.451339
547	-33.040356
548	-49.592308
549	-69.794741
550	-71.461668
551	-28.042341
552	-85.985335
553	-89.385835
554	-77.263566
555	-53.578713
556	-14.726833
557	-75.254488
558	-63.793724
559	-78.036740
560	-49.006705
561	-88.856154
562	-10.105389
563	-34.946096
564	-44.730070
565	-80.726287
566	-24.538210
567	-16.245850
568	-68.417938
569	-21.586819
570	-37.877677
571	-23.478560
572	-61.698560
573	-62.530080
574	-93.004603
575	-16.295006
576	-56.522385
577	-97.040387
578	-42.355182
579	-46.198543
580	-56.557179
581	-68.556942
582	-47.197992
583	-13.405928
584	-57.947503
585	-18.156291
586	-91.410953
587	-68.690065
588	-57.671706
589	-80.601312
590	-67.918696
591	-85.483961
592	-90.187697
593	-51.591438
594	-20.269531
595	-14.358049
596	-87.705893
597	-37.551817
598	-60.978837
599	-40.598401
600	-53.527442
601	-45.172233
602	-68.431176
603	-26.609729
604	-73.651582
605	-0.133349
606	-5.756109
607	-34.513630
608	-36.601192
609	-12.501922
610	-10.627141
611	-31.101198
612	-52.308781
613	-26.129092
614	-99.148835
615	-24.980316
616	-60.339988
617	-21.327310
618	-47.472834
619	-2.298227
620	-36.040679
621	-29.042950
622	-46.035975
623	-4.265664
624	-37.840318
625	-34.485961
626	-86.633342
627	-32.781520
628	-77.142755
629	-94.526869
630	-10.196344
631	-89.362688
632	-40.391825
633	-31.260718
634	-94.353877
635	-8.130883
636	-38.436161
637	-61.945920
638	-66.056035
639	-55.017502
640	-40.314570
641	-18.700539
642	-30.522429
643	-84.259485
644	-83.823876
645	-41.359990
646	-95.823567
647	-91.020759
648	-4.914563
649	-28.979901
650	-55.660729
651	-92.532843
652	-52.229743
653	-10.069503
654	-69.419035
655	-97.785999
656	-90.425702
657	-20.071260
658	-15.671116
659	-9.350507
660	-30.850639
661	-0.787789
662	-90.707874
663	-38.476105
664	-46.841235
665	-46.566767
666	-75.310081
667	-79.125108
668	-51.695876
669	-97.433571
670	-88.038285
671	-62.746546
672	-97.092821
673	-5.647743
674	-27.495380
675	-30.081610
676	-97.867637
677	-44.692975
678	-94.127631
679	-93.065335
680	-54.762523
681	-36.506458
682	-10.242931
683	-97.591741
684	-49.646875
685	-88.590949
686	-94.254613
687	-42.876152
688	-32.882872
689	-81.796201
690	-26.906190
691	-22.330369
692	-96.145042
693	-34.381421
694	-14.611828
695	-8.581691
696	-33.321251
697	-47.137288
698	-65.192493
699	-67.942039
700	-39.676828
701	-89.552242
702	-12.728726
703	-14.209054
704	-73.458087
705	-56.635755
706	-42.160235
707	-84.095055
708	-42.621325
709	-50.655332
710	-76.490459
711	-94.391585
712	-94.162417
713	-68.296305
714	-50.545711
715	-27.928199
716	-41.039150
717	-65.367417
718	-36.435421
719	-56.681118
720	-38.450980
721	-17.929762
722	-85.016700
723	-56.689314
724	-29.464856
725	-97.277698
726	-88.929634
727	-98.920249
728	-76.310881
729	-48.966688
730	-18.782874
731	-81.611383
732	-69.248800
733	-10.154988
734	-30.117418
735	-62.391634
736	-31.791718
737	-64.435371
738	-26.789549
739	-27.118128
740	-55.935951
741	-35.609354
742	-16.930239
743	-55.970909
744	-70.921162
745	-35.896809
746	-68.621798
747	-98.138041
748	-92.902153
749	-42.062580
750	-61.647211
751	-45.155427
752	-50.188792
753	-5.827711
754	-23.000505
755	-54.995046
756	-47.470720
757	-76.848848
758	-41.635394
759	-92.667729
760	-67.449697
761	-54.067586
762	-99.594533
763	-19.909785
764	-27.353313
765	-64.900151
766	-19.616945
767	-37.486199
768	-41.559242
769	-54.098027
770	-46.821235
771	-5.221091
772	-89.812591
773	-25.500716
774	-29.614659
775	-46.137415
776	-68.742660
777	-5.493157
778	-2.882383
779	-85.834996
780	-84.049685
781	-99.829381
782	-49.553856
783	-99.031724
784	-75.475848
785	-49.083099
786	-95.942262
787	-0.194845
788	-76.867445
789	-80.437859
790	-68.097639
791	-53.887677
792	-41.059666
793	-33.356089
794	-52.655676
795	-17.156483
796	-77.752087
797	-51.841158
798	-40.546368
799	-68.461024
800	-12.211740
801	-38.485274
802	-39.149792
803	-28.294938
804	-22.184808
805	-33.268572
806	-43.944638
807	-96.510968
808	-85.602845
809	-28.013826
810	-37.300715
811	-13.859057
812	-81.072365
813	-14.256132
814	-25.040344
815	-34.852014
816	-32.828142
817	-71.975774
818	-87.893294
819	-98.714066
820	-40.330296
821	-55.285816
822	-17.872591
823	-42.153610
824	-22.077905
825	-35.768959
826	-70.057224
827	-18.602038
828	-63.521668
829	-51.173385
830	-36.304887
831	-25.967928
832	-93.618513
833	-55.950954
834	-80.978067
835	-98.176468
836	-17.595912
837	-91.179154
838	-55.056665
839	-83.324519
840	-80.295735
841	-89.720490
842	-57.940833
843	-33.774871
844	-21.795825
845	-6.969511
846	-23.664981
847	-76.136894
848	-71.306300
849	-48.140287
850	-20.450898
851	-55.794277
852	-29.027822
853	-74.649723
854	-64.875241
855	-21.494366
856	-35.824538
857	-84.613024
858	-77.198453
859	-96.642494
860	-61.609992
861	-43.283455
862	-87.688061
863	-64.954825
864	-57.328484
865	-36.870361
866	-22.372173
867	-82.513072
868	-43.571305
869	-72.968803
870	-27.343017
871	-34.633430
872	-32.544184
873	-77.685614
874	-96.686440
875	-5.345674
876	-27.285775
877	-71.837856
878	-2.549457
879	-83.620092
880	-95.264423
881	-29.284950
882	-87.690586
883	-87.735700
884	-13.530701
885	-74.476028
886	-10.405421
887	-50.887902
888	-62.139538
889	-70.457500
890	-45.172609
891	-75.175315
892	-99.494921
893	-81.562927
894	-38.581996
895	-49.715847
896	-67.809476
897	-80.895175
898	-30.472106
899	-39.284459
900	-5.778097
901	-76.327444
902	-19.115371
903	-12.764563
904	-68.937011
905	-17.752294
906	-78.285398
907	-85.555059
908	-67.059870
909	-1.519456
910	-69.227883
911	-78.507637
912	-71.911753
913	-74.570421
914	-39.307547
915	-8.794604
916	-48.168613
917	-1.995300
918	-94.583390
919	-94.273326
920	-59.786860
921	-47.907451
922	-73.583653
923	-49.394215
924	-62.851631
925	-81.700915
926	-44.879117
927	-98.565472
928	-5.503409
929	-55.731544
930	-15.744694
931	-31.169531
932	-17.683773
933	-42.298939
934	-7.866933
935	-47.366405
936	-34.539351
937	-79.068204
938	-20.149506
939	-81.842461
940	-61.833880
941	-28.389129
942	-78.342483
943	-49.301129
944	-31.503962
945	-1.409910
946	-70.337958
947	-28.219546
948	-49.406639
949	-79.563751
950	-9.546305
951	-56.446676
952	-94.203317
953	-99.348912
954	-99.476326
955	-89.865094
956	-74.588670
957	-99.694010
958	-43.211643
959	-14.015247
960	-67.539870
961	-2.734091
962	-40.385166
963	-82.280636
964	-0.209759
965	-17.738735
966	-42.449813
967	-2.206976
968	-83.831758
969	-49.213124
970	-84.445316
971	-73.127033
972	-48.727279
973	-89.180827
974	-48.347682
975	-93.191951
976	-21.152708
977	-65.800051
978	-32.331754
979	-48.443578
980	-0.035079
981	-6.940983
982	-92.694282
983	-82.424734
984	-77.688599
985	-64.807259
986	-79.852731
987	-36.233571
988	-30.636421
989	-63.532830
990	-42.720484
991	-71.958729
992	-96.927807
993	-7.317338
994	-88.207937
995	-41.776835
996	-90.361847
997	-36.764894
998	-81.622523
999	-33.250907
1000	-51.784912
;

param: weight :=
1	60.503600
2	54.385782
3	65.493080
4	49.400357
5	48.874593
6	55.181258
7	44.934793
8	92.003321
9	71.511035
10	76.168965
11	71.627708
12	77.293160
13	81.710280
14	52.036680
15	44.335927
16	63.961546
17	9.259004
18	32.504628
19	45.245158
20	57.154445
21	86.506033
22	93.947284
23	52.391504
24	38.799308
25	53.827420
26	4.106213
27	17.469245
28	90.490521
29	15.151537
30	63.576971
31	55.941367
32	88.877470
33	67.872075
34	68.495677
35	90.360468
36	28.156793
37	85.431162
38	18.317214
39	13.398012
40	83.675770
41	83.299158
42	96.261790
43	28.656127
44	79.500239
45	18.841629
46	96.938499
47	46.930231
48	95.281822
49	81.722884
50	98.640150
51	79.302971
52	27.720170
53	1.174427
54	31.882760
55	78.479586
56	69.691590
57	39.104584
58	78.357726
59	40.389461
60	20.508125
61	19.215945
62	59.359045
63	92.984273
64	29.060824
65	54.978490
66	75.005509
67	11.578720
68	30.348204
69	31.860396
70	11.294877
71	68.733970
72	55.410978
73	77.989739
74	62.497364
75	82.600043
76	9.493753
77	57.041962
78	53.897105
79	20.472967
80	66.713338
81	89.226971
82	65.564735
83	57.908107
84	74.540011
85	54.712199
86	91.821917
87	53.083256
88	37.383689
89	58.783262
90	2.506204
91	11.917876
92	47.064097
93	63.992934
94	9.146589
95	64.364877
96	89.430406
97	46.768463
98	54.035609
99	33.477576
100	73.365623
101	66.213605
102	34.860802
103	56.132003
104	45.944754
105	60.520968
106	24.874766
107	59.559330
108	3.215430
109	53.991922
110	81.178625
111	15.766832
112	34.330540
113	13.176314
114	23.116790
115	74.971212
116	56.625678
117	9.622086
118	33.552430
119	88.217353
120	31.854699
121	8.017352
122	78.678789
123	56.667981
124	26.972834
125	98.588511
126	46.676580
127	68.073955
128	74.486532
129	16.927339
130	37.055907
131	92.954212
132	54.091880
133	20.132762
134	15.555876
135	30.800353
136	32.426295
137	50.931506
138	64.581774
139	29.795685
140	11.752604
141	13.856870
142	97.978590
143	77.364443
144	48.935719
145	41.212310
146	69.908337
147	24.319200
148	54.599181
149	26.876592
150	54.087030
151	92.184967
152	21.550964
153	89.590391
154	61.678985
155	55.012744
156	44.997024
157	80.417119
158	93.583402
159	27.950077
160	18.695277
161	48.587170
162	57.682175
163	13.286027
164	50.629887
165	77.078465
166	57.955347
167	25.201496
168	89.550076
169	84.458090
170	41.493648
171	30.649825
172	84.214782
173	13.340947
174	35.726853
175	41.568855
176	62.733772
177	77.075075
178	53.748617
179	54.358813
180	46.033055
181	17.290763
182	43.468497
183	75.896534
184	67.799140
185	9.596768
186	59.357100
187	57.224493
188	22.023438
189	47.063176
190	82.892433
191	83.944469
192	2.440111
193	11.723722
194	73.469810
195	50.534950
196	72.402047
197	1.736736
198	32.182449
199	75.459970
200	76.517851
201	33.411899
202	4.774721
203	24.869548
204	25.485429
205	50.385813
206	76.969261
207	29.868096
208	58.724892
209	54.787610
210	6.784196
211	82.017936
212	70.805363
213	79.771010
214	5.820270
215	3.818590
216	1.339981
217	59.542561
218	38.893127
219	15.299401
220	4.973035
221	11.265070
222	94.283268
223	49.427077
224	32.778375
225	16.492700
226	88.282709
227	1.778778
228	51.187562
229	73.490413
230	43.367895
231	63.306429
232	39.291196
233	45.471290
234	79.914874
235	39.086857
236	92.930296
237	83.228077
238	60.257929
239	7.600879
240	35.365557
241	44.336383
242	53.645252
243	12.444681
244	3.291017
245	67.061886
246	38.909364
247	35.209767
248	91.866517
249	60.135886
250	30.875815
251	53.352603
252	15.860439
253	32.296299
254	13.008415
255	85.913909
256	64.344991
257	11.425639
258	71.381194
259	70.842387
260	32.267078
261	31.563168
262	92.870320
263	50.506895
264	60.522427
265	1.215581
266	2.981214
267	66.706736
268	70.348596
269	36.779936
270	89.787410
271	11.154597
272	33.940394
273	2.845959
274	86.321186
275	32.116691
276	69.185299
277	6.742365
278	16.341414
279	22.730872
280	64.113896
281	6.190003
282	86.589081
283	84.494839
284	33.185784
285	94.011288
286	57.345613
287	37.791062
288	80.589860
289	98.603319
290	69.290679
291	12.038200
292	2.749767
293	50.786922
294	72.223175
295	80.172909
296	74.425998
297	30.149904
298	61.389479
299	84.693660
300	60.633985
301	5.060800
302	47.980727
303	38.892317
304	33.227753
305	89.800268
306	26.891012
307	83.997227
308	96.577102
309	33.666416
310	90.381255
311	57.099980
312	24.463480
313	27.141599
314	92.353877
315	13.539034
316	94.499983
317	77.170333
318	50.237711
319	89.044802
320	14.077186
321	34.121894
322	27.184468
323	30.428402
324	39.908628
325	2.576709
326	90.497860
327	20.328021
328	60.807717
329	90.996724
330	21.795684
331	18.772267
332	36.824672
333	43.045889
334	75.763358
335	98.614869
336	83.026751
337	53.181130
338	95.474061
339	21.954491
340	64.611011
341	1.123345
342	10.854880
343	86.127255
344	31.260036
345	47.237767
346	88.266037
347	9.349260
348	38.537500
349	53.254232
350	11.574113
351	58.621264
352	45.448761
353	92.002473
354	29.996579
355	76.378088
356	13.902957
357	37.065780
358	82.765508
359	6.147181
360	94.052608
361	53.261060
362	34.173504
363	64.638281
364	51.928053
365	16.509568
366	36.093056
367	7.673607
368	19.844174
369	60.387199
370	77.824519
371	18.474133
372	43.886715
373	36.490278
374	45.371966
375	75.382308
376	99.140324
377	90.214260
378	50.402004
379	3.513770
380	93.270104
381	35.648380
382	84.930855
383	2.753000
384	11.723140
385	81.432309
386	7.592500
387	61.054776
388	59.760146
389	60.301529
390	40.927530
391	12.587776
392	79.747141
393	46.613095
394	84.430458
395	58.603346
396	67.688394
397	73.646861
398	73.076144
399	78.433949
400	35.043643
401	77.766869
402	17.568017
403	70.584734
404	9.637997
405	26.909991
406	40.413237
407	21.100357
408	79.359192
409	15.091558
410	73.688515
411	87.933689
412	84.099671
413	61.387537
414	76.587221
415	80.164678
416	89.539478
417	97.827496
418	39.211983
419	87.034258
420	79.129165
421	79.873159
422	52.015926
423	26.142269
424	12.852091
425	45.082222
426	81.743214
427	95.647882
428	13.198295
429	99.882543
430	21.298944
431	67.013199
432	72.081161
433	54.923893
434	43.679799
435	17.038198
436	69.536708
437	42.766210
438	62.044383
439	89.677967
440	93.502982
441	69.343838
442	92.423369
443	61.288364
444	10.480909
445	39.247445
446	22.294418
447	62.809219
448	84.780842
449	51.909130
450	22.791369
451	76.573737
452	27.576669
453	34.559428
454	54.907286
455	13.591698
456	6.987676
457	41.600695
458	12.433648
459	8.526744
460	87.412680
461	25.433942
462	4.622024
463	33.409175
464	91.164898
465	86.188647
466	76.412755
467	70.871757
468	28.976744
469	91.565229
470	83.663319
471	43.693840
472	54.367277
473	43.093323
474	9.215690
475	35.317087
476	86.270362
477	43.160745
478	45.386140
479	67.584179
480	17.265042
481	21.527844
482	43.062513
483	34.743744
484	1.908283
485	79.609907
486	83.732756
487	84.895306
488	76.121247
489	30.157434
490	18.538340
491	58.183344
492	95.053688
493	1.535106
494	12.895519
495	23.007684
496	37.048707
497	40.636861
498	78.620673
499	71.605948
500	30.947063
501	44.565753
502	22.564555
503	84.044456
504	57.819328
505	6.232993
506	14.140435
507	60.597023
508	11.167470
509	60.598874
510	37.188286
511	38.758155
512	25.253096
513	57.151081
514	59.032840
515	35.969273
516	7.820616
517	30.856606
518	29.970978
519	40.434810
520	83.264639
521	82.102071
522	91.776723
523	38.106123
524	8.531032
525	77.220756
526	89.724100
527	36.917987
528	10.027178
529	12.958208
530	17.690581
531	73.359746
532	93.353170
533	39.682111
534	15.535054
535	90.646046
536	77.581610
537	27.121685
538	20.799754
539	2.168307
540	35.076344
541	97.534487
542	73.392768
543	96.012576
544	7.392347
545	30.799884
546	27.391175
547	92.729767
548	85.268438
549	30.942637
550	30.736842
551	48.594728
552	50.847980
553	44.894701
554	7.329160
555	86.991687
556	27.520530
557	79.728183
558	24.593301
559	10.477223
560	7.575124
561	88.099580
562	66.195958
563	84.570937
564	2.357980
565	30.611825
566	16.656993
567	58.971509
568	24.567564
569	10.557298
570	86.760522
571	99.465096
572	62.267801
573	43.088038
574	15.260542
575	90.497483
576	14.580425
577	96.228110
578	66.088988
579	75.459311
580	29.367297
581	28.103837
582	44.143240
583	64.505302
584	38.226143
585	40.951954
586	92.382120
587	13.345937
588	16.004038
589	22.396729
590	21.679906
591	71.550616
592	73.923580
593	32.472122
594	54.551337
595	55.727443
596	58.630647
597	66.322690
598	20.858253
599	99.861891
600	7.227573
601	41.999572
602	78.067319
603	49.532119
604	31.993929
605	90.559210
606	98.681477
607	15.640496
608	94.562400
609	62.921565
610	10.049851
611	68.881560
612	46.304502
613	37.127004
614	33.792109
615	47.069717
616	94.551555
617	94.751696
618	57.460958
619	46.370775
620	19.873413
621	33.587883
622	95.489762
623	71.394834
624	80.225577
625	52.322088
626	94.062087
627	33.670645
628	46.360430
629	51.617528
630	83.739825
631	92.866962
632	22.598858
633	16.784649
634	76.648928
635	95.394818
636	91.120180
637	31.545926
638	87.344877
639	20.327822
640	67.815003
641	6.120127
642	26.541657
643	8.792717
644	61.182839
645	23.057685
646	70.510067
647	35.618139
648	31.858483
649	9.172560
650	64.426832
651	26.419866
652	43.313747
653	9.280031
654	73.965670
655	27.338307
656	55.858116
657	13.804753
658	91.431536
659	80.868211
660	53.081712
661	72.863929
662	83.426324
663	28.506264
664	94.038491
665	38.667753
666	22.458918
667	57.328078
668	65.313775
669	49.414023
670	57.811288
671	28.817780
672	28.067660
673	37.100272
674	8.224732
675	89.022511
676	23.258156
677	91.997368
678	2.035858
679	3.500127
680	22.148619
681	72.532927
682	10.113768
683	95.631363
684	34.192637
685	79.404581
686	10.650323
687	38.675048
688	44.064984
689	75.037275
690	25.098940
691	79.482806
692	28.365024
693	11.291262
694	17.905321
695	58.347597
696	44.440755
697	80.513800
698	33.193276
699	54.420174
700	58.128186
701	59.785799
702	41.950936
703	96.428529
704	12.503874
705	88.569792
706	99.873734
707	89.389508
708	58.946075
709	18.042361
710	1.213318
711	25.203722
712	18.195528
713	40.816976
714	17.132752
715	5.090387
716	94.094576
717	70.514249
718	85.680984
719	59.546842
720	78.476704
721	4.595177
722	6.905215
723	28.360253
724	7.377930
725	61.359423
726	15.197650
727	28.216656
728	53.708676
729	35.839691
730	62.734154
731	77.043048
732	23.249349
733	99.865725
734	63.435710
735	2.362582
736	92.780162
737	71.397547
738	8.219977
739	7.929725
740	38.769936
741	73.305301
742	23.510451
743	74.449144
744	61.238324
745	7.877687
746	14.968042
747	6.160076
748	75.054523
749	29.076338
750	34.246910
751	60.876831
752	71.511759
753	65.390238
754	24.603796
755	18.242325
756	71.267993
757	84.374753
758	48.081967
759	97.201032
760	2.573621
761	10.039923
762	35.644748
763	79.269149
764	66.629767
765	75.513020
766	43.992752
767	64.434069
768	41.990300
769	51.752311
770	67.461301
771	13.515814
772	42.211609
773	74.404961
774	50.128338
775	97.844019
776	83.579895
777	52.006773
778	15.875704
779	39.177252
780	9.311498
781	27.098921
782	4.457327
783	5.349858
784	71.967708
785	93.153030
786	67.995507
787	83.763651
788	9.305369
789	64.471556
790	56.285183
791	8.006801
792	25.236281
793	98.252574
794	56.748091
795	26.970939
796	38.041731
797	78.937165
798	35.596074
799	53.043570
800	70.689136
801	35.847088
802	67.657624
803	23.181354
804	32.494708
805	33.653194
806	86.268608
807	60.032910
808	67.960342
809	64.588408
810	29.184107
811	63.158976
812	13.378717
813	49.353087
814	74.087316
815	19.799095
816	92.214593
817	22.498399
818	10.749252
819	45.657883
820	47.028095
821	48.601577
822	43.043300
823	9.180388
824	21.721996
825	70.176975
826	28.663022
827	53.489721
828	76.250090
829	64.339947
830	27.241789
831	37.587426
832	30.086432
833	75.924759
834	40.091775
835	39.246246
836	30.730341
837	50.670099
838	80.372973
839	22.942919
840	27.139272
841	67.431323
842	3.260504
843	64.958161
844	51.373241
845	74.130475
846	63.245914
847	51.761304
848	21.556464
849	58.803482
850	59.072199
851	91.240228
852	71.985859
853	3.464236
854	49.806799
855	60.816892
856	99.214338
857	24.353435
858	76.319985
859	45.895140
860	3.429193
861	19.665275
862	21.533973
863	27.961083
864	46.862866
865	37.322215
866	59.128433
867	50.102905
868	2.222740
869	29.899472
870	93.482862
871	44.767353
872	55.120825
873	91.500406
874	96.694056
875	57.678452
876	8.549997
877	37.751659
878	59.465142
879	43.585391
880	17.673786
881	81.153070
882	63.793258
883	42.466218
884	43.204054
885	71.962474
886	55.110848
887	40.815627
888	66.077103
889	73.946165
890	88.435353
891	73.163092
892	21.558666
893	52.150627
894	78.443765
895	85.465960
896	27.189444
897	19.323293
898	35.557996
899	65.781886
900	53.094231
901	16.179509
902	69.498887
903	75.721618
904	4.442594
905	62.602737
906	65.943188
907	30.120844
908	89.155351
909	34.253090
910	11.817132
911	58.227207
912	59.528559
913	49.095232
914	5.306906
915	94.831266
916	43.442548
917	44.896174
918	1.746237
919	26.371625
920	61.089352
921	77.434501
922	88.334701
923	10.890007
924	32.933904
925	83.902127
926	42.563311
927	9.516007
928	79.828512
929	77.506554
930	37.452267
931	86.103965
932	82.213710
933	28.908552
934	57.814647
935	69.909844
936	39.103885
937	70.960125
938	2.802658
939	67.595619
940	57.861801
941	52.305110
942	98.428832
943	49.200912
944	23.439592
945	66.604911
946	93.588225
947	88.933472
948	46.359308
949	46.379435
950	60.249881
951	59.466509
952	72.989993
953	66.918142
954	95.823191
955	41.735417
956	23.621369
957	80.481638
958	80.525386
959	65.723552
960	65.605517
961	79.364902
962	59.840645
963	52.745718
964	17.712842
965	82.013447
966	56.873201
967	61.550442
968	84.678245
969	68.607211
970	27.757476
971	5.895563
972	32.094291
973	61.281133
974	32.286988
975	57.489318
976	12.005855
977	51.475477
978	90.277409
979	64.208981
980	60.078576
981	77.324176
982	23.146486
983	53.302542
984	24.749406
985	30.818519
986	49.830666
987	24.850621
988	94.139630
989	71.006205
990	56.683989
991	74.644901
992	89.163041
993	65.010113
994	59.164828
995	38.861414
996	81.234418
997	88.816082
998	31.924395
999	84.290499
1000	23.491599
;

param: U :=
1	100.000000
2	100.000000
3	100.000000
4	100.000000
5	100.000000
6	100.000000
7	100.000000
8	100.000000
9	100.000000
10	100.000000
11	100.000000
12	100.000000
13	100.000000
14	100.000000
15	100.000000
16	100.000000
17	100.000000
18	100.000000
19	100.000000
20	100.000000
21	100.000000
22	100.000000
23	100.000000
24	100.000000
25	100.000000
26	100.000000
27	100.000000
28	100.000000
29	100.000000
30	100.000000
31	100.000000
32	100.000000
33	100.000000
34	100.000000
35	100.000000
36	100.000000
37	100.000000
38	100.000000
39	100.000000
40	100.000000
41	100.000000
42	100.000000
43	100.000000
44	100.000000
45	100.000000
46	100.000000
47	100.000000
48	100.000000
49	100.000000
50	100.000000
51	100.000000
52	100.000000
53	100.000000
54	100.000000
55	100.000000
56	100.000000
57	100.000000
58	100.000000
59	100.000000
60	100.000000
61	100.000000
62	100.000000
63	100.000000
64	100.000000
65	100.000000
66	100.000000
67	100.000000
68	100.000000
69	100.000000
70	100.000000
71	100.000000
72	100.000000
73	100.000000
74	100.000000
75	100.000000
76	100.000000
77	100.000000
78	100.000000
79	100.000000
80	100.000000
81	100.000000
82	100.000000
83	100.000000
84	100.000000
85	100.000000
86	100.000000
87	100.000000
88	100.000000
89	100.000000
90	100.000000
91	100.000000
92	100.000000
93	100.000000
94	100.000000
95	100.000000
96	100.000000
97	100.000000
98	100.000000
99	100.000000
100	100.000000
101	100.000000
102	100.000000
103	100.000000
104	100.000000
105	100.000000
106	100.000000
107	100.000000
108	100.000000
109	100.000000
110	100.000000
111	100.000000
112	100.000000
113	100.000000
114	100.000000
115	100.000000
116	100.000000
117	100.000000
118	100.000000
119	100.000000
120	100.000000
121	100.000000
122	100.000000
123	100.000000
124	100.000000
125	100.000000
126	100.000000
127	100.000000
128	100.000000
129	100.000000
130	100.000000
131	100.000000
132	100.000000
133	100.000000
134	100.000000
135	100.000000
136	100.000000
137	100.000000
138	100.000000
139	100.000000
140	100.000000
141	100.000000
142	100.000000
143	100.000000
144	100.000000
145	100.000000
146	100.000000
147	100.000000
148	100.000000
149	100.000000
150	100.000000
151	100.000000
152	100.000000
153	100.000000
154	100.000000
155	100.000000
156	100.000000
157	100.000000
158	100.000000
159	100.000000
160	100.000000
161	100.000000
162	100.000000
163	100.000000
164	100.000000
165	100.000000
166	100.000000
167	100.000000
168	100.000000
169	100.000000
170	100.000000
171	100.000000
172	100.000000
173	100.000000
174	100.000000
175	100.000000
176	100.000000
177	100.000000
178	100.000000
179	100.000000
180	100.000000
181	100.000000
182	100.000000
183	100.000000
184	100.000000
185	100.000000
186	100.000000
187	100.000000
188	100.000000
189	100.000000
190	100.000000
191	100.000000
192	100.000000
193	100.000000
194	100.000000
195	100.000000
196	100.000000
197	100.000000
198	100.000000
199	100.000000
200	100.000000
201	100.000000
202	100.000000
203	100.000000
204	100.000000
205	100.000000
206	100.000000
207	100.000000
208	100.000000
209	100.000000
210	100.000000
211	100.000000
212	100.000000
213	100.000000
214	100.000000
215	100.000000
216	100.000000
217	100.000000
218	100.000000
219	100.000000
220	100.000000
221	100.000000
222	100.000000
223	100.000000
224	100.000000
225	100.000000
226	100.000000
227	100.000000
228	100.000000
229	100.000000
230	100.000000
231	100.000000
232	100.000000
233	100.000000
234	100.000000
235	100.000000
236	100.000000
237	100.000000
238	100.000000
239	100.000000
240	100.000000
241	100.000000
242	100.000000
243	100.000000
244	100.000000
245	100.000000
246	100.000000
247	100.000000
248	100.000000
249	100.000000
250	100.000000
251	100.000000
252	100.000000
253	100.000000
254	100.000000
255	100.000000
256	100.000000
257	100.000000
258	100.000000
259	100.000000
260	100.000000
261	100.000000
262	100.000000
263	100.000000
264	100.000000
265	100.000000
266	100.000000
267	100.000000
268	100.000000
269	100.000000
270	100.000000
271	100.000000
272	100.000000
273	100.000000
274	100.000000
275	100.000000
276	100.000000
277	100.000000
278	100.000000
279	100.000000
280	100.000000
281	100.000000
282	100.000000
283	100.000000
284	100.000000
285	100.000000
286	100.000000
287	100.000000
288	100.000000
289	100.000000
290	100.000000
291	100.000000
292	100.000000
293	100.000000
294	100.000000
295	100.000000
296	100.000000
297	100.000000
298	100.000000
299	100.000000
300	100.000000
301	100.000000
302	100.000000
303	100.000000
304	100.000000
305	100.000000
306	100.000000
307	100.000000
308	100.000000
309	100.000000
310	100.000000
311	100.000000
312	100.000000
313	100.000000
314	100.000000
315	100.000000
316	100.000000
317	100.000000
318	100.000000
319	100.000000
320	100.000000
321	100.000000
322	100.000000
323	100.000000
324	100.000000
325	100.000000
326	100.000000
327	100.000000
328	100.000000
329	100.000000
330	100.000000
331	100.000000
332	100.000000
333	100.000000
334	100.000000
335	100.000000
336	100.000000
337	100.000000
338	100.000000
339	100.000000
340	100.000000
341	100.000000
342	100.000000
343	100.000000
344	100.000000
345	100.000000
346	100.000000
347	100.000000
348	100.000000
349	100.000000
350	100.000000
351	100.000000
352	100.000000
353	100.000000
354	100.000000
355	100.000000
356	100.000000
357	100.000000
358	100.000000
359	100.000000
360	100.000000
361	100.000000
362	100.000000
363	100.000000
364	100.000000
365	100.000000
366	100.000000
367	100.000000
368	100.000000
369	100.000000
370	100.000000
371	100.000000
372	100.000000
373	100.000000
374	100.000000
375	100.000000
376	100.000000
377	100.000000
378	100.000000
379	100.000000
380	100.000000
381	100.000000
382	100.000000
383	100.000000
384	100.000000
385	100.000000
386	100.000000
387	100.000000
388	100.000000
389	100.000000
390	100.000000
391	100.000000
392	100.000000
393	100.000000
394	100.000000
395	100.000000
396	100.000000
397	100.000000
398	100.000000
399	100.000000
400	100.000000
401	100.000000
402	100.000000
403	100.000000
404	100.000000
405	100.000000
406	100.000000
407	100.000000
408	100.000000
409	100.000000
410	100.000000
411	100.000000
412	100.000000
413	100.000000
414	100.000000
415	100.000000
416	100.000000
417	100.000000
418	100.000000
419	100.000000
420	100.000000
421	100.000000
422	100.000000
423	100.000000
424	100.000000
425	100.000000
426	100.000000
427	100.000000
428	100.000000
429	100.000000
430	100.000000
431	100.000000
432	100.000000
433	100.000000
434	100.000000
435	100.000000
436	100.000000
437	100.000000
438	100.000000
439	100.000000
440	100.000000
441	100.000000
442	100.000000
443	100.000000
444	100.000000
445	100.000000
446	100.000000
447	100.000000
448	100.000000
449	100.000000
450	100.000000
451	100.000000
452	100.000000
453	100.000000
454	100.000000
455	100.000000
456	100.000000
457	100.000000
458	100.000000
459	100.000000
460	100.000000
461	100.000000
462	100.000000
463	100.000000
464	100.000000
465	100.000000
466	100.000000
467	100.000000
468	100.000000
469	100.000000
470	100.000000
471	100.000000
472	100.000000
473	100.000000
474	100.000000
475	100.000000
476	100.000000
477	100.000000
478	100.000000
479	100.000000
480	100.000000
481	100.000000
482	100.000000
483	100.000000
484	100.000000
485	100.000000
486	100.000000
487	100.000000
488	100.000000
489	100.000000
490	100.000000
491	100.000000
492	100.000000
493	100.000000
494	100.000000
495	100.000000
496	100.000000
497	100.000000
498	100.000000
499	100.000000
500	100.000000
501	100.000000
502	100.000000
503	100.000000
504	100.000000
505	100.000000
506	100.000000
507	100.000000
508	100.000000
509	100.000000
510	100.000000
511	100.000000
512	100.000000
513	100.000000
514	100.000000
515	100.000000
516	100.000000
517	100.000000
518	100.000000
519	100.000000
520	100.000000
521	100.000000
522	100.000000
523	100.000000
524	100.000000
525	100.000000
526	100.000000
527	100.000000
528	100.000000
529	100.000000
530	100.000000
531	100.000000
532	100.000000
533	100.000000
534	100.000000
535	100.000000
536	100.000000
537	100.000000
538	100.000000
539	100.000000
540	100.000000
541	100.000000
542	100.000000
543	100.000000
544	100.000000
545	100.000000
546	100.000000
547	100.000000
548	100.000000
549	100.000000
550	100.000000
551	100.000000
552	100.000000
553	100.000000
554	100.000000
555	100.000000
556	100.000000
557	100.000000
558	100.000000
559	100.000000
560	100.000000
561	100.000000
562	100.000000
563	100.000000
564	100.000000
565	100.000000
566	100.000000
567	100.000000
568	100.000000
569	100.000000
570	100.000000
571	100.000000
572	100.000000
573	100.000000
574	100.000000
575	100.000000
576	100.000000
577	100.000000
578	100.000000
579	100.000000
580	100.000000
581	100.000000
582	100.000000
583	100.000000
584	100.000000
585	100.000000
586	100.000000
587	100.000000
588	100.000000
589	100.000000
590	100.000000
591	100.000000
592	100.000000
593	100.000000
594	100.000000
595	100.000000
596	100.000000
597	100.000000
598	100.000000
599	100.000000
600	100.000000
601	100.000000
602	100.000000
603	100.000000
604	100.000000
605	100.000000
606	100.000000
607	100.000000
608	100.000000
609	100.000000
610	100.000000
611	100.000000
612	100.000000
613	100.000000
614	100.000000
615	100.000000
616	100.000000
617	100.000000
618	100.000000
619	100.000000
620	100.000000
621	100.000000
622	100.000000
623	100.000000
624	100.000000
625	100.000000
626	100.000000
627	100.000000
628	100.000000
629	100.000000
630	100.000000
631	100.000000
632	100.000000
633	100.000000
634	100.000000
635	100.000000
636	100.000000
637	100.000000
638	100.000000
639	100.000000
640	100.000000
641	100.000000
642	100.000000
643	100.000000
644	100.000000
645	100.000000
646	100.000000
647	100.000000
648	100.000000
649	100.000000
650	100.000000
651	100.000000
652	100.000000
653	100.000000
654	100.000000
655	100.000000
656	100.000000
657	100.000000
658	100.000000
659	100.000000
660	100.000000
661	100.000000
662	100.000000
663	100.000000
664	100.000000
665	100.000000
666	100.000000
667	100.000000
668	100.000000
669	100.000000
670	100.000000
671	100.000000
672	100.000000
673	100.000000
674	100.000000
675	100.000000
676	100.000000
677	100.000000
678	100.000000
679	100.000000
680	100.000000
681	100.000000
682	100.000000
683	100.000000
684	100.000000
685	100.000000
686	100.000000
687	100.000000
688	100.000000
689	100.000000
690	100.000000
691	100.000000
692	100.000000
693	100.000000
694	100.000000
695	100.000000
696	100.000000
697	100.000000
698	100.000000
699	100.000000
700	100.000000
701	100.000000
702	100.000000
703	100.000000
704	100.000000
705	100.000000
706	100.000000
707	100.000000
708	100.000000
709	100.000000
710	100.000000
711	100.000000
712	100.000000
713	100.000000
714	100.000000
715	100.000000
716	100.000000
717	100.000000
718	100.000000
719	100.000000
720	100.000000
721	100.000000
722	100.000000
723	100.000000
724	100.000000
725	100.000000
726	100.000000
727	100.000000
728	100.000000
729	100.000000
730	100.000000
731	100.000000
732	100.000000
733	100.000000
734	100.000000
735	100.000000
736	100.000000
737	100.000000
738	100.000000
739	100.000000
740	100.000000
741	100.000000
742	100.000000
743	100.000000
744	100.000000
745	100.000000
746	100.000000
747	100.000000
748	100.000000
749	100.000000
750	100.000000
751	100.000000
752	100.000000
753	100.000000
754	100.000000
755	100.000000
756	100.000000
757	100.000000
758	100.000000
759	100.000000
760	100.000000
761	100.000000
762	100.000000
763	100.000000
764	100.000000
765	100.000000
766	100.000000
767	100.000000
768	100.000000
769	100.000000
770	100.000000
771	100.000000
772	100.000000
773	100.000000
774	100.000000
775	100.000000
776	100.000000
777	100.000000
778	100.000000
779	100.000000
780	100.000000
781	100.000000
782	100.000000
783	100.000000
784	100.000000
785	100.000000
786	100.000000
787	100.000000
788	100.000000
789	100.000000
790	100.000000
791	100.000000
792	100.000000
793	100.000000
794	100.000000
795	100.000000
796	100.000000
797	100.000000
798	100.000000
799	100.000000
800	100.000000
801	100.000000
802	100.000000
803	100.000000
804	100.000000
805	100.000000
806	100.000000
807	100.000000
808	100.000000
809	100.000000
810	100.000000
811	100.000000
812	100.000000
813	100.000000
814	100.000000
815	100.000000
816	100.000000
817	100.000000
818	100.000000
819	100.000000
820	100.000000
821	100.000000
822	100.000000
823	100.000000
824	100.000000
825	100.000000
826	100.000000
827	100.000000
828	100.000000
829	100.000000
830	100.000000
831	100.000000
832	100.000000
833	100.000000
834	100.000000
835	100.000000
836	100.000000
837	100.000000
838	100.000000
839	100.000000
840	100.000000
841	100.000000
842	100.000000
843	100.000000
844	100.000000
845	100.000000
846	100.000000
847	100.000000
848	100.000000
849	100.000000
850	100.000000
851	100.000000
852	100.000000
853	100.000000
854	100.000000
855	100.000000
856	100.000000
857	100.000000
858	100.000000
859	100.000000
860	100.000000
861	100.000000
862	100.000000
863	100.000000
864	100.000000
865	100.000000
866	100.000000
867	100.000000
868	100.000000
869	100.000000
870	100.000000
871	100.000000
872	100.000000
873	100.000000
874	100.000000
875	100.000000
876	100.000000
877	100.000000
878	100.000000
879	100.000000
880	100.000000
881	100.000000
882	100.000000
883	100.000000
884	100.000000
885	100.000000
886	100.000000
887	100.000000
888	100.000000
889	100.000000
890	100.000000
891	100.000000
892	100.000000
893	100.000000
894	100.000000
895	100.000000
896	100.000000
897	100.000000
898	100.000000
899	100.000000
900	100.000000
901	100.000000
902	100.000000
903	100.000000
904	100.000000
905	100.000000
906	100.000000
907	100.000000
908	100.000000
909	100.000000
910	100.000000
911	100.000000
912	100.000000
913	100.000000
914	100.000000
915	100.000000
916	100.000000
917	100.000000
918	100.000000
919	100.000000
920	100.000000
921	100.000000
922	100.000000
923	100.000000
924	100.000000
925	100.000000
926	100.000000
927	100.000000
928	100.000000
929	100.000000
930	100.000000
931	100.000000
932	100.000000
933	100.000000
934	100.000000
935	100.000000
936	100.000000
937	100.000000
938	100.000000
939	100.000000
940	100.000000
941	100.000000
942	100.000000
943	100.000000
944	100.000000
945	100.000000
946	100.000000
947	100.000000
948	100.000000
949	100.000000
950	100.000000
951	100.000000
952	100.000000
953	100.000000
954	100.000000
955	100.000000
956	100.000000
957	100.000000
958	100.000000
959	100.000000
960	100.000000
961	100.000000
962	100.000000
963	100.000000
964	100.000000
965	100.000000
966	100.000000
967	100.000000
968	100.000000
969	100.000000
970	100.000000
971	100.000000
972	100.000000
973	100.000000
974	100.000000
975	100.000000
976	100.000000
977	100.000000
978	100.000000
979	100.000000
980	100.000000
981	100.000000
982	100.000000
983	100.000000
984	100.000000
985	100.000000
986	100.000000
987	100.000000
988	100.000000
989	100.000000
990	100.000000
991	100.000000
992	100.000000
993	100.000000
994	100.000000
995	100.000000
996	100.000000
997	100.000000
998	100.000000
999	100.000000
1000	100.000000
;

