# seed = 1254829604

param N := 1000;

param M := 5;

param Umax := 100.000000;

param: C :=
1	475963.673326
2	554666.132878
3	516958.079926
4	405036.411726
5	556899.208705
;

param: a :=
1	0.142508
2	0.111823
3	0.119411
4	0.107179
5	0.104007
6	0.138498
7	0.136393
8	0.185257
9	0.196201
10	0.158347
11	0.194720
12	0.125908
13	0.136687
14	0.113153
15	0.122865
16	0.113398
17	0.184476
18	0.162436
19	0.121621
20	0.110356
21	0.110533
22	0.101400
23	0.129581
24	0.108175
25	0.116043
26	0.141128
27	0.138066
28	0.152774
29	0.153988
30	0.149754
31	0.142675
32	0.145478
33	0.193573
34	0.120393
35	0.149991
36	0.109357
37	0.169710
38	0.115372
39	0.113632
40	0.183633
41	0.105456
42	0.180257
43	0.108268
44	0.102302
45	0.169351
46	0.175857
47	0.185824
48	0.121946
49	0.112356
50	0.157283
51	0.150501
52	0.102559
53	0.123599
54	0.186646
55	0.141140
56	0.190714
57	0.101065
58	0.112375
59	0.175278
60	0.196966
61	0.189858
62	0.112963
63	0.134557
64	0.189507
65	0.151475
66	0.164421
67	0.108483
68	0.111712
69	0.182655
70	0.192255
71	0.130008
72	0.112035
73	0.114715
74	0.109671
75	0.121566
76	0.115415
77	0.146340
78	0.126038
79	0.109505
80	0.161285
81	0.115459
82	0.121637
83	0.132951
84	0.166173
85	0.100158
86	0.177858
87	0.152767
88	0.115482
89	0.144607
90	0.167930
91	0.107395
92	0.112853
93	0.188111
94	0.108540
95	0.174383
96	0.181752
97	0.126858
98	0.123307
99	0.119731
100	0.137616
101	0.133529
102	0.115471
103	0.161214
104	0.193982
105	0.123700
106	0.139869
107	0.150751
108	0.130031
109	0.142313
110	0.171904
111	0.113917
112	0.126335
113	0.100119
114	0.113858
115	0.123617
116	0.156498
117	0.173191
118	0.154403
119	0.140914
120	0.103224
121	0.173080
122	0.129167
123	0.193681
124	0.113268
125	0.135336
126	0.140673
127	0.168880
128	0.196400
129	0.111871
130	0.100402
131	0.174435
132	0.116307
133	0.108674
134	0.104416
135	0.100526
136	0.182777
137	0.169980
138	0.129966
139	0.188349
140	0.138228
141	0.127237
142	0.183700
143	0.169202
144	0.113415
145	0.128992
146	0.186015
147	0.133737
148	0.195954
149	0.190486
150	0.143051
151	0.195018
152	0.172386
153	0.108322
154	0.154960
155	0.172838
156	0.169439
157	0.115139
158	0.101935
159	0.171005
160	0.157621
161	0.123714
162	0.172673
163	0.153375
164	0.154672
165	0.114711
166	0.105183
167	0.167277
168	0.136988
169	0.100913
170	0.194685
171	0.151765
172	0.156537
173	0.140048
174	0.165451
175	0.169704
176	0.120856
177	0.129391
178	0.150423
179	0.101550
180	0.138950
181	0.178655
182	0.128388
183	0.133281
184	0.150084
185	0.112988
186	0.158472
187	0.154527
188	0.171396
189	0.157964
190	0.114423
191	0.147537
192	0.139844
193	0.146788
194	0.186547
195	0.109088
196	0.184887
197	0.131968
198	0.113424
199	0.151919
200	0.104735
201	0.199029
202	0.126239
203	0.178829
204	0.101196
205	0.150750
206	0.149590
207	0.114383
208	0.149256
209	0.119592
210	0.106968
211	0.149471
212	0.163821
213	0.112779
214	0.125849
215	0.117019
216	0.166192
217	0.188256
218	0.160136
219	0.132893
220	0.137244
221	0.184731
222	0.107631
223	0.197025
224	0.109834
225	0.154566
226	0.170685
227	0.188427
228	0.157847
229	0.138727
230	0.119784
231	0.148383
232	0.151388
233	0.105071
234	0.104294
235	0.132874
236	0.130180
237	0.196687
238	0.119007
239	0.174776
240	0.115352
241	0.140567
242	0.139351
243	0.142464
244	0.146161
245	0.105573
246	0.179872
247	0.107705
248	0.134961
249	0.193740
250	0.120786
251	0.179557
252	0.183158
253	0.133042
254	0.178773
255	0.128270
256	0.174731
257	0.148963
258	0.148491
259	0.129719
260	0.142005
261	0.108288
262	0.140670
263	0.138671
264	0.184797
265	0.105570
266	0.179210
267	0.157440
268	0.153631
269	0.113310
270	0.180381
271	0.104794
272	0.126460
273	0.157607
274	0.184745
275	0.163167
276	0.124694
277	0.155155
278	0.100630
279	0.179674
280	0.168394
281	0.177607
282	0.149509
283	0.169295
284	0.158089
285	0.136358
286	0.188747
287	0.154917
288	0.143129
289	0.148743
290	0.107957
291	0.134758
292	0.145847
293	0.172389
294	0.105203
295	0.152775
296	0.140079
297	0.118570
298	0.131789
299	0.111236
300	0.135702
301	0.189759
302	0.185756
303	0.165821
304	0.121550
305	0.192588
306	0.149876
307	0.128435
308	0.190131
309	0.199695
310	0.129739
311	0.146575
312	0.141231
313	0.120701
314	0.114044
315	0.170273
316	0.136818
317	0.109018
318	0.136827
319	0.162201
320	0.106091
321	0.198941
322	0.165655
323	0.151998
324	0.188293
325	0.122102
326	0.192410
327	0.109598
328	0.122490
329	0.102993
330	0.194197
331	0.102316
332	0.145223
333	0.120917
334	0.124889
335	0.143035
336	0.185947
337	0.131197
338	0.152969
339	0.149704
340	0.104996
341	0.199745
342	0.135688
343	0.132391
344	0.161758
345	0.131833
346	0.172093
347	0.171537
348	0.181006
349	0.137379
350	0.168164
351	0.113895
352	0.193628
353	0.117961
354	0.125085
355	0.118047
356	0.107049
357	0.113180
358	0.127626
359	0.159481
360	0.141999
361	0.116662
362	0.174118
363	0.118276
364	0.142300
365	0.133045
366	0.189249
367	0.151078
368	0.164472
369	0.160776
370	0.137271
371	0.198978
372	0.169427
373	0.148179
374	0.160927
375	0.157165
376	0.193749
377	0.148400
378	0.180282
379	0.115892
380	0.188306
381	0.111702
382	0.138301
383	0.154111
384	0.193300
385	0.152522
386	0.114467
387	0.184445
388	0.193055
389	0.169351
390	0.177431
391	0.107021
392	0.131977
393	0.155687
394	0.156140
395	0.188006
396	0.124563
397	0.158648
398	0.188848
399	0.196472
400	0.101533
401	0.169831
402	0.122907
403	0.198145
404	0.175930
405	0.136957
406	0.177985
407	0.132741
408	0.133052
409	0.130237
410	0.156407
411	0.156323
412	0.103952
413	0.187155
414	0.149513
415	0.175494
416	0.195660
417	0.194818
418	0.126754
419	0.160256
420	0.147635
421	0.105218
422	0.166030
423	0.139116
424	0.120821
425	0.116018
426	0.196668
427	0.194232
428	0.190310
429	0.189907
430	0.194944
431	0.121193
432	0.165125
433	0.136114
434	0.128769
435	0.142365
436	0.120200
437	0.160394
438	0.129917
439	0.142559
440	0.187417
441	0.118442
442	0.192258
443	0.177915
444	0.112562
445	0.169366
446	0.183561
447	0.164859
448	0.113096
449	0.103523
450	0.188372
451	0.199887
452	0.184344
453	0.138319
454	0.149018
455	0.190749
456	0.109390
457	0.126112
458	0.173674
459	0.116939
460	0.162035
461	0.125692
462	0.100839
463	0.122769
464	0.108189
465	0.181891
466	0.125097
467	0.158174
468	0.106207
469	0.130424
470	0.135489
471	0.175836
472	0.174510
473	0.147376
474	0.107700
475	0.182138
476	0.161620
477	0.184328
478	0.133897
479	0.179385
480	0.151271
481	0.190184
482	0.169891
483	0.123754
484	0.115786
485	0.113098
486	0.120868
487	0.160599
488	0.106256
489	0.153564
490	0.148636
491	0.156543
492	0.155110
493	0.171320
494	0.134572
495	0.115749
496	0.103261
497	0.106422
498	0.182592
499	0.196524
500	0.115391
501	0.105962
502	0.113043
503	0.111824
504	0.152361
505	0.128405
506	0.163518
507	0.169462
508	0.168433
509	0.143529
510	0.146174
511	0.191782
512	0.178137
513	0.135045
514	0.162936
515	0.106451
516	0.149427
517	0.163253
518	0.139949
519	0.132183
520	0.154811
521	0.105974
522	0.121051
523	0.173049
524	0.183337
525	0.162573
526	0.163768
527	0.162191
528	0.175306
529	0.123366
530	0.180238
531	0.155685
532	0.106925
533	0.180200
534	0.116220
535	0.175497
536	0.150381
537	0.113251
538	0.159011
539	0.116077
540	0.102358
541	0.182716
542	0.105790
543	0.159169
544	0.148089
545	0.169602
546	0.161675
547	0.159005
548	0.122128
549	0.167108
550	0.186389
551	0.167838
552	0.193916
553	0.167238
554	0.162842
555	0.101224
556	0.136295
557	0.102596
558	0.143371
559	0.159165
560	0.190565
561	0.170438
562	0.164599
563	0.135558
564	0.171303
565	0.163376
566	0.164098
567	0.131720
568	0.135572
569	0.156775
570	0.183771
571	0.132575
572	0.191832
573	0.159264
574	0.164426
575	0.121516
576	0.184516
577	0.166491
578	0.116255
579	0.190010
580	0.151357
581	0.176827
582	0.163852
583	0.171705
584	0.129521
585	0.118305
586	0.150526
587	0.137994
588	0.185264
589	0.100616
590	0.148872
591	0.115627
592	0.168707
593	0.161781
594	0.187951
595	0.149240
596	0.110001
597	0.102732
598	0.116847
599	0.176338
600	0.193013
601	0.135843
602	0.151747
603	0.175407
604	0.123248
605	0.173368
606	0.190062
607	0.129210
608	0.151125
609	0.135538
610	0.191616
611	0.163749
612	0.110297
613	0.187376
614	0.164977
615	0.144606
616	0.138340
617	0.109437
618	0.107523
619	0.192657
620	0.107591
621	0.148899
622	0.110862
623	0.157410
624	0.121124
625	0.197484
626	0.181141
627	0.119298
628	0.161202
629	0.134181
630	0.197132
631	0.178879
632	0.138933
633	0.174255
634	0.104486
635	0.112984
636	0.140685
637	0.171075
638	0.115274
639	0.191911
640	0.197769
641	0.184177
642	0.148997
643	0.158646
644	0.169373
645	0.164013
646	0.150895
647	0.189699
648	0.127216
649	0.182729
650	0.182720
651	0.104404
652	0.138047
653	0.102493
654	0.137173
655	0.152655
656	0.129283
657	0.178823
658	0.105618
659	0.166980
660	0.151734
661	0.151291
662	0.145369
663	0.167539
664	0.193980
665	0.134204
666	0.121076
667	0.155431
668	0.127224
669	0.139223
670	0.168304
671	0.190775
672	0.128200
673	0.146994
674	0.111258
675	0.101576
676	0.184818
677	0.128168
678	0.103815
679	0.171288
680	0.129054
681	0.157620
682	0.128093
683	0.116496
684	0.138075
685	0.147108
686	0.123192
687	0.180088
688	0.179079
689	0.140998
690	0.128376
691	0.132366
692	0.139107
693	0.154553
694	0.103964
695	0.173994
696	0.166631
697	0.120405
698	0.106841
699	0.171643
700	0.155601
701	0.143305
702	0.187224
703	0.195649
704	0.185280
705	0.196039
706	0.104197
707	0.148130
708	0.172182
709	0.157687
710	0.157561
711	0.113685
712	0.199921
713	0.143856
714	0.167689
715	0.114764
716	0.130115
717	0.105717
718	0.162855
719	0.198605
720	0.186969
721	0.171419
722	0.157854
723	0.187703
724	0.144974
725	0.190009
726	0.195251
727	0.143076
728	0.119080
729	0.109764
730	0.132576
731	0.127471
732	0.170962
733	0.104688
734	0.156472
735	0.160893
736	0.134642
737	0.134360
738	0.121945
739	0.120434
740	0.162238
741	0.198346
742	0.165300
743	0.129500
744	0.152767
745	0.159600
746	0.177431
747	0.167411
748	0.180970
749	0.105227
750	0.164316
751	0.125165
752	0.142651
753	0.131360
754	0.191753
755	0.151183
756	0.173719
757	0.176974
758	0.113840
759	0.105780
760	0.137053
761	0.108063
762	0.118153
763	0.185510
764	0.107171
765	0.172753
766	0.172401
767	0.129479
768	0.148291
769	0.103253
770	0.125549
771	0.107280
772	0.166353
773	0.139877
774	0.139096
775	0.157281
776	0.168481
777	0.168648
778	0.116199
779	0.147854
780	0.153038
781	0.121354
782	0.184765
783	0.109837
784	0.131520
785	0.151523
786	0.141402
787	0.139989
788	0.180091
789	0.104417
790	0.112831
791	0.147326
792	0.109351
793	0.153789
794	0.146614
795	0.140289
796	0.176184
797	0.198701
798	0.191539
799	0.168116
800	0.148652
801	0.186491
802	0.130551
803	0.180605
804	0.143920
805	0.109906
806	0.164527
807	0.186049
808	0.123259
809	0.194100
810	0.180162
811	0.137016
812	0.175631
813	0.157714
814	0.101940
815	0.190150
816	0.128558
817	0.133442
818	0.180474
819	0.116361
820	0.146261
821	0.198174
822	0.143888
823	0.107168
824	0.179832
825	0.135868
826	0.138399
827	0.147522
828	0.116625
829	0.163599
830	0.102288
831	0.103488
832	0.131054
833	0.143486
834	0.166956
835	0.132027
836	0.172357
837	0.148635
838	0.108857
839	0.105049
840	0.135619
841	0.189572
842	0.194840
843	0.182825
844	0.126510
845	0.195226
846	0.134691
847	0.115093
848	0.166896
849	0.124808
850	0.148827
851	0.171570
852	0.180775
853	0.146940
854	0.100052
855	0.110270
856	0.131415
857	0.195039
858	0.178061
859	0.179345
860	0.137978
861	0.149531
862	0.107135
863	0.164517
864	0.107945
865	0.153162
866	0.121550
867	0.177290
868	0.143035
869	0.135140
870	0.193211
871	0.191542
872	0.161162
873	0.143750
874	0.129772
875	0.109799
876	0.176735
877	0.179886
878	0.156758
879	0.109092
880	0.196954
881	0.139510
882	0.105223
883	0.192780
884	0.127837
885	0.110512
886	0.105593
887	0.153575
888	0.139316
889	0.164879
890	0.158463
891	0.124985
892	0.199057
893	0.102928
894	0.115017
895	0.100991
896	0.116570
897	0.100148
898	0.123159
899	0.112495
900	0.198447
901	0.127590
902	0.103516
903	0.156882
904	0.179116
905	0.129311
906	0.197115
907	0.193411
908	0.106388
909	0.174674
910	0.120823
911	0.103545
912	0.172241
913	0.164837
914	0.119852
915	0.184716
916	0.191697
917	0.194395
918	0.188966
919	0.134311
920	0.187537
921	0.103551
922	0.131923
923	0.114293
924	0.182689
925	0.180119
926	0.184297
927	0.170073
928	0.141534
929	0.183696
930	0.114157
931	0.156277
932	0.196286
933	0.155955
934	0.152399
935	0.185383
936	0.164403
937	0.181438
938	0.150177
939	0.173661
940	0.187908
941	0.158446
942	0.157680
943	0.157851
944	0.126683
945	0.166152
946	0.173229
947	0.148681
948	0.127002
949	0.176442
950	0.178582
951	0.154682
952	0.181713
953	0.180803
954	0.127351
955	0.196206
956	0.185187
957	0.127272
958	0.189948
959	0.166277
960	0.162935
961	0.143130
962	0.141518
963	0.133159
964	0.198431
965	0.138843
966	0.172301
967	0.130972
968	0.115983
969	0.164065
970	0.148586
971	0.119426
972	0.146048
973	0.115154
974	0.154432
975	0.135181
976	0.127016
977	0.140142
978	0.121007
979	0.112650
980	0.101683
981	0.155276
982	0.159817
983	0.102232
984	0.168288
985	0.118117
986	0.179244
987	0.188883
988	0.129707
989	0.180651
990	0.154954
991	0.108836
992	0.128469
993	0.195469
994	0.114595
995	0.170403
996	0.194007
997	0.131589
998	0.166730
999	0.150389
1000	0.182419
;

param: b :=
1	45.922025
2	51.723502
3	53.800674
4	61.822142
5	20.001721
6	76.222748
7	9.897882
8	78.310560
9	63.371771
10	62.427558
11	7.847094
12	30.266746
13	16.583731
14	74.076951
15	66.674731
16	96.495555
17	1.928870
18	30.510943
19	29.598884
20	42.328276
21	94.602101
22	5.340251
23	70.227751
24	0.199209
25	53.760309
26	53.684123
27	44.156617
28	18.943951
29	11.601155
30	76.642083
31	71.139315
32	6.513643
33	8.808512
34	66.371112
35	15.820124
36	74.668743
37	1.595677
38	77.729967
39	77.096494
40	18.318749
41	78.919842
42	74.804922
43	10.896529
44	24.543865
45	89.428473
46	10.263656
47	38.377451
48	62.051707
49	8.717526
50	49.979330
51	47.512464
52	11.521425
53	94.055692
54	63.657706
55	77.632502
56	12.557183
57	83.648786
58	18.828135
59	20.381735
60	44.744323
61	76.007218
62	53.397212
63	89.317125
64	85.163962
65	95.619380
66	69.556386
67	80.029913
68	9.099181
69	90.108354
70	42.356397
71	68.144230
72	96.756683
73	18.979837
74	6.858776
75	88.436172
76	0.489842
77	93.484014
78	16.692508
79	51.044630
80	86.134519
81	7.066931
82	83.392747
83	51.618786
84	44.292984
85	98.253935
86	7.613015
87	46.367197
88	54.756175
89	64.225012
90	51.132738
91	41.056971
92	16.920299
93	26.472219
94	3.773823
95	50.883984
96	53.966407
97	15.920187
98	77.847263
99	6.415517
100	22.466025
101	26.345632
102	14.553920
103	29.306316
104	20.442360
105	85.615130
106	39.339901
107	71.878903
108	45.849187
109	57.592604
110	75.294072
111	67.751601
112	98.948922
113	99.092592
114	47.798050
115	75.406022
116	73.124040
117	45.585886
118	26.319228
119	63.337725
120	63.950020
121	2.160859
122	31.347967
123	34.370790
124	33.011287
125	57.795826
126	12.313874
127	42.656568
128	70.496224
129	66.585637
130	33.741349
131	96.412340
132	74.676325
133	57.024498
134	98.092325
135	65.141360
136	66.974702
137	35.416842
138	94.706138
139	56.454960
140	79.673910
141	7.603822
142	47.596367
143	73.036377
144	23.631623
145	45.860251
146	7.095581
147	69.492085
148	15.522484
149	6.307429
150	47.895851
151	18.185080
152	8.901202
153	6.914621
154	26.052889
155	27.354745
156	7.504751
157	88.062024
158	38.791822
159	4.404280
160	46.614093
161	84.718695
162	62.618212
163	97.543399
164	70.192347
165	45.526664
166	91.216974
167	89.452897
168	50.787697
169	47.040344
170	99.309033
171	12.137716
172	27.627304
173	7.609185
174	64.852439
175	11.614469
176	95.124917
177	58.111475
178	5.285040
179	27.420851
180	49.819908
181	45.165301
182	5.069844
183	13.338621
184	88.393086
185	59.816628
186	5.164491
187	57.264289
188	55.050537
189	45.407402
190	77.575165
191	94.782935
192	9.195785
193	88.376055
194	43.975290
195	91.058795
196	75.848511
197	4.194704
198	67.470655
199	26.373334
200	83.535414
201	83.912649
202	85.424507
203	54.332518
204	44.679062
205	17.229389
206	45.180536
207	91.547097
208	48.311909
209	49.271376
210	67.064004
211	7.147678
212	49.698658
213	75.957859
214	65.952225
215	22.949764
216	48.996620
217	40.868908
218	1.681015
219	65.688228
220	92.505084
221	0.605021
222	36.589168
223	51.769708
224	69.702567
225	33.402286
226	31.022876
227	3.753342
228	14.871230
229	46.501735
230	17.417053
231	65.660258
232	7.368358
233	32.378408
234	78.132262
235	53.759970
236	82.812485
237	4.334308
238	99.403758
239	14.540067
240	9.214184
241	2.715948
242	44.857730
243	14.797954
244	21.037523
245	69.323282
246	96.658544
247	33.395785
248	25.062956
249	25.981723
250	45.044200
251	88.576597
252	4.474690
253	74.320698
254	37.218766
255	65.444832
256	7.027534
257	3.337872
258	41.035586
259	48.074470
260	39.191985
261	55.370909
262	29.737176
263	99.005502
264	65.769971
265	46.932249
266	29.546889
267	75.048636
268	74.450639
269	40.942859
270	54.963942
271	83.870260
272	12.881009
273	30.442840
274	23.257205
275	57.847594
276	67.046827
277	53.479895
278	0.724332
279	59.195531
280	19.109847
281	70.235929
282	68.772445
283	87.642216
284	99.142061
285	37.795732
286	8.922909
287	18.433273
288	25.920806
289	36.372273
290	77.769440
291	6.945533
292	83.431140
293	92.034508
294	1.745224
295	85.229698
296	6.781869
297	8.863780
298	38.104195
299	60.574718
300	59.128702
301	82.844709
302	35.032459
303	87.005402
304	81.924560
305	19.764266
306	95.546512
307	60.571094
308	95.036158
309	44.403738
310	39.247823
311	39.693988
312	27.136055
313	2.485108
314	19.292312
315	4.295882
316	50.488637
317	59.856709
318	17.789603
319	52.611945
320	34.764726
321	83.165373
322	78.037728
323	35.914395
324	26.113007
325	14.746770
326	22.517647
327	92.416164
328	18.913593
329	28.891892
330	42.463066
331	46.562283
332	5.361362
333	25.053006
334	61.982783
335	39.555380
336	18.957211
337	32.553788
338	86.175654
339	59.393018
340	65.845156
341	45.256472
342	53.460381
343	3.073439
344	75.339050
345	62.328445
346	63.512622
347	32.706694
348	49.187832
349	2.370637
350	15.389485
351	30.198022
352	59.196353
353	34.295216
354	9.957883
355	16.144735
356	10.348341
357	21.023965
358	97.150550
359	97.815152
360	9.431091
361	57.028858
362	6.020035
363	72.463555
364	84.813681
365	69.104405
366	69.247768
367	42.636067
368	29.537325
369	92.309421
370	37.249086
371	43.453005
372	50.710055
373	83.386945
374	77.909575
375	69.329618
376	55.719791
377	27.037705
378	33.803763
379	68.411488
380	96.138950
381	13.814601
382	49.704490
383	88.228818
384	43.973800
385	48.401171
386	90.327095
387	85.927459
388	96.767972
389	35.149607
390	67.453584
391	16.361969
392	54.104905
393	96.174224
394	9.534004
395	17.078327
396	90.262577
397	74.398803
398	38.988172
399	53.245222
400	66.870041
401	40.948235
402	20.116281
403	40.239652
404	57.457912
405	40.544395
406	85.381248
407	27.073834
408	87.323938
409	75.239075
410	68.060743
411	79.602004
412	42.569346
413	54.837411
414	99.478241
415	22.493723
416	41.056531
417	53.290271
418	51.446873
419	62.740766
420	36.655776
421	29.707205
422	52.689314
423	43.533011
424	29.174105
425	41.521400
426	92.032761
427	30.531716
428	11.667695
429	84.839613
430	13.674860
431	53.437156
432	85.362203
433	24.677020
434	2.376639
435	58.925264
436	41.224943
437	57.826477
438	61.980396
439	55.898468
440	12.535149
441	11.764713
442	71.581732
443	18.105112
444	39.912622
445	87.003374
446	73.885912
447	72.344689
448	97.595709
449	90.281066
450	82.126499
451	34.679024
452	99.043720
453	32.508426
454	6.465157
455	47.849931
456	52.533933
457	49.466359
458	24.031008
459	7.026305
460	91.248019
461	88.226543
462	44.194578
463	26.492369
464	48.968345
465	89.121615
466	68.114803
467	57.650598
468	42.437839
469	33.897575
470	81.853750
471	7.589872
472	25.635537
473	55.283653
474	7.401711
475	74.774036
476	86.938065
477	95.617223
478	1.995551
479	63.057147
480	2.328963
481	72.729508
482	4.232602
483	84.511613
484	77.877621
485	16.961558
486	18.757560
487	82.705844
488	51.942915
489	41.126437
490	88.981273
491	75.726752
492	34.026822
493	29.628458
494	59.654464
495	17.687397
496	1.022712
497	22.789556
498	5.052152
499	15.882113
500	40.350463
501	94.762765
502	27.376486
503	99.329352
504	33.793737
505	18.860087
506	47.506440
507	98.414686
508	4.666612
509	28.429376
510	12.302043
511	28.903097
512	49.538136
513	12.587396
514	24.760736
515	56.371617
516	49.528773
517	54.633865
518	94.888112
519	83.519371
520	35.524410
521	70.139426
522	25.196685
523	12.919534
524	91.927231
525	5.711154
526	67.984473
527	34.350478
528	87.980845
529	71.377620
530	49.385341
531	67.369539
532	43.373396
533	82.939645
534	57.318387
535	74.902946
536	6.301629
537	21.349081
538	48.800109
539	87.738301
540	38.397825
541	15.704604
542	60.121432
543	9.377399
544	96.647841
545	8.494553
546	24.447786
547	71.460053
548	29.632273
549	29.367064
550	62.331991
551	56.044218
552	21.437198
553	21.990562
554	69.725702
555	71.271852
556	22.750072
557	67.784701
558	59.755047
559	13.190937
560	3.648572
561	67.254562
562	76.024310
563	15.041183
564	44.165661
565	79.452192
566	98.672174
567	65.050488
568	75.403395
569	97.495455
570	71.833845
571	87.782367
572	99.983050
573	47.459096
574	26.793445
575	2.004880
576	8.176536
577	59.546811
578	29.895117
579	70.081511
580	14.081563
581	6.539563
582	47.570229
583	4.712385
584	8.324638
585	14.945235
586	62.755303
587	15.449488
588	63.162147
589	96.090845
590	64.225626
591	39.848228
592	55.376151
593	85.383926
594	1.363740
595	14.640394
596	4.208776
597	22.113328
598	75.545189
599	92.629825
600	73.736974
601	90.109398
602	67.685115
603	68.050125
604	57.853515
605	81.925953
606	74.700576
607	35.997876
608	83.359606
609	76.186566
610	55.071602
611	15.417736
612	35.142827
613	80.956464
614	44.179992
615	61.882422
616	52.950355
617	77.135698
618	62.319682
619	66.704061
620	28.930057
621	48.125660
622	8.385080
623	69.076328
624	75.350039
625	71.141446
626	0.097455
627	33.979081
628	47.317170
629	81.022717
630	54.212800
631	78.034197
632	81.402616
633	22.255433
634	87.199895
635	51.076939
636	86.148877
637	43.764254
638	13.846046
639	60.166743
640	96.859307
641	16.780661
642	16.697541
643	58.450828
644	18.652495
645	86.711883
646	0.840643
647	8.436039
648	3.528811
649	77.808016
650	77.449073
651	93.943238
652	20.029864
653	3.690103
654	51.126087
655	21.047804
656	84.729745
657	33.526094
658	75.831666
659	5.966322
660	56.878330
661	66.139037
662	28.671032
663	30.765334
664	81.759388
665	83.650721
666	79.451115
667	53.370308
668	17.045645
669	47.641070
670	24.522681
671	46.889950
672	3.050278
673	43.865475
674	33.291538
675	31.909472
676	69.632254
677	81.134470
678	81.212519
679	4.866393
680	41.045418
681	63.217195
682	3.472670
683	43.236049
684	49.518318
685	75.522500
686	89.673825
687	25.037714
688	73.823047
689	29.752734
690	54.039737
691	52.944218
692	67.815322
693	65.550360
694	48.164649
695	92.126628
696	34.496559
697	23.971020
698	93.308119
699	64.632416
700	35.877266
701	14.697833
702	1.109278
703	69.759367
704	95.767190
705	93.332525
706	95.961233
707	29.384767
708	14.486465
709	23.145712
710	59.652653
711	70.869314
712	88.360933
713	9.174281
714	67.400691
715	90.349476
716	5.925942
717	51.639023
718	80.313082
719	13.901723
720	70.120256
721	52.656552
722	19.577955
723	87.946224
724	2.183194
725	67.742385
726	27.509666
727	43.191821
728	94.062067
729	13.730256
730	63.909128
731	71.235859
732	8.852671
733	54.331612
734	41.826317
735	18.468743
736	57.705590
737	17.354798
738	6.111074
739	65.919684
740	0.722974
741	7.732121
742	14.571862
743	0.973264
744	61.613650
745	13.009901
746	93.536169
747	6.269598
748	60.607514
749	1.037806
750	79.804620
751	66.149462
752	91.361031
753	68.046955
754	60.437134
755	97.751521
756	43.693232
757	1.204084
758	5.015951
759	36.183452
760	3.087482
761	12.197426
762	14.794014
763	99.720859
764	15.742503
765	19.445903
766	83.504133
767	56.551023
768	40.995714
769	69.068494
770	2.461196
771	65.402738
772	36.430390
773	29.699981
774	44.883793
775	54.769227
776	46.292748
777	62.474948
778	70.574320
779	51.434613
780	28.419819
781	3.857415
782	87.345510
783	5.932966
784	30.381798
785	42.309331
786	5.055991
787	55.667060
788	59.458646
789	60.822757
790	40.952803
791	45.082559
792	82.102235
793	9.392568
794	89.370449
795	12.907590
796	55.796531
797	28.897354
798	85.769283
799	47.484993
800	86.812323
801	32.486550
802	63.853761
803	92.544674
804	66.581980
805	63.735501
806	23.123157
807	97.151938
808	24.810010
809	35.112884
810	12.342129
811	44.799610
812	9.305164
813	52.426755
814	28.781112
815	44.715459
816	81.509504
817	42.311423
818	80.770667
819	80.581987
820	35.419694
821	7.907295
822	45.134528
823	2.809868
824	48.845437
825	92.587916
826	81.704568
827	51.457464
828	22.161033
829	14.557846
830	36.172216
831	26.876029
832	94.181514
833	40.064023
834	67.480018
835	43.723455
836	28.654025
837	7.619589
838	84.676050
839	96.367020
840	70.927362
841	8.143460
842	51.355949
843	79.710878
844	38.220485
845	89.142574
846	48.126705
847	38.965177
848	4.708078
849	12.884797
850	14.424852
851	62.062413
852	93.729616
853	59.909060
854	46.223103
855	94.180683
856	74.591757
857	83.454078
858	63.475277
859	47.698378
860	61.485891
861	22.733183
862	70.113903
863	98.695079
864	46.068056
865	23.512393
866	59.340218
867	44.329485
868	9.464853
869	30.640969
870	8.536410
871	91.243993
872	7.616599
873	84.883780
874	81.321877
875	18.054024
876	14.826013
877	12.993706
878	17.263217
879	72.455148
880	85.608923
881	3.431237
882	94.331789
883	12.290713
884	93.690329
885	43.606416
886	17.206386
887	37.167209
888	45.375232
889	71.967913
890	21.493063
891	54.630776
892	25.428481
893	37.683663
894	56.513967
895	28.991527
896	49.525781
897	44.145396
898	98.818407
899	18.176442
900	87.764814
901	22.649295
902	51.829838
903	47.804360
904	28.315862
905	81.021101
906	48.368736
907	16.593920
908	77.796512
909	26.507334
910	68.925240
911	96.519268
912	62.400087
913	7.186606
914	63.900134
915	98.209208
916	78.797380
917	55.222496
918	85.108121
919	48.612631
920	22.160448
921	31.516772
922	55.280744
923	83.261168
924	45.783674
925	99.907629
926	73.726329
927	57.873277
928	45.901307
929	24.115495
930	28.565919
931	75.512566
932	18.746315
933	90.736145
934	49.532428
935	12.832281
936	17.569623
937	47.397011
938	71.793944
939	41.560606
940	57.002307
941	23.906445
942	6.319491
943	26.393395
944	96.503993
945	0.936258
946	37.253049
947	30.766545
948	5.331696
949	29.741509
950	47.961690
951	18.428840
952	51.581276
953	92.935261
954	7.487477
955	82.795133
956	51.468346
957	12.441315
958	85.158149
959	75.779098
960	48.295918
961	5.058854
962	37.436594
963	20.826345
964	45.280932
965	7.081980
966	24.125676
967	79.183434
968	9.934244
969	78.555621
970	70.133588
971	96.859021
972	7.762219
973	53.342569
974	69.175066
975	87.366353
976	8.081773
977	25.610879
978	4.210739
979	18.336956
980	90.080651
981	68.556496
982	75.419230
983	29.161632
984	86.195727
985	49.772198
986	99.723306
987	75.224182
988	49.448537
989	68.072797
990	56.153827
991	64.606310
992	95.795064
993	92.854668
994	26.831663
995	94.293057
996	92.987494
997	22.299959
998	3.106615
999	24.569817
1000	55.951812
;

param: c :=
1	30.093833
2	58.703088
3	59.047989
4	45.492355
5	97.048612
6	54.282605
7	52.132626
8	57.321358
9	15.283689
10	93.810991
11	20.126978
12	30.476245
13	7.554778
14	61.381559
15	81.409289
16	84.351018
17	8.182296
18	23.963970
19	27.284969
20	92.495306
21	79.476998
22	29.245918
23	14.478250
24	5.341948
25	22.710131
26	25.264228
27	20.023752
28	41.438981
29	74.923178
30	49.563779
31	62.541836
32	68.151593
33	84.294053
34	45.295957
35	59.992301
36	60.928816
37	0.904188
38	73.494477
39	57.280496
40	57.064602
41	95.970637
42	78.503147
43	35.321250
44	20.878675
45	85.163610
46	5.673188
47	18.111956
48	78.630424
49	14.134422
50	42.433599
51	15.204363
52	84.407275
53	82.820579
54	37.901738
55	72.824739
56	75.289079
57	38.231451
58	30.834536
59	21.115819
60	25.750788
61	87.653329
62	43.838453
63	70.194069
64	24.414592
65	2.328043
66	98.461946
67	80.431190
68	96.109864
69	86.668463
70	48.061208
71	58.317494
72	10.291153
73	66.958508
74	24.215122
75	52.518045
76	83.641785
77	85.303584
78	22.576254
79	46.169408
80	53.049722
81	80.351716
82	15.791694
83	40.353260
84	72.968686
85	31.667118
86	60.851812
87	0.180416
88	97.737401
89	11.653850
90	26.772628
91	38.135759
92	94.997651
93	94.195282
94	14.347466
95	99.272798
96	86.976628
97	35.922092
98	71.902722
99	78.024346
100	98.480894
101	79.627345
102	66.348418
103	38.999178
104	72.147790
105	45.162257
106	22.007244
107	17.648635
108	19.234302
109	77.603367
110	75.170595
111	26.793525
112	8.815765
113	9.178047
114	75.319730
115	1.769719
116	32.012565
117	84.927326
118	3.614400
119	73.753807
120	28.903179
121	72.448772
122	76.505046
123	8.602403
124	60.674503
125	59.567967
126	71.837437
127	93.018813
128	48.854548
129	66.046845
130	78.205020
131	8.419457
132	17.815739
133	86.909167
134	68.849681
135	37.582827
136	19.356177
137	24.463664
138	44.096396
139	39.874948
140	56.239790
141	98.085565
142	41.151105
143	43.994788
144	46.141779
145	27.867850
146	0.792323
147	21.777490
148	81.908258
149	91.615430
150	23.605146
151	51.267357
152	94.147838
153	20.648391
154	54.259197
155	69.465318
156	9.731588
157	14.882681
158	19.849112
159	18.884536
160	60.556165
161	10.837379
162	56.677126
163	43.724222
164	2.741274
165	70.679403
166	83.794567
167	87.816114
168	45.250479
169	30.735801
170	85.490100
171	19.356942
172	36.950416
173	82.819044
174	36.511462
175	5.558398
176	55.560403
177	4.689159
178	8.183404
179	53.226209
180	20.137240
181	72.136168
182	40.729883
183	69.527571
184	67.371284
185	3.186954
186	94.005132
187	25.791228
188	46.547825
189	52.337099
190	71.770973
191	95.658869
192	66.161942
193	45.069068
194	70.089592
195	1.508767
196	96.125453
197	52.426073
198	64.114518
199	89.695934
200	42.927720
201	7.689083
202	21.186328
203	46.276839
204	49.429734
205	50.637862
206	97.753167
207	3.917765
208	77.509456
209	25.009251
210	25.205977
211	49.603484
212	92.773762
213	33.763767
214	46.342306
215	85.665511
216	55.882199
217	12.542363
218	90.675932
219	39.213279
220	48.337096
221	18.813020
222	91.629930
223	68.856478
224	91.310501
225	88.300145
226	92.563738
227	15.213879
228	10.739252
229	30.154352
230	25.771280
231	51.329022
232	90.462335
233	30.143811
234	54.489652
235	74.111117
236	78.760323
237	59.567081
238	48.386008
239	75.733579
240	12.957401
241	78.007301
242	48.557080
243	5.143148
244	62.217793
245	45.046463
246	83.457754
247	69.216145
248	92.931414
249	57.971804
250	49.050229
251	8.914288
252	66.541684
253	30.699478
254	85.096040
255	46.718310
256	9.372434
257	78.607764
258	32.415651
259	81.971896
260	87.551262
261	76.341394
262	48.640136
263	56.856294
264	97.918815
265	28.877029
266	46.543056
267	12.018817
268	59.791972
269	23.498203
270	23.991896
271	19.109096
272	0.959059
273	54.690433
274	38.674491
275	66.471619
276	82.978223
277	29.217333
278	0.032388
279	4.170394
280	52.078521
281	21.494641
282	23.948150
283	70.937779
284	62.630714
285	59.926155
286	91.270196
287	86.227575
288	31.284618
289	46.050168
290	34.026891
291	73.686719
292	56.397105
293	42.690404
294	94.367198
295	5.194545
296	82.679420
297	84.314666
298	86.978590
299	67.255968
300	20.936267
301	80.845594
302	88.451898
303	18.002505
304	17.366723
305	30.685245
306	32.819093
307	8.460780
308	90.556638
309	50.476554
310	76.463995
311	67.540635
312	95.084652
313	58.519704
314	6.801850
315	42.278757
316	61.241574
317	37.288430
318	64.252531
319	94.324829
320	1.065761
321	43.661128
322	54.403565
323	51.176624
324	30.262575
325	10.636174
326	70.232340
327	18.575391
328	11.673428
329	81.724440
330	44.291336
331	9.755466
332	85.507055
333	91.252910
334	97.225313
335	67.768560
336	36.188412
337	89.979481
338	50.866889
339	26.684080
340	60.868265
341	41.962573
342	88.973481
343	16.252393
344	30.201666
345	73.208014
346	69.130146
347	10.990207
348	53.680568
349	24.137602
350	0.079847
351	90.342740
352	52.227465
353	24.864808
354	96.982961
355	82.308478
356	85.165785
357	38.911644
358	67.323174
359	94.203644
360	36.724442
361	4.341390
362	9.561927
363	34.173122
364	73.136924
365	62.482784
366	62.881592
367	65.258360
368	47.626863
369	61.284355
370	34.310295
371	15.976607
372	39.949768
373	19.319906
374	68.343906
375	44.252868
376	1.527846
377	9.580450
378	39.208472
379	49.499408
380	59.758693
381	74.022164
382	87.983454
383	4.801972
384	86.409237
385	32.617507
386	79.752337
387	60.791591
388	91.586956
389	24.825560
390	42.814755
391	48.363616
392	8.710170
393	14.257682
394	51.409243
395	25.722318
396	58.685106
397	70.464816
398	68.141988
399	46.891736
400	79.257977
401	31.675472
402	44.042357
403	61.893114
404	86.238991
405	8.261196
406	18.144328
407	79.271735
408	42.743123
409	9.155690
410	1.307007
411	52.677322
412	48.831493
413	26.886325
414	6.578294
415	51.811187
416	82.685013
417	63.304036
418	60.443794
419	28.380223
420	28.645734
421	51.405787
422	55.413758
423	2.946874
424	42.475147
425	67.500645
426	65.319785
427	75.952839
428	40.250061
429	3.915776
430	16.433542
431	36.461375
432	89.868099
433	41.207790
434	81.982353
435	32.940076
436	65.453662
437	32.081297
438	31.882746
439	17.102585
440	70.341680
441	40.479012
442	99.270550
443	66.041264
444	76.940519
445	15.595824
446	83.305134
447	55.050220
448	95.308640
449	73.412297
450	40.189675
451	13.574425
452	95.033605
453	25.290955
454	35.442030
455	9.112599
456	99.541121
457	52.525896
458	63.992935
459	24.188978
460	6.860793
461	83.424452
462	4.921987
463	43.240265
464	90.209975
465	24.701843
466	22.599790
467	53.818673
468	36.650100
469	69.310404
470	58.160676
471	43.157780
472	81.784179
473	15.244407
474	39.320256
475	52.428002
476	30.292056
477	20.227283
478	21.790817
479	54.388544
480	71.653841
481	21.453030
482	11.116268
483	19.630834
484	13.993164
485	56.615606
486	13.919555
487	82.078286
488	29.550715
489	36.637920
490	62.985020
491	43.519763
492	61.970912
493	9.254244
494	63.622951
495	18.153657
496	79.863829
497	39.378161
498	69.975464
499	3.710520
500	28.934552
501	22.160932
502	48.172656
503	16.412118
504	54.323302
505	94.238274
506	64.988657
507	21.282712
508	49.906602
509	96.903281
510	13.425339
511	53.498354
512	8.525421
513	40.405735
514	8.877132
515	69.795424
516	28.614943
517	78.929602
518	90.191775
519	50.600713
520	64.608187
521	4.738480
522	23.022541
523	42.682915
524	24.559210
525	23.920606
526	13.824123
527	1.812264
528	35.316822
529	50.566703
530	15.283499
531	28.624825
532	48.527252
533	6.100117
534	37.849955
535	27.024580
536	90.337074
537	78.468180
538	44.327816
539	52.488414
540	27.069042
541	64.837846
542	48.070061
543	47.134861
544	0.053078
545	91.924352
546	69.069949
547	80.359870
548	41.322068
549	35.136324
550	63.651787
551	63.243641
552	2.582265
553	81.641300
554	75.465529
555	69.291129
556	47.846552
557	65.236662
558	48.984089
559	44.731323
560	30.514040
561	79.084429
562	26.365413
563	43.755874
564	40.635511
565	3.310004
566	23.907400
567	31.956844
568	80.804032
569	2.890119
570	42.455636
571	71.572892
572	94.562135
573	59.645920
574	33.666896
575	86.226498
576	74.369804
577	20.364997
578	95.414568
579	93.093333
580	88.096216
581	61.316116
582	39.122051
583	34.089149
584	72.670899
585	89.223243
586	78.682718
587	54.318596
588	26.073473
589	6.096412
590	96.485162
591	4.106096
592	14.002000
593	9.447867
594	47.856145
595	21.840747
596	13.570979
597	65.600096
598	82.339616
599	8.319085
600	10.093194
601	2.401953
602	49.654758
603	96.284877
604	50.433250
605	81.332132
606	41.448789
607	5.679201
608	61.366835
609	16.728016
610	75.046803
611	42.585512
612	71.805806
613	71.295482
614	95.928371
615	21.146498
616	48.777285
617	10.417418
618	57.359766
619	95.022263
620	3.938863
621	17.156517
622	62.410293
623	98.907368
624	83.418366
625	21.382553
626	64.024358
627	51.742513
628	12.409455
629	76.032983
630	24.200149
631	3.838320
632	70.638080
633	0.461984
634	6.027573
635	91.835355
636	38.378231
637	44.733106
638	25.428063
639	39.058458
640	73.364083
641	64.832060
642	91.946748
643	25.347408
644	47.210299
645	64.731048
646	75.944138
647	21.417738
648	1.145656
649	49.355362
650	99.839275
651	58.961874
652	97.855663
653	52.725222
654	61.750234
655	48.096460
656	6.573096
657	8.602898
658	22.690587
659	93.512612
660	81.002886
661	16.245128
662	52.878912
663	91.319640
664	44.381960
665	91.199291
666	60.234043
667	59.074420
668	81.429132
669	99.753226
670	5.541927
671	24.844352
672	54.058146
673	58.499563
674	32.587615
675	61.035107
676	86.974471
677	29.207685
678	66.158936
679	13.512103
680	44.225881
681	65.641685
682	34.178182
683	74.966714
684	77.461022
685	12.257573
686	46.355673
687	14.532707
688	47.165408
689	32.127042
690	24.974653
691	33.796545
692	3.237795
693	60.270832
694	85.102978
695	91.174199
696	62.130729
697	93.277344
698	36.409748
699	44.320952
700	81.883079
701	79.132871
702	55.315406
703	16.685486
704	17.268805
705	70.478714
706	61.123489
707	51.362927
708	64.972789
709	33.600425
710	7.838777
711	74.674838
712	7.190896
713	3.825922
714	50.923349
715	18.043583
716	24.374870
717	51.625173
718	24.163746
719	50.531913
720	76.521331
721	93.131954
722	6.947325
723	9.170926
724	48.651326
725	86.130649
726	40.293464
727	18.058363
728	52.232561
729	64.237331
730	55.241807
731	0.788997
732	39.286396
733	23.817112
734	84.601575
735	81.583644
736	1.313261
737	10.168351
738	39.808852
739	71.698355
740	30.492571
741	27.895998
742	90.567726
743	21.810725
744	42.233208
745	88.764812
746	57.984132
747	48.107728
748	0.771063
749	28.194170
750	2.320026
751	85.390280
752	90.983937
753	5.554266
754	23.961853
755	33.012529
756	4.593856
757	16.392204
758	6.495079
759	73.698475
760	76.087857
761	93.363534
762	35.267586
763	92.037028
764	67.101324
765	56.749863
766	33.867398
767	56.716225
768	12.420147
769	63.463198
770	86.713529
771	35.573254
772	95.358189
773	41.469856
774	93.538640
775	97.510453
776	52.520543
777	4.345380
778	62.935141
779	0.494870
780	92.911620
781	34.705182
782	70.894340
783	5.015466
784	80.728435
785	93.374035
786	60.052980
787	55.489842
788	61.876602
789	2.676684
790	5.386916
791	77.717492
792	2.156745
793	72.082776
794	43.545331
795	1.178981
796	63.292978
797	94.438324
798	51.699963
799	64.565485
800	46.134456
801	8.210382
802	31.248814
803	74.322132
804	54.732586
805	7.762795
806	90.746278
807	47.807209
808	48.675361
809	11.198219
810	76.737767
811	71.697452
812	42.393754
813	17.118361
814	71.496217
815	18.402302
816	25.479857
817	61.203223
818	96.394950
819	99.575107
820	14.884720
821	30.750474
822	90.764781
823	92.741807
824	88.719795
825	52.294998
826	61.487343
827	7.369395
828	13.168432
829	94.338959
830	31.774899
831	4.986674
832	44.023851
833	98.922304
834	40.497887
835	89.427316
836	36.236293
837	46.537936
838	57.584011
839	17.281740
840	14.702383
841	94.775455
842	63.163423
843	63.107216
844	18.008655
845	87.468574
846	64.041090
847	32.386645
848	69.320296
849	15.494782
850	80.468548
851	87.661150
852	22.697229
853	82.088117
854	74.485684
855	89.167365
856	96.520674
857	3.490212
858	36.222371
859	68.200306
860	73.248540
861	25.039334
862	23.089310
863	65.451957
864	44.870754
865	94.524398
866	46.431712
867	94.536996
868	53.141863
869	11.815761
870	44.716345
871	76.215885
872	71.946518
873	46.744460
874	96.678331
875	78.086706
876	27.182134
877	44.151999
878	6.677068
879	9.740415
880	92.064352
881	86.577230
882	39.872025
883	28.776836
884	85.655442
885	94.850294
886	85.051843
887	14.269846
888	49.095792
889	90.071032
890	2.590272
891	99.613852
892	92.089654
893	60.252810
894	23.211174
895	7.669763
896	44.140347
897	48.275256
898	89.409589
899	20.610685
900	91.888519
901	80.868946
902	63.237601
903	15.135212
904	46.384402
905	61.740482
906	41.533917
907	92.675832
908	3.683890
909	73.257449
910	59.980533
911	18.472251
912	94.810112
913	67.997559
914	59.263399
915	60.032720
916	56.943366
917	42.524492
918	82.907638
919	6.069997
920	70.025246
921	43.905158
922	68.288089
923	62.181164
924	81.236056
925	78.172286
926	24.376914
927	52.043384
928	76.737373
929	18.029127
930	26.716975
931	94.069901
932	35.428338
933	30.942237
934	50.615475
935	83.470105
936	87.275405
937	88.475307
938	0.592243
939	83.193370
940	99.091370
941	98.970829
942	44.888628
943	44.836884
944	73.694917
945	23.670254
946	62.542006
947	99.682506
948	79.002122
949	76.680810
950	72.572178
951	76.173003
952	5.027400
953	54.668387
954	45.918339
955	9.119125
956	52.035700
957	22.173885
958	42.374672
959	22.348118
960	63.752542
961	37.444189
962	29.413764
963	7.637398
964	9.429942
965	16.035668
966	76.322799
967	38.037630
968	68.869312
969	24.314489
970	79.169248
971	18.021035
972	82.175613
973	22.998928
974	31.692858
975	93.127498
976	29.202734
977	62.957017
978	68.834584
979	79.924022
980	40.704040
981	0.747963
982	36.133760
983	7.215171
984	91.535194
985	7.715250
986	75.501855
987	1.655295
988	99.046828
989	67.630013
990	19.457297
991	43.048145
992	62.370285
993	90.967511
994	31.934632
995	60.745502
996	38.313175
997	4.083467
998	34.645863
999	99.932486
1000	48.525860
;

param: d :=
1	-4.300027
2	-16.827545
3	-31.382922
4	-62.302300
5	-53.593597
6	-32.609851
7	-33.512731
8	-56.039433
9	-44.751271
10	-96.160353
11	-8.231646
12	-19.809705
13	-11.180529
14	-29.526009
15	-61.851738
16	-92.790872
17	-95.396747
18	-7.087962
19	-70.824357
20	-28.262472
21	-8.057887
22	-14.248524
23	-62.236584
24	-67.860556
25	-56.671845
26	-66.376207
27	-82.456507
28	-17.979965
29	-31.533391
30	-44.903871
31	-34.614843
32	-29.257983
33	-86.403004
34	-38.168236
35	-75.085439
36	-41.079349
37	-67.747821
38	-16.476749
39	-2.074034
40	-71.071542
41	-34.551950
42	-58.813814
43	-90.827792
44	-24.203440
45	-73.368845
46	-67.078298
47	-18.205662
48	-99.550494
49	-52.322753
50	-21.838195
51	-64.335675
52	-91.768009
53	-58.288654
54	-34.723495
55	-44.725947
56	-66.851929
57	-83.730668
58	-3.217654
59	-41.901757
60	-65.132413
61	-37.317261
62	-11.747844
63	-27.211108
64	-79.658283
65	-27.409463
66	-9.828087
67	-3.863896
68	-44.449086
69	-47.150784
70	-83.330488
71	-67.664442
72	-89.502937
73	-4.853684
74	-94.218975
75	-91.765078
76	-36.523501
77	-95.342609
78	-63.670495
79	-23.536642
80	-14.499529
81	-32.022544
82	-94.721111
83	-81.745367
84	-11.250914
85	-53.672334
86	-69.092214
87	-66.880929
88	-68.726037
89	-15.040093
90	-59.101286
91	-60.937765
92	-26.295136
93	-11.708446
94	-93.722663
95	-13.963621
96	-91.474930
97	-35.005789
98	-81.695620
99	-86.073911
100	-48.036897
101	-67.198522
102	-97.552136
103	-2.864369
104	-34.115677
105	-98.275736
106	-61.649777
107	-69.622049
108	-3.620935
109	-18.687529
110	-55.948316
111	-40.920407
112	-51.658013
113	-82.232596
114	-66.907270
115	-98.779853
116	-68.331450
117	-0.015515
118	-36.781044
119	-49.908408
120	-21.455920
121	-25.149987
122	-38.820170
123	-21.391904
124	-83.117718
125	-90.910476
126	-30.423726
127	-58.671041
128	-27.095134
129	-79.526532
130	-38.923377
131	-65.996770
132	-11.855689
133	-98.307495
134	-46.729705
135	-33.427419
136	-39.018421
137	-21.600736
138	-52.218733
139	-24.741838
140	-92.921914
141	-35.180193
142	-96.943431
143	-6.333906
144	-42.488745
145	-31.132823
146	-57.744895
147	-68.177908
148	-62.895001
149	-65.519008
150	-10.807149
151	-77.114113
152	-26.821907
153	-69.901005
154	-63.131459
155	-35.546320
156	-6.956013
157	-33.593948
158	-3.917225
159	-8.346190
160	-88.119555
161	-6.820629
162	-17.595295
163	-31.742590
164	-25.478755
165	-66.404274
166	-34.261157
167	-21.885420
168	-6.334384
169	-55.363100
170	-2.573474
171	-77.555375
172	-59.668016
173	-72.136051
174	-89.298209
175	-99.560335
176	-93.653748
177	-51.252377
178	-12.626984
179	-15.631404
180	-24.538563
181	-15.786307
182	-16.052060
183	-62.029515
184	-41.732924
185	-33.785484
186	-21.391006
187	-73.337001
188	-87.873924
189	-72.508507
190	-18.205373
191	-49.275970
192	-66.150776
193	-27.420904
194	-66.905126
195	-38.574832
196	-43.342372
197	-72.373438
198	-20.414535
199	-3.011635
200	-25.175420
201	-99.462148
202	-77.635176
203	-68.744461
204	-34.689909
205	-59.554453
206	-7.481988
207	-77.927462
208	-29.558090
209	-34.131569
210	-43.601935
211	-99.891634
212	-38.425595
213	-83.303357
214	-96.641828
215	-57.971711
216	-8.601597
217	-62.140222
218	-47.090650
219	-33.343632
220	-16.414018
221	-29.603258
222	-36.486586
223	-90.433022
224	-99.490316
225	-6.220800
226	-80.977889
227	-92.759986
228	-50.522880
229	-92.416699
230	-88.905662
231	-63.316658
232	-56.048586
233	-79.714928
234	-84.966853
235	-36.971353
236	-44.048890
237	-51.983918
238	-90.531126
239	-95.079712
240	-30.158347
241	-85.322100
242	-81.889106
243	-97.969017
244	-5.453194
245	-18.693457
246	-7.170997
247	-14.287615
248	-16.482179
249	-1.116598
250	-16.996367
251	-75.396911
252	-33.384387
253	-97.741974
254	-28.295423
255	-13.758306
256	-76.218754
257	-42.122273
258	-84.967411
259	-39.581178
260	-72.898981
261	-44.993841
262	-49.957938
263	-82.720934
264	-82.787095
265	-12.458090
266	-33.239213
267	-66.218988
268	-97.728444
269	-29.833312
270	-21.699753
271	-66.328516
272	-26.996778
273	-30.374215
274	-55.462800
275	-13.334605
276	-51.314560
277	-25.735834
278	-98.411437
279	-65.635382
280	-92.931263
281	-55.921099
282	-67.512854
283	-1.487443
284	-41.878453
285	-59.471337
286	-59.174009
287	-23.588116
288	-32.922951
289	-80.319718
290	-29.412736
291	-5.316331
292	-62.882735
293	-41.383675
294	-63.512805
295	-1.174681
296	-25.893734
297	-7.742873
298	-11.814033
299	-46.073875
300	-69.930441
301	-5.046916
302	-31.565006
303	-49.864302
304	-91.471455
305	-40.155848
306	-29.187445
307	-90.719416
308	-21.417293
309	-82.302132
310	-52.894195
311	-22.740233
312	-25.949881
313	-70.838497
314	-95.399480
315	-79.250445
316	-86.717813
317	-23.441423
318	-68.088778
319	-79.279156
320	-87.107629
321	-58.780464
322	-73.103547
323	-10.713563
324	-47.454370
325	-83.572875
326	-6.524616
327	-46.741286
328	-23.106115
329	-45.830034
330	-75.540013
331	-87.048261
332	-84.544580
333	-60.507536
334	-63.437962
335	-75.240202
336	-69.761776
337	-59.047426
338	-61.524055
339	-59.043454
340	-97.778887
341	-32.486507
342	-28.123669
343	-77.629840
344	-87.375191
345	-41.483179
346	-67.038239
347	-86.500087
348	-30.020042
349	-46.368435
350	-1.634719
351	-12.897143
352	-37.242123
353	-71.048593
354	-21.234437
355	-57.815273
356	-92.870878
357	-96.477181
358	-20.146048
359	-15.653904
360	-61.018266
361	-1.029239
362	-40.716525
363	-42.812806
364	-90.376883
365	-72.751005
366	-74.026216
367	-44.580364
368	-25.966128
369	-5.050857
370	-89.592346
371	-38.539288
372	-67.691301
373	-86.562370
374	-91.446403
375	-81.550938
376	-71.940223
377	-35.623345
378	-79.767781
379	-64.787784
380	-43.350105
381	-44.044992
382	-60.171230
383	-36.308651
384	-67.491139
385	-97.978893
386	-25.774682
387	-41.532953
388	-18.961292
389	-25.846805
390	-36.159730
391	-60.361720
392	-88.270659
393	-83.521249
394	-52.272896
395	-87.168456
396	-32.621971
397	-92.988832
398	-2.441938
399	-89.270107
400	-47.057749
401	-4.446993
402	-18.407900
403	-31.389980
404	-55.927816
405	-16.151760
406	-42.756855
407	-35.583056
408	-22.906129
409	-7.869453
410	-57.354499
411	-35.415823
412	-77.904061
413	-33.573273
414	-7.743711
415	-15.349978
416	-3.032711
417	-52.504737
418	-24.414226
419	-12.857390
420	-45.787127
421	-42.970968
422	-51.284930
423	-97.580175
424	-18.734885
425	-55.601818
426	-74.686129
427	-54.362362
428	-54.276176
429	-7.146462
430	-62.580803
431	-11.305934
432	-69.554830
433	-87.933427
434	-30.981400
435	-53.719106
436	-63.366945
437	-3.144989
438	-80.215266
439	-16.233389
440	-30.600405
441	-48.617781
442	-42.288524
443	-90.004013
444	-55.555447
445	-13.531331
446	-46.097455
447	-94.662105
448	-87.633624
449	-30.435308
450	-34.687060
451	-84.517145
452	-32.350456
453	-6.630669
454	-55.673497
455	-35.838488
456	-50.420672
457	-60.313402
458	-31.292806
459	-57.769844
460	-2.522672
461	-65.195075
462	-99.619804
463	-24.705244
464	-27.817586
465	-93.920496
466	-68.041728
467	-58.401236
468	-88.871284
469	-26.335730
470	-74.300654
471	-99.461942
472	-2.890659
473	-98.805017
474	-55.649970
475	-48.551305
476	-80.218991
477	-72.514000
478	-84.319162
479	-5.370967
480	-9.408783
481	-57.387731
482	-99.816607
483	-56.019038
484	-62.423068
485	-32.513401
486	-7.478423
487	-17.948422
488	-82.627243
489	-26.804841
490	-37.371303
491	-86.840914
492	-30.970091
493	-46.602025
494	-35.876928
495	-47.612821
496	-33.753924
497	-50.058202
498	-55.437576
499	-94.221893
500	-20.986493
501	-75.884570
502	-7.092683
503	-48.797775
504	-77.663776
505	-67.884116
506	-7.547087
507	-8.376876
508	-83.394688
509	-40.058717
510	-99.502267
511	-13.980226
512	-56.874795
513	-43.671920
514	-87.157547
515	-96.645658
516	-37.147635
517	-83.248436
518	-51.525997
519	-27.411441
520	-36.311635
521	-24.230341
522	-50.333676
523	-48.021352
524	-26.471670
525	-86.826760
526	-71.623757
527	-33.070535
528	-1.671426
529	-33.951213
530	-95.202988
531	-20.394661
532	-79.251340
533	-17.987645
534	-48.462925
535	-73.936173
536	-34.335652
537	-58.124429
538	-92.461789
539	-77.822429
540	-59.792520
541	-90.259416
542	-3.873347
543	-62.363118
544	-7.582902
545	-77.909739
546	-11.255950
547	-76.157306
548	-29.801638
549	-85.757291
550	-13.557629
551	-40.237810
552	-37.014286
553	-52.402599
554	-95.835996
555	-63.639221
556	-0.053137
557	-34.160718
558	-54.046594
559	-59.193364
560	-33.969892
561	-60.270766
562	-87.554458
563	-99.205481
564	-79.713145
565	-91.892405
566	-5.387617
567	-89.195595
568	-38.062402
569	-99.468921
570	-75.593905
571	-64.115293
572	-84.260880
573	-8.778740
574	-54.770326
575	-75.594048
576	-73.027892
577	-61.936603
578	-89.182906
579	-50.344080
580	-14.976270
581	-36.946244
582	-61.778120
583	-7.930321
584	-75.064765
585	-88.601531
586	-61.377771
587	-0.689928
588	-75.613837
589	-65.295041
590	-78.456908
591	-95.149863
592	-52.610029
593	-83.900371
594	-85.975416
595	-44.663417
596	-93.513567
597	-93.162064
598	-69.151208
599	-14.214137
600	-59.130773
601	-42.316156
602	-34.681715
603	-58.993278
604	-94.412043
605	-18.312506
606	-99.845221
607	-68.387700
608	-99.220060
609	-68.176739
610	-57.950673
611	-54.918759
612	-48.253884
613	-6.945190
614	-73.655962
615	-38.665722
616	-86.613411
617	-47.977645
618	-20.671547
619	-36.047145
620	-96.480602
621	-29.954706
622	-40.360516
623	-32.172608
624	-21.515926
625	-7.493572
626	-14.919714
627	-63.545030
628	-76.387257
629	-66.911507
630	-19.449968
631	-99.738807
632	-97.043021
633	-74.002555
634	-83.104186
635	-10.982790
636	-35.114387
637	-25.086575
638	-14.088189
639	-7.627051
640	-96.203566
641	-23.987924
642	-12.624277
643	-96.621236
644	-5.199082
645	-96.928218
646	-75.740681
647	-45.468680
648	-80.837642
649	-91.923781
650	-70.070086
651	-30.865372
652	-86.009157
653	-76.089522
654	-61.681006
655	-97.989870
656	-70.877486
657	-62.215039
658	-96.526418
659	-80.295008
660	-86.515732
661	-0.612208
662	-48.057753
663	-23.858531
664	-83.329050
665	-72.282919
666	-97.921023
667	-28.323505
668	-19.897501
669	-69.457682
670	-87.314519
671	-18.025812
672	-11.565892
673	-93.932049
674	-7.313205
675	-98.671267
676	-9.640426
677	-46.987546
678	-42.127138
679	-70.212245
680	-38.358313
681	-81.344976
682	-84.932054
683	-54.296398
684	-95.765692
685	-39.380247
686	-32.582204
687	-54.270428
688	-86.743183
689	-84.035635
690	-94.163433
691	-55.376594
692	-14.537527
693	-30.913986
694	-48.871023
695	-93.878986
696	-8.394813
697	-45.798681
698	-89.920891
699	-68.086303
700	-59.296139
701	-65.521256
702	-50.645407
703	-11.074124
704	-78.310340
705	-59.639651
706	-13.919778
707	-72.737398
708	-72.502820
709	-25.627259
710	-25.170084
711	-15.836211
712	-38.955450
713	-4.781083
714	-67.337778
715	-51.635169
716	-62.046052
717	-19.607979
718	-29.954267
719	-97.569177
720	-62.107855
721	-10.537215
722	-17.770959
723	-60.671643
724	-30.862516
725	-59.459130
726	-28.227380
727	-63.792104
728	-73.972928
729	-81.064610
730	-18.773098
731	-86.398617
732	-88.744331
733	-77.253429
734	-91.295720
735	-74.869986
736	-10.115935
737	-64.851131
738	-38.768523
739	-55.748744
740	-53.160562
741	-20.070396
742	-33.386609
743	-60.331431
744	-7.424242
745	-68.701694
746	-92.076362
747	-4.692616
748	-28.462411
749	-72.962286
750	-93.450489
751	-86.070035
752	-99.364431
753	-20.532729
754	-7.475469
755	-20.623071
756	-23.961069
757	-37.635486
758	-95.176092
759	-88.665986
760	-38.985333
761	-58.924891
762	-77.253375
763	-98.097468
764	-86.333845
765	-53.548681
766	-51.511557
767	-77.157055
768	-16.441834
769	-4.709880
770	-7.350106
771	-35.970197
772	-99.779430
773	-3.406786
774	-48.483864
775	-79.255823
776	-44.804992
777	-95.778851
778	-88.442375
779	-10.676170
780	-53.423564
781	-81.135968
782	-62.714928
783	-85.817638
784	-5.544642
785	-47.981805
786	-65.686519
787	-25.305883
788	-49.014225
789	-90.567414
790	-6.440766
791	-59.299627
792	-30.596367
793	-90.720986
794	-91.509530
795	-57.034268
796	-18.428984
797	-23.581370
798	-6.304178
799	-59.801545
800	-7.802499
801	-12.330339
802	-6.156465
803	-24.957097
804	-4.380178
805	-25.529013
806	-89.338742
807	-5.740548
808	-45.491695
809	-31.577730
810	-65.105892
811	-55.221638
812	-33.622315
813	-94.478379
814	-49.384679
815	-98.652018
816	-94.704145
817	-94.860740
818	-77.132426
819	-66.520267
820	-82.242468
821	-83.423560
822	-30.631941
823	-31.628384
824	-23.773457
825	-64.556746
826	-46.716674
827	-21.727169
828	-92.610547
829	-43.659377
830	-8.992118
831	-44.217092
832	-7.458334
833	-49.144654
834	-19.875361
835	-73.634062
836	-95.868322
837	-46.378273
838	-47.118931
839	-96.028846
840	-23.883519
841	-21.000830
842	-68.924174
843	-70.636734
844	-15.906276
845	-87.491889
846	-50.606676
847	-90.131454
848	-69.940534
849	-12.084861
850	-33.163958
851	-40.961324
852	-55.184031
853	-20.672940
854	-30.627240
855	-74.235630
856	-88.116024
857	-17.299601
858	-99.242036
859	-38.566572
860	-87.536405
861	-61.301525
862	-96.344170
863	-31.992679
864	-55.832918
865	-78.637694
866	-5.201624
867	-97.670303
868	-33.876140
869	-99.408301
870	-61.918007
871	-13.933237
872	-92.406583
873	-61.712673
874	-17.085717
875	-78.385225
876	-78.548659
877	-43.898488
878	-71.295183
879	-44.163497
880	-6.367776
881	-82.403206
882	-67.594913
883	-63.067970
884	-65.485627
885	-79.747507
886	-2.342879
887	-59.847721
888	-20.812117
889	-6.344242
890	-55.881301
891	-80.164288
892	-15.891385
893	-82.801890
894	-35.887395
895	-8.937475
896	-80.840022
897	-0.238365
898	-84.751822
899	-27.251999
900	-78.342198
901	-64.739868
902	-52.343423
903	-94.842663
904	-31.474090
905	-50.077892
906	-10.996448
907	-25.719718
908	-30.374747
909	-10.191081
910	-32.792155
911	-34.714946
912	-86.224730
913	-42.487518
914	-76.464498
915	-42.026063
916	-48.322076
917	-87.133233
918	-16.224019
919	-97.691164
920	-53.199716
921	-36.416647
922	-11.133348
923	-43.182194
924	-34.403647
925	-13.810556
926	-45.677355
927	-86.021978
928	-90.177818
929	-54.122795
930	-4.606881
931	-65.551083
932	-79.336719
933	-92.001665
934	-70.863760
935	-96.587440
936	-8.879619
937	-24.492423
938	-14.394345
939	-95.396560
940	-61.476988
941	-58.083915
942	-55.044281
943	-53.673324
944	-72.724945
945	-50.654488
946	-27.679435
947	-52.348618
948	-28.109861
949	-78.721122
950	-47.723301
951	-21.647919
952	-55.745293
953	-19.514034
954	-93.646861
955	-27.113436
956	-42.240511
957	-96.554552
958	-5.024362
959	-79.055099
960	-91.146900
961	-47.750716
962	-6.446100
963	-44.667305
964	-59.194533
965	-38.809084
966	-63.946725
967	-31.583956
968	-54.603188
969	-28.297207
970	-41.983777
971	-64.538514
972	-77.629286
973	-46.807981
974	-76.699042
975	-40.504509
976	-93.814938
977	-41.837177
978	-96.817433
979	-64.350994
980	-66.624506
981	-51.596584
982	-10.980156
983	-34.811227
984	-62.877880
985	-1.959330
986	-80.051735
987	-10.368573
988	-34.158958
989	-12.133709
990	-53.510337
991	-83.449160
992	-96.028797
993	-2.875619
994	-86.358062
995	-61.966974
996	-86.535632
997	-25.362733
998	-70.899268
999	-58.643298
1000	-85.646788
;

param: weight :=
1	33.793605
2	39.490589
3	43.632967
4	1.899664
5	6.722904
6	7.148494
7	6.541877
8	61.868184
9	32.668961
10	1.124005
11	54.710962
12	97.680326
13	83.240290
14	18.857143
15	22.704225
16	1.331850
17	93.760252
18	11.594226
19	19.234172
20	13.674244
21	33.422860
22	13.423885
23	75.082694
24	93.180134
25	83.106593
26	26.167434
27	36.737743
28	5.648473
29	49.870925
30	9.693712
31	15.322795
32	40.736062
33	27.088485
34	48.907235
35	84.443866
36	30.467224
37	67.311025
38	48.987264
39	90.786555
40	80.349008
41	4.796059
42	34.388317
43	43.717221
44	8.986445
45	87.480895
46	39.800193
47	4.787247
48	4.205514
49	18.710836
50	26.518131
51	74.402183
52	44.998696
53	76.091530
54	64.466140
55	26.056651
56	90.811797
57	20.119980
58	27.789525
59	62.472151
60	10.920620
61	31.968458
62	86.679830
63	6.530593
64	82.126844
65	54.180447
66	5.379733
67	43.285526
68	97.377824
69	63.268274
70	63.071132
71	41.327420
72	87.059309
73	15.964781
74	62.785593
75	41.872534
76	17.987760
77	26.561376
78	27.917675
79	46.729036
80	91.996388
81	16.148834
82	47.400553
83	56.713416
84	80.816264
85	74.970120
86	93.182351
87	15.201207
88	60.434713
89	82.654848
90	40.483006
91	87.510790
92	48.349804
93	59.995378
94	35.697308
95	36.485451
96	94.916470
97	55.432599
98	52.036606
99	94.760000
100	29.455928
101	13.258191
102	23.848201
103	94.357522
104	39.359273
105	99.545807
106	91.389973
107	5.633577
108	48.814080
109	55.180953
110	41.766611
111	69.781106
112	37.926153
113	30.175838
114	44.735344
115	57.151308
116	18.003967
117	5.618824
118	74.914603
119	81.294077
120	97.072322
121	4.347196
122	63.386352
123	35.011722
124	96.267940
125	8.808543
126	90.949374
127	18.331515
128	32.359294
129	45.741796
130	51.117394
131	6.446846
132	44.810073
133	98.369923
134	71.287218
135	85.758680
136	28.770811
137	69.725871
138	83.021945
139	58.565990
140	33.614763
141	74.434640
142	9.492167
143	51.921285
144	71.698762
145	21.907229
146	15.031931
147	34.968773
148	19.393263
149	99.973788
150	6.353035
151	87.181734
152	51.644744
153	39.349345
154	63.526310
155	62.217380
156	96.730626
157	11.838431
158	12.850216
159	35.158243
160	83.647808
161	49.680651
162	56.105577
163	64.309957
164	66.612371
165	37.808670
166	4.066445
167	82.805945
168	33.860478
169	16.144776
170	74.091975
171	46.276107
172	93.432486
173	85.866528
174	58.932874
175	56.688856
176	92.625929
177	80.750539
178	46.160853
179	55.731953
180	60.916482
181	46.148916
182	12.301935
183	62.465382
184	76.008441
185	44.743372
186	80.819668
187	42.063201
188	39.608493
189	83.544108
190	36.483818
191	61.387477
192	87.926731
193	15.888664
194	56.540352
195	19.364785
196	58.066707
197	55.369546
198	2.306680
199	98.962906
200	17.463985
201	45.884439
202	42.661314
203	82.139489
204	25.021882
205	15.075576
206	20.805065
207	92.164100
208	70.969966
209	80.721646
210	33.050354
211	48.117293
212	42.794503
213	98.050093
214	37.030194
215	88.930013
216	6.340738
217	41.567501
218	63.622866
219	82.561022
220	95.904624
221	43.206977
222	28.707695
223	89.733191
224	23.385798
225	1.058067
226	15.462770
227	74.408583
228	78.600797
229	56.508026
230	18.747469
231	59.845064
232	27.126564
233	40.222238
234	28.333288
235	61.729838
236	93.967754
237	41.607473
238	43.921619
239	35.476887
240	25.004857
241	66.087150
242	1.800752
243	63.185895
244	31.201332
245	74.501135
246	66.835195
247	48.592948
248	43.742112
249	28.732580
250	40.195095
251	70.184309
252	97.330656
253	60.432752
254	21.529221
255	64.684952
256	90.130855
257	28.661551
258	8.574687
259	50.829171
260	11.787596
261	42.196477
262	53.983238
263	57.314397
264	80.994534
265	8.277560
266	57.081429
267	30.754248
268	25.247774
269	58.639706
270	72.455078
271	71.698048
272	79.845379
273	64.581613
274	26.273473
275	28.734139
276	45.893603
277	87.279865
278	73.990279
279	29.533103
280	64.010576
281	57.332311
282	18.283306
283	62.287318
284	1.723318
285	72.438746
286	16.831729
287	62.887051
288	58.823873
289	35.535982
290	36.532077
291	47.999454
292	25.014560
293	68.761928
294	69.134050
295	5.860880
296	77.595442
297	4.511975
298	75.469246
299	19.999133
300	95.659738
301	81.853328
302	10.047338
303	79.469903
304	70.409422
305	73.953487
306	26.359910
307	55.968937
308	63.836441
309	94.594041
310	48.298605
311	99.542759
312	97.969124
313	12.648035
314	97.896269
315	22.773813
316	97.618497
317	37.745311
318	91.921324
319	81.955714
320	39.971593
321	4.875779
322	91.406716
323	13.348242
324	58.443987
325	36.112938
326	36.055918
327	34.299343
328	46.351945
329	18.996545
330	95.058609
331	63.359515
332	98.848379
333	78.528603
334	39.487901
335	93.788093
336	43.983026
337	46.050472
338	2.614763
339	98.896627
340	3.383121
341	70.316107
342	83.861618
343	44.585752
344	14.676846
345	4.252141
346	66.076398
347	1.217985
348	21.853522
349	25.493389
350	28.734152
351	88.827694
352	92.236533
353	48.317178
354	80.138463
355	70.078537
356	9.626486
357	9.045553
358	60.309343
359	27.498893
360	88.314688
361	99.221449
362	14.017666
363	76.226511
364	65.020956
365	53.915996
366	9.147207
367	42.190760
368	88.932592
369	50.001648
370	47.403481
371	70.994980
372	76.917000
373	39.418515
374	52.424012
375	64.635973
376	66.466170
377	88.613433
378	66.451338
379	82.030627
380	5.645621
381	32.941026
382	77.986624
383	53.079419
384	64.563958
385	83.777253
386	47.507220
387	42.463642
388	37.230774
389	98.852546
390	99.962821
391	19.199245
392	29.046921
393	55.094859
394	90.666985
395	91.319207
396	54.561819
397	14.896712
398	51.210337
399	70.026733
400	15.451173
401	54.241982
402	87.619368
403	47.778311
404	55.465814
405	51.761545
406	38.940264
407	23.400573
408	69.226878
409	44.410604
410	13.011598
411	63.815742
412	99.814366
413	20.061812
414	76.806390
415	15.478027
416	83.865011
417	18.695703
418	73.807384
419	29.875818
420	29.622944
421	15.213654
422	50.160037
423	91.117991
424	5.712280
425	29.377369
426	46.783178
427	87.685140
428	60.778937
429	87.386843
430	94.990575
431	97.856985
432	11.569314
433	70.611511
434	48.619458
435	52.261014
436	78.857699
437	47.055337
438	92.501309
439	68.285391
440	81.738211
441	58.465150
442	9.132640
443	15.810522
444	60.100383
445	71.062285
446	43.852652
447	24.489639
448	55.754113
449	1.274283
450	27.305341
451	21.936216
452	53.416803
453	38.467857
454	19.643218
455	18.240476
456	18.668404
457	65.299723
458	91.763746
459	1.391680
460	36.218777
461	52.864174
462	93.836166
463	66.517177
464	18.498783
465	32.038254
466	65.936209
467	92.530968
468	43.389855
469	10.100408
470	54.495802
471	14.532682
472	58.017871
473	96.913593
474	19.345122
475	48.953924
476	13.511037
477	96.193728
478	99.113843
479	64.609609
480	47.212204
481	24.936421
482	24.773474
483	12.877637
484	93.622875
485	12.474686
486	10.255290
487	26.064932
488	52.605044
489	85.256325
490	27.292623
491	43.781218
492	27.282915
493	12.563236
494	77.256949
495	90.973731
496	64.014895
497	36.589155
498	74.341241
499	69.587287
500	5.428800
501	47.678444
502	93.686337
503	49.778438
504	78.572599
505	25.391812
506	27.254748
507	23.304815
508	97.598190
509	79.835286
510	35.291884
511	61.408791
512	42.571139
513	5.168415
514	41.952387
515	17.149771
516	50.526240
517	41.247103
518	38.633183
519	40.448976
520	48.883194
521	73.758831
522	88.168559
523	30.374388
524	40.997222
525	78.516716
526	32.356110
527	11.018935
528	38.270697
529	24.122705
530	23.684534
531	80.737351
532	72.032142
533	50.370419
534	56.090491
535	41.542216
536	11.987655
537	1.944876
538	69.853281
539	70.053149
540	90.035550
541	42.350747
542	26.527922
543	51.740440
544	5.144191
545	31.365403
546	65.008713
547	81.388630
548	26.501336
549	67.333907
550	55.201598
551	78.353135
552	11.079435
553	46.374924
554	40.524824
555	85.659416
556	10.100519
557	28.271423
558	23.513353
559	61.180455
560	8.734451
561	4.579188
562	76.211461
563	81.071660
564	90.217877
565	21.056240
566	65.055259
567	5.731925
568	87.970448
569	98.307075
570	92.199494
571	95.931062
572	94.649478
573	58.680866
574	88.843732
575	3.510599
576	33.256804
577	95.477203
578	46.177895
579	61.689743
580	59.718125
581	31.636060
582	74.796914
583	43.348024
584	19.950315
585	64.955144
586	48.301243
587	78.718211
588	2.370187
589	88.278919
590	89.269252
591	51.734230
592	94.058396
593	84.847058
594	26.492404
595	49.851900
596	26.494350
597	27.693830
598	23.705808
599	9.642159
600	87.883943
601	45.991522
602	74.429833
603	75.139181
604	88.815284
605	68.034697
606	16.414105
607	93.744903
608	49.191112
609	18.021355
610	61.052964
611	97.134177
612	35.944630
613	13.443077
614	45.510333
615	93.768626
616	95.049685
617	22.994770
618	14.925141
619	60.161282
620	55.721354
621	10.365338
622	22.553953
623	21.887697
624	55.131707
625	35.743358
626	4.580684
627	4.984131
628	7.887088
629	49.361608
630	33.369905
631	70.835218
632	66.818073
633	59.123299
634	11.704512
635	84.323777
636	67.031920
637	44.585192
638	17.634995
639	86.302546
640	14.617570
641	6.739893
642	81.767323
643	34.030611
644	5.518662
645	79.293983
646	5.590706
647	84.603634
648	90.995489
649	81.374912
650	72.527491
651	97.044870
652	44.846291
653	58.639208
654	70.585560
655	29.832782
656	15.513063
657	3.634116
658	89.924284
659	30.578031
660	95.245351
661	68.467675
662	58.215610
663	68.864792
664	85.380640
665	4.322156
666	93.006030
667	53.230519
668	69.298013
669	24.544714
670	41.781695
671	74.860961
672	6.077963
673	16.386550
674	14.260096
675	62.827272
676	82.494558
677	63.477571
678	69.950161
679	11.825000
680	34.394891
681	64.900469
682	93.893921
683	96.286018
684	8.317268
685	6.257152
686	51.802357
687	44.255810
688	89.002083
689	75.701772
690	58.691305
691	14.428330
692	35.880787
693	12.167132
694	61.807251
695	9.010083
696	40.929795
697	68.908482
698	78.982886
699	34.381245
700	87.136180
701	21.610658
702	92.787321
703	24.721079
704	6.787835
705	25.993760
706	37.298443
707	64.224875
708	64.202647
709	12.950872
710	81.528890
711	12.117367
712	74.696744
713	37.072515
714	94.948892
715	65.074995
716	80.948300
717	36.444784
718	41.944055
719	10.029433
720	3.754653
721	2.011169
722	57.956584
723	68.654862
724	72.506637
725	70.471476
726	65.747793
727	33.328060
728	76.528197
729	53.528027
730	33.716146
731	12.658962
732	80.819038
733	90.634113
734	68.174854
735	38.030092
736	39.543167
737	31.646619
738	18.193076
739	88.779592
740	10.332982
741	33.533514
742	5.411367
743	36.760912
744	23.616676
745	57.688546
746	40.971851
747	86.337210
748	27.948697
749	41.299312
750	72.656575
751	97.473290
752	99.291822
753	63.720795
754	32.654976
755	25.541343
756	50.740315
757	15.982708
758	6.595005
759	16.494216
760	95.655893
761	91.658611
762	90.924615
763	62.464519
764	21.360747
765	31.472118
766	45.073612
767	97.649871
768	64.104916
769	71.261315
770	16.966078
771	12.735516
772	85.069645
773	53.017497
774	29.157539
775	50.558753
776	39.553216
777	27.239704
778	71.086941
779	48.547548
780	80.136595
781	25.355576
782	43.115113
783	11.052574
784	42.520028
785	32.316830
786	52.116103
787	74.785781
788	96.776280
789	75.255068
790	36.054079
791	97.129746
792	17.251559
793	84.245819
794	40.952662
795	23.116774
796	49.862207
797	69.901751
798	55.621187
799	57.196367
800	95.349765
801	75.697760
802	45.970529
803	69.273670
804	60.675023
805	4.894616
806	16.167452
807	84.973384
808	19.467010
809	11.054229
810	8.882332
811	20.077891
812	20.766758
813	47.219345
814	83.456523
815	14.006351
816	17.239576
817	87.218888
818	47.676868
819	86.242572
820	86.174665
821	10.162724
822	50.926080
823	8.869636
824	71.995881
825	26.806972
826	99.467479
827	68.353564
828	91.613801
829	83.100168
830	13.274771
831	62.696090
832	47.990192
833	19.153486
834	75.120775
835	1.063437
836	20.465288
837	63.768472
838	77.445539
839	47.750142
840	51.541480
841	35.164304
842	55.932751
843	33.999279
844	91.190539
845	93.182592
846	25.000754
847	18.784704
848	36.426065
849	42.825582
850	98.533390
851	74.824819
852	43.691710
853	70.079829
854	76.519743
855	82.274864
856	42.013521
857	43.067827
858	9.208334
859	27.755183
860	31.550065
861	49.012578
862	82.177900
863	81.581522
864	47.357760
865	85.096362
866	72.085775
867	83.197680
868	13.989476
869	98.661807
870	53.176458
871	13.480237
872	3.390825
873	87.341343
874	47.971279
875	19.459266
876	53.378926
877	99.069865
878	25.608069
879	11.635050
880	68.837974
881	25.795552
882	16.625299
883	68.708302
884	23.171195
885	99.448491
886	11.730223
887	55.216363
888	78.002516
889	9.810944
890	56.447362
891	75.134436
892	23.854745
893	78.057583
894	36.344832
895	23.420811
896	93.708035
897	64.341297
898	83.097752
899	36.020806
900	52.358645
901	14.574701
902	71.279918
903	48.090335
904	44.128400
905	54.231411
906	70.326272
907	52.335512
908	26.198558
909	32.348024
910	38.076638
911	46.976963
912	51.889603
913	81.652219
914	34.190132
915	88.137946
916	46.545172
917	21.302475
918	98.894557
919	7.063861
920	46.238991
921	89.595802
922	7.889081
923	96.166656
924	30.264059
925	3.194301
926	21.321346
927	22.242063
928	35.420279
929	81.123968
930	94.220649
931	62.084990
932	73.338270
933	5.667025
934	59.761064
935	59.122391
936	13.833114
937	82.027469
938	92.532653
939	50.063352
940	86.277162
941	28.045816
942	97.465474
943	2.881963
944	82.288552
945	6.484302
946	76.018300
947	72.955804
948	50.784541
949	76.307503
950	75.484377
951	68.096608
952	24.662823
953	41.180777
954	79.583841
955	5.033271
956	4.707595
957	90.885462
958	30.118728
959	56.702414
960	55.102566
961	78.165964
962	95.244122
963	25.029075
964	40.854004
965	28.746612
966	33.648988
967	32.118391
968	4.453263
969	34.549433
970	11.829664
971	58.469438
972	44.377339
973	22.541028
974	15.426159
975	59.478455
976	66.437016
977	61.461641
978	27.315639
979	71.813685
980	14.247793
981	28.771467
982	81.788249
983	87.451211
984	89.484511
985	85.566992
986	33.767812
987	24.391322
988	39.083697
989	33.928954
990	93.343187
991	63.020510
992	16.585895
993	82.661234
994	92.745978
995	82.337755
996	40.082385
997	39.462291
998	8.007040
999	22.477255
1000	69.897812
;

param: U :=
1	100.000000
2	100.000000
3	100.000000
4	100.000000
5	100.000000
6	100.000000
7	100.000000
8	100.000000
9	100.000000
10	100.000000
11	100.000000
12	100.000000
13	100.000000
14	100.000000
15	100.000000
16	100.000000
17	100.000000
18	100.000000
19	100.000000
20	100.000000
21	100.000000
22	100.000000
23	100.000000
24	100.000000
25	100.000000
26	100.000000
27	100.000000
28	100.000000
29	100.000000
30	100.000000
31	100.000000
32	100.000000
33	100.000000
34	100.000000
35	100.000000
36	100.000000
37	100.000000
38	100.000000
39	100.000000
40	100.000000
41	100.000000
42	100.000000
43	100.000000
44	100.000000
45	100.000000
46	100.000000
47	100.000000
48	100.000000
49	100.000000
50	100.000000
51	100.000000
52	100.000000
53	100.000000
54	100.000000
55	100.000000
56	100.000000
57	100.000000
58	100.000000
59	100.000000
60	100.000000
61	100.000000
62	100.000000
63	100.000000
64	100.000000
65	100.000000
66	100.000000
67	100.000000
68	100.000000
69	100.000000
70	100.000000
71	100.000000
72	100.000000
73	100.000000
74	100.000000
75	100.000000
76	100.000000
77	100.000000
78	100.000000
79	100.000000
80	100.000000
81	100.000000
82	100.000000
83	100.000000
84	100.000000
85	100.000000
86	100.000000
87	100.000000
88	100.000000
89	100.000000
90	100.000000
91	100.000000
92	100.000000
93	100.000000
94	100.000000
95	100.000000
96	100.000000
97	100.000000
98	100.000000
99	100.000000
100	100.000000
101	100.000000
102	100.000000
103	100.000000
104	100.000000
105	100.000000
106	100.000000
107	100.000000
108	100.000000
109	100.000000
110	100.000000
111	100.000000
112	100.000000
113	100.000000
114	100.000000
115	100.000000
116	100.000000
117	100.000000
118	100.000000
119	100.000000
120	100.000000
121	100.000000
122	100.000000
123	100.000000
124	100.000000
125	100.000000
126	100.000000
127	100.000000
128	100.000000
129	100.000000
130	100.000000
131	100.000000
132	100.000000
133	100.000000
134	100.000000
135	100.000000
136	100.000000
137	100.000000
138	100.000000
139	100.000000
140	100.000000
141	100.000000
142	100.000000
143	100.000000
144	100.000000
145	100.000000
146	100.000000
147	100.000000
148	100.000000
149	100.000000
150	100.000000
151	100.000000
152	100.000000
153	100.000000
154	100.000000
155	100.000000
156	100.000000
157	100.000000
158	100.000000
159	100.000000
160	100.000000
161	100.000000
162	100.000000
163	100.000000
164	100.000000
165	100.000000
166	100.000000
167	100.000000
168	100.000000
169	100.000000
170	100.000000
171	100.000000
172	100.000000
173	100.000000
174	100.000000
175	100.000000
176	100.000000
177	100.000000
178	100.000000
179	100.000000
180	100.000000
181	100.000000
182	100.000000
183	100.000000
184	100.000000
185	100.000000
186	100.000000
187	100.000000
188	100.000000
189	100.000000
190	100.000000
191	100.000000
192	100.000000
193	100.000000
194	100.000000
195	100.000000
196	100.000000
197	100.000000
198	100.000000
199	100.000000
200	100.000000
201	100.000000
202	100.000000
203	100.000000
204	100.000000
205	100.000000
206	100.000000
207	100.000000
208	100.000000
209	100.000000
210	100.000000
211	100.000000
212	100.000000
213	100.000000
214	100.000000
215	100.000000
216	100.000000
217	100.000000
218	100.000000
219	100.000000
220	100.000000
221	100.000000
222	100.000000
223	100.000000
224	100.000000
225	100.000000
226	100.000000
227	100.000000
228	100.000000
229	100.000000
230	100.000000
231	100.000000
232	100.000000
233	100.000000
234	100.000000
235	100.000000
236	100.000000
237	100.000000
238	100.000000
239	100.000000
240	100.000000
241	100.000000
242	100.000000
243	100.000000
244	100.000000
245	100.000000
246	100.000000
247	100.000000
248	100.000000
249	100.000000
250	100.000000
251	100.000000
252	100.000000
253	100.000000
254	100.000000
255	100.000000
256	100.000000
257	100.000000
258	100.000000
259	100.000000
260	100.000000
261	100.000000
262	100.000000
263	100.000000
264	100.000000
265	100.000000
266	100.000000
267	100.000000
268	100.000000
269	100.000000
270	100.000000
271	100.000000
272	100.000000
273	100.000000
274	100.000000
275	100.000000
276	100.000000
277	100.000000
278	100.000000
279	100.000000
280	100.000000
281	100.000000
282	100.000000
283	100.000000
284	100.000000
285	100.000000
286	100.000000
287	100.000000
288	100.000000
289	100.000000
290	100.000000
291	100.000000
292	100.000000
293	100.000000
294	100.000000
295	100.000000
296	100.000000
297	100.000000
298	100.000000
299	100.000000
300	100.000000
301	100.000000
302	100.000000
303	100.000000
304	100.000000
305	100.000000
306	100.000000
307	100.000000
308	100.000000
309	100.000000
310	100.000000
311	100.000000
312	100.000000
313	100.000000
314	100.000000
315	100.000000
316	100.000000
317	100.000000
318	100.000000
319	100.000000
320	100.000000
321	100.000000
322	100.000000
323	100.000000
324	100.000000
325	100.000000
326	100.000000
327	100.000000
328	100.000000
329	100.000000
330	100.000000
331	100.000000
332	100.000000
333	100.000000
334	100.000000
335	100.000000
336	100.000000
337	100.000000
338	100.000000
339	100.000000
340	100.000000
341	100.000000
342	100.000000
343	100.000000
344	100.000000
345	100.000000
346	100.000000
347	100.000000
348	100.000000
349	100.000000
350	100.000000
351	100.000000
352	100.000000
353	100.000000
354	100.000000
355	100.000000
356	100.000000
357	100.000000
358	100.000000
359	100.000000
360	100.000000
361	100.000000
362	100.000000
363	100.000000
364	100.000000
365	100.000000
366	100.000000
367	100.000000
368	100.000000
369	100.000000
370	100.000000
371	100.000000
372	100.000000
373	100.000000
374	100.000000
375	100.000000
376	100.000000
377	100.000000
378	100.000000
379	100.000000
380	100.000000
381	100.000000
382	100.000000
383	100.000000
384	100.000000
385	100.000000
386	100.000000
387	100.000000
388	100.000000
389	100.000000
390	100.000000
391	100.000000
392	100.000000
393	100.000000
394	100.000000
395	100.000000
396	100.000000
397	100.000000
398	100.000000
399	100.000000
400	100.000000
401	100.000000
402	100.000000
403	100.000000
404	100.000000
405	100.000000
406	100.000000
407	100.000000
408	100.000000
409	100.000000
410	100.000000
411	100.000000
412	100.000000
413	100.000000
414	100.000000
415	100.000000
416	100.000000
417	100.000000
418	100.000000
419	100.000000
420	100.000000
421	100.000000
422	100.000000
423	100.000000
424	100.000000
425	100.000000
426	100.000000
427	100.000000
428	100.000000
429	100.000000
430	100.000000
431	100.000000
432	100.000000
433	100.000000
434	100.000000
435	100.000000
436	100.000000
437	100.000000
438	100.000000
439	100.000000
440	100.000000
441	100.000000
442	100.000000
443	100.000000
444	100.000000
445	100.000000
446	100.000000
447	100.000000
448	100.000000
449	100.000000
450	100.000000
451	100.000000
452	100.000000
453	100.000000
454	100.000000
455	100.000000
456	100.000000
457	100.000000
458	100.000000
459	100.000000
460	100.000000
461	100.000000
462	100.000000
463	100.000000
464	100.000000
465	100.000000
466	100.000000
467	100.000000
468	100.000000
469	100.000000
470	100.000000
471	100.000000
472	100.000000
473	100.000000
474	100.000000
475	100.000000
476	100.000000
477	100.000000
478	100.000000
479	100.000000
480	100.000000
481	100.000000
482	100.000000
483	100.000000
484	100.000000
485	100.000000
486	100.000000
487	100.000000
488	100.000000
489	100.000000
490	100.000000
491	100.000000
492	100.000000
493	100.000000
494	100.000000
495	100.000000
496	100.000000
497	100.000000
498	100.000000
499	100.000000
500	100.000000
501	100.000000
502	100.000000
503	100.000000
504	100.000000
505	100.000000
506	100.000000
507	100.000000
508	100.000000
509	100.000000
510	100.000000
511	100.000000
512	100.000000
513	100.000000
514	100.000000
515	100.000000
516	100.000000
517	100.000000
518	100.000000
519	100.000000
520	100.000000
521	100.000000
522	100.000000
523	100.000000
524	100.000000
525	100.000000
526	100.000000
527	100.000000
528	100.000000
529	100.000000
530	100.000000
531	100.000000
532	100.000000
533	100.000000
534	100.000000
535	100.000000
536	100.000000
537	100.000000
538	100.000000
539	100.000000
540	100.000000
541	100.000000
542	100.000000
543	100.000000
544	100.000000
545	100.000000
546	100.000000
547	100.000000
548	100.000000
549	100.000000
550	100.000000
551	100.000000
552	100.000000
553	100.000000
554	100.000000
555	100.000000
556	100.000000
557	100.000000
558	100.000000
559	100.000000
560	100.000000
561	100.000000
562	100.000000
563	100.000000
564	100.000000
565	100.000000
566	100.000000
567	100.000000
568	100.000000
569	100.000000
570	100.000000
571	100.000000
572	100.000000
573	100.000000
574	100.000000
575	100.000000
576	100.000000
577	100.000000
578	100.000000
579	100.000000
580	100.000000
581	100.000000
582	100.000000
583	100.000000
584	100.000000
585	100.000000
586	100.000000
587	100.000000
588	100.000000
589	100.000000
590	100.000000
591	100.000000
592	100.000000
593	100.000000
594	100.000000
595	100.000000
596	100.000000
597	100.000000
598	100.000000
599	100.000000
600	100.000000
601	100.000000
602	100.000000
603	100.000000
604	100.000000
605	100.000000
606	100.000000
607	100.000000
608	100.000000
609	100.000000
610	100.000000
611	100.000000
612	100.000000
613	100.000000
614	100.000000
615	100.000000
616	100.000000
617	100.000000
618	100.000000
619	100.000000
620	100.000000
621	100.000000
622	100.000000
623	100.000000
624	100.000000
625	100.000000
626	100.000000
627	100.000000
628	100.000000
629	100.000000
630	100.000000
631	100.000000
632	100.000000
633	100.000000
634	100.000000
635	100.000000
636	100.000000
637	100.000000
638	100.000000
639	100.000000
640	100.000000
641	100.000000
642	100.000000
643	100.000000
644	100.000000
645	100.000000
646	100.000000
647	100.000000
648	100.000000
649	100.000000
650	100.000000
651	100.000000
652	100.000000
653	100.000000
654	100.000000
655	100.000000
656	100.000000
657	100.000000
658	100.000000
659	100.000000
660	100.000000
661	100.000000
662	100.000000
663	100.000000
664	100.000000
665	100.000000
666	100.000000
667	100.000000
668	100.000000
669	100.000000
670	100.000000
671	100.000000
672	100.000000
673	100.000000
674	100.000000
675	100.000000
676	100.000000
677	100.000000
678	100.000000
679	100.000000
680	100.000000
681	100.000000
682	100.000000
683	100.000000
684	100.000000
685	100.000000
686	100.000000
687	100.000000
688	100.000000
689	100.000000
690	100.000000
691	100.000000
692	100.000000
693	100.000000
694	100.000000
695	100.000000
696	100.000000
697	100.000000
698	100.000000
699	100.000000
700	100.000000
701	100.000000
702	100.000000
703	100.000000
704	100.000000
705	100.000000
706	100.000000
707	100.000000
708	100.000000
709	100.000000
710	100.000000
711	100.000000
712	100.000000
713	100.000000
714	100.000000
715	100.000000
716	100.000000
717	100.000000
718	100.000000
719	100.000000
720	100.000000
721	100.000000
722	100.000000
723	100.000000
724	100.000000
725	100.000000
726	100.000000
727	100.000000
728	100.000000
729	100.000000
730	100.000000
731	100.000000
732	100.000000
733	100.000000
734	100.000000
735	100.000000
736	100.000000
737	100.000000
738	100.000000
739	100.000000
740	100.000000
741	100.000000
742	100.000000
743	100.000000
744	100.000000
745	100.000000
746	100.000000
747	100.000000
748	100.000000
749	100.000000
750	100.000000
751	100.000000
752	100.000000
753	100.000000
754	100.000000
755	100.000000
756	100.000000
757	100.000000
758	100.000000
759	100.000000
760	100.000000
761	100.000000
762	100.000000
763	100.000000
764	100.000000
765	100.000000
766	100.000000
767	100.000000
768	100.000000
769	100.000000
770	100.000000
771	100.000000
772	100.000000
773	100.000000
774	100.000000
775	100.000000
776	100.000000
777	100.000000
778	100.000000
779	100.000000
780	100.000000
781	100.000000
782	100.000000
783	100.000000
784	100.000000
785	100.000000
786	100.000000
787	100.000000
788	100.000000
789	100.000000
790	100.000000
791	100.000000
792	100.000000
793	100.000000
794	100.000000
795	100.000000
796	100.000000
797	100.000000
798	100.000000
799	100.000000
800	100.000000
801	100.000000
802	100.000000
803	100.000000
804	100.000000
805	100.000000
806	100.000000
807	100.000000
808	100.000000
809	100.000000
810	100.000000
811	100.000000
812	100.000000
813	100.000000
814	100.000000
815	100.000000
816	100.000000
817	100.000000
818	100.000000
819	100.000000
820	100.000000
821	100.000000
822	100.000000
823	100.000000
824	100.000000
825	100.000000
826	100.000000
827	100.000000
828	100.000000
829	100.000000
830	100.000000
831	100.000000
832	100.000000
833	100.000000
834	100.000000
835	100.000000
836	100.000000
837	100.000000
838	100.000000
839	100.000000
840	100.000000
841	100.000000
842	100.000000
843	100.000000
844	100.000000
845	100.000000
846	100.000000
847	100.000000
848	100.000000
849	100.000000
850	100.000000
851	100.000000
852	100.000000
853	100.000000
854	100.000000
855	100.000000
856	100.000000
857	100.000000
858	100.000000
859	100.000000
860	100.000000
861	100.000000
862	100.000000
863	100.000000
864	100.000000
865	100.000000
866	100.000000
867	100.000000
868	100.000000
869	100.000000
870	100.000000
871	100.000000
872	100.000000
873	100.000000
874	100.000000
875	100.000000
876	100.000000
877	100.000000
878	100.000000
879	100.000000
880	100.000000
881	100.000000
882	100.000000
883	100.000000
884	100.000000
885	100.000000
886	100.000000
887	100.000000
888	100.000000
889	100.000000
890	100.000000
891	100.000000
892	100.000000
893	100.000000
894	100.000000
895	100.000000
896	100.000000
897	100.000000
898	100.000000
899	100.000000
900	100.000000
901	100.000000
902	100.000000
903	100.000000
904	100.000000
905	100.000000
906	100.000000
907	100.000000
908	100.000000
909	100.000000
910	100.000000
911	100.000000
912	100.000000
913	100.000000
914	100.000000
915	100.000000
916	100.000000
917	100.000000
918	100.000000
919	100.000000
920	100.000000
921	100.000000
922	100.000000
923	100.000000
924	100.000000
925	100.000000
926	100.000000
927	100.000000
928	100.000000
929	100.000000
930	100.000000
931	100.000000
932	100.000000
933	100.000000
934	100.000000
935	100.000000
936	100.000000
937	100.000000
938	100.000000
939	100.000000
940	100.000000
941	100.000000
942	100.000000
943	100.000000
944	100.000000
945	100.000000
946	100.000000
947	100.000000
948	100.000000
949	100.000000
950	100.000000
951	100.000000
952	100.000000
953	100.000000
954	100.000000
955	100.000000
956	100.000000
957	100.000000
958	100.000000
959	100.000000
960	100.000000
961	100.000000
962	100.000000
963	100.000000
964	100.000000
965	100.000000
966	100.000000
967	100.000000
968	100.000000
969	100.000000
970	100.000000
971	100.000000
972	100.000000
973	100.000000
974	100.000000
975	100.000000
976	100.000000
977	100.000000
978	100.000000
979	100.000000
980	100.000000
981	100.000000
982	100.000000
983	100.000000
984	100.000000
985	100.000000
986	100.000000
987	100.000000
988	100.000000
989	100.000000
990	100.000000
991	100.000000
992	100.000000
993	100.000000
994	100.000000
995	100.000000
996	100.000000
997	100.000000
998	100.000000
999	100.000000
1000	100.000000
;

