# seed = 1254829604

param N := 100;

param M := 2;

param Umax := 100.000000;

param: C :=
1	133963.020689
2	120215.282059
;

param: a :=
1	0.102302
2	0.171331
3	0.159259
4	0.138604
5	0.138678
6	0.119152
7	0.112388
8	0.157260
9	0.164546
10	0.197317
11	0.164665
12	0.193629
13	0.134694
14	0.137599
15	0.129828
16	0.110129
17	0.102944
18	0.110474
19	0.176185
20	0.140161
21	0.138563
22	0.152546
23	0.179642
24	0.144331
25	0.113236
26	0.190840
27	0.197355
28	0.139381
29	0.110004
30	0.199617
31	0.126736
32	0.114887
33	0.137932
34	0.133008
35	0.102995
36	0.171728
37	0.123833
38	0.179645
39	0.116866
40	0.149588
41	0.163530
42	0.196588
43	0.156276
44	0.190544
45	0.127788
46	0.173991
47	0.150039
48	0.193649
49	0.160755
50	0.128332
51	0.113414
52	0.136364
53	0.167758
54	0.180658
55	0.113831
56	0.130616
57	0.127990
58	0.191786
59	0.107021
60	0.170008
61	0.198437
62	0.140820
63	0.195711
64	0.156522
65	0.195596
66	0.196426
67	0.166644
68	0.138628
69	0.121337
70	0.127561
71	0.125700
72	0.102579
73	0.152174
74	0.156291
75	0.130444
76	0.151655
77	0.119576
78	0.196272
79	0.155935
80	0.126446
81	0.178613
82	0.157490
83	0.152835
84	0.133147
85	0.148921
86	0.108895
87	0.124892
88	0.161359
89	0.152022
90	0.117240
91	0.176902
92	0.195869
93	0.134895
94	0.110153
95	0.164299
96	0.101463
97	0.132428
98	0.161748
99	0.169077
100	0.157572
;

param: b :=
1	83.886887
2	62.968219
3	37.817916
4	4.864315
5	37.701651
6	57.205104
7	53.813733
8	98.191644
9	36.215668
10	43.623045
11	1.315567
12	99.596761
13	44.966757
14	31.580821
15	97.789049
16	24.771388
17	45.035216
18	90.788375
19	24.124230
20	18.705608
21	40.007963
22	93.444963
23	1.920773
24	78.841044
25	45.593208
26	21.730712
27	59.428110
28	99.638949
29	11.257193
30	73.185390
31	2.721128
32	9.970449
33	57.647690
34	49.232419
35	79.200132
36	3.147954
37	56.928709
38	26.906854
39	23.598799
40	40.137174
41	56.963094
42	27.362430
43	1.661541
44	31.275265
45	93.439044
46	22.223309
47	20.202745
48	35.160787
49	13.566927
50	65.782670
51	96.708370
52	27.945209
53	27.108724
54	94.561161
55	44.612127
56	56.813573
57	40.502831
58	0.148810
59	51.110918
60	92.499796
61	84.681758
62	94.472483
63	54.444231
64	9.939164
65	85.945104
66	69.932036
67	41.447509
68	28.433426
69	4.315546
70	39.922878
71	41.535806
72	66.529050
73	59.509809
74	16.266315
75	77.404275
76	67.337140
77	9.763176
78	26.946933
79	59.837137
80	63.212898
81	32.445780
82	59.454810
83	77.793875
84	3.919235
85	35.477099
86	54.689711
87	41.250065
88	79.065794
89	53.753121
90	38.450910
91	95.269628
92	57.216740
93	26.373376
94	85.391315
95	70.680279
96	96.616824
97	43.685133
98	81.767831
99	74.846946
100	40.334705
;

param: c :=
1	14.472530
2	19.696034
3	40.473037
4	65.320217
5	15.780283
6	38.949879
7	39.626060
8	95.644951
9	97.626584
10	70.240941
11	94.215307
12	78.955304
13	4.921835
14	70.019060
15	44.752805
16	46.430662
17	88.724250
18	25.077105
19	68.333759
20	30.025589
21	49.738174
22	92.233663
23	18.850552
24	89.868775
25	92.395027
26	45.405858
27	71.918910
28	36.188605
29	0.536177
30	58.464832
31	88.186599
32	6.021376
33	90.263943
34	4.379797
35	92.104461
36	81.240015
37	95.354434
38	86.029814
39	44.847251
40	82.682453
41	88.533496
42	63.642426
43	14.484220
44	40.588400
45	40.540539
46	40.705807
47	33.154298
48	3.199355
49	14.650463
50	96.472358
51	35.795113
52	91.566890
53	4.820979
54	0.842178
55	65.419283
56	85.633883
57	22.442353
58	22.402677
59	4.327088
60	46.584469
61	20.969183
62	69.976895
63	62.064047
64	18.378106
65	44.402906
66	90.286791
67	25.464451
68	99.776100
69	9.331937
70	32.407941
71	4.792175
72	11.391399
73	50.987243
74	75.556266
75	29.186529
76	0.728517
77	54.812284
78	46.395061
79	79.322703
80	53.741993
81	96.684132
82	39.558828
83	53.281232
84	29.108570
85	71.419418
86	5.612035
87	89.137300
88	8.504379
89	15.077956
90	65.319945
91	53.470313
92	78.203507
93	61.103895
94	27.015194
95	40.062252
96	14.434855
97	38.234616
98	49.223517
99	9.622691
100	84.270588
;

param: d :=
1	-21.137001
2	-38.382977
3	-70.839042
4	-87.109388
5	-79.565368
6	-48.488660
7	-73.139341
8	-23.043683
9	-94.981432
10	-37.362706
11	-19.554873
12	-67.421372
13	-25.679462
14	-66.756483
15	-72.545688
16	-19.629628
17	-2.840374
18	-10.570247
19	-18.892959
20	-89.819764
21	-16.684468
22	-1.023546
23	-31.633405
24	-30.591999
25	-18.430464
26	-79.134617
27	-52.906843
28	-68.385152
29	-71.145506
30	-10.514648
31	-80.869345
32	-39.707293
33	-90.148766
34	-30.803810
35	-96.468623
36	-69.806919
37	-87.979995
38	-14.333525
39	-92.870411
40	-46.032106
41	-44.365819
42	-22.171865
43	-48.369834
44	-23.426602
45	-27.364789
46	-43.326975
47	-61.427333
48	-42.708805
49	-24.760914
50	-31.079591
51	-46.045363
52	-22.930447
53	-99.087609
54	-16.142740
55	-71.518436
56	-72.911267
57	-36.214936
58	-16.647176
59	-88.158109
60	-29.149343
61	-36.143892
62	-73.545721
63	-81.846769
64	-21.075807
65	-0.076443
66	-56.989316
67	-12.386969
68	-91.395332
69	-16.598637
70	-54.060663
71	-29.897165
72	-7.134038
73	-22.361458
74	-43.933041
75	-60.224092
76	-15.936754
77	-75.632237
78	-92.336955
79	-93.077962
80	-97.998191
81	-92.200496
82	-41.781713
83	-92.352411
84	-20.457696
85	-71.755832
86	-37.362910
87	-78.423976
88	-99.082184
89	-94.696333
90	-53.651836
91	-51.678356
92	-98.518516
93	-75.967673
94	-81.342156
95	-20.622769
96	-33.217093
97	-14.101619
98	-60.048080
99	-69.818760
100	-15.412715
;

param: weight :=
1	18.457881
2	69.211575
3	99.693588
4	94.479664
5	99.419307
6	56.181782
7	33.349965
8	60.210581
9	65.722860
10	56.948520
11	22.532697
12	51.597021
13	72.109142
14	9.451766
15	3.779541
16	87.534595
17	26.225540
18	24.133332
19	98.460320
20	52.429634
21	67.787652
22	74.077182
23	99.089596
24	68.588089
25	27.433247
26	32.591838
27	43.316206
28	98.629250
29	79.827550
30	43.167457
31	84.447758
32	31.527474
33	5.693439
34	81.038795
35	8.974079
36	92.706973
37	76.298771
38	87.327565
39	34.115533
40	10.240030
41	60.889527
42	57.979956
43	14.544730
44	17.772323
45	1.562947
46	76.429291
47	76.078556
48	13.859033
49	65.545122
50	42.932508
51	69.650145
52	84.772052
53	66.024577
54	52.333832
55	20.652701
56	26.476643
57	94.512893
58	77.446180
59	52.503076
60	76.593486
61	14.031689
62	22.345604
63	19.047002
64	93.359069
65	97.809125
66	41.374866
67	6.250580
68	55.338829
69	23.244089
70	19.658600
71	42.044770
72	10.444337
73	47.651611
74	25.622273
75	61.197582
76	14.143712
77	80.067351
78	20.614765
79	38.100922
80	20.087058
81	72.499471
82	44.082875
83	3.140021
84	12.466458
85	42.975146
86	57.124604
87	49.559074
88	37.911240
89	61.786703
90	18.813281
91	24.278658
92	20.655291
93	48.469906
94	86.446040
95	76.224106
96	43.535338
97	92.086709
98	83.416822
99	98.890480
100	59.402623
;

param: U :=
1	100.000000
2	100.000000
3	100.000000
4	100.000000
5	100.000000
6	100.000000
7	100.000000
8	100.000000
9	100.000000
10	100.000000
11	100.000000
12	100.000000
13	100.000000
14	100.000000
15	100.000000
16	100.000000
17	100.000000
18	100.000000
19	100.000000
20	100.000000
21	100.000000
22	100.000000
23	100.000000
24	100.000000
25	100.000000
26	100.000000
27	100.000000
28	100.000000
29	100.000000
30	100.000000
31	100.000000
32	100.000000
33	100.000000
34	100.000000
35	100.000000
36	100.000000
37	100.000000
38	100.000000
39	100.000000
40	100.000000
41	100.000000
42	100.000000
43	100.000000
44	100.000000
45	100.000000
46	100.000000
47	100.000000
48	100.000000
49	100.000000
50	100.000000
51	100.000000
52	100.000000
53	100.000000
54	100.000000
55	100.000000
56	100.000000
57	100.000000
58	100.000000
59	100.000000
60	100.000000
61	100.000000
62	100.000000
63	100.000000
64	100.000000
65	100.000000
66	100.000000
67	100.000000
68	100.000000
69	100.000000
70	100.000000
71	100.000000
72	100.000000
73	100.000000
74	100.000000
75	100.000000
76	100.000000
77	100.000000
78	100.000000
79	100.000000
80	100.000000
81	100.000000
82	100.000000
83	100.000000
84	100.000000
85	100.000000
86	100.000000
87	100.000000
88	100.000000
89	100.000000
90	100.000000
91	100.000000
92	100.000000
93	100.000000
94	100.000000
95	100.000000
96	100.000000
97	100.000000
98	100.000000
99	100.000000
100	100.000000
;

