# seed = 1254829604

param N := 1000;

param M := 10;

param Umax := 100.000000;

param: C :=
1	288857.600080
2	246337.731846
3	272294.014864
4	247924.555554
5	215576.757658
6	271890.645947
7	203946.114353
8	218373.647761
9	227701.994082
10	312086.028878
;

param: a :=
1	0.163883
2	0.174692
3	0.110781
4	0.107442
5	0.119329
6	0.103796
7	0.112249
8	0.131365
9	0.101699
10	0.136706
11	0.163307
12	0.119758
13	0.183699
14	0.158477
15	0.110300
16	0.188489
17	0.161804
18	0.147837
19	0.168037
20	0.127054
21	0.176695
22	0.197176
23	0.116293
24	0.137101
25	0.104975
26	0.101840
27	0.171471
28	0.189213
29	0.158353
30	0.159634
31	0.106274
32	0.147924
33	0.194474
34	0.109732
35	0.198601
36	0.141332
37	0.190798
38	0.133898
39	0.113268
40	0.189474
41	0.189038
42	0.116999
43	0.100411
44	0.110770
45	0.169091
46	0.152573
47	0.114256
48	0.171272
49	0.152265
50	0.121281
51	0.169874
52	0.149147
53	0.111282
54	0.194225
55	0.142523
56	0.174672
57	0.111238
58	0.165853
59	0.176121
60	0.186608
61	0.138255
62	0.114845
63	0.153554
64	0.155458
65	0.126506
66	0.137828
67	0.148520
68	0.162961
69	0.136358
70	0.192207
71	0.149469
72	0.183291
73	0.174777
74	0.130290
75	0.110889
76	0.126442
77	0.141945
78	0.118712
79	0.134194
80	0.153268
81	0.128682
82	0.137309
83	0.117896
84	0.119516
85	0.157715
86	0.127862
87	0.116609
88	0.189738
89	0.169335
90	0.188998
91	0.159387
92	0.176141
93	0.158759
94	0.195662
95	0.101189
96	0.123439
97	0.177743
98	0.183276
99	0.122647
100	0.177852
101	0.117970
102	0.197097
103	0.112078
104	0.106876
105	0.196809
106	0.133143
107	0.124861
108	0.133957
109	0.158897
110	0.133258
111	0.163997
112	0.135194
113	0.143870
114	0.137456
115	0.164501
116	0.131761
117	0.194186
118	0.131442
119	0.107198
120	0.163795
121	0.109575
122	0.148353
123	0.128730
124	0.147124
125	0.190915
126	0.106478
127	0.193834
128	0.110137
129	0.196435
130	0.129178
131	0.188848
132	0.186015
133	0.199822
134	0.181190
135	0.103827
136	0.190964
137	0.132126
138	0.129150
139	0.101553
140	0.190267
141	0.112201
142	0.153672
143	0.190484
144	0.155135
145	0.181834
146	0.199843
147	0.100610
148	0.146490
149	0.147111
150	0.136803
151	0.108454
152	0.140127
153	0.145661
154	0.197401
155	0.158664
156	0.121446
157	0.115111
158	0.145680
159	0.173067
160	0.115233
161	0.135617
162	0.184477
163	0.178582
164	0.184939
165	0.141858
166	0.139118
167	0.128243
168	0.143469
169	0.153582
170	0.127738
171	0.155050
172	0.155811
173	0.166862
174	0.119206
175	0.174547
176	0.158954
177	0.111655
178	0.123137
179	0.176284
180	0.179033
181	0.111596
182	0.148682
183	0.130585
184	0.127278
185	0.183414
186	0.139245
187	0.126177
188	0.166423
189	0.137674
190	0.100931
191	0.150264
192	0.191102
193	0.197643
194	0.183049
195	0.150337
196	0.124540
197	0.146929
198	0.100305
199	0.115554
200	0.186908
201	0.148376
202	0.174222
203	0.199061
204	0.189262
205	0.183586
206	0.163347
207	0.141232
208	0.181466
209	0.151065
210	0.123271
211	0.157327
212	0.186740
213	0.124420
214	0.146527
215	0.191285
216	0.110467
217	0.187404
218	0.151744
219	0.180262
220	0.164937
221	0.182105
222	0.118484
223	0.128817
224	0.118718
225	0.172253
226	0.159975
227	0.177201
228	0.100290
229	0.123140
230	0.122198
231	0.190003
232	0.166416
233	0.182368
234	0.199464
235	0.134105
236	0.111490
237	0.172104
238	0.147591
239	0.142846
240	0.141254
241	0.184155
242	0.113194
243	0.109507
244	0.116039
245	0.152319
246	0.150587
247	0.138055
248	0.116514
249	0.180556
250	0.144805
251	0.166938
252	0.157085
253	0.131150
254	0.169466
255	0.132047
256	0.133508
257	0.112416
258	0.194867
259	0.121424
260	0.111256
261	0.155388
262	0.161537
263	0.161934
264	0.139988
265	0.108508
266	0.126124
267	0.105930
268	0.197126
269	0.118194
270	0.118540
271	0.122383
272	0.109411
273	0.130552
274	0.139447
275	0.162784
276	0.178170
277	0.180944
278	0.136077
279	0.137219
280	0.138204
281	0.119272
282	0.192363
283	0.101906
284	0.153185
285	0.113601
286	0.167098
287	0.170024
288	0.130956
289	0.149170
290	0.157980
291	0.132124
292	0.156576
293	0.178543
294	0.125903
295	0.108497
296	0.151358
297	0.163802
298	0.172334
299	0.144591
300	0.114994
301	0.138370
302	0.142341
303	0.156789
304	0.186332
305	0.183676
306	0.173958
307	0.116975
308	0.182071
309	0.158674
310	0.184904
311	0.165887
312	0.132563
313	0.170616
314	0.129430
315	0.182324
316	0.178515
317	0.121558
318	0.195250
319	0.108696
320	0.118418
321	0.116666
322	0.181341
323	0.111137
324	0.117219
325	0.177852
326	0.148964
327	0.159206
328	0.145366
329	0.197201
330	0.118295
331	0.192295
332	0.165144
333	0.141987
334	0.177233
335	0.154213
336	0.108177
337	0.123292
338	0.151923
339	0.196544
340	0.103720
341	0.173588
342	0.134600
343	0.198823
344	0.146563
345	0.106214
346	0.150693
347	0.193964
348	0.117438
349	0.154767
350	0.192123
351	0.189581
352	0.186972
353	0.123132
354	0.122124
355	0.147012
356	0.182287
357	0.177740
358	0.197902
359	0.129024
360	0.179617
361	0.119048
362	0.105774
363	0.140436
364	0.120377
365	0.106564
366	0.199822
367	0.184294
368	0.163002
369	0.158421
370	0.198408
371	0.158412
372	0.179013
373	0.163917
374	0.151587
375	0.175918
376	0.187320
377	0.196267
378	0.194744
379	0.195931
380	0.167569
381	0.121464
382	0.135551
383	0.126170
384	0.173259
385	0.134073
386	0.166489
387	0.193136
388	0.129246
389	0.108311
390	0.181251
391	0.113437
392	0.173310
393	0.195236
394	0.193637
395	0.137123
396	0.178883
397	0.101309
398	0.198039
399	0.141518
400	0.191957
401	0.118859
402	0.109671
403	0.162841
404	0.144377
405	0.134351
406	0.105137
407	0.107476
408	0.176018
409	0.188591
410	0.158308
411	0.147991
412	0.139530
413	0.125398
414	0.194144
415	0.198526
416	0.153766
417	0.125473
418	0.154957
419	0.148654
420	0.168817
421	0.143288
422	0.175769
423	0.126300
424	0.147311
425	0.194426
426	0.165199
427	0.140183
428	0.132453
429	0.148513
430	0.187914
431	0.130693
432	0.147194
433	0.113802
434	0.135974
435	0.171331
436	0.141917
437	0.120231
438	0.190508
439	0.197395
440	0.145707
441	0.180093
442	0.167820
443	0.181462
444	0.168540
445	0.199088
446	0.101538
447	0.189149
448	0.109752
449	0.166544
450	0.178056
451	0.138420
452	0.139504
453	0.177800
454	0.172873
455	0.171658
456	0.128298
457	0.113489
458	0.197561
459	0.160541
460	0.105268
461	0.123235
462	0.188317
463	0.101032
464	0.170626
465	0.189259
466	0.149167
467	0.179614
468	0.194119
469	0.197339
470	0.186039
471	0.132792
472	0.133269
473	0.126493
474	0.176263
475	0.141461
476	0.101339
477	0.117625
478	0.107101
479	0.120885
480	0.148580
481	0.188217
482	0.127315
483	0.125586
484	0.136671
485	0.154657
486	0.165215
487	0.150710
488	0.118353
489	0.110555
490	0.135952
491	0.187057
492	0.121569
493	0.140457
494	0.155250
495	0.182318
496	0.149409
497	0.140548
498	0.114977
499	0.104890
500	0.199280
501	0.195066
502	0.166707
503	0.123899
504	0.103889
505	0.153554
506	0.142532
507	0.105924
508	0.179171
509	0.172008
510	0.163083
511	0.122131
512	0.104115
513	0.154568
514	0.135706
515	0.103940
516	0.124575
517	0.180402
518	0.137837
519	0.166240
520	0.141154
521	0.142486
522	0.191867
523	0.197840
524	0.116470
525	0.169706
526	0.142186
527	0.175612
528	0.135726
529	0.192465
530	0.141850
531	0.113394
532	0.101082
533	0.162857
534	0.160652
535	0.142366
536	0.184242
537	0.147858
538	0.106070
539	0.141313
540	0.103332
541	0.162068
542	0.129029
543	0.128528
544	0.104814
545	0.109432
546	0.177103
547	0.139215
548	0.118325
549	0.146491
550	0.189889
551	0.132470
552	0.119614
553	0.145577
554	0.126166
555	0.177304
556	0.149548
557	0.124880
558	0.149522
559	0.133137
560	0.111489
561	0.110883
562	0.109816
563	0.148537
564	0.183828
565	0.192938
566	0.166398
567	0.164586
568	0.184760
569	0.174625
570	0.179384
571	0.178385
572	0.121522
573	0.130548
574	0.193319
575	0.198351
576	0.106465
577	0.162689
578	0.199178
579	0.148705
580	0.139723
581	0.165608
582	0.120895
583	0.148013
584	0.135438
585	0.168118
586	0.173948
587	0.195106
588	0.183371
589	0.183838
590	0.146165
591	0.130814
592	0.115436
593	0.195189
594	0.177134
595	0.179270
596	0.145046
597	0.139911
598	0.115273
599	0.153618
600	0.167245
601	0.187457
602	0.136864
603	0.115943
604	0.197305
605	0.106916
606	0.166603
607	0.157532
608	0.102181
609	0.128299
610	0.190109
611	0.197983
612	0.148523
613	0.181812
614	0.116300
615	0.155938
616	0.140548
617	0.118271
618	0.136170
619	0.146854
620	0.132384
621	0.102299
622	0.100664
623	0.178053
624	0.190147
625	0.111769
626	0.147231
627	0.150964
628	0.193286
629	0.176740
630	0.199254
631	0.131646
632	0.149201
633	0.156881
634	0.195238
635	0.104644
636	0.120493
637	0.196273
638	0.117293
639	0.117057
640	0.125398
641	0.158239
642	0.174927
643	0.193414
644	0.100745
645	0.118598
646	0.120221
647	0.102767
648	0.187078
649	0.150053
650	0.105619
651	0.172994
652	0.141361
653	0.126259
654	0.143348
655	0.119976
656	0.140489
657	0.144567
658	0.192026
659	0.199850
660	0.141947
661	0.157968
662	0.198497
663	0.119127
664	0.182266
665	0.123375
666	0.115196
667	0.118747
668	0.129266
669	0.124775
670	0.151121
671	0.110424
672	0.193593
673	0.152661
674	0.169658
675	0.180556
676	0.113218
677	0.125083
678	0.155803
679	0.128399
680	0.136834
681	0.171053
682	0.173560
683	0.136580
684	0.115527
685	0.110286
686	0.198876
687	0.146303
688	0.141804
689	0.112260
690	0.139367
691	0.145670
692	0.189856
693	0.173463
694	0.114444
695	0.171436
696	0.188758
697	0.168574
698	0.138445
699	0.140754
700	0.174142
701	0.165900
702	0.184698
703	0.121749
704	0.190698
705	0.146505
706	0.161847
707	0.179904
708	0.199477
709	0.190939
710	0.174664
711	0.137284
712	0.119251
713	0.151460
714	0.112601
715	0.157787
716	0.167877
717	0.119661
718	0.109935
719	0.105339
720	0.127695
721	0.103985
722	0.168707
723	0.179805
724	0.103255
725	0.177709
726	0.158214
727	0.181713
728	0.173693
729	0.155969
730	0.164306
731	0.196535
732	0.164840
733	0.176025
734	0.129279
735	0.107636
736	0.190021
737	0.187245
738	0.197616
739	0.163243
740	0.110948
741	0.120869
742	0.126766
743	0.189905
744	0.105110
745	0.199793
746	0.115896
747	0.135599
748	0.112370
749	0.180283
750	0.110994
751	0.177671
752	0.126036
753	0.133405
754	0.141302
755	0.141116
756	0.122489
757	0.126482
758	0.176767
759	0.164018
760	0.190625
761	0.169944
762	0.168479
763	0.116018
764	0.146767
765	0.160347
766	0.174511
767	0.163391
768	0.106298
769	0.134290
770	0.101438
771	0.181170
772	0.109086
773	0.183064
774	0.193352
775	0.173546
776	0.194436
777	0.114536
778	0.118072
779	0.185213
780	0.157204
781	0.175874
782	0.101095
783	0.158162
784	0.187310
785	0.160508
786	0.104958
787	0.102625
788	0.140740
789	0.133276
790	0.144798
791	0.112534
792	0.165838
793	0.101840
794	0.132713
795	0.131207
796	0.156696
797	0.110155
798	0.121132
799	0.150454
800	0.186763
801	0.135468
802	0.161568
803	0.175878
804	0.164686
805	0.134888
806	0.164280
807	0.174958
808	0.139274
809	0.143177
810	0.118786
811	0.181527
812	0.194753
813	0.128133
814	0.138434
815	0.164694
816	0.164404
817	0.182705
818	0.135688
819	0.134183
820	0.164536
821	0.117524
822	0.154770
823	0.147774
824	0.149020
825	0.174773
826	0.198088
827	0.168799
828	0.131075
829	0.128858
830	0.106630
831	0.135148
832	0.180340
833	0.164741
834	0.189087
835	0.162873
836	0.193871
837	0.142756
838	0.144845
839	0.199326
840	0.131631
841	0.142709
842	0.170579
843	0.173897
844	0.115938
845	0.124492
846	0.186519
847	0.122409
848	0.179717
849	0.105111
850	0.123264
851	0.137961
852	0.198958
853	0.158651
854	0.131876
855	0.112914
856	0.101491
857	0.135213
858	0.120497
859	0.154963
860	0.170904
861	0.118963
862	0.175046
863	0.132137
864	0.180964
865	0.134989
866	0.190748
867	0.109029
868	0.196836
869	0.137865
870	0.159652
871	0.191638
872	0.160212
873	0.159696
874	0.114089
875	0.196528
876	0.129054
877	0.194757
878	0.192142
879	0.120697
880	0.146075
881	0.198065
882	0.118429
883	0.125934
884	0.160173
885	0.125147
886	0.198038
887	0.135595
888	0.173376
889	0.154131
890	0.156485
891	0.134658
892	0.177446
893	0.187644
894	0.147313
895	0.128532
896	0.119180
897	0.109580
898	0.145727
899	0.179497
900	0.112654
901	0.110478
902	0.178353
903	0.197956
904	0.139364
905	0.127572
906	0.161337
907	0.102469
908	0.128262
909	0.101767
910	0.162831
911	0.192749
912	0.194139
913	0.182392
914	0.177753
915	0.158422
916	0.138627
917	0.181447
918	0.146032
919	0.182431
920	0.118617
921	0.155785
922	0.114690
923	0.102328
924	0.100309
925	0.139935
926	0.172978
927	0.120411
928	0.134713
929	0.190766
930	0.180594
931	0.189168
932	0.114946
933	0.151707
934	0.130941
935	0.129816
936	0.164487
937	0.147656
938	0.134926
939	0.103479
940	0.126210
941	0.129858
942	0.104766
943	0.172399
944	0.180524
945	0.195528
946	0.163986
947	0.191253
948	0.157107
949	0.181743
950	0.135793
951	0.112348
952	0.157542
953	0.159175
954	0.183896
955	0.137946
956	0.146637
957	0.168209
958	0.114966
959	0.163021
960	0.102949
961	0.176972
962	0.180385
963	0.186591
964	0.123605
965	0.140083
966	0.187116
967	0.122678
968	0.192211
969	0.140087
970	0.169129
971	0.126209
972	0.103076
973	0.189053
974	0.119047
975	0.198912
976	0.178593
977	0.101493
978	0.136224
979	0.102324
980	0.112004
981	0.178340
982	0.110342
983	0.109751
984	0.161524
985	0.117082
986	0.174086
987	0.115016
988	0.139873
989	0.173719
990	0.137212
991	0.172700
992	0.169929
993	0.163025
994	0.121420
995	0.120324
996	0.151232
997	0.184750
998	0.114471
999	0.177372
1000	0.149561
;

param: b :=
1	99.191731
2	69.263221
3	32.773856
4	74.964293
5	73.985421
6	97.050263
7	40.524873
8	98.544961
9	24.087894
10	17.032782
11	17.631158
12	33.322302
13	54.049827
14	82.631596
15	37.427019
16	13.631727
17	95.223321
18	53.300962
19	46.859042
20	77.003364
21	13.801911
22	85.211344
23	23.030070
24	93.695289
25	63.209898
26	81.181072
27	59.292150
28	18.805393
29	9.865271
30	7.805288
31	74.483097
32	11.828657
33	78.134814
34	82.171868
35	9.310420
36	61.297551
37	97.024930
38	4.911219
39	38.163355
40	76.716859
41	6.645036
42	15.980210
43	95.617699
44	39.598101
45	42.879741
46	48.274882
47	54.905943
48	68.239454
49	41.288778
50	66.790686
51	47.887408
52	43.897967
53	49.985031
54	45.517069
55	92.024020
56	32.480694
57	31.132533
58	99.668305
59	32.097536
60	35.017352
61	98.596020
62	40.609865
63	40.919538
64	78.571340
65	97.934231
66	98.496639
67	27.941913
68	30.166020
69	58.791426
70	24.817259
71	9.822095
72	18.780844
73	5.555384
74	90.903086
75	1.137835
76	3.862916
77	25.991803
78	69.801226
79	13.696036
80	0.894364
81	15.198933
82	10.056008
83	74.567797
84	33.609014
85	79.436308
86	43.374868
87	89.085319
88	20.729834
89	38.352416
90	1.421906
91	77.592304
92	73.473686
93	43.685129
94	11.380848
95	47.751659
96	18.107517
97	69.684637
98	79.984641
99	53.109400
100	41.271089
101	26.876716
102	11.597814
103	5.919757
104	10.931203
105	18.292518
106	25.406443
107	37.245357
108	89.398059
109	20.128830
110	57.353649
111	19.814415
112	55.530775
113	65.227693
114	55.798008
115	33.355646
116	21.253084
117	54.473042
118	0.671802
119	68.087212
120	56.706122
121	75.222468
122	25.313705
123	83.726285
124	24.245092
125	86.713639
126	60.975417
127	61.778704
128	6.707118
129	23.337816
130	13.821838
131	69.968642
132	11.876051
133	42.518459
134	56.877825
135	58.269301
136	12.977994
137	20.198810
138	98.192048
139	57.096351
140	8.601415
141	1.673585
142	77.988971
143	24.587886
144	81.634461
145	94.161280
146	61.496068
147	72.758426
148	82.987902
149	35.425766
150	31.784539
151	53.593694
152	4.302295
153	70.911724
154	53.168241
155	82.284370
156	95.504306
157	99.444791
158	73.792170
159	77.660232
160	8.086211
161	57.112138
162	90.598907
163	90.306805
164	45.120599
165	66.212160
166	72.095573
167	12.240960
168	38.263873
169	33.369844
170	19.555798
171	67.360162
172	48.947587
173	69.036623
174	37.986604
175	44.781381
176	6.051291
177	91.934888
178	46.379597
179	86.317869
180	33.303387
181	14.666615
182	96.693805
183	59.291578
184	52.635606
185	54.274420
186	18.657049
187	69.662280
188	44.143053
189	96.038752
190	90.465979
191	80.585139
192	47.918265
193	18.953922
194	37.510266
195	24.819292
196	2.339235
197	52.977628
198	60.762246
199	36.814048
200	74.250199
201	95.802918
202	71.919302
203	99.624140
204	79.461411
205	14.385370
206	42.986359
207	57.134271
208	1.667713
209	80.076721
210	67.936788
211	36.903027
212	76.120631
213	7.808439
214	90.140985
215	74.024101
216	68.542121
217	6.488694
218	55.297175
219	12.132100
220	68.801956
221	93.143912
222	43.805767
223	26.524669
224	39.323571
225	94.362655
226	66.872031
227	53.028233
228	61.470571
229	36.064440
230	41.314584
231	44.829991
232	89.145713
233	29.056943
234	44.533845
235	52.777122
236	83.418516
237	64.460260
238	88.297590
239	43.596336
240	55.406708
241	8.871951
242	83.490789
243	1.985866
244	57.922922
245	41.661638
246	62.782635
247	67.115947
248	89.069478
249	79.532142
250	19.003291
251	9.288717
252	80.272343
253	48.150787
254	94.086316
255	72.629593
256	97.790164
257	48.233664
258	28.982471
259	19.617496
260	21.239555
261	56.398378
262	32.539776
263	68.549688
264	20.849726
265	19.603655
266	6.993096
267	72.787301
268	53.409654
269	66.233398
270	20.250836
271	96.477156
272	77.441459
273	7.957673
274	15.420394
275	61.999765
276	59.416022
277	13.618650
278	28.388167
279	65.836760
280	44.294590
281	54.228093
282	83.394435
283	35.819940
284	81.844767
285	32.781295
286	90.178731
287	85.920698
288	12.486736
289	87.381776
290	90.603619
291	54.766822
292	82.187786
293	8.522822
294	45.350631
295	49.613178
296	69.659854
297	98.476440
298	39.325052
299	47.797275
300	5.252261
301	64.623676
302	7.936464
303	83.777707
304	94.714732
305	26.677987
306	85.016840
307	19.870285
308	14.623833
309	84.822659
310	17.771563
311	74.432216
312	51.610789
313	60.817238
314	58.454738
315	72.489301
316	85.606232
317	46.320423
318	80.657751
319	95.338251
320	91.107567
321	48.466723
322	66.492059
323	24.599674
324	57.181787
325	1.498748
326	81.587794
327	95.806588
328	17.959528
329	91.277622
330	7.666272
331	49.498913
332	18.501490
333	78.634312
334	83.549203
335	24.709459
336	18.108311
337	10.863092
338	90.404845
339	88.165677
340	67.226144
341	91.145610
342	36.732020
343	80.715588
344	89.998968
345	42.009670
346	98.400676
347	34.179602
348	48.008107
349	25.328033
350	67.493415
351	94.717841
352	64.617980
353	80.164547
354	67.048948
355	76.357877
356	25.281771
357	25.271743
358	19.679893
359	8.833883
360	10.537275
361	68.209434
362	20.217698
363	48.295226
364	46.841802
365	53.215520
366	72.226882
367	44.364264
368	98.554372
369	30.087750
370	59.977150
371	5.656110
372	99.611783
373	15.473143
374	88.553276
375	12.520564
376	91.730804
377	71.601711
378	12.663514
379	29.153870
380	16.809979
381	50.294505
382	17.076837
383	43.916531
384	17.393622
385	40.193252
386	60.957694
387	31.211120
388	12.117713
389	90.764130
390	83.437743
391	5.555214
392	91.711023
393	88.671598
394	10.111434
395	79.992613
396	22.058338
397	23.127078
398	42.511850
399	53.177252
400	67.825542
401	6.435558
402	63.211185
403	84.589102
404	59.976462
405	25.954963
406	53.026907
407	68.150698
408	36.647448
409	8.159901
410	28.995879
411	88.962185
412	24.222979
413	14.975242
414	30.191040
415	98.426012
416	61.351239
417	31.830554
418	4.391342
419	83.414412
420	84.463069
421	45.942531
422	80.724333
423	13.283544
424	86.181250
425	71.103433
426	90.109074
427	76.266848
428	8.675914
429	69.089776
430	92.218535
431	64.875882
432	23.503642
433	33.262231
434	29.723008
435	68.436008
436	69.014481
437	59.105043
438	53.196548
439	80.586710
440	66.117391
441	91.883151
442	63.612815
443	93.613086
444	76.310212
445	6.847280
446	24.332995
447	89.210040
448	11.444829
449	33.212498
450	86.213743
451	29.956068
452	63.639635
453	31.761432
454	24.320339
455	13.935161
456	28.154439
457	62.042960
458	55.507122
459	8.275668
460	95.381112
461	63.756961
462	60.815735
463	19.629272
464	87.571728
465	18.951716
466	24.408047
467	19.566245
468	24.638126
469	37.161596
470	14.446425
471	66.437485
472	8.281727
473	49.723384
474	0.875612
475	86.501835
476	77.907651
477	48.875230
478	42.702584
479	43.580139
480	21.327584
481	0.723876
482	63.722247
483	89.708522
484	54.210988
485	73.827368
486	65.773524
487	4.644179
488	75.017424
489	14.438283
490	75.907230
491	32.454066
492	67.150877
493	12.497727
494	84.570337
495	96.554737
496	55.079174
497	52.224740
498	64.793972
499	70.855247
500	48.361617
501	16.816152
502	32.335835
503	18.953180
504	4.205732
505	30.089531
506	91.913506
507	59.241304
508	3.546534
509	94.092716
510	25.624317
511	43.609876
512	70.121484
513	81.602306
514	76.966685
515	82.218166
516	67.928245
517	34.232446
518	65.431586
519	20.562580
520	95.484670
521	67.083016
522	8.313650
523	1.847961
524	37.271352
525	14.653641
526	33.572157
527	79.996854
528	55.392558
529	73.422437
530	63.582583
531	40.151909
532	79.408251
533	46.609974
534	62.380956
535	25.166501
536	62.902099
537	7.763407
538	75.588926
539	35.068963
540	98.881643
541	11.225902
542	57.695808
543	12.748545
544	8.098249
545	70.520783
546	5.961208
547	63.276092
548	24.993948
549	42.032802
550	11.134749
551	62.165974
552	24.951877
553	66.460529
554	49.949489
555	67.082727
556	69.826638
557	34.176899
558	55.357241
559	65.855110
560	48.739181
561	76.212211
562	65.918473
563	19.234813
564	82.785246
565	23.943312
566	53.490164
567	24.710341
568	10.816260
569	59.273334
570	60.256164
571	82.658172
572	13.701019
573	81.364437
574	43.918593
575	74.943334
576	2.140585
577	60.172702
578	59.216806
579	7.876215
580	94.262304
581	31.255039
582	86.001825
583	95.211671
584	21.709352
585	5.319920
586	65.200612
587	50.510031
588	85.525008
589	87.535971
590	47.237776
591	6.406572
592	11.676015
593	11.067369
594	7.919640
595	77.020543
596	38.694075
597	7.636418
598	64.519365
599	7.546256
600	77.839985
601	7.737416
602	67.482483
603	12.832599
604	14.605090
605	7.963240
606	65.709604
607	94.075154
608	42.438580
609	57.083864
610	77.545874
611	23.460706
612	99.095632
613	92.563823
614	85.907475
615	28.593171
616	74.239644
617	9.552856
618	6.648773
619	5.616203
620	62.942758
621	28.898569
622	26.979472
623	5.313996
624	28.467688
625	78.141552
626	78.397523
627	24.780153
628	43.457614
629	58.607950
630	14.988051
631	81.111447
632	36.764820
633	87.892086
634	30.424506
635	10.168038
636	39.713381
637	31.512301
638	69.891209
639	79.696812
640	96.321031
641	4.185586
642	48.319800
643	21.197106
644	0.873550
645	75.612878
646	38.706754
647	25.719784
648	17.611076
649	64.850363
650	30.496492
651	35.995412
652	96.600743
653	17.145509
654	55.771110
655	95.266350
656	89.327975
657	62.788198
658	50.593352
659	6.296420
660	32.998781
661	39.364331
662	90.515234
663	98.577806
664	53.873350
665	17.884446
666	47.440151
667	3.924383
668	90.722399
669	60.792886
670	50.138355
671	32.899221
672	65.827320
673	52.874288
674	88.118735
675	38.898951
676	74.988192
677	0.156667
678	4.732736
679	94.296128
680	13.765543
681	53.212665
682	74.849645
683	55.552815
684	9.795241
685	60.540688
686	38.854286
687	11.197530
688	86.651358
689	30.451927
690	92.525507
691	21.077892
692	90.273101
693	54.571897
694	79.990456
695	74.382324
696	83.477204
697	28.666445
698	43.637685
699	73.860494
700	96.812487
701	99.892312
702	58.971627
703	97.178961
704	75.542079
705	41.788093
706	27.125821
707	19.785019
708	97.918814
709	48.706134
710	52.271507
711	15.767586
712	48.931664
713	20.124054
714	6.411064
715	52.510138
716	56.153619
717	66.506417
718	34.005669
719	57.272011
720	40.541762
721	16.745515
722	53.935893
723	54.723088
724	30.923435
725	11.116753
726	99.754027
727	32.816011
728	5.042696
729	7.887378
730	8.888054
731	45.498971
732	48.756919
733	26.152257
734	25.175642
735	58.058518
736	66.769271
737	46.355530
738	77.867577
739	90.953077
740	2.926312
741	86.113850
742	72.035766
743	86.590841
744	67.579116
745	54.009075
746	59.200149
747	4.376333
748	25.439643
749	57.621424
750	53.604826
751	88.273494
752	67.027907
753	92.217653
754	69.566576
755	80.011838
756	63.486826
757	95.323305
758	50.897353
759	5.897735
760	60.231884
761	48.071888
762	87.336708
763	77.072123
764	33.025744
765	24.268412
766	50.705669
767	77.116572
768	71.842551
769	86.366816
770	81.369716
771	14.616239
772	67.098062
773	75.906960
774	95.094862
775	56.943578
776	74.489404
777	51.257812
778	89.510551
779	26.538585
780	29.952403
781	81.862932
782	22.120470
783	88.546784
784	19.608799
785	83.466413
786	95.646178
787	91.262861
788	13.269628
789	28.305209
790	64.052006
791	63.788190
792	7.114019
793	18.482798
794	28.405862
795	7.056418
796	51.833270
797	18.681573
798	21.765085
799	20.847661
800	96.932790
801	61.896930
802	19.019254
803	19.572971
804	15.911190
805	43.092079
806	77.755962
807	36.668206
808	14.295934
809	35.917514
810	51.710929
811	50.938614
812	1.574699
813	73.955748
814	37.749856
815	99.620800
816	26.766686
817	92.539552
818	64.898700
819	83.509193
820	12.059287
821	70.209116
822	15.634231
823	75.831948
824	77.218414
825	14.611350
826	77.160605
827	35.346930
828	91.693358
829	83.804698
830	97.063509
831	92.279389
832	49.339663
833	49.435949
834	48.700963
835	20.156660
836	30.154558
837	31.572485
838	15.199160
839	91.650462
840	90.922964
841	72.556625
842	5.117382
843	78.598506
844	58.682107
845	47.427978
846	1.394851
847	87.205921
848	95.365650
849	79.849466
850	54.164445
851	76.413268
852	1.721427
853	61.553387
854	22.002596
855	40.556351
856	45.985518
857	91.821064
858	83.865393
859	26.719472
860	20.262499
861	65.524083
862	28.259169
863	43.206141
864	26.953963
865	44.672588
866	90.456697
867	0.718861
868	80.339324
869	63.203861
870	92.770491
871	6.619956
872	4.127662
873	22.563306
874	65.122363
875	7.699918
876	87.718608
877	17.306334
878	82.121232
879	68.467521
880	21.388411
881	50.798828
882	86.511911
883	25.461886
884	84.045034
885	15.684485
886	89.440931
887	97.979971
888	52.947200
889	65.893501
890	43.790667
891	11.125290
892	93.980359
893	57.414321
894	55.530225
895	43.393728
896	94.132336
897	95.679596
898	41.488351
899	77.302763
900	18.685105
901	86.066447
902	91.041349
903	58.734742
904	34.917879
905	4.463486
906	60.948023
907	86.801425
908	32.163984
909	44.063169
910	88.873674
911	54.667861
912	55.965208
913	91.128540
914	15.202099
915	29.224115
916	61.306656
917	99.548274
918	93.889887
919	92.333277
920	79.274942
921	54.143175
922	99.784907
923	63.744244
924	91.430080
925	32.882540
926	32.230105
927	23.239294
928	71.057422
929	50.967610
930	97.207958
931	77.913179
932	55.850842
933	49.036719
934	68.514318
935	5.889724
936	27.508535
937	41.450792
938	43.143639
939	10.388938
940	80.964639
941	32.488017
942	62.466441
943	52.418257
944	50.725127
945	64.176707
946	42.544164
947	6.548067
948	97.996795
949	36.416810
950	18.467506
951	55.081216
952	96.130312
953	43.959144
954	93.986365
955	32.632929
956	28.916942
957	61.926155
958	69.093293
959	88.101263
960	26.285659
961	76.080946
962	18.030319
963	37.638680
964	45.108455
965	76.826972
966	8.790588
967	83.055134
968	12.870706
969	76.923665
970	93.226442
971	27.495209
972	75.460276
973	71.256036
974	4.271134
975	31.612670
976	87.979675
977	56.975898
978	88.427806
979	67.405457
980	85.969761
981	27.529023
982	28.460667
983	6.295636
984	48.862590
985	84.627905
986	37.347775
987	36.162490
988	34.466217
989	83.984558
990	51.446581
991	34.369085
992	41.405742
993	22.465232
994	96.391755
995	9.629985
996	3.101466
997	69.418083
998	73.057548
999	74.556475
1000	34.182909
;

param: c :=
1	11.603878
2	81.941626
3	7.891604
4	61.595973
5	66.219649
6	22.042260
7	67.567482
8	77.250923
9	66.625958
10	43.427075
11	71.738774
12	15.322924
13	50.489450
14	76.447745
15	20.026553
16	64.050347
17	29.564781
18	58.072182
19	49.151537
20	80.756796
21	50.158459
22	4.359443
23	12.351075
24	9.873505
25	3.714698
26	58.739471
27	98.485048
28	41.225503
29	3.061833
30	49.418406
31	66.188323
32	9.790920
33	53.717501
34	18.569577
35	85.609345
36	87.820040
37	5.288529
38	18.842346
39	89.709935
40	13.294328
41	36.984441
42	69.605761
43	3.756009
44	57.515706
45	21.450754
46	86.581799
47	62.963614
48	45.533900
49	68.676386
50	86.586601
51	39.282471
52	54.963053
53	64.671451
54	69.464747
55	27.683431
56	14.835694
57	59.164681
58	66.355253
59	85.382547
60	51.859849
61	66.800413
62	42.276534
63	33.000931
64	91.108737
65	31.484781
66	73.743794
67	53.165244
68	34.489711
69	0.766673
70	50.081255
71	44.564960
72	20.207533
73	36.410167
74	51.042004
75	54.932132
76	95.314134
77	97.000852
78	25.725928
79	32.391807
80	32.541124
81	66.811924
82	30.717660
83	12.571112
84	30.878847
85	86.224329
86	50.935022
87	62.883596
88	82.755287
89	27.920565
90	86.858699
91	26.100339
92	11.074250
93	22.962495
94	47.835998
95	70.189263
96	31.079274
97	15.576854
98	88.769644
99	50.745789
100	86.132757
101	67.439809
102	74.093563
103	91.580097
104	89.748043
105	58.391089
106	5.172922
107	77.971109
108	37.002038
109	23.494269
110	58.715000
111	71.291866
112	92.775350
113	12.051887
114	46.926634
115	83.977556
116	41.186890
117	64.073212
118	32.391595
119	6.266115
120	45.726071
121	64.519917
122	84.470965
123	70.263100
124	49.876190
125	16.549772
126	62.669773
127	46.919208
128	80.644762
129	79.973451
130	40.385882
131	80.050993
132	28.124787
133	25.858663
134	7.579538
135	74.823695
136	38.789058
137	62.000666
138	37.473075
139	89.394923
140	60.714912
141	28.705197
142	98.451734
143	29.538147
144	34.957338
145	96.005636
146	30.174392
147	61.016533
148	37.771882
149	0.037263
150	69.544651
151	18.554066
152	86.318486
153	37.618356
154	83.215112
155	33.536014
156	90.718276
157	20.857892
158	8.206658
159	15.005328
160	37.506441
161	25.543730
162	11.318197
163	81.034552
164	97.764102
165	54.779629
166	84.983314
167	27.655360
168	71.992570
169	3.766421
170	77.930731
171	78.913531
172	96.318771
173	37.812817
174	61.086901
175	26.143897
176	98.954062
177	98.913909
178	50.712232
179	56.210169
180	18.821827
181	69.283819
182	99.030845
183	25.513453
184	96.240138
185	58.409351
186	1.674714
187	73.443763
188	4.095862
189	51.070776
190	78.172857
191	22.730729
192	38.866040
193	75.646946
194	58.557945
195	99.003179
196	78.473151
197	80.095829
198	9.569584
199	72.492938
200	45.411264
201	86.214356
202	99.550072
203	27.610218
204	30.046575
205	55.446319
206	79.836765
207	84.255051
208	76.432444
209	53.986532
210	38.694723
211	81.153279
212	35.967914
213	42.013482
214	36.922336
215	51.233664
216	20.636141
217	58.762583
218	95.382638
219	29.682224
220	10.948183
221	65.785125
222	6.957293
223	99.456160
224	50.379174
225	39.167724
226	85.439943
227	61.875127
228	30.172791
229	27.115860
230	62.967444
231	49.778045
232	13.637205
233	13.097051
234	33.513607
235	87.845877
236	16.688122
237	0.825538
238	82.776764
239	69.210509
240	32.373727
241	37.820694
242	53.511124
243	22.408242
244	12.165014
245	62.747175
246	53.010979
247	46.421739
248	22.607775
249	20.937699
250	47.787273
251	59.480985
252	93.600442
253	30.349074
254	13.095510
255	43.643929
256	94.596883
257	64.049018
258	58.191293
259	87.229492
260	91.275781
261	85.942984
262	7.173584
263	62.068992
264	69.429373
265	28.934488
266	92.616704
267	87.742510
268	4.358573
269	78.092801
270	13.066027
271	38.033726
272	99.207824
273	67.628493
274	53.240406
275	85.953305
276	62.513495
277	43.862254
278	42.377615
279	38.373418
280	99.551618
281	50.100219
282	54.520433
283	88.248717
284	83.185398
285	82.966331
286	81.923185
287	35.851399
288	74.539963
289	3.183049
290	14.994328
291	18.947403
292	96.920115
293	34.757658
294	41.133415
295	18.208651
296	77.635543
297	65.592356
298	95.754457
299	86.347057
300	7.542726
301	55.308588
302	45.963104
303	72.765444
304	5.851812
305	11.765862
306	11.279323
307	5.767668
308	84.385001
309	18.377596
310	1.918383
311	26.536121
312	29.472161
313	52.981757
314	47.724391
315	71.311419
316	21.700313
317	50.794617
318	75.584043
319	85.317493
320	30.176810
321	77.412164
322	34.774831
323	93.245935
324	53.351993
325	77.242137
326	54.283588
327	96.196960
328	50.275636
329	45.600429
330	10.391260
331	1.968253
332	94.256449
333	93.449097
334	33.212455
335	54.967215
336	22.822814
337	39.253888
338	98.901864
339	88.467019
340	9.898525
341	19.443913
342	9.067560
343	66.163059
344	96.381005
345	24.343637
346	99.229284
347	26.478687
348	99.466955
349	86.146964
350	53.403425
351	54.968383
352	87.799247
353	59.389066
354	41.580306
355	18.882478
356	64.781274
357	8.503740
358	3.814745
359	86.045247
360	25.493841
361	8.486107
362	26.649851
363	81.179801
364	0.683488
365	41.377243
366	52.166069
367	61.634067
368	2.512727
369	17.404838
370	25.869043
371	37.383980
372	70.492428
373	69.292025
374	6.807921
375	8.293024
376	12.098299
377	96.478836
378	71.003140
379	59.315501
380	43.258274
381	83.430324
382	35.347680
383	1.867855
384	90.230785
385	11.784301
386	22.226157
387	85.629170
388	78.044530
389	3.684015
390	30.806993
391	67.893346
392	59.901552
393	32.669715
394	77.355552
395	65.469290
396	73.608886
397	99.095623
398	40.059825
399	26.719130
400	44.154074
401	19.500092
402	69.300948
403	96.027916
404	96.303278
405	71.094749
406	67.968640
407	28.774986
408	15.690406
409	4.516671
410	30.073345
411	39.387385
412	3.059030
413	41.665141
414	78.598901
415	83.669485
416	12.041051
417	4.924800
418	75.139123
419	26.865706
420	67.778896
421	92.723848
422	10.336911
423	96.394600
424	82.535744
425	27.611615
426	45.885209
427	83.467666
428	83.949146
429	9.769528
430	86.495352
431	85.771836
432	76.276870
433	32.748857
434	74.845038
435	41.603033
436	5.562335
437	4.340038
438	40.912856
439	79.537965
440	7.579388
441	54.476215
442	41.998183
443	51.130346
444	52.812206
445	23.681626
446	3.108393
447	36.768273
448	74.518534
449	78.440264
450	95.325086
451	2.513438
452	32.914968
453	61.967070
454	86.831076
455	9.282995
456	17.823087
457	88.978635
458	87.784224
459	29.881385
460	47.164371
461	56.707597
462	42.009917
463	46.481651
464	91.139076
465	26.322973
466	36.841152
467	80.263716
468	12.899844
469	50.407425
470	14.744444
471	91.808605
472	9.985947
473	24.179347
474	10.682695
475	74.166320
476	44.768446
477	21.523591
478	16.271679
479	62.535764
480	51.212168
481	96.992719
482	70.499800
483	28.680957
484	41.845046
485	14.878564
486	40.219081
487	25.760428
488	30.749638
489	36.809133
490	15.758768
491	2.677185
492	15.420780
493	88.222344
494	35.217835
495	87.860998
496	11.698289
497	65.329879
498	21.311374
499	39.079460
500	21.643344
501	30.915727
502	91.022904
503	49.728122
504	26.972442
505	5.458893
506	71.563031
507	43.227363
508	74.504195
509	0.904789
510	87.527044
511	80.913841
512	28.157017
513	93.538033
514	21.988588
515	41.253399
516	29.578181
517	1.593823
518	31.943515
519	22.712177
520	95.324857
521	87.913424
522	39.856248
523	54.647852
524	28.595878
525	23.828284
526	69.916588
527	63.797993
528	72.049443
529	78.685989
530	10.127806
531	26.649622
532	66.141992
533	96.916417
534	65.527802
535	11.385637
536	35.861784
537	73.500168
538	24.393452
539	93.197027
540	24.104881
541	56.749796
542	95.179820
543	59.829113
544	62.844857
545	15.379206
546	7.631859
547	86.047183
548	94.425617
549	2.633275
550	52.159297
551	10.863299
552	70.756121
553	89.435980
554	87.419428
555	5.487014
556	84.537911
557	84.726676
558	6.977523
559	49.063145
560	47.429184
561	36.413314
562	25.976281
563	1.802731
564	10.335779
565	68.918065
566	95.255885
567	28.610428
568	6.999223
569	24.405459
570	75.322238
571	75.005376
572	78.149876
573	52.238305
574	93.180482
575	13.928279
576	11.627285
577	74.518534
578	21.176980
579	57.359208
580	10.953331
581	69.523916
582	56.152211
583	27.962036
584	92.123202
585	6.913688
586	0.525473
587	29.359562
588	16.048411
589	13.259000
590	31.776429
591	9.172672
592	97.084366
593	47.087803
594	61.222349
595	34.979010
596	36.058099
597	83.389246
598	57.040023
599	91.548048
600	40.014348
601	48.043326
602	38.960169
603	51.941417
604	26.435488
605	34.508712
606	86.508821
607	1.914757
608	83.994034
609	28.192928
610	71.021043
611	39.854561
612	87.634525
613	99.788554
614	40.577335
615	84.132360
616	86.379494
617	14.244889
618	41.140700
619	34.244816
620	75.250302
621	91.830067
622	87.268805
623	48.101685
624	70.088145
625	57.888227
626	87.726964
627	80.256997
628	38.190784
629	35.814793
630	79.373515
631	24.417056
632	5.522923
633	84.026329
634	74.143628
635	69.587419
636	49.997387
637	90.167138
638	57.810887
639	94.711522
640	47.259666
641	39.917493
642	84.358183
643	79.698863
644	11.778263
645	3.385823
646	73.017299
647	42.433503
648	1.866137
649	63.732398
650	49.304925
651	64.665186
652	88.011386
653	89.801176
654	77.440833
655	92.057962
656	55.514403
657	42.721101
658	35.768701
659	82.117616
660	30.760336
661	73.478781
662	12.400828
663	43.097694
664	58.403055
665	40.206887
666	40.534495
667	6.192687
668	44.465513
669	43.311300
670	76.513853
671	86.057153
672	85.832150
673	15.708151
674	35.822395
675	90.577990
676	56.910008
677	17.411472
678	16.615194
679	91.734387
680	41.268057
681	66.788437
682	52.068047
683	64.738658
684	71.425420
685	45.726990
686	18.413344
687	64.723728
688	47.678326
689	72.674271
690	94.238937
691	85.207922
692	61.952082
693	41.615000
694	54.314521
695	4.314012
696	43.906806
697	15.347470
698	10.336336
699	6.478649
700	92.037823
701	33.316818
702	27.479764
703	70.634717
704	94.598607
705	49.799922
706	20.969386
707	55.474467
708	48.970566
709	23.702697
710	61.345026
711	95.093888
712	95.877415
713	22.601795
714	31.263566
715	82.073990
716	66.355201
717	41.183432
718	2.522456
719	94.349896
720	70.617111
721	54.623199
722	54.389132
723	49.664273
724	3.483640
725	94.007887
726	79.599543
727	75.457755
728	72.810861
729	94.827877
730	59.799223
731	25.782329
732	17.312378
733	10.403974
734	67.530757
735	61.145421
736	72.579563
737	80.057731
738	85.655434
739	48.459487
740	67.611093
741	63.074632
742	55.346544
743	68.211728
744	77.485885
745	73.460653
746	30.582758
747	23.792303
748	58.426657
749	11.376187
750	95.163575
751	98.379578
752	95.726244
753	54.911437
754	16.330799
755	94.904121
756	82.111247
757	40.240699
758	13.483016
759	99.733787
760	32.661311
761	39.972706
762	64.051046
763	0.312168
764	52.830804
765	11.416517
766	3.429852
767	5.733299
768	29.301409
769	99.505047
770	75.651510
771	65.888420
772	25.402633
773	51.387197
774	51.112936
775	51.810243
776	72.915735
777	43.374944
778	10.942683
779	77.933751
780	10.430790
781	9.549289
782	29.403242
783	43.465802
784	58.481499
785	89.621925
786	50.019322
787	85.826182
788	41.067792
789	75.827453
790	49.450900
791	45.771524
792	97.876410
793	13.765524
794	43.926747
795	26.854333
796	47.850007
797	18.901359
798	27.951758
799	56.105648
800	36.919364
801	77.769846
802	20.765070
803	43.848161
804	97.264697
805	55.766852
806	4.244815
807	70.342405
808	18.010281
809	43.286758
810	46.608302
811	87.440666
812	19.687771
813	39.442623
814	40.979770
815	33.706644
816	38.356757
817	93.756367
818	31.408596
819	37.851953
820	19.734700
821	68.124018
822	4.956117
823	19.185843
824	10.876658
825	16.103554
826	0.296274
827	52.885279
828	2.211636
829	60.651910
830	2.553350
831	92.103195
832	82.064811
833	2.509692
834	78.052819
835	68.536488
836	65.263938
837	39.940472
838	32.163413
839	45.271565
840	57.977679
841	2.378357
842	26.235874
843	33.114640
844	28.656644
845	77.242057
846	40.186810
847	83.635320
848	3.569259
849	9.806880
850	52.369002
851	49.694225
852	47.571945
853	33.423799
854	81.705900
855	7.804571
856	32.946851
857	74.319794
858	8.745145
859	84.563659
860	91.008028
861	96.263787
862	34.230754
863	73.940701
864	11.978856
865	21.742268
866	53.321909
867	8.590590
868	55.745734
869	31.538508
870	96.614899
871	27.152643
872	16.629440
873	86.602250
874	8.195761
875	59.392805
876	12.276481
877	65.969392
878	34.813958
879	18.218501
880	1.876420
881	98.922878
882	66.584072
883	29.486885
884	29.492298
885	61.284130
886	44.372494
887	94.510458
888	41.950051
889	9.114435
890	41.841434
891	54.462291
892	43.932214
893	91.874936
894	44.879852
895	61.383720
896	70.801881
897	91.235423
898	85.602127
899	20.721540
900	14.987290
901	51.341959
902	17.845619
903	47.742499
904	64.265071
905	1.879561
906	94.520620
907	4.548516
908	49.704004
909	40.053781
910	68.172223
911	18.303554
912	63.909714
913	19.090550
914	77.103335
915	5.372686
916	67.607195
917	43.070088
918	50.142064
919	73.678115
920	94.475675
921	35.956265
922	13.925986
923	6.132433
924	57.384948
925	93.704850
926	13.679220
927	82.094080
928	84.182078
929	17.098647
930	87.795991
931	80.541850
932	23.755923
933	46.544238
934	76.461776
935	68.121325
936	99.996352
937	43.400370
938	80.174049
939	20.805707
940	12.704165
941	1.977850
942	6.911378
943	56.200460
944	23.759407
945	19.796176
946	95.164576
947	77.704019
948	66.993712
949	55.177647
950	2.940876
951	43.341929
952	13.959482
953	79.368566
954	35.186490
955	94.421416
956	89.044276
957	43.550980
958	90.200756
959	65.758879
960	18.967132
961	9.808138
962	98.121415
963	29.534515
964	18.283399
965	62.135499
966	45.502452
967	23.006599
968	72.478607
969	19.938569
970	52.174278
971	83.859130
972	42.127811
973	64.598807
974	16.612541
975	71.527285
976	94.460595
977	2.886960
978	20.780186
979	8.262217
980	83.736654
981	9.108134
982	34.359697
983	16.203951
984	80.075325
985	94.620041
986	37.520332
987	93.493391
988	14.490717
989	45.564735
990	45.485556
991	18.378532
992	97.060584
993	35.390448
994	81.055379
995	54.609423
996	50.999286
997	54.758131
998	78.144006
999	2.972216
1000	27.466572
;

param: d :=
1	-32.537170
2	-64.692859
3	-55.625112
4	-19.279429
5	-99.358496
6	-23.357725
7	-76.147043
8	-86.692937
9	-90.409454
10	-1.698104
11	-70.473441
12	-58.199252
13	-48.733842
14	-64.271924
15	-23.074196
16	-68.083589
17	-66.457527
18	-36.839633
19	-81.473790
20	-96.497935
21	-3.277991
22	-38.773630
23	-54.142154
24	-4.826862
25	-45.873248
26	-17.403305
27	-78.370630
28	-6.427794
29	-29.295667
30	-30.492118
31	-90.011241
32	-93.336098
33	-7.040895
34	-49.042838
35	-98.336826
36	-9.249131
37	-43.013211
38	-56.310702
39	-33.014801
40	-91.956304
41	-25.352253
42	-95.180767
43	-94.300277
44	-70.387956
45	-41.199237
46	-34.132459
47	-48.759739
48	-59.122415
49	-43.979012
50	-21.203420
51	-8.675247
52	-64.270790
53	-25.754755
54	-60.240959
55	-88.800180
56	-38.741467
57	-49.479106
58	-79.184095
59	-59.207789
60	-43.927414
61	-34.062067
62	-70.318886
63	-87.281512
64	-78.186529
65	-88.111200
66	-10.312589
67	-84.679400
68	-94.762381
69	-30.640959
70	-16.684158
71	-19.046718
72	-42.964803
73	-72.057998
74	-35.220275
75	-88.344189
76	-23.476698
77	-13.490176
78	-61.080721
79	-29.395650
80	-95.690206
81	-16.386039
82	-67.377066
83	-85.102732
84	-54.757875
85	-9.892922
86	-39.596510
87	-16.578966
88	-79.544001
89	-18.094291
90	-80.122967
91	-54.388680
92	-72.923982
93	-78.357491
94	-21.582938
95	-70.890669
96	-89.702354
97	-96.156356
98	-5.649513
99	-54.390686
100	-74.312050
101	-11.841133
102	-71.823548
103	-72.345033
104	-4.354301
105	-52.445509
106	-80.724246
107	-7.699118
108	-91.949282
109	-49.522406
110	-76.994287
111	-77.612222
112	-59.633380
113	-78.159148
114	-25.541851
115	-12.004587
116	-9.523647
117	-34.521897
118	-75.782532
119	-80.749989
120	-89.278677
121	-6.447648
122	-10.459952
123	-7.197026
124	-20.484485
125	-2.819272
126	-47.796092
127	-41.646040
128	-5.391946
129	-33.302081
130	-20.945970
131	-94.601785
132	-51.315584
133	-53.259264
134	-38.165519
135	-16.199845
136	-68.649633
137	-87.822596
138	-42.725176
139	-72.588304
140	-2.153119
141	-12.975514
142	-7.538525
143	-47.515575
144	-7.391753
145	-28.771275
146	-39.442365
147	-70.684514
148	-55.057993
149	-23.350633
150	-28.240108
151	-95.540428
152	-29.698565
153	-93.322032
154	-64.826850
155	-41.298248
156	-9.009145
157	-66.334873
158	-68.001202
159	-89.315057
160	-1.552351
161	-30.847297
162	-24.804257
163	-0.559712
164	-6.854428
165	-43.136965
166	-23.375729
167	-46.213595
168	-45.212552
169	-65.383117
170	-74.497545
171	-90.170243
172	-59.206052
173	-5.482647
174	-8.800950
175	-21.687062
176	-63.115240
177	-9.431037
178	-80.544123
179	-85.903093
180	-59.879902
181	-62.260224
182	-52.363855
183	-70.501500
184	-22.009669
185	-60.376148
186	-41.933599
187	-4.539030
188	-34.545839
189	-36.812120
190	-2.828545
191	-91.326309
192	-7.223230
193	-28.913050
194	-12.855135
195	-98.592081
196	-97.286712
197	-30.339810
198	-60.829140
199	-8.798804
200	-54.534225
201	-52.621130
202	-47.305321
203	-20.843409
204	-1.168879
205	-43.921471
206	-91.241420
207	-72.553815
208	-18.984042
209	-21.324749
210	-46.682564
211	-87.226686
212	-33.423390
213	-91.324902
214	-77.040932
215	-54.728740
216	-50.838301
217	-31.442671
218	-12.287947
219	-77.724668
220	-98.140816
221	-66.661209
222	-60.879381
223	-12.420568
224	-85.899194
225	-98.064817
226	-29.076894
227	-57.013907
228	-92.752409
229	-77.403584
230	-27.422968
231	-70.829209
232	-48.144024
233	-55.756454
234	-70.363135
235	-38.779343
236	-25.542807
237	-78.118442
238	-38.772083
239	-44.057367
240	-25.232847
241	-27.998960
242	-70.117646
243	-89.667791
244	-1.183944
245	-78.470910
246	-17.039216
247	-24.124754
248	-29.974529
249	-97.036001
250	-43.029863
251	-70.314714
252	-89.903765
253	-22.428031
254	-7.926164
255	-47.014958
256	-18.704448
257	-28.102785
258	-11.532734
259	-48.226506
260	-75.648965
261	-0.968504
262	-43.866542
263	-74.017098
264	-1.820765
265	-4.262428
266	-82.600267
267	-8.126921
268	-95.700487
269	-19.737106
270	-12.030923
271	-48.682494
272	-97.972422
273	-81.705535
274	-56.194136
275	-59.123681
276	-8.764368
277	-81.022708
278	-64.715195
279	-95.152700
280	-8.555425
281	-94.775170
282	-45.123626
283	-54.232214
284	-4.437512
285	-48.025438
286	-33.350826
287	-79.876142
288	-14.523756
289	-62.581254
290	-58.834321
291	-84.909769
292	-61.500817
293	-85.605180
294	-99.556851
295	-88.320426
296	-33.647460
297	-17.250946
298	-30.746146
299	-20.650925
300	-43.872848
301	-43.421748
302	-80.023944
303	-77.619007
304	-17.913429
305	-29.976896
306	-18.499316
307	-27.716679
308	-71.965978
309	-68.560551
310	-9.243831
311	-22.347168
312	-56.157495
313	-23.616179
314	-86.184704
315	-99.298124
316	-19.566547
317	-51.905432
318	-75.277902
319	-38.322727
320	-33.857557
321	-12.023011
322	-96.958773
323	-38.068150
324	-7.196768
325	-36.830258
326	-20.858982
327	-63.381386
328	-19.859610
329	-9.552917
330	-28.353335
331	-30.462718
332	-80.572138
333	-61.816355
334	-72.491690
335	-0.186361
336	-81.432053
337	-74.739428
338	-53.821008
339	-10.006530
340	-63.067600
341	-71.444667
342	-42.576731
343	-61.923576
344	-54.534702
345	-5.319269
346	-39.408516
347	-86.592348
348	-73.494503
349	-79.070019
350	-11.495871
351	-86.074979
352	-13.799192
353	-50.388989
354	-78.409045
355	-66.841353
356	-64.309641
357	-67.291631
358	-14.298441
359	-11.586725
360	-78.802248
361	-62.069236
362	-29.444760
363	-51.060509
364	-75.808689
365	-7.390564
366	-74.684022
367	-7.219594
368	-10.348001
369	-60.399415
370	-0.908079
371	-0.210354
372	-68.821156
373	-74.448872
374	-45.900220
375	-6.677629
376	-86.810693
377	-66.349260
378	-34.763191
379	-34.777074
380	-25.623029
381	-70.243427
382	-52.350229
383	-77.350759
384	-55.737648
385	-6.611356
386	-90.252428
387	-23.433759
388	-35.406275
389	-89.821469
390	-28.517929
391	-74.778276
392	-4.464319
393	-19.134612
394	-28.318062
395	-59.192948
396	-90.310346
397	-30.797674
398	-42.058966
399	-25.811866
400	-30.687479
401	-15.671476
402	-16.719878
403	-38.063019
404	-15.563456
405	-38.930061
406	-50.708536
407	-73.023788
408	-54.681456
409	-15.380840
410	-45.388624
411	-80.914410
412	-92.500877
413	-45.826556
414	-90.165232
415	-96.956859
416	-16.160287
417	-35.139141
418	-41.984046
419	-9.681293
420	-52.583939
421	-73.042035
422	-12.189929
423	-68.775673
424	-77.550133
425	-78.708086
426	-67.021633
427	-67.093106
428	-57.209751
429	-55.092208
430	-29.550326
431	-41.695830
432	-6.920815
433	-2.730329
434	-80.077184
435	-18.899449
436	-71.587512
437	-93.997428
438	-33.215295
439	-69.856278
440	-79.447872
441	-78.304321
442	-26.617651
443	-14.197623
444	-90.547585
445	-21.374095
446	-90.882606
447	-56.375185
448	-48.249841
449	-82.325817
450	-69.131872
451	-37.898371
452	-57.387168
453	-85.431636
454	-52.608676
455	-49.901483
456	-76.377043
457	-83.997318
458	-69.524423
459	-77.491677
460	-7.901292
461	-67.482136
462	-93.859973
463	-9.988880
464	-41.589537
465	-80.859585
466	-3.668624
467	-63.678815
468	-63.870888
469	-56.179814
470	-22.821545
471	-40.885278
472	-29.890204
473	-93.243583
474	-10.836700
475	-8.131728
476	-83.916520
477	-90.566060
478	-82.912563
479	-54.935872
480	-40.736972
481	-37.616789
482	-27.916813
483	-52.890503
484	-47.057413
485	-82.806810
486	-83.572712
487	-52.297316
488	-11.147623
489	-60.763679
490	-22.203360
491	-98.064243
492	-38.212238
493	-33.782240
494	-14.000627
495	-80.872421
496	-34.832453
497	-56.774710
498	-69.602085
499	-6.888117
500	-65.502294
501	-17.072943
502	-21.594925
503	-10.771403
504	-74.800008
505	-7.366365
506	-35.824755
507	-63.160252
508	-29.806002
509	-78.264301
510	-9.944299
511	-72.410416
512	-24.321715
513	-2.204408
514	-89.789411
515	-95.155014
516	-87.898244
517	-38.683668
518	-34.005648
519	-40.221723
520	-36.857181
521	-16.261061
522	-78.554530
523	-0.565983
524	-51.586603
525	-7.582074
526	-62.488687
527	-36.474730
528	-24.417757
529	-52.887300
530	-29.553841
531	-62.778206
532	-29.001872
533	-73.345039
534	-67.298348
535	-78.948182
536	-5.630103
537	-25.492614
538	-27.788005
539	-61.770567
540	-31.139927
541	-26.546283
542	-35.109219
543	-97.971754
544	-70.792233
545	-97.371062
546	-98.791988
547	-4.035049
548	-86.495276
549	-93.679565
550	-47.265936
551	-52.151254
552	-72.754625
553	-68.375415
554	-79.408595
555	-20.062568
556	-98.292641
557	-64.256274
558	-79.722291
559	-77.426608
560	-1.091947
561	-83.629590
562	-5.645614
563	-66.736342
564	-9.194100
565	-57.998461
566	-86.173055
567	-99.000215
568	-89.263648
569	-23.572213
570	-10.280223
571	-52.696741
572	-83.222035
573	-40.841478
574	-99.681721
575	-77.243413
576	-18.212491
577	-62.305274
578	-22.671879
579	-99.056751
580	-67.096089
581	-20.463446
582	-67.477679
583	-77.468894
584	-43.385024
585	-74.522818
586	-15.098244
587	-35.370029
588	-60.476601
589	-88.200220
590	-61.711401
591	-62.272410
592	-84.038686
593	-75.451548
594	-6.817201
595	-7.471321
596	-23.177484
597	-50.916476
598	-87.642633
599	-99.294404
600	-71.532263
601	-77.563604
602	-27.078252
603	-0.667911
604	-45.654553
605	-1.535785
606	-93.382232
607	-94.425069
608	-58.858979
609	-19.759550
610	-83.455461
611	-67.507788
612	-64.967781
613	-16.273376
614	-99.705862
615	-15.869408
616	-88.430643
617	-41.874624
618	-76.195664
619	-53.357346
620	-27.039095
621	-13.568841
622	-12.956818
623	-7.702123
624	-68.712547
625	-53.986047
626	-77.518645
627	-57.206073
628	-19.445037
629	-75.158702
630	-30.657690
631	-10.466234
632	-63.071774
633	-62.861652
634	-66.571575
635	-59.540784
636	-0.133238
637	-79.310053
638	-77.184539
639	-98.916610
640	-0.458838
641	-72.173446
642	-75.075784
643	-16.418988
644	-41.444183
645	-86.690781
646	-32.519351
647	-57.315752
648	-28.563511
649	-70.248438
650	-82.602286
651	-23.620240
652	-85.621246
653	-31.307195
654	-54.786350
655	-16.291477
656	-10.205738
657	-90.768103
658	-19.962882
659	-10.348732
660	-80.611794
661	-49.974103
662	-45.988905
663	-38.152383
664	-81.965647
665	-94.507222
666	-54.043552
667	-7.774293
668	-58.333631
669	-32.127298
670	-90.475941
671	-49.368793
672	-65.872638
673	-41.146806
674	-85.876057
675	-76.132811
676	-10.267653
677	-88.860131
678	-58.364379
679	-55.892887
680	-27.343223
681	-38.368849
682	-69.529901
683	-46.008230
684	-67.858274
685	-97.980096
686	-59.855631
687	-86.908733
688	-6.128371
689	-23.001025
690	-89.207626
691	-8.603211
692	-91.730933
693	-61.813127
694	-37.877993
695	-55.889751
696	-17.003355
697	-46.218039
698	-99.602651
699	-17.631194
700	-71.543666
701	-29.786081
702	-71.395078
703	-62.903187
704	-98.965713
705	-47.015992
706	-46.114888
707	-86.779302
708	-73.043208
709	-38.426444
710	-30.737773
711	-12.915625
712	-59.779827
713	-93.065964
714	-38.428700
715	-18.510001
716	-70.778037
717	-85.245117
718	-94.187559
719	-72.058972
720	-41.041787
721	-13.941044
722	-64.937907
723	-79.011591
724	-94.222479
725	-27.940621
726	-71.168956
727	-63.664197
728	-71.917599
729	-94.367010
730	-32.210512
731	-9.457015
732	-55.560347
733	-48.517627
734	-97.910198
735	-97.536577
736	-50.179568
737	-86.972533
738	-85.071541
739	-26.352629
740	-21.521696
741	-17.985443
742	-0.654297
743	-30.036965
744	-9.234322
745	-51.747398
746	-16.492803
747	-1.326497
748	-32.283880
749	-51.505418
750	-11.519621
751	-48.868197
752	-43.381218
753	-42.803000
754	-0.271016
755	-47.507668
756	-82.347845
757	-75.138672
758	-27.506962
759	-81.070444
760	-93.044257
761	-35.151871
762	-49.409627
763	-43.741050
764	-39.749708
765	-39.919275
766	-92.827436
767	-96.636575
768	-29.651435
769	-65.397560
770	-45.730699
771	-7.413191
772	-87.483760
773	-11.202657
774	-77.346693
775	-26.949094
776	-29.912480
777	-19.575837
778	-56.525459
779	-63.399495
780	-91.682928
781	-72.315539
782	-25.988959
783	-98.463109
784	-1.746895
785	-61.557958
786	-84.611356
787	-87.825679
788	-29.856738
789	-23.258417
790	-96.720101
791	-97.843834
792	-84.142235
793	-12.334158
794	-26.219363
795	-92.965130
796	-93.852667
797	-44.073358
798	-80.991999
799	-35.780055
800	-69.310486
801	-37.677179
802	-90.582147
803	-5.220401
804	-7.362342
805	-9.006805
806	-98.800282
807	-47.271912
808	-39.960726
809	-12.974971
810	-83.948933
811	-62.705655
812	-1.002495
813	-1.524349
814	-43.556069
815	-92.019684
816	-88.987941
817	-29.853990
818	-44.624053
819	-26.374363
820	-94.484442
821	-48.769525
822	-6.873396
823	-58.469762
824	-19.571664
825	-87.375183
826	-82.176901
827	-63.076489
828	-63.969173
829	-51.956231
830	-82.493475
831	-48.748735
832	-19.363544
833	-82.373747
834	-8.701267
835	-76.475309
836	-3.575226
837	-65.141022
838	-73.090512
839	-98.164133
840	-90.316156
841	-88.754043
842	-64.157276
843	-86.162571
844	-51.898197
845	-30.236175
846	-55.503549
847	-75.213136
848	-94.047491
849	-61.773945
850	-48.078992
851	-84.797346
852	-60.855120
853	-57.714040
854	-64.555064
855	-77.278847
856	-46.139532
857	-15.092677
858	-31.931167
859	-11.613178
860	-47.390190
861	-73.232296
862	-92.006957
863	-93.542925
864	-10.290436
865	-80.447213
866	-18.244272
867	-94.706869
868	-68.933419
869	-88.193928
870	-28.369172
871	-86.620038
872	-86.466038
873	-31.713464
874	-30.165452
875	-71.933364
876	-74.331360
877	-78.090820
878	-91.228425
879	-92.700403
880	-45.729300
881	-42.541831
882	-69.294651
883	-8.097101
884	-5.012862
885	-56.634007
886	-0.085393
887	-65.481669
888	-60.040006
889	-16.382514
890	-14.022202
891	-4.057828
892	-78.181132
893	-17.845697
894	-10.736873
895	-62.353164
896	-38.978446
897	-35.958022
898	-10.341081
899	-28.627971
900	-42.465954
901	-28.138771
902	-50.844945
903	-10.808826
904	-75.033606
905	-51.706170
906	-23.676084
907	-46.189189
908	-53.892582
909	-50.490594
910	-72.904429
911	-5.371418
912	-11.340311
913	-13.059700
914	-72.542792
915	-1.523845
916	-93.200748
917	-0.249183
918	-90.058507
919	-98.478262
920	-4.279199
921	-38.842123
922	-17.703019
923	-54.601699
924	-49.548648
925	-86.387361
926	-32.545898
927	-43.632364
928	-51.360603
929	-3.101330
930	-62.021344
931	-17.127585
932	-71.374651
933	-66.199092
934	-84.876513
935	-53.085174
936	-47.716773
937	-71.802489
938	-41.317889
939	-49.976770
940	-97.328162
941	-2.020795
942	-95.237405
943	-84.201061
944	-39.302285
945	-83.665898
946	-23.309813
947	-6.769449
948	-35.981759
949	-62.056160
950	-40.447179
951	-67.855710
952	-47.293558
953	-63.120497
954	-49.110450
955	-6.876473
956	-50.421959
957	-88.448574
958	-71.074220
959	-57.610178
960	-61.864935
961	-28.606846
962	-30.570817
963	-69.857842
964	-86.194284
965	-94.157987
966	-93.916604
967	-67.514201
968	-9.667513
969	-30.378517
970	-12.587925
971	-11.655988
972	-51.421625
973	-87.939938
974	-8.474297
975	-81.149001
976	-69.232615
977	-14.648117
978	-21.648006
979	-33.077334
980	-71.383407
981	-50.132440
982	-95.197118
983	-87.361592
984	-17.695954
985	-74.656277
986	-42.177785
987	-75.876070
988	-25.766890
989	-10.077280
990	-82.712421
991	-32.679819
992	-92.550564
993	-43.481658
994	-64.088785
995	-34.110787
996	-3.282057
997	-96.871555
998	-88.468477
999	-87.237589
1000	-69.383244
;

param: weight :=
1	64.159975
2	25.203539
3	70.379165
4	20.681037
5	48.539517
6	68.691994
7	8.907826
8	34.513581
9	68.778155
10	97.775820
11	19.089935
12	10.864932
13	78.123756
14	95.979272
15	47.547389
16	12.814287
17	25.502381
18	95.150693
19	98.143949
20	13.604126
21	90.820438
22	17.956477
23	57.006818
24	57.287099
25	81.918747
26	84.836305
27	56.454017
28	80.231446
29	56.165886
30	3.948641
31	29.323750
32	94.481098
33	99.766542
34	75.986633
35	80.214605
36	31.497378
37	7.943552
38	12.459370
39	31.811235
40	28.397281
41	9.225128
42	7.663768
43	53.078442
44	83.454525
45	10.766291
46	56.755392
47	30.258153
48	73.328101
49	47.518616
50	96.438702
51	7.621289
52	10.667853
53	2.213039
54	86.530707
55	48.564558
56	12.164501
57	23.232713
58	36.043541
59	7.279353
60	75.028629
61	10.697882
62	2.849714
63	91.526028
64	99.393373
65	39.339178
66	55.023532
67	93.941048
68	60.248663
69	71.794816
70	47.164422
71	22.493785
72	9.383572
73	21.667224
74	96.179298
75	70.791907
76	87.306970
77	7.875634
78	27.568059
79	42.221657
80	66.017348
81	27.586197
82	86.713517
83	61.466845
84	72.803010
85	50.540251
86	48.207816
87	72.972287
88	53.819240
89	53.717187
90	47.197391
91	68.022388
92	34.538404
93	27.835102
94	32.518479
95	30.360795
96	38.604704
97	16.142998
98	7.990053
99	75.004389
100	20.491269
101	56.426186
102	22.676505
103	10.665768
104	6.228872
105	64.262815
106	51.583450
107	26.150182
108	18.398766
109	48.305959
110	53.469354
111	67.695217
112	75.058464
113	57.953289
114	64.210238
115	83.994908
116	44.816209
117	77.092212
118	41.628038
119	90.028783
120	31.852628
121	63.585702
122	16.632157
123	49.712344
124	48.977935
125	6.904014
126	71.979773
127	55.777746
128	96.284694
129	16.979382
130	93.403980
131	67.477876
132	64.439159
133	1.863696
134	51.971020
135	25.717547
136	92.111704
137	26.341054
138	47.407699
139	4.798716
140	70.731538
141	85.619002
142	10.245944
143	37.397638
144	39.520192
145	22.357247
146	59.749519
147	60.185083
148	75.694884
149	88.031088
150	25.148858
151	25.574195
152	65.211331
153	1.224937
154	98.129146
155	59.344400
156	67.591557
157	4.865319
158	44.652669
159	84.494818
160	43.826767
161	16.655752
162	81.773864
163	24.732213
164	77.348203
165	77.128132
166	70.837790
167	81.579726
168	14.325020
169	33.482031
170	13.574357
171	24.980966
172	26.316139
173	23.594798
174	92.846312
175	79.604282
176	32.238209
177	2.746999
178	87.301810
179	81.026870
180	25.257413
181	93.049758
182	34.242779
183	50.361936
184	72.370567
185	68.687614
186	59.189376
187	8.328036
188	91.861406
189	26.281879
190	68.771746
191	21.006901
192	6.924819
193	15.270743
194	3.934783
195	88.127101
196	99.515584
197	62.034806
198	54.003626
199	8.821988
200	61.781113
201	97.238728
202	74.886264
203	69.591486
204	19.445949
205	6.530700
206	88.567612
207	5.468011
208	54.818768
209	59.640979
210	67.100230
211	93.051740
212	85.030419
213	35.902077
214	71.445374
215	53.172359
216	22.640961
217	20.069388
218	22.655047
219	21.599126
220	91.843414
221	39.031020
222	93.037791
223	95.131179
224	27.765267
225	17.471607
226	69.043903
227	86.503353
228	1.585278
229	24.407434
230	55.861236
231	47.297522
232	60.468130
233	72.322606
234	52.263622
235	75.619803
236	56.435592
237	93.694740
238	40.752030
239	87.961483
240	85.193137
241	70.391682
242	58.368502
243	24.628750
244	19.959330
245	97.628228
246	38.174290
247	39.725817
248	19.762314
249	89.965708
250	18.641153
251	31.509628
252	63.600796
253	24.785772
254	64.470669
255	75.837656
256	55.212698
257	78.139760
258	39.687919
259	97.217570
260	14.180257
261	10.289585
262	14.696975
263	41.042434
264	10.223822
265	71.663377
266	32.030690
267	72.100609
268	10.447681
269	92.294137
270	19.245770
271	92.292580
272	94.892780
273	99.832444
274	20.522708
275	42.840033
276	47.911247
277	65.286795
278	31.111588
279	84.289912
280	88.219449
281	95.153368
282	74.883766
283	55.249259
284	17.958276
285	38.252309
286	81.807073
287	91.234073
288	67.689478
289	33.818066
290	86.304447
291	7.673970
292	49.348590
293	29.360213
294	31.518606
295	87.161605
296	11.717278
297	14.431004
298	78.045993
299	62.570175
300	6.638456
301	76.540217
302	74.546114
303	66.861493
304	64.328901
305	6.966791
306	41.732552
307	76.684052
308	35.253890
309	8.131615
310	99.859553
311	45.010767
312	33.780358
313	33.769553
314	86.623873
315	4.889463
316	76.598777
317	24.733522
318	25.255253
319	72.004851
320	5.873634
321	49.676913
322	47.456257
323	72.967300
324	82.084847
325	63.544261
326	48.252934
327	83.945742
328	21.790748
329	53.677377
330	1.464810
331	13.541969
332	97.666083
333	16.100397
334	64.052697
335	16.004976
336	89.857426
337	80.596370
338	10.734380
339	27.085829
340	94.787110
341	91.049657
342	55.746968
343	6.916398
344	36.816180
345	32.683109
346	35.979746
347	63.107585
348	6.377063
349	63.770412
350	13.829125
351	89.504585
352	25.957369
353	93.636477
354	93.618900
355	97.314980
356	14.648041
357	39.804797
358	6.821894
359	58.860445
360	32.806948
361	2.354400
362	56.348977
363	81.193559
364	33.217927
365	42.212506
366	93.490387
367	82.472078
368	69.418516
369	79.236968
370	84.326776
371	98.282890
372	25.678483
373	9.171014
374	78.423222
375	52.599937
376	90.914498
377	71.677443
378	44.403935
379	55.157948
380	71.200662
381	44.180707
382	30.963483
383	77.791598
384	82.804127
385	6.362016
386	35.981319
387	61.358016
388	60.169810
389	14.279237
390	28.423093
391	98.954420
392	2.444009
393	65.585461
394	74.958108
395	90.269432
396	93.605005
397	48.865314
398	38.667056
399	34.702214
400	40.112405
401	47.770184
402	73.171830
403	54.253513
404	18.738322
405	1.141667
406	23.116034
407	52.954429
408	20.728293
409	70.395914
410	14.298098
411	50.531802
412	73.779299
413	42.531939
414	75.754488
415	83.214720
416	16.802989
417	51.406983
418	12.771560
419	38.211978
420	94.354858
421	49.495815
422	64.918405
423	78.362958
424	44.755231
425	61.807919
426	38.149883
427	4.192565
428	96.521125
429	1.310961
430	15.521718
431	86.306118
432	56.917189
433	66.507433
434	72.788125
435	14.210361
436	40.069514
437	18.235122
438	46.812976
439	78.077816
440	86.179805
441	73.253865
442	92.105050
443	99.619501
444	43.663967
445	37.621091
446	45.436271
447	11.796662
448	84.978906
449	19.824726
450	95.709496
451	9.496154
452	73.029459
453	75.632384
454	76.309793
455	32.293250
456	59.432341
457	24.903143
458	98.138754
459	23.615591
460	43.344712
461	14.716924
462	84.594304
463	36.275635
464	18.866832
465	42.045439
466	17.341687
467	52.563268
468	31.470371
469	27.900989
470	73.128320
471	85.722121
472	5.566971
473	86.184124
474	37.634676
475	31.018801
476	55.535245
477	8.910052
478	13.684256
479	50.833191
480	11.385975
481	92.666227
482	80.007670
483	99.151037
484	71.585441
485	19.702581
486	25.786187
487	67.357117
488	47.629605
489	61.932303
490	29.561319
491	50.150783
492	83.742383
493	60.598407
494	73.688487
495	36.433148
496	33.547055
497	54.618892
498	27.315916
499	37.702277
500	35.017380
501	36.584293
502	97.528348
503	62.556686
504	35.257610
505	23.969399
506	27.147099
507	42.746677
508	82.132093
509	83.488099
510	51.316067
511	36.881076
512	34.953762
513	19.257634
514	47.689076
515	4.914326
516	58.404107
517	62.203810
518	41.698772
519	19.174590
520	6.638306
521	72.208722
522	21.211252
523	63.532650
524	4.233047
525	74.687599
526	96.747827
527	64.098435
528	77.069648
529	73.127890
530	12.876021
531	33.244137
532	17.750368
533	11.033891
534	38.583567
535	72.556409
536	34.014776
537	45.535350
538	47.121183
539	62.106685
540	32.267462
541	32.954943
542	52.545048
543	87.383372
544	80.507141
545	9.662714
546	75.073068
547	37.362510
548	89.985882
549	44.620438
550	40.939091
551	65.146963
552	26.898290
553	62.801225
554	63.819670
555	73.669130
556	23.335095
557	82.205389
558	82.776589
559	97.504898
560	69.637280
561	56.588146
562	67.949574
563	55.428753
564	4.032325
565	47.051537
566	52.874236
567	41.669943
568	6.118940
569	92.611622
570	51.551444
571	25.413114
572	28.252684
573	82.540579
574	55.108395
575	51.857409
576	91.941758
577	8.401201
578	76.234824
579	67.364390
580	94.634777
581	54.471510
582	68.111440
583	33.577332
584	99.047098
585	7.200537
586	98.123478
587	30.746120
588	18.866856
589	10.966406
590	4.814225
591	32.564917
592	96.611993
593	75.940367
594	47.968608
595	88.932120
596	77.212847
597	45.910367
598	80.675872
599	32.773761
600	71.312556
601	1.263433
602	44.861949
603	62.296962
604	27.692832
605	9.582148
606	94.235568
607	17.346435
608	16.206726
609	56.851794
610	32.572407
611	22.705672
612	6.656266
613	98.157367
614	27.778011
615	9.745284
616	90.876341
617	42.624617
618	42.264182
619	89.449398
620	63.604527
621	13.898869
622	39.163341
623	63.804978
624	52.749304
625	25.536364
626	51.844844
627	12.099199
628	31.195788
629	51.396769
630	46.812749
631	27.854146
632	59.653713
633	31.379153
634	11.869674
635	35.659242
636	9.965134
637	21.835606
638	7.751241
639	17.666808
640	30.451961
641	45.198354
642	48.704696
643	42.468183
644	24.452121
645	76.929306
646	38.865437
647	54.010874
648	43.109939
649	48.947061
650	89.161785
651	49.811585
652	64.440578
653	60.231459
654	27.935523
655	25.767732
656	7.658432
657	39.776279
658	65.322386
659	75.239333
660	78.430307
661	23.842125
662	80.506401
663	8.731606
664	34.571363
665	8.460357
666	67.160073
667	54.410777
668	45.286159
669	23.414098
670	68.490980
671	39.008079
672	12.665930
673	45.648995
674	30.487253
675	7.703937
676	84.667129
677	51.279995
678	39.471497
679	53.617829
680	28.610591
681	77.309056
682	64.936171
683	67.025757
684	51.916553
685	5.601323
686	12.395952
687	73.100394
688	17.950242
689	84.599260
690	25.420561
691	23.866818
692	31.113296
693	67.986532
694	74.123464
695	51.867486
696	94.326882
697	20.862602
698	52.387684
699	12.926894
700	59.345149
701	44.562535
702	42.548590
703	51.451313
704	76.180034
705	24.915330
706	56.026333
707	90.098949
708	27.258499
709	85.944918
710	53.772736
711	69.064078
712	3.788608
713	34.011304
714	34.034177
715	14.942856
716	26.161687
717	54.054884
718	74.483584
719	64.563987
720	3.091931
721	98.253158
722	83.326278
723	69.783191
724	37.368517
725	39.667203
726	59.125118
727	19.686218
728	40.703741
729	29.587030
730	15.518920
731	18.382767
732	77.812083
733	62.863180
734	53.725463
735	64.054593
736	35.213172
737	37.529530
738	23.084158
739	43.011096
740	5.965952
741	88.691500
742	22.637636
743	99.622125
744	82.682500
745	28.379881
746	38.301669
747	86.526981
748	25.537492
749	28.308614
750	44.926799
751	37.160834
752	51.029753
753	90.982245
754	37.909870
755	29.221356
756	52.447533
757	46.990557
758	8.440973
759	63.463788
760	60.361259
761	1.558578
762	5.938974
763	2.914117
764	6.463594
765	43.765989
766	58.084797
767	42.545054
768	23.208595
769	43.199509
770	42.203808
771	74.949995
772	74.527919
773	79.477681
774	65.788993
775	91.630558
776	29.471118
777	44.406175
778	3.006524
779	16.182569
780	53.079653
781	55.364700
782	92.285910
783	69.281238
784	63.452507
785	20.866250
786	4.923618
787	19.757848
788	87.407863
789	30.543679
790	62.682060
791	3.207929
792	23.277636
793	31.350548
794	98.563633
795	83.960021
796	55.562038
797	21.629362
798	38.246622
799	9.428367
800	71.006293
801	69.242481
802	25.914921
803	75.744616
804	35.569999
805	8.238904
806	9.361021
807	99.001117
808	24.476650
809	31.390141
810	44.905101
811	42.512491
812	3.746673
813	27.416997
814	97.811239
815	86.779370
816	43.389576
817	30.535558
818	64.257244
819	82.164996
820	68.818187
821	78.407537
822	27.379827
823	46.518178
824	33.268417
825	88.354617
826	82.849402
827	86.711631
828	84.971763
829	26.081586
830	77.716927
831	5.855163
832	67.491135
833	86.495866
834	84.884473
835	68.518424
836	48.184472
837	82.995512
838	95.877260
839	10.183948
840	82.399480
841	96.120502
842	2.526734
843	14.322910
844	85.735679
845	49.771207
846	11.967908
847	98.467359
848	31.896290
849	93.750026
850	3.243585
851	46.715323
852	46.755700
853	86.476848
854	28.675554
855	78.994582
856	97.927461
857	7.953481
858	23.780170
859	69.315378
860	56.150361
861	88.362785
862	82.298441
863	28.832329
864	95.072567
865	33.728816
866	43.635841
867	28.211698
868	88.449043
869	69.964327
870	82.655255
871	26.911016
872	86.024556
873	28.577873
874	96.227054
875	20.310930
876	59.755941
877	31.379433
878	95.698642
879	37.386517
880	91.310730
881	79.076809
882	13.058745
883	47.897355
884	92.888442
885	23.754242
886	44.274514
887	55.883759
888	83.816023
889	58.218436
890	39.390027
891	54.946370
892	93.956016
893	92.013326
894	95.535317
895	27.741102
896	80.309032
897	91.705550
898	63.674147
899	59.862495
900	8.868749
901	24.476150
902	52.542274
903	23.548952
904	25.331030
905	76.077160
906	19.297248
907	59.076028
908	81.505849
909	33.921800
910	14.701667
911	3.932074
912	32.966233
913	45.489957
914	61.696421
915	78.946186
916	88.518205
917	94.235087
918	82.724080
919	79.480841
920	7.664829
921	53.093137
922	7.518317
923	63.860111
924	2.357858
925	35.060235
926	28.671396
927	84.553200
928	53.820859
929	96.402252
930	48.182717
931	91.610560
932	24.071894
933	6.350311
934	17.982178
935	3.760510
936	65.832319
937	25.079975
938	72.051298
939	44.747948
940	96.127244
941	79.608815
942	15.602171
943	80.809610
944	10.313165
945	15.057938
946	45.763842
947	5.481999
948	3.731796
949	52.693591
950	79.373569
951	71.701165
952	73.092294
953	37.817798
954	58.424560
955	70.871002
956	88.585066
957	94.129740
958	22.581738
959	25.730958
960	77.403457
961	69.512428
962	67.932277
963	49.698205
964	74.293893
965	20.024625
966	47.456396
967	54.903805
968	82.476890
969	7.995164
970	7.961837
971	34.003851
972	81.728236
973	4.704416
974	94.657584
975	2.221811
976	75.637833
977	45.866711
978	37.636119
979	79.670865
980	77.720509
981	46.916222
982	59.635772
983	91.731044
984	27.942438
985	52.035066
986	66.304724
987	86.169749
988	39.876408
989	96.656736
990	34.413121
991	60.115681
992	99.235678
993	47.123270
994	70.918616
995	99.557178
996	21.185155
997	37.370881
998	80.701914
999	31.764069
1000	70.393182
;

param: U :=
1	100.000000
2	100.000000
3	100.000000
4	100.000000
5	100.000000
6	100.000000
7	100.000000
8	100.000000
9	100.000000
10	100.000000
11	100.000000
12	100.000000
13	100.000000
14	100.000000
15	100.000000
16	100.000000
17	100.000000
18	100.000000
19	100.000000
20	100.000000
21	100.000000
22	100.000000
23	100.000000
24	100.000000
25	100.000000
26	100.000000
27	100.000000
28	100.000000
29	100.000000
30	100.000000
31	100.000000
32	100.000000
33	100.000000
34	100.000000
35	100.000000
36	100.000000
37	100.000000
38	100.000000
39	100.000000
40	100.000000
41	100.000000
42	100.000000
43	100.000000
44	100.000000
45	100.000000
46	100.000000
47	100.000000
48	100.000000
49	100.000000
50	100.000000
51	100.000000
52	100.000000
53	100.000000
54	100.000000
55	100.000000
56	100.000000
57	100.000000
58	100.000000
59	100.000000
60	100.000000
61	100.000000
62	100.000000
63	100.000000
64	100.000000
65	100.000000
66	100.000000
67	100.000000
68	100.000000
69	100.000000
70	100.000000
71	100.000000
72	100.000000
73	100.000000
74	100.000000
75	100.000000
76	100.000000
77	100.000000
78	100.000000
79	100.000000
80	100.000000
81	100.000000
82	100.000000
83	100.000000
84	100.000000
85	100.000000
86	100.000000
87	100.000000
88	100.000000
89	100.000000
90	100.000000
91	100.000000
92	100.000000
93	100.000000
94	100.000000
95	100.000000
96	100.000000
97	100.000000
98	100.000000
99	100.000000
100	100.000000
101	100.000000
102	100.000000
103	100.000000
104	100.000000
105	100.000000
106	100.000000
107	100.000000
108	100.000000
109	100.000000
110	100.000000
111	100.000000
112	100.000000
113	100.000000
114	100.000000
115	100.000000
116	100.000000
117	100.000000
118	100.000000
119	100.000000
120	100.000000
121	100.000000
122	100.000000
123	100.000000
124	100.000000
125	100.000000
126	100.000000
127	100.000000
128	100.000000
129	100.000000
130	100.000000
131	100.000000
132	100.000000
133	100.000000
134	100.000000
135	100.000000
136	100.000000
137	100.000000
138	100.000000
139	100.000000
140	100.000000
141	100.000000
142	100.000000
143	100.000000
144	100.000000
145	100.000000
146	100.000000
147	100.000000
148	100.000000
149	100.000000
150	100.000000
151	100.000000
152	100.000000
153	100.000000
154	100.000000
155	100.000000
156	100.000000
157	100.000000
158	100.000000
159	100.000000
160	100.000000
161	100.000000
162	100.000000
163	100.000000
164	100.000000
165	100.000000
166	100.000000
167	100.000000
168	100.000000
169	100.000000
170	100.000000
171	100.000000
172	100.000000
173	100.000000
174	100.000000
175	100.000000
176	100.000000
177	100.000000
178	100.000000
179	100.000000
180	100.000000
181	100.000000
182	100.000000
183	100.000000
184	100.000000
185	100.000000
186	100.000000
187	100.000000
188	100.000000
189	100.000000
190	100.000000
191	100.000000
192	100.000000
193	100.000000
194	100.000000
195	100.000000
196	100.000000
197	100.000000
198	100.000000
199	100.000000
200	100.000000
201	100.000000
202	100.000000
203	100.000000
204	100.000000
205	100.000000
206	100.000000
207	100.000000
208	100.000000
209	100.000000
210	100.000000
211	100.000000
212	100.000000
213	100.000000
214	100.000000
215	100.000000
216	100.000000
217	100.000000
218	100.000000
219	100.000000
220	100.000000
221	100.000000
222	100.000000
223	100.000000
224	100.000000
225	100.000000
226	100.000000
227	100.000000
228	100.000000
229	100.000000
230	100.000000
231	100.000000
232	100.000000
233	100.000000
234	100.000000
235	100.000000
236	100.000000
237	100.000000
238	100.000000
239	100.000000
240	100.000000
241	100.000000
242	100.000000
243	100.000000
244	100.000000
245	100.000000
246	100.000000
247	100.000000
248	100.000000
249	100.000000
250	100.000000
251	100.000000
252	100.000000
253	100.000000
254	100.000000
255	100.000000
256	100.000000
257	100.000000
258	100.000000
259	100.000000
260	100.000000
261	100.000000
262	100.000000
263	100.000000
264	100.000000
265	100.000000
266	100.000000
267	100.000000
268	100.000000
269	100.000000
270	100.000000
271	100.000000
272	100.000000
273	100.000000
274	100.000000
275	100.000000
276	100.000000
277	100.000000
278	100.000000
279	100.000000
280	100.000000
281	100.000000
282	100.000000
283	100.000000
284	100.000000
285	100.000000
286	100.000000
287	100.000000
288	100.000000
289	100.000000
290	100.000000
291	100.000000
292	100.000000
293	100.000000
294	100.000000
295	100.000000
296	100.000000
297	100.000000
298	100.000000
299	100.000000
300	100.000000
301	100.000000
302	100.000000
303	100.000000
304	100.000000
305	100.000000
306	100.000000
307	100.000000
308	100.000000
309	100.000000
310	100.000000
311	100.000000
312	100.000000
313	100.000000
314	100.000000
315	100.000000
316	100.000000
317	100.000000
318	100.000000
319	100.000000
320	100.000000
321	100.000000
322	100.000000
323	100.000000
324	100.000000
325	100.000000
326	100.000000
327	100.000000
328	100.000000
329	100.000000
330	100.000000
331	100.000000
332	100.000000
333	100.000000
334	100.000000
335	100.000000
336	100.000000
337	100.000000
338	100.000000
339	100.000000
340	100.000000
341	100.000000
342	100.000000
343	100.000000
344	100.000000
345	100.000000
346	100.000000
347	100.000000
348	100.000000
349	100.000000
350	100.000000
351	100.000000
352	100.000000
353	100.000000
354	100.000000
355	100.000000
356	100.000000
357	100.000000
358	100.000000
359	100.000000
360	100.000000
361	100.000000
362	100.000000
363	100.000000
364	100.000000
365	100.000000
366	100.000000
367	100.000000
368	100.000000
369	100.000000
370	100.000000
371	100.000000
372	100.000000
373	100.000000
374	100.000000
375	100.000000
376	100.000000
377	100.000000
378	100.000000
379	100.000000
380	100.000000
381	100.000000
382	100.000000
383	100.000000
384	100.000000
385	100.000000
386	100.000000
387	100.000000
388	100.000000
389	100.000000
390	100.000000
391	100.000000
392	100.000000
393	100.000000
394	100.000000
395	100.000000
396	100.000000
397	100.000000
398	100.000000
399	100.000000
400	100.000000
401	100.000000
402	100.000000
403	100.000000
404	100.000000
405	100.000000
406	100.000000
407	100.000000
408	100.000000
409	100.000000
410	100.000000
411	100.000000
412	100.000000
413	100.000000
414	100.000000
415	100.000000
416	100.000000
417	100.000000
418	100.000000
419	100.000000
420	100.000000
421	100.000000
422	100.000000
423	100.000000
424	100.000000
425	100.000000
426	100.000000
427	100.000000
428	100.000000
429	100.000000
430	100.000000
431	100.000000
432	100.000000
433	100.000000
434	100.000000
435	100.000000
436	100.000000
437	100.000000
438	100.000000
439	100.000000
440	100.000000
441	100.000000
442	100.000000
443	100.000000
444	100.000000
445	100.000000
446	100.000000
447	100.000000
448	100.000000
449	100.000000
450	100.000000
451	100.000000
452	100.000000
453	100.000000
454	100.000000
455	100.000000
456	100.000000
457	100.000000
458	100.000000
459	100.000000
460	100.000000
461	100.000000
462	100.000000
463	100.000000
464	100.000000
465	100.000000
466	100.000000
467	100.000000
468	100.000000
469	100.000000
470	100.000000
471	100.000000
472	100.000000
473	100.000000
474	100.000000
475	100.000000
476	100.000000
477	100.000000
478	100.000000
479	100.000000
480	100.000000
481	100.000000
482	100.000000
483	100.000000
484	100.000000
485	100.000000
486	100.000000
487	100.000000
488	100.000000
489	100.000000
490	100.000000
491	100.000000
492	100.000000
493	100.000000
494	100.000000
495	100.000000
496	100.000000
497	100.000000
498	100.000000
499	100.000000
500	100.000000
501	100.000000
502	100.000000
503	100.000000
504	100.000000
505	100.000000
506	100.000000
507	100.000000
508	100.000000
509	100.000000
510	100.000000
511	100.000000
512	100.000000
513	100.000000
514	100.000000
515	100.000000
516	100.000000
517	100.000000
518	100.000000
519	100.000000
520	100.000000
521	100.000000
522	100.000000
523	100.000000
524	100.000000
525	100.000000
526	100.000000
527	100.000000
528	100.000000
529	100.000000
530	100.000000
531	100.000000
532	100.000000
533	100.000000
534	100.000000
535	100.000000
536	100.000000
537	100.000000
538	100.000000
539	100.000000
540	100.000000
541	100.000000
542	100.000000
543	100.000000
544	100.000000
545	100.000000
546	100.000000
547	100.000000
548	100.000000
549	100.000000
550	100.000000
551	100.000000
552	100.000000
553	100.000000
554	100.000000
555	100.000000
556	100.000000
557	100.000000
558	100.000000
559	100.000000
560	100.000000
561	100.000000
562	100.000000
563	100.000000
564	100.000000
565	100.000000
566	100.000000
567	100.000000
568	100.000000
569	100.000000
570	100.000000
571	100.000000
572	100.000000
573	100.000000
574	100.000000
575	100.000000
576	100.000000
577	100.000000
578	100.000000
579	100.000000
580	100.000000
581	100.000000
582	100.000000
583	100.000000
584	100.000000
585	100.000000
586	100.000000
587	100.000000
588	100.000000
589	100.000000
590	100.000000
591	100.000000
592	100.000000
593	100.000000
594	100.000000
595	100.000000
596	100.000000
597	100.000000
598	100.000000
599	100.000000
600	100.000000
601	100.000000
602	100.000000
603	100.000000
604	100.000000
605	100.000000
606	100.000000
607	100.000000
608	100.000000
609	100.000000
610	100.000000
611	100.000000
612	100.000000
613	100.000000
614	100.000000
615	100.000000
616	100.000000
617	100.000000
618	100.000000
619	100.000000
620	100.000000
621	100.000000
622	100.000000
623	100.000000
624	100.000000
625	100.000000
626	100.000000
627	100.000000
628	100.000000
629	100.000000
630	100.000000
631	100.000000
632	100.000000
633	100.000000
634	100.000000
635	100.000000
636	100.000000
637	100.000000
638	100.000000
639	100.000000
640	100.000000
641	100.000000
642	100.000000
643	100.000000
644	100.000000
645	100.000000
646	100.000000
647	100.000000
648	100.000000
649	100.000000
650	100.000000
651	100.000000
652	100.000000
653	100.000000
654	100.000000
655	100.000000
656	100.000000
657	100.000000
658	100.000000
659	100.000000
660	100.000000
661	100.000000
662	100.000000
663	100.000000
664	100.000000
665	100.000000
666	100.000000
667	100.000000
668	100.000000
669	100.000000
670	100.000000
671	100.000000
672	100.000000
673	100.000000
674	100.000000
675	100.000000
676	100.000000
677	100.000000
678	100.000000
679	100.000000
680	100.000000
681	100.000000
682	100.000000
683	100.000000
684	100.000000
685	100.000000
686	100.000000
687	100.000000
688	100.000000
689	100.000000
690	100.000000
691	100.000000
692	100.000000
693	100.000000
694	100.000000
695	100.000000
696	100.000000
697	100.000000
698	100.000000
699	100.000000
700	100.000000
701	100.000000
702	100.000000
703	100.000000
704	100.000000
705	100.000000
706	100.000000
707	100.000000
708	100.000000
709	100.000000
710	100.000000
711	100.000000
712	100.000000
713	100.000000
714	100.000000
715	100.000000
716	100.000000
717	100.000000
718	100.000000
719	100.000000
720	100.000000
721	100.000000
722	100.000000
723	100.000000
724	100.000000
725	100.000000
726	100.000000
727	100.000000
728	100.000000
729	100.000000
730	100.000000
731	100.000000
732	100.000000
733	100.000000
734	100.000000
735	100.000000
736	100.000000
737	100.000000
738	100.000000
739	100.000000
740	100.000000
741	100.000000
742	100.000000
743	100.000000
744	100.000000
745	100.000000
746	100.000000
747	100.000000
748	100.000000
749	100.000000
750	100.000000
751	100.000000
752	100.000000
753	100.000000
754	100.000000
755	100.000000
756	100.000000
757	100.000000
758	100.000000
759	100.000000
760	100.000000
761	100.000000
762	100.000000
763	100.000000
764	100.000000
765	100.000000
766	100.000000
767	100.000000
768	100.000000
769	100.000000
770	100.000000
771	100.000000
772	100.000000
773	100.000000
774	100.000000
775	100.000000
776	100.000000
777	100.000000
778	100.000000
779	100.000000
780	100.000000
781	100.000000
782	100.000000
783	100.000000
784	100.000000
785	100.000000
786	100.000000
787	100.000000
788	100.000000
789	100.000000
790	100.000000
791	100.000000
792	100.000000
793	100.000000
794	100.000000
795	100.000000
796	100.000000
797	100.000000
798	100.000000
799	100.000000
800	100.000000
801	100.000000
802	100.000000
803	100.000000
804	100.000000
805	100.000000
806	100.000000
807	100.000000
808	100.000000
809	100.000000
810	100.000000
811	100.000000
812	100.000000
813	100.000000
814	100.000000
815	100.000000
816	100.000000
817	100.000000
818	100.000000
819	100.000000
820	100.000000
821	100.000000
822	100.000000
823	100.000000
824	100.000000
825	100.000000
826	100.000000
827	100.000000
828	100.000000
829	100.000000
830	100.000000
831	100.000000
832	100.000000
833	100.000000
834	100.000000
835	100.000000
836	100.000000
837	100.000000
838	100.000000
839	100.000000
840	100.000000
841	100.000000
842	100.000000
843	100.000000
844	100.000000
845	100.000000
846	100.000000
847	100.000000
848	100.000000
849	100.000000
850	100.000000
851	100.000000
852	100.000000
853	100.000000
854	100.000000
855	100.000000
856	100.000000
857	100.000000
858	100.000000
859	100.000000
860	100.000000
861	100.000000
862	100.000000
863	100.000000
864	100.000000
865	100.000000
866	100.000000
867	100.000000
868	100.000000
869	100.000000
870	100.000000
871	100.000000
872	100.000000
873	100.000000
874	100.000000
875	100.000000
876	100.000000
877	100.000000
878	100.000000
879	100.000000
880	100.000000
881	100.000000
882	100.000000
883	100.000000
884	100.000000
885	100.000000
886	100.000000
887	100.000000
888	100.000000
889	100.000000
890	100.000000
891	100.000000
892	100.000000
893	100.000000
894	100.000000
895	100.000000
896	100.000000
897	100.000000
898	100.000000
899	100.000000
900	100.000000
901	100.000000
902	100.000000
903	100.000000
904	100.000000
905	100.000000
906	100.000000
907	100.000000
908	100.000000
909	100.000000
910	100.000000
911	100.000000
912	100.000000
913	100.000000
914	100.000000
915	100.000000
916	100.000000
917	100.000000
918	100.000000
919	100.000000
920	100.000000
921	100.000000
922	100.000000
923	100.000000
924	100.000000
925	100.000000
926	100.000000
927	100.000000
928	100.000000
929	100.000000
930	100.000000
931	100.000000
932	100.000000
933	100.000000
934	100.000000
935	100.000000
936	100.000000
937	100.000000
938	100.000000
939	100.000000
940	100.000000
941	100.000000
942	100.000000
943	100.000000
944	100.000000
945	100.000000
946	100.000000
947	100.000000
948	100.000000
949	100.000000
950	100.000000
951	100.000000
952	100.000000
953	100.000000
954	100.000000
955	100.000000
956	100.000000
957	100.000000
958	100.000000
959	100.000000
960	100.000000
961	100.000000
962	100.000000
963	100.000000
964	100.000000
965	100.000000
966	100.000000
967	100.000000
968	100.000000
969	100.000000
970	100.000000
971	100.000000
972	100.000000
973	100.000000
974	100.000000
975	100.000000
976	100.000000
977	100.000000
978	100.000000
979	100.000000
980	100.000000
981	100.000000
982	100.000000
983	100.000000
984	100.000000
985	100.000000
986	100.000000
987	100.000000
988	100.000000
989	100.000000
990	100.000000
991	100.000000
992	100.000000
993	100.000000
994	100.000000
995	100.000000
996	100.000000
997	100.000000
998	100.000000
999	100.000000
1000	100.000000
;

