# seed = 1254829604

param N := 1000;

param M := 10;

param Umax := 100.000000;

param: C :=
1	258225.720079
2	270933.208163
3	300394.323464
4	277985.276273
5	236667.452430
6	257714.599076
7	291089.764008
8	284747.669683
9	280949.932834
10	163951.824549
;

param: a :=
1	0.130582
2	0.117711
3	0.147393
4	0.104816
5	0.110462
6	0.196812
7	0.124931
8	0.176966
9	0.198568
10	0.152644
11	0.103469
12	0.137902
13	0.171436
14	0.107054
15	0.175608
16	0.130826
17	0.164191
18	0.107771
19	0.110018
20	0.187058
21	0.125408
22	0.130996
23	0.133754
24	0.179769
25	0.183246
26	0.179709
27	0.140758
28	0.158024
29	0.174046
30	0.145378
31	0.151999
32	0.153563
33	0.114606
34	0.124975
35	0.117153
36	0.183956
37	0.190862
38	0.185202
39	0.119459
40	0.161036
41	0.100997
42	0.118033
43	0.111589
44	0.152205
45	0.147209
46	0.186238
47	0.105204
48	0.102344
49	0.118774
50	0.159692
51	0.173355
52	0.102503
53	0.131914
54	0.143283
55	0.198456
56	0.184823
57	0.177887
58	0.173720
59	0.140808
60	0.190469
61	0.190387
62	0.103093
63	0.134772
64	0.195884
65	0.130020
66	0.180096
67	0.100297
68	0.165505
69	0.141349
70	0.124658
71	0.169001
72	0.125807
73	0.145138
74	0.133006
75	0.194964
76	0.193732
77	0.105408
78	0.173561
79	0.141565
80	0.154702
81	0.186471
82	0.186697
83	0.155314
84	0.132051
85	0.186054
86	0.147265
87	0.189731
88	0.112269
89	0.122000
90	0.191065
91	0.147113
92	0.180468
93	0.197938
94	0.150567
95	0.158489
96	0.165876
97	0.100920
98	0.144381
99	0.103273
100	0.193262
101	0.120077
102	0.135108
103	0.166837
104	0.130160
105	0.175056
106	0.173399
107	0.193091
108	0.139220
109	0.176722
110	0.114799
111	0.150015
112	0.130360
113	0.143085
114	0.172706
115	0.103408
116	0.159425
117	0.154381
118	0.142413
119	0.188764
120	0.193636
121	0.145002
122	0.183017
123	0.165140
124	0.190141
125	0.157288
126	0.151122
127	0.163368
128	0.143430
129	0.117639
130	0.153631
131	0.174458
132	0.132240
133	0.143361
134	0.121917
135	0.194324
136	0.161267
137	0.134216
138	0.142009
139	0.128385
140	0.188979
141	0.190762
142	0.176180
143	0.159114
144	0.112471
145	0.181169
146	0.189373
147	0.123404
148	0.152068
149	0.191930
150	0.164150
151	0.151323
152	0.141210
153	0.197906
154	0.117140
155	0.129270
156	0.111108
157	0.190265
158	0.119229
159	0.158020
160	0.130973
161	0.122732
162	0.177826
163	0.130312
164	0.178250
165	0.157117
166	0.110313
167	0.115314
168	0.192548
169	0.121521
170	0.184153
171	0.129233
172	0.193631
173	0.100780
174	0.153569
175	0.171803
176	0.196246
177	0.141794
178	0.101556
179	0.146042
180	0.178450
181	0.132344
182	0.172816
183	0.199442
184	0.157645
185	0.167081
186	0.140393
187	0.166812
188	0.108613
189	0.102573
190	0.197882
191	0.144576
192	0.143740
193	0.103366
194	0.138571
195	0.120132
196	0.100759
197	0.149972
198	0.160263
199	0.118152
200	0.124255
201	0.104310
202	0.153106
203	0.107957
204	0.131769
205	0.175237
206	0.197907
207	0.111630
208	0.138965
209	0.124811
210	0.173065
211	0.158520
212	0.106756
213	0.143340
214	0.169051
215	0.188080
216	0.145035
217	0.192342
218	0.196402
219	0.135784
220	0.186845
221	0.105812
222	0.149672
223	0.136309
224	0.126951
225	0.183732
226	0.155156
227	0.151888
228	0.108331
229	0.169653
230	0.180106
231	0.196145
232	0.187640
233	0.186099
234	0.108944
235	0.127209
236	0.184539
237	0.189872
238	0.158029
239	0.180011
240	0.112326
241	0.103246
242	0.131516
243	0.155656
244	0.150009
245	0.188129
246	0.164379
247	0.139817
248	0.178146
249	0.199708
250	0.182544
251	0.133415
252	0.155621
253	0.134493
254	0.107849
255	0.139238
256	0.187235
257	0.111592
258	0.144492
259	0.184536
260	0.158434
261	0.187793
262	0.118469
263	0.154983
264	0.177145
265	0.163478
266	0.177115
267	0.123609
268	0.141711
269	0.110285
270	0.153925
271	0.151411
272	0.121933
273	0.194999
274	0.131605
275	0.182328
276	0.166597
277	0.133133
278	0.109155
279	0.187373
280	0.160549
281	0.175248
282	0.130241
283	0.197431
284	0.199784
285	0.113421
286	0.157441
287	0.181910
288	0.139397
289	0.111160
290	0.183315
291	0.130763
292	0.134740
293	0.171635
294	0.149191
295	0.172637
296	0.119254
297	0.181026
298	0.179926
299	0.101984
300	0.174560
301	0.189011
302	0.155147
303	0.176253
304	0.134094
305	0.165581
306	0.116385
307	0.156563
308	0.134699
309	0.166867
310	0.124800
311	0.176143
312	0.122504
313	0.155745
314	0.100555
315	0.180838
316	0.123923
317	0.162801
318	0.114653
319	0.125960
320	0.169297
321	0.150185
322	0.193833
323	0.132227
324	0.122151
325	0.169547
326	0.156851
327	0.173981
328	0.101249
329	0.107317
330	0.159132
331	0.110209
332	0.136882
333	0.108502
334	0.121642
335	0.110046
336	0.141465
337	0.185365
338	0.110008
339	0.111468
340	0.106546
341	0.183564
342	0.132407
343	0.174940
344	0.197681
345	0.144197
346	0.148326
347	0.187153
348	0.189955
349	0.188124
350	0.101977
351	0.183990
352	0.184052
353	0.149525
354	0.175665
355	0.104006
356	0.143546
357	0.161542
358	0.108858
359	0.106373
360	0.124885
361	0.165388
362	0.135528
363	0.191680
364	0.111570
365	0.185140
366	0.193638
367	0.163226
368	0.114960
369	0.148318
370	0.160044
371	0.124197
372	0.121596
373	0.142576
374	0.194268
375	0.113045
376	0.119975
377	0.142033
378	0.126116
379	0.199103
380	0.154264
381	0.115771
382	0.196021
383	0.103761
384	0.186154
385	0.189827
386	0.151225
387	0.196553
388	0.187914
389	0.138813
390	0.193195
391	0.162183
392	0.130487
393	0.149177
394	0.188842
395	0.104928
396	0.192688
397	0.107316
398	0.183267
399	0.174689
400	0.190832
401	0.128762
402	0.137160
403	0.103045
404	0.145695
405	0.120438
406	0.178306
407	0.183324
408	0.141271
409	0.111673
410	0.104803
411	0.127092
412	0.129364
413	0.157176
414	0.166190
415	0.117937
416	0.168582
417	0.104256
418	0.140695
419	0.183483
420	0.106507
421	0.126124
422	0.134981
423	0.150691
424	0.153669
425	0.191919
426	0.144971
427	0.194722
428	0.121454
429	0.101768
430	0.165594
431	0.169214
432	0.116287
433	0.194883
434	0.127733
435	0.110498
436	0.176044
437	0.183220
438	0.181384
439	0.188239
440	0.149938
441	0.167870
442	0.162833
443	0.159761
444	0.151336
445	0.126555
446	0.159034
447	0.199776
448	0.132991
449	0.119301
450	0.113523
451	0.145226
452	0.143300
453	0.130968
454	0.130437
455	0.110012
456	0.186647
457	0.128592
458	0.105125
459	0.129399
460	0.145737
461	0.190513
462	0.147300
463	0.179696
464	0.144759
465	0.134494
466	0.170658
467	0.119984
468	0.196458
469	0.137843
470	0.187686
471	0.170498
472	0.176505
473	0.151673
474	0.136116
475	0.164261
476	0.158997
477	0.108161
478	0.174936
479	0.197771
480	0.109904
481	0.129114
482	0.112793
483	0.112939
484	0.107556
485	0.166559
486	0.155995
487	0.163641
488	0.165975
489	0.101674
490	0.197811
491	0.151084
492	0.118824
493	0.127427
494	0.156326
495	0.145755
496	0.156491
497	0.173136
498	0.187588
499	0.188345
500	0.123307
501	0.142286
502	0.148842
503	0.117638
504	0.131835
505	0.144760
506	0.156974
507	0.114187
508	0.198228
509	0.125793
510	0.121849
511	0.134263
512	0.155809
513	0.174974
514	0.143500
515	0.178512
516	0.120864
517	0.187635
518	0.175196
519	0.143024
520	0.139291
521	0.139015
522	0.140573
523	0.159921
524	0.142078
525	0.114121
526	0.156524
527	0.131193
528	0.176275
529	0.143510
530	0.160580
531	0.175164
532	0.111308
533	0.176482
534	0.170498
535	0.101976
536	0.102223
537	0.155411
538	0.189665
539	0.158887
540	0.193710
541	0.175302
542	0.163187
543	0.162299
544	0.137207
545	0.140283
546	0.171547
547	0.104995
548	0.106348
549	0.134363
550	0.141009
551	0.105458
552	0.153847
553	0.151546
554	0.199622
555	0.136836
556	0.108902
557	0.113996
558	0.174490
559	0.170203
560	0.151717
561	0.124541
562	0.115293
563	0.152253
564	0.172823
565	0.125008
566	0.184409
567	0.124169
568	0.123186
569	0.141289
570	0.129502
571	0.150612
572	0.131719
573	0.176316
574	0.157661
575	0.166238
576	0.193795
577	0.199765
578	0.143784
579	0.175245
580	0.113568
581	0.182303
582	0.175450
583	0.146115
584	0.155882
585	0.132490
586	0.183453
587	0.129310
588	0.145514
589	0.138435
590	0.175591
591	0.146728
592	0.118611
593	0.121176
594	0.127765
595	0.115236
596	0.104330
597	0.183759
598	0.179813
599	0.178424
600	0.164652
601	0.142765
602	0.160036
603	0.150506
604	0.174372
605	0.129546
606	0.121687
607	0.199112
608	0.128751
609	0.100947
610	0.193334
611	0.193913
612	0.147231
613	0.139774
614	0.162288
615	0.198856
616	0.168550
617	0.122337
618	0.142564
619	0.192063
620	0.192489
621	0.160778
622	0.154966
623	0.172046
624	0.194271
625	0.130572
626	0.198968
627	0.170355
628	0.171054
629	0.125423
630	0.135294
631	0.108752
632	0.199858
633	0.110634
634	0.157988
635	0.100833
636	0.155677
637	0.178146
638	0.129277
639	0.123025
640	0.130159
641	0.131050
642	0.133993
643	0.158027
644	0.192966
645	0.186304
646	0.156439
647	0.166578
648	0.163602
649	0.132637
650	0.119338
651	0.192612
652	0.173368
653	0.156616
654	0.102106
655	0.170496
656	0.195334
657	0.129087
658	0.169058
659	0.111644
660	0.154245
661	0.105442
662	0.194109
663	0.103272
664	0.155808
665	0.164375
666	0.132474
667	0.180234
668	0.166225
669	0.165635
670	0.119242
671	0.158031
672	0.133946
673	0.146333
674	0.105638
675	0.198628
676	0.180122
677	0.169292
678	0.183290
679	0.196248
680	0.172828
681	0.165418
682	0.145227
683	0.135547
684	0.112799
685	0.163520
686	0.154158
687	0.117568
688	0.149887
689	0.150912
690	0.101807
691	0.198317
692	0.101590
693	0.177657
694	0.199465
695	0.171372
696	0.169202
697	0.150490
698	0.178246
699	0.197800
700	0.111911
701	0.135210
702	0.107713
703	0.111754
704	0.119135
705	0.173747
706	0.189897
707	0.185579
708	0.159453
709	0.195245
710	0.172839
711	0.182281
712	0.145336
713	0.146355
714	0.143363
715	0.124593
716	0.165910
717	0.169423
718	0.175091
719	0.176686
720	0.174910
721	0.105936
722	0.168044
723	0.163661
724	0.124547
725	0.141307
726	0.142261
727	0.193994
728	0.189314
729	0.179739
730	0.179131
731	0.194984
732	0.121113
733	0.167928
734	0.147724
735	0.150439
736	0.106550
737	0.159048
738	0.138206
739	0.152227
740	0.129830
741	0.197256
742	0.171823
743	0.123016
744	0.151279
745	0.115994
746	0.178279
747	0.116945
748	0.186760
749	0.172399
750	0.147987
751	0.167779
752	0.195865
753	0.145150
754	0.109115
755	0.164253
756	0.135337
757	0.169766
758	0.178154
759	0.154941
760	0.113557
761	0.116834
762	0.157495
763	0.195871
764	0.100341
765	0.133374
766	0.162826
767	0.127172
768	0.181472
769	0.161888
770	0.115702
771	0.181423
772	0.135553
773	0.122181
774	0.102739
775	0.110167
776	0.124889
777	0.192166
778	0.172494
779	0.132892
780	0.178191
781	0.138747
782	0.123808
783	0.103405
784	0.115456
785	0.171522
786	0.141032
787	0.128949
788	0.183078
789	0.137367
790	0.163763
791	0.176130
792	0.195941
793	0.169821
794	0.170899
795	0.160068
796	0.135611
797	0.197839
798	0.163665
799	0.102893
800	0.184176
801	0.143861
802	0.125647
803	0.138884
804	0.124745
805	0.197284
806	0.116479
807	0.118595
808	0.110669
809	0.186333
810	0.168915
811	0.101602
812	0.163272
813	0.100021
814	0.106710
815	0.199934
816	0.119308
817	0.103131
818	0.159880
819	0.192791
820	0.149833
821	0.177095
822	0.134136
823	0.190022
824	0.151463
825	0.137053
826	0.149599
827	0.184581
828	0.183729
829	0.195274
830	0.173812
831	0.117418
832	0.160404
833	0.133891
834	0.189769
835	0.178736
836	0.199933
837	0.139931
838	0.151659
839	0.145686
840	0.151189
841	0.108676
842	0.172504
843	0.177202
844	0.195454
845	0.180890
846	0.104885
847	0.192037
848	0.133643
849	0.107812
850	0.147003
851	0.127779
852	0.190607
853	0.141534
854	0.185605
855	0.164773
856	0.132814
857	0.151534
858	0.188822
859	0.179863
860	0.160027
861	0.138524
862	0.164365
863	0.179312
864	0.175380
865	0.164835
866	0.109831
867	0.102653
868	0.128764
869	0.118179
870	0.127831
871	0.120624
872	0.103070
873	0.124642
874	0.139600
875	0.133615
876	0.145913
877	0.112279
878	0.188984
879	0.131833
880	0.148709
881	0.103019
882	0.148503
883	0.146548
884	0.177241
885	0.110855
886	0.179453
887	0.167217
888	0.174008
889	0.112934
890	0.150990
891	0.111697
892	0.196827
893	0.113173
894	0.103365
895	0.150807
896	0.180790
897	0.164073
898	0.162685
899	0.165302
900	0.102469
901	0.126422
902	0.167421
903	0.114526
904	0.113498
905	0.111518
906	0.127432
907	0.102744
908	0.190178
909	0.152474
910	0.192045
911	0.124942
912	0.149491
913	0.110483
914	0.140762
915	0.177557
916	0.144857
917	0.150072
918	0.162589
919	0.180737
920	0.124180
921	0.116883
922	0.158616
923	0.169019
924	0.179052
925	0.159796
926	0.185186
927	0.167340
928	0.132552
929	0.156574
930	0.176084
931	0.193062
932	0.181944
933	0.163381
934	0.117935
935	0.125220
936	0.182755
937	0.123501
938	0.107360
939	0.164173
940	0.122394
941	0.179073
942	0.161661
943	0.178401
944	0.168640
945	0.129647
946	0.109662
947	0.124035
948	0.117787
949	0.181390
950	0.130580
951	0.170772
952	0.162333
953	0.149399
954	0.183465
955	0.169863
956	0.190138
957	0.118798
958	0.138337
959	0.124861
960	0.107212
961	0.150352
962	0.142199
963	0.191371
964	0.118283
965	0.165789
966	0.155270
967	0.142671
968	0.174668
969	0.165081
970	0.111826
971	0.145598
972	0.159873
973	0.138496
974	0.152110
975	0.152863
976	0.198338
977	0.178590
978	0.164976
979	0.120462
980	0.172700
981	0.161380
982	0.177190
983	0.158481
984	0.130458
985	0.152970
986	0.145708
987	0.183457
988	0.199584
989	0.182635
990	0.187216
991	0.124083
992	0.187589
993	0.157765
994	0.150892
995	0.109102
996	0.113880
997	0.171628
998	0.152704
999	0.137501
1000	0.191936
;

param: b :=
1	68.508058
2	29.329602
3	96.022865
4	84.206261
5	84.026300
6	32.396850
7	93.795472
8	87.300991
9	46.429128
10	10.404964
11	42.013787
12	2.548995
13	96.843232
14	67.892539
15	82.448511
16	46.148739
17	35.970047
18	51.868575
19	99.660002
20	76.629838
21	16.399777
22	69.591576
23	93.629467
24	61.238212
25	34.042626
26	90.927893
27	63.595988
28	14.713740
29	47.830610
30	91.877359
31	88.088568
32	20.829740
33	74.569282
34	20.749779
35	70.973821
36	0.311614
37	98.490740
38	94.369217
39	82.694907
40	67.048507
41	51.189292
42	67.610641
43	83.853403
44	90.033431
45	32.105579
46	10.994412
47	53.405603
48	58.187268
49	20.367515
50	83.572511
51	25.930208
52	0.408980
53	48.934518
54	30.478192
55	66.728410
56	93.180499
57	73.410811
58	8.714850
59	92.517336
60	90.314334
61	36.201138
62	34.834434
63	62.648681
64	6.323951
65	24.683168
66	21.869342
67	21.613200
68	8.387627
69	63.146740
70	45.534332
71	32.253790
72	8.542462
73	88.132480
74	6.459591
75	80.814062
76	75.419598
77	64.807455
78	85.307163
79	4.222526
80	35.953279
81	51.480209
82	78.184388
83	68.104227
84	38.781666
85	75.412165
86	2.030854
87	85.372749
88	32.659680
89	45.244741
90	92.849299
91	90.030966
92	96.466840
93	84.510954
94	20.234963
95	20.576477
96	13.013656
97	62.236344
98	83.496998
99	81.710381
100	34.581033
101	14.884498
102	41.362694
103	10.252375
104	18.240087
105	41.338207
106	31.106196
107	3.386405
108	81.933212
109	55.904131
110	25.604120
111	86.633354
112	7.136680
113	83.384710
114	84.691053
115	69.663840
116	19.724808
117	57.442999
118	89.748225
119	41.082236
120	55.303168
121	9.187132
122	34.089125
123	28.109807
124	25.488892
125	77.222485
126	14.350959
127	67.368997
128	64.293868
129	42.407656
130	6.739997
131	88.165065
132	90.147799
133	10.730953
134	16.107896
135	15.678494
136	14.087539
137	86.696836
138	38.877308
139	8.600872
140	30.184948
141	39.605533
142	87.811989
143	49.414083
144	34.253261
145	56.726220
146	67.119227
147	77.521909
148	43.486430
149	25.332812
150	91.148271
151	40.246553
152	48.790609
153	59.793234
154	1.980164
155	0.948991
156	1.518285
157	14.261492
158	7.690441
159	2.641055
160	88.231740
161	30.828758
162	27.371003
163	38.865849
164	50.383902
165	58.739403
166	91.962720
167	87.577535
168	91.339892
169	92.575242
170	4.340878
171	54.306290
172	97.305557
173	27.008578
174	17.677761
175	6.301508
176	34.763498
177	99.592704
178	99.224820
179	9.594976
180	49.340977
181	82.115438
182	1.106543
183	51.343515
184	87.257609
185	87.578011
186	83.459497
187	25.139582
188	80.051925
189	75.544617
190	31.276872
191	21.125343
192	90.636304
193	43.242813
194	87.865865
195	72.250831
196	58.959419
197	93.839718
198	54.102781
199	73.223511
200	65.294388
201	74.917350
202	44.582211
203	80.238459
204	2.349739
205	84.640078
206	73.267935
207	42.560116
208	71.958876
209	41.876599
210	44.264736
211	93.006053
212	1.858285
213	95.043608
214	85.275994
215	24.827530
216	43.608297
217	89.867180
218	94.491183
219	55.030166
220	87.503800
221	60.780478
222	11.918474
223	23.601434
224	87.095044
225	58.411664
226	43.526220
227	47.585263
228	13.908033
229	19.572877
230	29.737045
231	69.665504
232	5.116278
233	3.896581
234	71.437453
235	4.984701
236	76.083992
237	78.044995
238	88.288364
239	14.001486
240	83.429299
241	21.576167
242	62.059190
243	58.896316
244	45.367253
245	63.141548
246	44.648569
247	16.170242
248	95.078729
249	27.440547
250	71.721330
251	18.505929
252	85.064718
253	16.494036
254	73.231046
255	63.306921
256	44.780925
257	80.796265
258	85.206573
259	74.461447
260	6.543942
261	72.807444
262	47.484916
263	86.801476
264	93.138292
265	48.227283
266	0.289224
267	7.684747
268	75.526593
269	76.519433
270	63.092142
271	18.996139
272	36.094293
273	99.007459
274	43.375794
275	57.309863
276	73.789355
277	36.312986
278	30.077231
279	65.294895
280	82.648733
281	74.468825
282	83.276958
283	69.723472
284	54.890328
285	18.544399
286	78.453846
287	43.024698
288	99.133639
289	4.951317
290	15.435866
291	4.681097
292	78.684877
293	68.886438
294	56.095927
295	3.331451
296	61.399277
297	55.593376
298	80.917522
299	52.600584
300	40.660686
301	84.110049
302	76.832944
303	70.591566
304	13.519379
305	91.600002
306	76.921229
307	30.791286
308	47.873676
309	34.545090
310	58.217781
311	88.067851
312	39.613729
313	2.798182
314	62.947713
315	32.625208
316	13.668792
317	81.723906
318	24.738822
319	37.747830
320	38.700300
321	93.533978
322	29.892946
323	71.600122
324	71.103631
325	92.677045
326	12.616591
327	35.980625
328	4.897960
329	29.547966
330	46.665466
331	27.253362
332	57.915321
333	80.385133
334	28.597775
335	0.802555
336	54.475543
337	8.776987
338	28.306394
339	1.698984
340	12.801809
341	12.939639
342	80.495537
343	89.755643
344	24.382348
345	76.904790
346	65.838486
347	89.534935
348	26.650519
349	27.653219
350	73.645384
351	55.661005
352	51.593859
353	52.071328
354	21.151752
355	72.849847
356	26.779181
357	93.946177
358	61.581343
359	39.174598
360	29.138109
361	1.856041
362	10.452812
363	19.529583
364	94.442104
365	66.750768
366	88.595492
367	50.549396
368	85.467536
369	60.077996
370	74.243330
371	3.823974
372	41.101145
373	34.183253
374	45.837281
375	70.494536
376	36.073640
377	84.276264
378	64.999960
379	24.821484
380	70.182189
381	36.899291
382	10.058872
383	45.465379
384	88.458685
385	58.097670
386	14.231292
387	68.531690
388	55.427474
389	40.677288
390	79.381968
391	36.892278
392	8.934175
393	31.234074
394	12.074776
395	96.329088
396	2.449108
397	46.350134
398	34.276673
399	43.534494
400	93.757455
401	41.827745
402	11.118786
403	13.413880
404	72.717929
405	33.377611
406	11.462152
407	86.837918
408	68.086591
409	97.846378
410	99.003999
411	76.721547
412	16.007784
413	44.738203
414	88.636412
415	94.249988
416	10.338230
417	55.689238
418	24.689731
419	6.684203
420	10.595033
421	68.195669
422	75.990428
423	85.799145
424	34.728631
425	46.550314
426	29.267901
427	13.780813
428	17.125551
429	56.214069
430	15.713640
431	63.327383
432	5.105983
433	12.559160
434	64.059112
435	26.680122
436	60.560251
437	30.234763
438	24.837810
439	91.623260
440	22.515123
441	72.265366
442	69.710712
443	50.491717
444	36.441741
445	35.050853
446	31.726554
447	25.191831
448	36.716316
449	20.544373
450	31.603408
451	23.958981
452	29.065050
453	95.423720
454	29.717727
455	38.306396
456	78.014198
457	43.916199
458	85.358518
459	73.567423
460	71.414674
461	61.772341
462	88.205308
463	26.069680
464	84.197394
465	17.170662
466	56.660994
467	61.183395
468	96.010779
469	80.431496
470	13.414189
471	75.666893
472	41.520943
473	26.051583
474	18.325282
475	24.906201
476	71.504731
477	73.196282
478	3.022286
479	69.860484
480	7.262348
481	44.937503
482	87.603352
483	27.929344
484	76.219345
485	90.907207
486	11.605084
487	95.162370
488	95.666149
489	79.174772
490	72.727967
491	21.838971
492	71.346253
493	51.781051
494	30.621588
495	69.372258
496	86.929176
497	64.253164
498	48.731524
499	50.160232
500	77.227774
501	99.381713
502	74.808925
503	29.249839
504	69.274031
505	71.131292
506	56.718918
507	44.687862
508	77.327733
509	91.295649
510	9.858788
511	74.496900
512	33.404468
513	39.257472
514	82.929401
515	7.107743
516	63.052543
517	97.382888
518	7.220514
519	14.797786
520	67.019305
521	62.874508
522	7.762008
523	23.198212
524	2.402776
525	92.320375
526	24.960400
527	77.967885
528	27.208780
529	3.327180
530	53.852600
531	56.530184
532	88.711699
533	25.359925
534	24.954565
535	86.635197
536	48.526179
537	10.323260
538	62.187931
539	33.306834
540	35.016829
541	34.890244
542	49.212458
543	70.860281
544	99.429534
545	27.316653
546	15.707303
547	53.789073
548	32.959672
549	40.009933
550	66.265448
551	65.220038
552	66.566282
553	85.694868
554	41.405987
555	83.976713
556	97.115011
557	63.563724
558	29.855104
559	28.960497
560	68.667680
561	76.980403
562	92.570286
563	8.590181
564	14.015571
565	68.174880
566	72.975234
567	14.374173
568	41.720102
569	5.640231
570	28.351056
571	68.963354
572	55.410814
573	61.776310
574	89.601818
575	89.562644
576	40.644377
577	3.588130
578	25.981396
579	83.296988
580	92.522999
581	9.728900
582	24.727272
583	48.657782
584	43.462421
585	61.127978
586	71.423023
587	5.071464
588	35.119919
589	53.144508
590	75.608970
591	76.983487
592	63.921959
593	36.434146
594	91.333280
595	26.931211
596	23.497527
597	47.343160
598	24.990127
599	7.250179
600	97.950508
601	11.111504
602	98.602470
603	66.062229
604	75.292885
605	44.529885
606	62.746237
607	8.854554
608	72.526609
609	61.772787
610	21.879693
611	20.311388
612	84.217007
613	59.008928
614	38.257874
615	64.964548
616	13.081093
617	95.009258
618	2.083900
619	63.489138
620	13.511570
621	35.370556
622	40.625932
623	11.654734
624	38.767109
625	28.090538
626	44.050087
627	70.999698
628	67.814289
629	11.298461
630	56.425827
631	34.457966
632	33.691202
633	63.038838
634	97.623410
635	67.112237
636	4.913835
637	10.697501
638	98.548617
639	69.980710
640	95.924789
641	74.693943
642	34.901457
643	97.832116
644	30.561878
645	95.102846
646	70.733936
647	81.663575
648	5.297231
649	70.856727
650	73.147503
651	0.712466
652	8.940222
653	68.911610
654	39.506592
655	30.532492
656	12.648885
657	90.649701
658	42.783936
659	37.695181
660	54.967148
661	70.253971
662	23.969738
663	7.058324
664	0.099560
665	19.542766
666	32.648292
667	91.022256
668	57.738468
669	45.711187
670	34.100164
671	2.874559
672	9.378834
673	41.551194
674	15.217988
675	14.900684
676	60.638004
677	15.005659
678	64.778909
679	43.549488
680	87.867836
681	34.374725
682	48.907826
683	41.812298
684	20.849147
685	10.336880
686	3.995308
687	27.335409
688	14.829184
689	21.842886
690	84.598012
691	2.752368
692	14.090032
693	99.591332
694	1.660854
695	95.405767
696	2.341506
697	47.769314
698	61.102482
699	93.818355
700	0.607707
701	67.305222
702	14.211616
703	10.005436
704	34.325789
705	38.726336
706	28.375189
707	72.359837
708	33.799367
709	41.387740
710	25.813975
711	77.206796
712	16.483184
713	71.392018
714	97.421151
715	70.189597
716	0.752914
717	79.984105
718	20.226563
719	43.492026
720	46.042097
721	30.781501
722	40.288851
723	40.149991
724	20.171384
725	24.286148
726	93.648665
727	27.078776
728	53.213934
729	12.423225
730	22.261907
731	55.704411
732	98.045495
733	88.114750
734	87.860679
735	69.209416
736	93.660709
737	79.208914
738	74.309529
739	74.225455
740	46.218007
741	6.766925
742	52.851773
743	20.057807
744	24.984544
745	36.544968
746	2.368799
747	36.168128
748	93.666188
749	24.733534
750	39.963587
751	11.544964
752	51.565030
753	94.067311
754	97.373575
755	16.835916
756	86.973434
757	39.612631
758	26.457467
759	9.756185
760	90.701643
761	87.386870
762	75.996140
763	72.744657
764	68.093613
765	19.745123
766	44.577965
767	97.403118
768	36.641837
769	90.689016
770	49.672428
771	78.870465
772	86.704928
773	54.758035
774	58.752450
775	78.685763
776	38.235471
777	55.034390
778	61.941649
779	49.143809
780	0.308155
781	58.904595
782	7.896099
783	93.664141
784	38.501583
785	13.966262
786	93.998476
787	64.956309
788	48.548484
789	6.156270
790	89.364939
791	17.279076
792	31.770100
793	36.733167
794	54.539085
795	64.125755
796	67.541414
797	22.406318
798	78.184878
799	60.571010
800	96.727382
801	54.265562
802	42.918253
803	50.885776
804	33.126046
805	72.552795
806	4.161766
807	46.911996
808	31.852868
809	75.138294
810	22.678661
811	77.514294
812	2.528173
813	76.975644
814	63.315073
815	90.181000
816	4.635125
817	98.635250
818	31.294588
819	61.563909
820	51.992362
821	64.802085
822	71.109821
823	48.060766
824	12.282346
825	31.466018
826	53.537680
827	4.218673
828	64.739144
829	78.908605
830	13.515036
831	58.243298
832	2.405442
833	73.725187
834	0.827899
835	12.173959
836	10.277536
837	60.944418
838	83.991226
839	1.035296
840	69.203290
841	98.991544
842	77.232109
843	0.176437
844	18.571360
845	57.296486
846	78.939500
847	32.522459
848	62.817977
849	56.579490
850	84.969006
851	35.648651
852	19.414857
853	88.577705
854	73.364640
855	80.470044
856	35.015791
857	2.656572
858	96.016178
859	72.695690
860	41.251758
861	66.509625
862	80.659636
863	70.852450
864	93.557020
865	91.844678
866	5.995827
867	34.136204
868	61.398105
869	97.614135
870	51.752536
871	64.944538
872	27.869230
873	94.466826
874	27.648239
875	20.419788
876	13.016090
877	62.443515
878	70.928321
879	30.535894
880	29.050177
881	35.221984
882	92.496413
883	9.326654
884	13.602828
885	17.424781
886	16.772433
887	39.539282
888	67.431176
889	53.978981
890	86.934611
891	9.957809
892	41.182214
893	99.969038
894	40.782346
895	94.917705
896	75.602866
897	84.687217
898	50.850872
899	70.652181
900	85.908829
901	39.604475
902	9.403354
903	23.039641
904	61.874675
905	66.398745
906	97.558978
907	32.063400
908	32.974931
909	44.524003
910	33.052145
911	31.477674
912	42.380265
913	87.086429
914	26.621592
915	63.316860
916	84.584071
917	75.387412
918	0.110592
919	97.198509
920	1.584718
921	87.352006
922	62.884291
923	24.611954
924	67.629772
925	92.505024
926	55.514768
927	62.333143
928	1.700126
929	66.046025
930	24.343840
931	11.221688
932	29.791904
933	4.195900
934	48.595198
935	17.753748
936	2.155047
937	14.533161
938	34.061468
939	68.812259
940	19.682397
941	96.593746
942	73.496048
943	72.550605
944	50.563852
945	21.742964
946	27.154306
947	22.185206
948	84.311102
949	21.008866
950	59.529760
951	18.956187
952	5.241423
953	29.540857
954	62.308403
955	51.277465
956	6.354417
957	75.686761
958	19.974232
959	38.607008
960	78.865932
961	13.577868
962	66.415041
963	62.693965
964	44.326787
965	19.651162
966	28.023161
967	51.058889
968	84.901309
969	61.746054
970	30.380162
971	17.924691
972	73.008774
973	96.461680
974	98.480441
975	10.942280
976	56.181014
977	55.998948
978	83.284106
979	70.231377
980	97.346133
981	49.628813
982	90.320035
983	9.199764
984	49.698193
985	97.667051
986	59.206162
987	99.611699
988	14.795874
989	8.229526
990	69.813624
991	56.081158
992	21.455245
993	11.294583
994	62.949995
995	15.440700
996	50.923936
997	80.611751
998	3.902964
999	12.261842
1000	47.692522
;

param: c :=
1	44.659287
2	22.070158
3	7.020785
4	78.907515
5	2.267508
6	34.010800
7	19.490714
8	76.826348
9	17.896674
10	1.674811
11	49.775556
12	20.453368
13	59.557651
14	53.734205
15	13.357625
16	98.442027
17	19.714092
18	44.255611
19	20.624344
20	58.479279
21	42.959094
22	56.053204
23	38.062608
24	59.464880
25	89.122192
26	80.247906
27	48.119432
28	71.952965
29	37.781390
30	62.536424
31	49.944820
32	82.886796
33	22.613940
34	73.000605
35	82.657490
36	74.959315
37	93.242757
38	60.441287
39	2.749293
40	66.170569
41	34.950623
42	6.434824
43	12.593507
44	19.028950
45	40.816794
46	41.227264
47	96.220467
48	4.671183
49	35.032565
50	15.232716
51	28.324431
52	86.882873
53	6.222736
54	47.276475
55	59.624207
56	81.668379
57	97.831953
58	87.991187
59	1.379820
60	51.130042
61	4.997204
62	62.869837
63	8.301453
64	77.575193
65	59.444574
66	62.028557
67	95.815981
68	6.458575
69	55.797758
70	2.074227
71	54.092347
72	85.523448
73	61.382127
74	1.814662
75	97.981488
76	75.999065
77	9.906682
78	1.795956
79	61.274772
80	51.636388
81	56.232185
82	77.661305
83	38.797833
84	12.911983
85	2.088427
86	14.312455
87	10.027533
88	48.009761
89	63.459889
90	49.247287
91	2.108746
92	39.390866
93	80.741203
94	63.133396
95	55.410249
96	74.223748
97	7.021313
98	7.904800
99	62.788329
100	9.911067
101	53.733847
102	49.847102
103	18.722194
104	96.778448
105	83.722659
106	59.933697
107	2.386135
108	20.235923
109	1.517632
110	48.002980
111	5.007281
112	55.583701
113	93.832916
114	12.142837
115	29.661867
116	90.711926
117	17.935692
118	98.317597
119	63.426577
120	71.244762
121	17.909076
122	33.837665
123	98.959864
124	77.246313
125	64.568027
126	15.122675
127	29.317130
128	76.122486
129	66.132484
130	50.972244
131	72.420859
132	23.230782
133	79.883295
134	56.301807
135	35.783205
136	39.017707
137	33.129488
138	15.870698
139	96.971303
140	97.386677
141	43.902585
142	14.150039
143	86.747626
144	94.928332
145	8.094225
146	95.179459
147	52.005811
148	91.879329
149	8.098515
150	51.830024
151	76.215714
152	85.505765
153	13.072201
154	70.585799
155	93.531327
156	70.775008
157	0.842709
158	22.469704
159	3.873360
160	54.533072
161	98.199602
162	69.715789
163	4.570608
164	13.036506
165	57.759969
166	18.063340
167	24.350005
168	31.211451
169	78.807086
170	74.113797
171	63.799687
172	7.259001
173	49.729041
174	31.862022
175	72.516299
176	36.733561
177	86.259445
178	83.890941
179	37.928025
180	52.402991
181	40.423425
182	67.489282
183	71.059240
184	56.161869
185	5.667314
186	32.690475
187	75.887112
188	31.106473
189	40.945110
190	48.504109
191	60.390447
192	9.594181
193	8.571420
194	30.530555
195	39.512661
196	77.159951
197	34.128790
198	34.719781
199	73.776014
200	40.342344
201	7.223041
202	94.954029
203	87.685200
204	44.704075
205	45.430905
206	76.657504
207	2.970485
208	30.965377
209	82.463407
210	86.312603
211	95.393273
212	15.287280
213	82.668128
214	85.855241
215	61.071717
216	81.588325
217	54.383127
218	95.676366
219	72.948685
220	86.617059
221	12.348001
222	74.932371
223	33.132838
224	5.827410
225	53.814962
226	64.367972
227	77.006988
228	26.387630
229	68.769381
230	97.360494
231	10.775995
232	69.872894
233	94.474627
234	82.041057
235	74.273762
236	37.507872
237	31.682513
238	33.121524
239	44.193083
240	48.545330
241	23.745414
242	93.638543
243	22.003890
244	47.832878
245	87.270820
246	21.056362
247	60.591901
248	55.749409
249	22.999158
250	60.145865
251	17.993537
252	95.476960
253	14.158987
254	75.135253
255	72.456588
256	56.740446
257	93.663402
258	86.547003
259	78.377571
260	42.777087
261	33.449479
262	79.825623
263	75.662248
264	1.594022
265	7.568492
266	53.465961
267	6.666017
268	15.419379
269	37.537110
270	18.304223
271	75.010961
272	61.140491
273	63.670659
274	31.592051
275	41.431564
276	6.349613
277	48.304075
278	31.387039
279	4.483631
280	10.335769
281	86.983096
282	68.122975
283	4.491662
284	7.944955
285	90.481056
286	52.236741
287	45.063811
288	42.981119
289	5.447292
290	5.576631
291	65.151712
292	1.039700
293	89.486375
294	36.913148
295	68.567651
296	34.418775
297	57.340345
298	55.522099
299	36.780423
300	25.395006
301	36.163793
302	23.593587
303	57.256905
304	97.686890
305	47.085861
306	23.730839
307	72.504358
308	65.203220
309	8.030720
310	81.657649
311	39.434010
312	67.350377
313	12.184962
314	43.398832
315	55.785059
316	14.966643
317	24.223619
318	44.566423
319	73.772005
320	28.944588
321	37.083967
322	96.071476
323	17.197830
324	98.573603
325	90.854605
326	69.522406
327	18.846562
328	71.843187
329	85.297553
330	57.102460
331	6.059457
332	83.189383
333	79.692015
334	96.348224
335	55.466462
336	71.982963
337	39.434842
338	67.756149
339	15.095495
340	57.645288
341	7.089808
342	62.758391
343	87.840275
344	9.486869
345	19.278350
346	80.866153
347	81.672108
348	9.060717
349	20.796430
350	66.410281
351	15.987426
352	80.792219
353	47.099944
354	72.965060
355	1.518318
356	22.459511
357	93.903960
358	48.808032
359	78.570593
360	91.523145
361	86.713798
362	53.437498
363	14.355521
364	58.640499
365	23.266613
366	49.361863
367	88.301728
368	27.908771
369	62.984555
370	40.104511
371	1.371824
372	56.129822
373	76.811693
374	69.590400
375	74.312820
376	7.411502
377	58.581823
378	72.840548
379	70.140653
380	1.536001
381	62.853147
382	49.002859
383	54.414874
384	53.869721
385	95.526145
386	4.194396
387	74.984501
388	68.674206
389	4.325674
390	91.478505
391	96.474463
392	11.091344
393	30.226730
394	46.067703
395	89.668643
396	68.938747
397	86.406543
398	12.993620
399	0.191814
400	79.770325
401	47.602814
402	53.530526
403	41.635887
404	51.480556
405	10.610362
406	32.050457
407	90.189643
408	16.387027
409	87.598812
410	60.015641
411	91.070562
412	8.813809
413	60.921939
414	43.751792
415	81.284376
416	46.562655
417	43.343029
418	9.398894
419	30.841953
420	42.685966
421	87.422228
422	84.069434
423	60.277395
424	5.815043
425	90.921329
426	1.550200
427	47.722516
428	97.179582
429	84.468235
430	84.976644
431	25.331353
432	15.356030
433	6.543646
434	11.829379
435	25.796334
436	4.438897
437	95.296224
438	95.475846
439	55.233690
440	98.287764
441	74.107627
442	27.792322
443	60.966467
444	83.880816
445	24.805385
446	52.348300
447	65.758818
448	88.568907
449	54.479813
450	12.043501
451	13.466437
452	37.474571
453	11.578683
454	6.023469
455	11.045310
456	50.176883
457	99.376814
458	43.012260
459	76.430153
460	0.011990
461	28.726856
462	4.277917
463	30.812079
464	53.487102
465	0.364217
466	29.563132
467	70.194109
468	50.946941
469	19.557672
470	43.701453
471	18.356401
472	43.251575
473	73.374807
474	70.772810
475	99.492523
476	6.975288
477	88.344983
478	85.579690
479	35.141860
480	10.053219
481	19.231929
482	0.260708
483	63.497670
484	57.469057
485	64.266968
486	69.315464
487	37.219288
488	11.372492
489	43.363810
490	56.677897
491	56.771281
492	35.145249
493	32.556746
494	30.320320
495	76.032334
496	7.271775
497	64.047784
498	50.950766
499	88.652435
500	45.428142
501	14.298409
502	75.429485
503	52.230872
504	7.888492
505	42.167461
506	69.260955
507	9.727558
508	37.814825
509	62.691564
510	42.255763
511	63.776230
512	64.628130
513	80.494486
514	45.070722
515	47.882402
516	94.989934
517	67.286467
518	7.217808
519	71.548352
520	82.428721
521	55.442259
522	67.131062
523	68.264793
524	81.829829
525	57.024371
526	82.858599
527	72.196970
528	72.627769
529	85.970332
530	32.937052
531	95.468916
532	67.159644
533	5.631996
534	39.204080
535	71.688295
536	52.262263
537	47.465840
538	31.222967
539	81.714665
540	6.940475
541	64.777550
542	71.362955
543	94.695341
544	83.927933
545	89.561096
546	26.852555
547	83.511592
548	49.991418
549	19.269430
550	49.203917
551	62.011677
552	2.924680
553	98.842837
554	88.426999
555	59.127244
556	79.300999
557	87.272414
558	25.149281
559	96.249930
560	5.424104
561	2.257607
562	30.200992
563	14.239554
564	14.452985
565	20.390537
566	5.888442
567	90.099892
568	90.613118
569	44.904441
570	59.181582
571	94.497770
572	63.196565
573	59.617746
574	29.923354
575	48.628913
576	73.442203
577	53.563038
578	30.001104
579	25.364679
580	39.314752
581	30.359339
582	61.515331
583	81.291909
584	68.902042
585	33.740344
586	88.513400
587	24.643208
588	60.731084
589	32.670389
590	96.284982
591	22.620251
592	6.261601
593	91.761453
594	31.223497
595	51.507281
596	22.266953
597	44.974090
598	91.733801
599	68.548324
600	44.402576
601	13.378067
602	82.515524
603	46.560453
604	97.431832
605	68.617334
606	12.665636
607	69.733141
608	1.729653
609	20.891840
610	32.545889
611	32.515673
612	81.151960
613	59.160766
614	44.026096
615	11.297322
616	34.351639
617	24.157859
618	41.756643
619	20.989265
620	11.253749
621	42.493720
622	68.199198
623	36.731405
624	68.591733
625	25.971789
626	92.825729
627	15.935491
628	83.701236
629	68.786329
630	46.269098
631	20.544048
632	30.069388
633	14.912314
634	43.701749
635	48.174665
636	85.692851
637	43.257697
638	79.112241
639	54.271390
640	94.173936
641	4.725879
642	49.227451
643	47.544710
644	95.071143
645	59.888974
646	28.964806
647	19.288477
648	95.789836
649	22.815102
650	2.703484
651	40.328339
652	12.021487
653	41.217233
654	45.513170
655	23.192863
656	83.861749
657	27.770121
658	52.090646
659	14.028708
660	53.106271
661	83.395087
662	76.214113
663	12.657392
664	19.257841
665	18.873900
666	27.371452
667	2.660078
668	43.627264
669	42.767876
670	76.852635
671	61.541392
672	13.926496
673	85.980940
674	62.918797
675	3.368593
676	27.293195
677	2.012183
678	1.289747
679	67.647251
680	7.760157
681	52.034250
682	36.408952
683	20.887788
684	37.424421
685	61.615519
686	80.434087
687	74.116409
688	45.029392
689	29.161958
690	80.250794
691	9.023341
692	37.915404
693	3.343287
694	84.022418
695	9.800050
696	51.803089
697	44.325766
698	21.791690
699	42.717493
700	47.252706
701	40.507720
702	70.180764
703	11.433420
704	30.620809
705	44.305410
706	40.476898
707	91.613556
708	31.581373
709	3.320689
710	31.793456
711	5.467080
712	22.046449
713	25.992989
714	31.277955
715	68.442470
716	2.682470
717	81.419536
718	23.053211
719	77.431749
720	78.881515
721	91.175813
722	59.448313
723	17.976548
724	35.266847
725	60.800653
726	73.007597
727	30.618459
728	41.746340
729	64.090702
730	77.675198
731	94.147841
732	68.091403
733	46.266802
734	26.498311
735	49.046077
736	89.186655
737	63.762953
738	33.038887
739	56.545216
740	60.632954
741	4.898055
742	14.957358
743	16.285775
744	47.563525
745	5.507093
746	81.256690
747	65.463627
748	35.321783
749	74.733454
750	36.496932
751	60.826610
752	86.452970
753	26.645480
754	9.576884
755	23.824743
756	45.483923
757	94.069373
758	64.463323
759	97.646761
760	17.743058
761	51.974832
762	13.346289
763	87.442833
764	29.794299
765	42.456310
766	92.032921
767	55.099175
768	14.058268
769	12.365585
770	48.722698
771	34.222000
772	54.468939
773	64.676898
774	70.546540
775	44.259784
776	77.689494
777	62.602652
778	65.618452
779	44.285882
780	85.176678
781	95.791211
782	19.673119
783	36.542055
784	81.994161
785	14.607956
786	11.843547
787	1.640196
788	55.859638
789	43.710395
790	10.665811
791	84.405232
792	27.085442
793	22.935273
794	10.021858
795	63.446320
796	27.400053
797	30.577558
798	44.914334
799	22.702217
800	86.571336
801	87.611587
802	25.585483
803	11.600930
804	11.314909
805	84.447023
806	95.108747
807	52.624777
808	97.137954
809	35.785397
810	77.725862
811	64.890953
812	1.662235
813	52.490779
814	15.034678
815	74.707696
816	10.793158
817	62.379755
818	87.212321
819	66.651296
820	77.525210
821	46.021795
822	5.156906
823	66.778445
824	47.377624
825	35.388714
826	28.740262
827	83.207550
828	27.130803
829	57.729361
830	43.593073
831	83.655968
832	15.485552
833	33.748176
834	69.067184
835	68.622742
836	87.741438
837	89.710856
838	16.156452
839	46.860543
840	18.961762
841	98.277209
842	45.734219
843	81.703069
844	7.755019
845	86.750936
846	5.933907
847	98.186811
848	87.053209
849	23.239462
850	42.063483
851	53.876023
852	42.339069
853	75.783877
854	41.710048
855	9.321842
856	54.953978
857	25.422717
858	36.601487
859	81.134432
860	85.781475
861	94.379987
862	89.537952
863	58.193656
864	72.278166
865	97.414065
866	88.743218
867	74.242005
868	62.641510
869	51.569491
870	95.905890
871	55.578988
872	16.909690
873	57.617810
874	52.898079
875	43.564491
876	48.544574
877	78.070273
878	8.351076
879	57.208813
880	57.068206
881	51.711158
882	33.422684
883	96.759178
884	48.112848
885	50.032546
886	35.925451
887	53.601282
888	78.618746
889	73.805600
890	92.200501
891	89.951492
892	94.793889
893	17.242215
894	86.328193
895	2.191888
896	91.545904
897	84.663649
898	87.599131
899	83.572126
900	78.208996
901	62.809830
902	39.820080
903	67.080633
904	27.914620
905	90.005850
906	34.851854
907	25.960789
908	70.080545
909	14.981599
910	5.588247
911	0.547571
912	24.126487
913	80.085161
914	85.615169
915	1.143677
916	15.923599
917	36.021712
918	32.715443
919	71.539472
920	60.263691
921	75.744475
922	64.474802
923	88.717200
924	75.342543
925	51.543989
926	54.912106
927	52.661653
928	43.244476
929	0.851609
930	38.716348
931	28.616684
932	98.071514
933	37.574824
934	48.980223
935	11.668409
936	87.389052
937	64.802837
938	88.930882
939	75.113547
940	33.450271
941	98.615630
942	24.820281
943	9.500542
944	58.729469
945	24.807207
946	43.172749
947	95.121920
948	86.422317
949	5.911601
950	14.776987
951	38.843126
952	50.871155
953	70.539180
954	36.502219
955	25.924704
956	1.697466
957	14.619675
958	76.507327
959	55.021317
960	45.436660
961	0.031164
962	95.707100
963	47.016629
964	40.308951
965	72.141474
966	93.917576
967	85.315682
968	93.751133
969	91.491610
970	12.063103
971	44.821185
972	66.758580
973	24.774055
974	24.065428
975	30.601960
976	53.420071
977	26.240985
978	46.746766
979	33.536192
980	92.523893
981	54.149692
982	50.164511
983	56.720363
984	15.895148
985	51.664553
986	40.249170
987	5.600713
988	81.913493
989	54.605309
990	42.649509
991	44.685794
992	1.793170
993	59.298843
994	63.696731
995	20.928241
996	24.609595
997	10.116592
998	77.814235
999	43.035548
1000	38.577621
;

param: d :=
1	-46.298725
2	-65.427182
3	-28.960578
4	-44.655709
5	-53.957269
6	-36.786816
7	-30.410018
8	-0.964041
9	-94.411449
10	-68.448434
11	-94.263431
12	-28.087463
13	-9.073262
14	-16.119255
15	-6.495312
16	-67.499015
17	-86.033161
18	-71.776022
19	-30.424559
20	-59.208238
21	-61.234599
22	-70.561816
23	-46.532398
24	-75.975164
25	-96.129664
26	-61.811788
27	-16.282417
28	-85.922900
29	-87.891865
30	-95.157424
31	-58.879193
32	-66.189206
33	-37.274117
34	-3.071705
35	-45.066081
36	-53.507874
37	-59.193670
38	-31.911544
39	-57.926822
40	-65.963237
41	-16.345061
42	-7.008106
43	-95.168229
44	-87.353659
45	-50.041746
46	-47.591847
47	-59.845311
48	-91.221499
49	-68.632543
50	-21.278753
51	-85.828604
52	-56.269548
53	-71.865485
54	-52.045540
55	-66.511799
56	-99.943792
57	-93.788338
58	-39.396712
59	-52.968944
60	-62.254499
61	-49.989058
62	-15.238550
63	-67.396464
64	-16.125152
65	-68.599684
66	-68.773535
67	-94.705444
68	-71.624843
69	-50.349329
70	-97.766706
71	-71.553962
72	-12.164871
73	-59.045729
74	-60.535156
75	-49.238503
76	-4.194010
77	-40.499408
78	-40.915765
79	-97.052990
80	-43.483530
81	-15.547376
82	-37.304017
83	-34.779121
84	-66.152718
85	-52.670954
86	-1.098387
87	-54.037238
88	-10.069455
89	-39.202028
90	-96.023309
91	-50.798384
92	-5.219623
93	-92.034277
94	-1.423662
95	-78.051053
96	-84.876844
97	-96.970924
98	-16.227809
99	-15.985543
100	-43.604560
101	-24.513176
102	-90.667955
103	-26.141238
104	-61.935046
105	-62.155848
106	-16.690170
107	-53.175085
108	-10.933318
109	-4.556034
110	-88.422469
111	-66.262083
112	-9.706358
113	-54.528527
114	-7.057932
115	-95.074275
116	-92.572259
117	-40.611720
118	-2.003101
119	-17.402977
120	-94.220962
121	-25.335635
122	-26.271192
123	-16.924305
124	-11.541622
125	-79.285243
126	-77.633501
127	-18.723014
128	-22.732347
129	-83.400784
130	-69.123115
131	-60.973937
132	-52.636958
133	-27.322091
134	-1.960857
135	-39.543033
136	-87.761199
137	-93.363059
138	-34.759908
139	-91.731709
140	-54.718950
141	-73.454568
142	-84.801998
143	-7.756049
144	-71.658777
145	-21.860015
146	-13.240317
147	-32.693865
148	-33.781650
149	-21.322254
150	-40.922129
151	-40.582397
152	-63.610316
153	-50.088147
154	-90.981128
155	-62.631254
156	-37.061886
157	-33.519784
158	-95.264988
159	-28.907803
160	-98.441473
161	-83.737087
162	-51.398654
163	-68.845346
164	-99.280593
165	-39.010008
166	-35.154051
167	-86.486447
168	-37.736703
169	-73.908825
170	-2.810342
171	-13.007320
172	-88.305373
173	-74.869747
174	-15.219060
175	-49.389653
176	-29.640007
177	-94.406467
178	-91.185272
179	-4.228513
180	-89.687822
181	-95.139652
182	-90.450330
183	-14.298117
184	-58.464435
185	-94.990659
186	-7.204466
187	-92.764183
188	-23.897821
189	-26.367752
190	-45.955973
191	-49.756240
192	-23.569579
193	-20.747032
194	-30.322178
195	-38.922740
196	-50.736729
197	-89.637165
198	-30.142345
199	-73.276962
200	-45.214800
201	-56.176950
202	-69.733928
203	-57.913735
204	-33.511541
205	-50.986709
206	-61.750273
207	-81.147244
208	-66.080876
209	-87.503941
210	-82.231223
211	-96.049099
212	-16.586106
213	-53.689101
214	-99.983329
215	-29.456404
216	-68.652816
217	-12.265207
218	-88.310248
219	-81.547493
220	-27.299710
221	-33.116107
222	-68.740086
223	-9.307428
224	-77.372714
225	-43.318829
226	-58.226914
227	-35.763556
228	-16.736568
229	-97.213874
230	-14.066983
231	-50.039749
232	-47.991862
233	-36.893609
234	-64.668586
235	-4.021616
236	-18.100294
237	-99.351802
238	-72.097918
239	-25.514485
240	-5.632836
241	-22.480023
242	-30.975887
243	-12.661935
244	-16.869340
245	-67.677538
246	-87.075973
247	-36.437512
248	-28.215005
249	-78.287805
250	-69.623451
251	-79.313980
252	-23.323038
253	-4.915406
254	-36.401384
255	-37.762747
256	-52.618934
257	-70.414027
258	-60.031247
259	-1.305265
260	-66.430651
261	-39.750284
262	-24.790959
263	-51.353502
264	-36.308464
265	-58.144872
266	-80.108381
267	-42.942001
268	-78.463663
269	-14.052391
270	-44.481419
271	-41.020240
272	-24.601060
273	-98.334921
274	-52.975499
275	-80.135205
276	-15.098282
277	-91.855748
278	-29.704167
279	-48.956390
280	-7.858860
281	-83.320537
282	-63.409819
283	-54.265014
284	-68.828553
285	-82.095243
286	-32.223201
287	-31.106929
288	-92.479594
289	-84.348542
290	-8.740029
291	-78.756153
292	-13.023537
293	-83.301504
294	-7.828344
295	-21.915739
296	-75.169415
297	-53.822199
298	-19.034101
299	-8.529850
300	-88.526920
301	-42.421010
302	-10.434523
303	-66.406820
304	-10.383773
305	-97.638703
306	-58.220053
307	-7.273026
308	-41.707744
309	-75.876346
310	-77.513024
311	-76.771212
312	-53.764999
313	-71.750955
314	-34.241541
315	-11.131295
316	-94.419021
317	-97.765341
318	-17.996856
319	-61.854939
320	-87.304007
321	-94.030384
322	-91.200528
323	-43.549136
324	-33.283054
325	-56.680570
326	-14.203932
327	-88.934869
328	-2.679279
329	-75.485058
330	-42.294063
331	-98.936159
332	-93.596032
333	-72.651471
334	-6.514557
335	-4.656791
336	-1.432249
337	-8.575168
338	-6.802983
339	-8.840447
340	-97.106017
341	-60.969754
342	-95.609732
343	-85.625286
344	-34.562748
345	-40.707273
346	-94.028849
347	-5.756787
348	-47.286653
349	-24.035719
350	-88.536226
351	-96.732004
352	-35.082077
353	-68.803204
354	-15.274159
355	-75.197724
356	-90.043469
357	-22.470427
358	-10.350089
359	-46.527015
360	-2.149805
361	-33.093438
362	-42.012564
363	-14.415588
364	-39.622273
365	-36.289643
366	-14.838848
367	-50.060389
368	-31.602457
369	-37.326365
370	-81.315790
371	-52.536861
372	-29.042560
373	-69.122764
374	-77.823578
375	-23.970072
376	-39.920262
377	-56.595618
378	-17.754024
379	-24.085462
380	-76.146082
381	-9.916355
382	-96.567179
383	-37.657468
384	-41.005175
385	-40.032226
386	-47.239135
387	-40.593845
388	-63.083421
389	-6.772309
390	-52.934843
391	-42.290689
392	-65.318933
393	-75.838944
394	-42.483729
395	-90.746327
396	-15.833032
397	-96.209997
398	-5.642061
399	-95.084610
400	-63.100254
401	-81.569677
402	-93.901660
403	-10.548666
404	-41.311049
405	-79.369890
406	-41.923763
407	-69.073002
408	-5.198413
409	-46.691332
410	-43.716748
411	-62.298128
412	-38.585980
413	-52.634649
414	-17.422793
415	-94.464465
416	-71.402271
417	-4.673832
418	-50.491505
419	-55.595147
420	-49.741054
421	-92.591659
422	-18.456461
423	-5.966055
424	-36.932601
425	-77.239254
426	-12.343151
427	-17.855332
428	-94.476846
429	-37.954865
430	-28.591410
431	-39.864900
432	-82.163280
433	-57.394608
434	-75.087618
435	-5.033296
436	-38.979007
437	-91.448711
438	-3.259616
439	-5.217676
440	-38.233103
441	-6.333636
442	-32.728220
443	-44.942613
444	-53.187824
445	-18.210964
446	-42.678198
447	-26.116567
448	-39.216790
449	-19.732922
450	-2.596365
451	-29.968988
452	-4.352085
453	-3.273161
454	-80.994215
455	-35.508621
456	-1.309428
457	-57.941096
458	-57.400599
459	-59.022204
460	-48.239225
461	-98.441763
462	-2.522786
463	-20.927437
464	-12.228450
465	-89.076312
466	-29.329531
467	-51.289552
468	-99.264254
469	-31.345101
470	-58.826641
471	-29.137536
472	-93.932009
473	-78.132547
474	-12.936620
475	-16.181525
476	-97.301965
477	-73.482573
478	-81.812861
479	-28.854092
480	-19.323299
481	-71.393230
482	-80.231683
483	-98.716220
484	-6.863894
485	-98.298807
486	-33.951877
487	-17.126880
488	-33.764026
489	-34.828450
490	-44.720363
491	-84.648651
492	-11.860140
493	-35.353678
494	-32.301622
495	-10.881404
496	-86.831217
497	-70.092872
498	-77.266802
499	-79.098112
500	-46.373073
501	-81.681962
502	-43.886008
503	-18.313918
504	-17.213850
505	-66.587688
506	-97.597843
507	-71.514484
508	-26.342649
509	-21.976596
510	-70.262976
511	-23.569547
512	-74.929634
513	-15.298466
514	-18.684789
515	-58.795989
516	-36.880104
517	-48.588897
518	-60.176190
519	-76.481081
520	-15.637938
521	-13.102125
522	-64.436660
523	-72.792904
524	-50.704058
525	-14.330940
526	-61.047588
527	-13.364625
528	-56.593449
529	-88.225534
530	-57.590524
531	-67.811992
532	-5.833190
533	-51.320924
534	-56.874476
535	-12.053468
536	-64.840377
537	-49.120279
538	-43.175272
539	-35.480927
540	-67.085955
541	-53.010113
542	-84.550523
543	-90.235550
544	-31.570424
545	-78.002662
546	-21.512518
547	-30.227541
548	-22.288677
549	-70.941161
550	-75.062635
551	-4.980725
552	-19.300041
553	-64.942380
554	-50.386785
555	-43.894422
556	-41.894455
557	-23.992300
558	-22.585530
559	-30.954117
560	-59.855745
561	-16.331341
562	-5.405842
563	-60.474219
564	-2.028166
565	-78.742023
566	-10.167242
567	-73.573057
568	-46.613136
569	-44.471497
570	-56.044693
571	-28.997840
572	-62.393026
573	-33.584054
574	-51.726305
575	-88.857945
576	-47.023493
577	-5.737136
578	-93.019066
579	-65.137578
580	-56.508714
581	-69.067653
582	-51.107312
583	-0.321948
584	-14.116698
585	-42.144909
586	-77.231970
587	-40.330567
588	-92.970507
589	-80.273228
590	-55.506924
591	-19.531319
592	-92.875949
593	-54.180883
594	-11.503652
595	-52.093507
596	-99.385177
597	-93.620524
598	-13.925730
599	-29.814757
600	-4.124600
601	-5.727371
602	-17.696997
603	-4.519783
604	-33.893905
605	-1.905665
606	-33.910795
607	-87.509441
608	-88.733339
609	-52.492601
610	-9.234622
611	-37.469623
612	-40.103563
613	-90.493263
614	-35.982398
615	-80.252452
616	-98.903785
617	-45.146900
618	-76.284458
619	-48.776379
620	-63.485152
621	-27.924394
622	-10.682694
623	-3.796472
624	-63.972317
625	-48.438665
626	-89.778586
627	-87.151378
628	-60.747207
629	-37.845213
630	-96.114104
631	-65.276462
632	-7.316064
633	-73.430185
634	-58.311146
635	-30.380327
636	-98.054248
637	-1.309590
638	-40.653614
639	-62.062829
640	-26.139401
641	-20.775196
642	-80.314246
643	-98.715120
644	-27.922010
645	-59.424914
646	-49.386564
647	-28.695672
648	-87.170456
649	-19.818246
650	-85.591230
651	-47.499277
652	-97.666838
653	-24.095501
654	-2.104553
655	-6.688743
656	-1.962047
657	-30.584420
658	-18.920841
659	-47.138463
660	-0.242184
661	-71.364731
662	-22.028917
663	-68.958112
664	-92.101538
665	-21.596354
666	-14.420150
667	-36.370865
668	-57.560581
669	-21.707653
670	-61.500379
671	-23.094745
672	-38.682853
673	-51.007318
674	-50.734271
675	-58.603776
676	-43.025696
677	-69.166786
678	-2.783116
679	-17.770629
680	-64.253623
681	-31.213843
682	-27.479523
683	-62.441240
684	-85.911551
685	-68.832272
686	-38.082155
687	-30.398098
688	-13.703690
689	-28.200690
690	-60.768109
691	-40.067656
692	-17.976321
693	-48.226503
694	-55.505755
695	-99.465964
696	-50.547511
697	-40.487109
698	-83.838734
699	-98.857146
700	-4.066856
701	-54.990080
702	-40.484114
703	-43.920073
704	-59.073232
705	-83.535537
706	-62.850032
707	-73.913430
708	-70.366422
709	-93.321102
710	-96.540174
711	-73.414078
712	-14.186832
713	-62.031662
714	-25.055881
715	-72.086102
716	-2.296407
717	-25.109707
718	-2.862756
719	-97.320649
720	-93.811707
721	-25.621286
722	-29.273223
723	-54.919411
724	-52.400214
725	-81.261673
726	-78.857469
727	-14.830374
728	-51.237828
729	-2.284668
730	-85.602167
731	-44.215522
732	-5.879063
733	-1.453180
734	-10.529368
735	-85.470276
736	-15.774911
737	-46.803811
738	-93.702906
739	-1.506285
740	-43.672097
741	-53.698118
742	-38.990541
743	-13.221147
744	-15.681945
745	-27.460794
746	-61.087678
747	-78.156616
748	-98.282366
749	-11.315580
750	-4.449026
751	-26.714338
752	-22.878018
753	-89.386701
754	-55.562728
755	-61.014016
756	-28.165938
757	-69.407825
758	-35.393487
759	-18.413846
760	-76.865660
761	-59.340991
762	-97.020908
763	-10.059931
764	-35.195551
765	-68.979491
766	-19.431148
767	-20.853331
768	-5.181681
769	-50.668698
770	-54.503284
771	-76.120866
772	-72.413802
773	-22.719580
774	-83.202707
775	-77.466946
776	-26.388433
777	-73.611629
778	-73.037435
779	-2.430871
780	-51.262874
781	-16.992770
782	-98.502230
783	-33.992042
784	-18.925969
785	-84.192110
786	-73.791137
787	-75.259793
788	-97.249036
789	-26.090641
790	-54.242932
791	-9.262085
792	-92.215829
793	-28.538760
794	-73.241549
795	-96.221493
796	-53.723641
797	-17.755746
798	-9.250034
799	-74.171430
800	-5.802551
801	-92.692295
802	-46.953246
803	-30.538478
804	-30.340502
805	-80.013825
806	-96.949390
807	-93.793833
808	-63.745671
809	-2.066503
810	-19.769664
811	-13.951102
812	-41.618935
813	-47.353773
814	-96.151566
815	-64.280303
816	-2.966625
817	-31.977730
818	-38.457541
819	-54.718118
820	-35.132215
821	-48.197691
822	-55.070550
823	-47.597878
824	-61.325086
825	-96.295427
826	-72.875939
827	-69.397148
828	-11.113762
829	-37.947557
830	-78.809979
831	-47.193409
832	-10.855870
833	-82.901433
834	-83.100039
835	-63.534861
836	-56.473459
837	-76.412643
838	-32.855721
839	-20.565868
840	-79.744234
841	-22.701359
842	-39.754952
843	-33.087367
844	-88.389469
845	-72.249082
846	-76.153440
847	-9.685634
848	-20.622287
849	-10.485072
850	-45.241725
851	-85.469942
852	-3.459452
853	-60.278854
854	-27.341815
855	-11.987465
856	-25.122551
857	-94.590462
858	-68.838645
859	-44.353219
860	-98.263448
861	-52.154330
862	-80.681064
863	-95.265265
864	-88.018226
865	-54.030676
866	-4.387624
867	-2.966853
868	-81.697883
869	-23.627750
870	-99.890355
871	-81.961670
872	-8.186334
873	-1.115926
874	-97.758806
875	-14.815389
876	-58.180750
877	-32.142128
878	-94.106175
879	-10.549507
880	-98.393135
881	-53.416948
882	-2.952230
883	-75.381307
884	-14.407901
885	-31.936353
886	-63.479280
887	-81.072020
888	-92.569439
889	-90.306412
890	-0.897025
891	-38.270300
892	-67.247784
893	-33.225531
894	-18.016704
895	-75.387261
896	-27.009937
897	-45.975894
898	-42.521006
899	-17.455720
900	-11.202664
901	-71.386208
902	-41.032973
903	-0.810430
904	-98.903319
905	-4.910165
906	-94.358504
907	-34.446191
908	-70.001918
909	-80.445405
910	-80.040034
911	-85.052235
912	-15.657549
913	-63.556410
914	-89.157102
915	-7.461275
916	-49.554504
917	-49.380004
918	-13.284292
919	-39.177635
920	-90.205121
921	-81.972958
922	-25.460471
923	-94.959449
924	-88.232180
925	-68.664942
926	-54.550222
927	-56.915803
928	-2.972814
929	-54.708537
930	-48.573898
931	-55.394183
932	-63.143821
933	-83.957186
934	-38.820515
935	-73.928512
936	-78.528667
937	-47.882604
938	-94.568903
939	-98.252612
940	-28.626133
941	-9.258937
942	-50.950106
943	-56.795731
944	-42.429599
945	-95.239337
946	-56.887449
947	-77.349740
948	-57.392565
949	-9.109759
950	-10.690929
951	-4.420857
952	-94.493773
953	-55.478751
954	-30.112233
955	-24.225185
956	-95.085174
957	-42.359246
958	-10.792321
959	-4.599518
960	-56.285347
961	-23.722798
962	-56.103663
963	-94.009737
964	-5.210140
965	-79.189273
966	-99.293609
967	-57.297561
968	-29.624535
969	-87.902371
970	-47.864719
971	-82.260957
972	-46.209595
973	-76.187924
974	-54.138721
975	-55.645316
976	-89.598621
977	-76.588723
978	-68.265017
979	-54.764014
980	-3.234261
981	-8.018241
982	-69.390329
983	-15.278210
984	-22.794880
985	-13.494149
986	-61.768101
987	-62.393726
988	-50.251279
989	-60.644730
990	-96.888502
991	-24.252761
992	-72.161999
993	-36.634216
994	-67.194207
995	-36.292414
996	-43.470934
997	-83.685867
998	-45.503229
999	-3.199778
1000	-44.366864
;

param: weight :=
1	57.900335
2	22.524005
3	35.399903
4	2.776308
5	88.244919
6	51.472830
7	48.021779
8	22.655071
9	18.293864
10	66.091763
11	88.175953
12	66.104557
13	66.768882
14	67.259212
15	88.156692
16	77.923302
17	42.289550
18	24.543301
19	90.680873
20	60.905477
21	10.805420
22	3.071636
23	8.520342
24	89.567568
25	4.581887
26	32.402459
27	3.337776
28	44.710404
29	2.285230
30	16.743172
31	92.039314
32	59.427772
33	58.703997
34	35.478611
35	83.251136
36	6.102648
37	40.215432
38	28.898211
39	45.966582
40	64.337034
41	7.061978
42	14.961739
43	25.413135
44	58.540668
45	74.436969
46	45.580863
47	37.689936
48	51.667370
49	25.947292
50	96.256664
51	76.129577
52	53.288962
53	89.198315
54	39.864126
55	98.114909
56	72.182728
57	87.706385
58	52.920849
59	21.445332
60	38.886106
61	69.992445
62	35.541736
63	69.171740
64	67.257966
65	71.997082
66	60.018695
67	71.907900
68	93.217586
69	95.792773
70	30.115088
71	64.017564
72	40.371238
73	93.492765
74	35.486400
75	31.160086
76	77.876363
77	93.320959
78	73.410869
79	45.725029
80	75.663942
81	3.219290
82	74.250474
83	28.328771
84	97.887243
85	78.575584
86	58.961851
87	70.127120
88	95.402106
89	11.360964
90	27.429615
91	37.986412
92	95.414769
93	31.168979
94	11.063853
95	81.560705
96	17.820444
97	12.323580
98	78.494601
99	89.779343
100	33.825797
101	37.465111
102	56.920991
103	14.148636
104	2.992155
105	26.099137
106	87.626620
107	79.084497
108	91.352605
109	30.465264
110	64.032383
111	25.232730
112	90.542045
113	30.907529
114	74.020158
115	65.456728
116	31.989315
117	91.269107
118	80.241449
119	86.688172
120	48.762783
121	14.971729
122	42.101697
123	87.623107
124	24.250933
125	60.221313
126	20.928698
127	42.613028
128	38.642449
129	26.228518
130	95.246391
131	9.791024
132	13.389155
133	92.087860
134	93.441794
135	32.954933
136	45.514779
137	26.465670
138	86.377947
139	81.465993
140	28.941850
141	1.061875
142	1.050282
143	56.490514
144	99.498420
145	65.344566
146	13.276274
147	5.026667
148	59.097588
149	18.400995
150	20.294599
151	19.202672
152	36.194789
153	27.828375
154	68.516529
155	79.830469
156	60.990195
157	73.942304
158	44.639324
159	53.027379
160	97.278105
161	68.515528
162	90.406025
163	6.292604
164	55.567725
165	30.533284
166	93.586035
167	4.802044
168	40.541826
169	24.492597
170	6.009682
171	16.143319
172	62.529991
173	41.116909
174	80.141647
175	33.068756
176	32.633624
177	86.719530
178	11.810253
179	35.377977
180	34.780698
181	33.398527
182	71.751870
183	57.367678
184	96.111614
185	83.516003
186	93.833958
187	30.699931
188	89.705579
189	61.634035
190	73.084312
191	26.873338
192	83.597519
193	50.973844
194	64.328364
195	46.424248
196	13.873412
197	44.642643
198	31.227870
199	52.951714
200	35.622488
201	36.634664
202	93.907027
203	90.695281
204	72.485320
205	12.249485
206	28.772603
207	86.519334
208	3.202698
209	84.123235
210	11.645663
211	42.599151
212	40.706932
213	14.757401
214	20.003166
215	37.950353
216	61.763303
217	93.879901
218	78.126026
219	2.327655
220	87.645266
221	32.010833
222	43.833001
223	12.222865
224	98.796948
225	77.095529
226	17.064244
227	15.324465
228	45.716267
229	11.162795
230	52.840687
231	27.083208
232	47.420471
233	68.451694
234	55.153876
235	8.693119
236	62.396839
237	28.725193
238	40.893537
239	77.336798
240	19.573105
241	18.379006
242	44.519306
243	59.949068
244	73.536641
245	38.250792
246	39.625576
247	93.753318
248	64.461814
249	15.630826
250	55.303470
251	51.320107
252	98.008858
253	80.255959
254	45.565880
255	85.168924
256	75.405899
257	2.467462
258	62.264700
259	69.850580
260	70.441133
261	35.694251
262	94.917322
263	17.223575
264	33.775975
265	47.452798
266	34.519987
267	68.255118
268	51.228278
269	25.914272
270	27.515841
271	61.242754
272	56.426053
273	56.504803
274	65.263009
275	43.824897
276	30.014857
277	95.339819
278	6.421410
279	67.290375
280	30.376501
281	94.390284
282	68.496889
283	78.089046
284	25.934299
285	69.892129
286	70.889036
287	60.107120
288	36.366582
289	51.179440
290	47.141241
291	23.359996
292	46.997059
293	38.401714
294	63.980170
295	19.793080
296	53.132655
297	77.068850
298	68.215045
299	69.606089
300	33.504019
301	62.572367
302	2.646893
303	17.601674
304	94.540425
305	83.239451
306	88.510366
307	88.486574
308	38.064762
309	68.456888
310	48.355667
311	90.524856
312	81.579739
313	95.569905
314	22.027569
315	57.181373
316	36.794211
317	5.903167
318	71.264085
319	66.336906
320	5.414171
321	82.578657
322	36.119185
323	74.096433
324	53.575707
325	31.513885
326	26.059458
327	42.530739
328	14.560457
329	86.138841
330	14.248588
331	70.867064
332	44.274276
333	91.535761
334	26.659311
335	26.064322
336	13.059665
337	10.742420
338	35.363259
339	29.757038
340	7.224380
341	9.200020
342	79.272655
343	81.368670
344	18.403572
345	68.383700
346	69.045144
347	29.279529
348	31.730379
349	42.607653
350	39.691809
351	15.804195
352	57.989359
353	46.851396
354	74.126448
355	49.325986
356	38.860525
357	97.242032
358	27.234272
359	70.667680
360	14.725311
361	27.391734
362	21.205250
363	97.088564
364	84.251094
365	21.021516
366	86.581229
367	18.281399
368	44.020423
369	46.205783
370	35.274846
371	67.858987
372	26.999674
373	84.281636
374	15.092476
375	33.836490
376	55.210271
377	32.422009
378	36.597826
379	56.141732
380	92.435025
381	13.799927
382	70.437224
383	88.981064
384	70.997614
385	34.672085
386	38.704358
387	59.029181
388	59.271692
389	3.989621
390	38.993025
391	96.891452
392	62.078090
393	90.733827
394	49.501442
395	89.661211
396	50.019122
397	5.018850
398	69.268162
399	68.018594
400	51.760989
401	51.570603
402	95.332896
403	18.031845
404	67.405110
405	38.910071
406	48.878279
407	6.215559
408	74.443082
409	87.424735
410	58.116021
411	97.378140
412	74.343181
413	75.908549
414	83.603619
415	48.083069
416	66.955267
417	93.457199
418	86.242713
419	54.509059
420	93.240518
421	73.993892
422	5.542276
423	81.314059
424	84.394755
425	91.045615
426	79.731578
427	21.977262
428	98.682399
429	50.745534
430	78.993229
431	86.227248
432	92.835204
433	94.756790
434	69.886443
435	88.838004
436	32.649153
437	90.466164
438	43.247785
439	34.886366
440	47.953230
441	67.559750
442	31.424387
443	59.452576
444	33.850304
445	30.534845
446	93.558517
447	19.669613
448	4.948216
449	75.845743
450	78.631428
451	6.690536
452	86.522983
453	69.614081
454	90.595928
455	19.387740
456	75.663655
457	14.807739
458	81.196368
459	70.591319
460	90.516255
461	27.001082
462	87.026921
463	68.447298
464	27.528826
465	58.566973
466	9.337551
467	63.114216
468	93.553112
469	59.909019
470	2.173881
471	86.724676
472	13.069498
473	75.014411
474	19.870417
475	93.625489
476	13.551308
477	44.618159
478	9.999374
479	91.810658
480	94.382471
481	29.468418
482	90.398374
483	54.902303
484	94.462419
485	62.432584
486	92.358967
487	24.531448
488	16.280121
489	80.653967
490	66.205432
491	24.304763
492	38.020433
493	35.307630
494	96.888987
495	35.198370
496	42.786725
497	79.808468
498	37.502670
499	15.658489
500	45.476890
501	88.615305
502	88.097931
503	59.565398
504	92.087157
505	92.112849
506	11.242387
507	63.375841
508	34.107308
509	73.251914
510	92.718489
511	8.830120
512	36.448558
513	68.065558
514	57.020885
515	85.279835
516	92.861671
517	74.075207
518	32.967971
519	99.504327
520	48.851171
521	5.037734
522	71.173086
523	74.863222
524	42.804320
525	16.680901
526	10.229237
527	65.217102
528	63.144399
529	31.228933
530	4.117056
531	42.777252
532	28.387469
533	12.875347
534	68.677505
535	98.425567
536	91.026299
537	43.086155
538	56.791193
539	82.166051
540	78.360929
541	23.608408
542	84.528360
543	22.522602
544	56.691719
545	91.917369
546	49.135134
547	1.771170
548	48.925058
549	50.276640
550	35.348073
551	87.345203
552	45.603226
553	55.912653
554	19.926137
555	13.905196
556	22.831852
557	58.997169
558	11.449512
559	64.377936
560	19.098085
561	33.755121
562	51.169072
563	84.751902
564	91.515740
565	37.848554
566	13.988294
567	98.062403
568	36.951117
569	45.714352
570	27.059662
571	90.319118
572	45.791137
573	88.321220
574	43.558795
575	45.640235
576	84.753687
577	74.844387
578	63.952486
579	50.215805
580	41.388728
581	21.662245
582	77.926742
583	43.491439
584	50.938922
585	96.030496
586	15.765165
587	36.643773
588	84.172481
589	53.294335
590	61.877350
591	35.490192
592	86.823089
593	96.142543
594	98.379145
595	47.191403
596	68.310697
597	28.533723
598	32.793037
599	53.538603
600	86.582387
601	59.427817
602	99.225120
603	72.717288
604	61.753483
605	15.567977
606	59.035420
607	4.095911
608	55.281316
609	57.680474
610	88.105930
611	19.221665
612	50.803150
613	71.784492
614	50.029290
615	13.347227
616	4.808006
617	57.964239
618	62.360533
619	73.265916
620	77.753881
621	55.566923
622	42.304925
623	66.842755
624	62.857824
625	79.521017
626	80.759286
627	43.644551
628	57.560280
629	8.426969
630	92.528975
631	86.159108
632	44.473490
633	76.128585
634	37.507441
635	29.974354
636	9.711734
637	45.966828
638	91.320227
639	96.585020
640	38.237506
641	44.870480
642	37.478737
643	96.557301
644	90.009182
645	33.709617
646	45.148589
647	61.279495
648	25.733156
649	72.420190
650	45.773237
651	41.874676
652	59.958121
653	40.813779
654	52.812774
655	11.607104
656	27.787078
657	43.718920
658	45.665927
659	14.463682
660	53.333970
661	63.929576
662	22.787614
663	76.709166
664	81.366932
665	72.680260
666	33.082046
667	20.460950
668	36.352456
669	76.985544
670	42.578640
671	81.465422
672	95.009097
673	6.128525
674	58.080833
675	93.261101
676	99.146248
677	91.991804
678	26.835096
679	92.616748
680	37.762230
681	76.013239
682	6.823308
683	72.919057
684	18.885371
685	92.640588
686	40.344267
687	96.160351
688	87.476164
689	59.807630
690	98.699596
691	34.580896
692	76.247799
693	69.501302
694	88.077592
695	67.533027
696	42.157663
697	8.624642
698	43.694900
699	46.135933
700	45.650933
701	68.160866
702	64.027464
703	69.823144
704	50.982185
705	40.470498
706	25.065250
707	18.196060
708	93.382101
709	97.492990
710	67.073336
711	93.734547
712	54.096820
713	97.503802
714	27.784182
715	77.099809
716	5.170612
717	7.504327
718	6.979334
719	81.645760
720	21.776354
721	59.108445
722	38.612519
723	15.889881
724	18.135541
725	27.695844
726	99.838588
727	2.442915
728	24.701304
729	57.928776
730	70.163076
731	74.698311
732	19.996146
733	73.551533
734	37.256623
735	67.255501
736	8.977957
737	35.643458
738	68.746161
739	73.044552
740	36.331753
741	22.083682
742	37.706093
743	73.521456
744	31.968821
745	35.688296
746	59.109735
747	82.645310
748	55.128891
749	12.397264
750	25.038825
751	84.243329
752	90.572578
753	16.751589
754	99.100297
755	6.465133
756	82.699164
757	13.769310
758	4.543655
759	21.165789
760	35.787527
761	27.109126
762	48.351900
763	4.303463
764	33.373124
765	2.317964
766	68.035182
767	38.681507
768	40.224719
769	80.822794
770	15.332108
771	10.792064
772	67.601042
773	34.565656
774	54.035061
775	28.736894
776	83.894865
777	79.124389
778	89.632569
779	27.159986
780	17.934394
781	81.623272
782	81.692589
783	20.851987
784	65.809506
785	12.420038
786	43.308246
787	48.483904
788	50.545791
789	72.442586
790	70.734580
791	33.756097
792	58.399174
793	61.858641
794	57.717149
795	38.654763
796	14.165497
797	14.012791
798	86.109359
799	32.711928
800	24.250974
801	58.463628
802	89.302666
803	33.798730
804	24.637253
805	98.397551
806	98.375623
807	54.677504
808	85.050625
809	45.153818
810	92.414777
811	97.525464
812	6.522995
813	83.349992
814	99.573708
815	88.233352
816	85.016806
817	84.837307
818	89.778896
819	15.068035
820	56.282387
821	1.516564
822	68.461763
823	16.922206
824	74.086557
825	76.980421
826	19.221411
827	56.460772
828	10.571908
829	31.997619
830	52.668051
831	62.328393
832	30.234208
833	5.284759
834	89.816996
835	74.484138
836	32.152882
837	14.613500
838	73.404002
839	18.952524
840	86.242218
841	36.102116
842	21.551064
843	24.526156
844	85.858483
845	37.363311
846	99.203314
847	10.722889
848	23.832395
849	24.257202
850	96.613742
851	63.765573
852	43.828803
853	79.103151
854	53.214929
855	70.285122
856	89.876326
857	18.014764
858	92.631159
859	13.292667
860	14.770843
861	54.976939
862	55.981714
863	76.499368
864	25.471191
865	48.016545
866	8.655056
867	82.162055
868	80.909870
869	3.325381
870	64.096967
871	11.804723
872	24.246790
873	91.584974
874	46.490852
875	96.824117
876	13.994478
877	80.677027
878	63.114567
879	30.125768
880	31.978457
881	21.202529
882	34.972506
883	77.412682
884	20.301686
885	7.806521
886	19.195505
887	86.261111
888	64.834156
889	78.811697
890	72.801443
891	78.241241
892	77.925904
893	19.708047
894	48.730778
895	5.565180
896	74.958782
897	46.952748
898	83.767058
899	38.052384
900	68.213203
901	64.575042
902	82.569482
903	77.293110
904	20.160132
905	49.453595
906	86.492751
907	61.070420
908	92.022538
909	44.276437
910	34.807337
911	27.301834
912	48.541544
913	53.113836
914	57.053478
915	83.042740
916	5.498597
917	90.431826
918	84.608513
919	34.305677
920	13.303339
921	80.091823
922	14.196490
923	75.479631
924	54.802025
925	53.794115
926	65.656551
927	80.556583
928	76.477259
929	71.375710
930	36.750543
931	43.131178
932	75.489265
933	47.807296
934	46.166160
935	63.414760
936	54.045338
937	59.547588
938	71.208470
939	85.006522
940	81.053263
941	23.438582
942	95.017707
943	25.421321
944	56.434999
945	24.255449
946	98.542892
947	13.797007
948	34.027385
949	64.571004
950	17.929160
951	24.479681
952	48.870435
953	52.669206
954	5.866680
955	42.746029
956	95.706853
957	71.553245
958	26.225655
959	83.296975
960	49.266162
961	89.459156
962	71.616569
963	21.131372
964	34.199121
965	15.901128
966	72.020436
967	28.062731
968	29.509669
969	68.058953
970	25.918322
971	39.348064
972	73.978014
973	39.772478
974	69.167347
975	23.809510
976	9.233131
977	74.000611
978	37.703767
979	94.103018
980	43.775338
981	94.043662
982	1.714200
983	33.284931
984	81.618845
985	43.474007
986	56.412182
987	91.677523
988	45.951490
989	93.021802
990	47.548556
991	43.161139
992	60.090273
993	49.411848
994	13.571728
995	55.248011
996	54.495080
997	56.795400
998	32.423555
999	75.871350
1000	80.693331
;

param: U :=
1	100.000000
2	100.000000
3	100.000000
4	100.000000
5	100.000000
6	100.000000
7	100.000000
8	100.000000
9	100.000000
10	100.000000
11	100.000000
12	100.000000
13	100.000000
14	100.000000
15	100.000000
16	100.000000
17	100.000000
18	100.000000
19	100.000000
20	100.000000
21	100.000000
22	100.000000
23	100.000000
24	100.000000
25	100.000000
26	100.000000
27	100.000000
28	100.000000
29	100.000000
30	100.000000
31	100.000000
32	100.000000
33	100.000000
34	100.000000
35	100.000000
36	100.000000
37	100.000000
38	100.000000
39	100.000000
40	100.000000
41	100.000000
42	100.000000
43	100.000000
44	100.000000
45	100.000000
46	100.000000
47	100.000000
48	100.000000
49	100.000000
50	100.000000
51	100.000000
52	100.000000
53	100.000000
54	100.000000
55	100.000000
56	100.000000
57	100.000000
58	100.000000
59	100.000000
60	100.000000
61	100.000000
62	100.000000
63	100.000000
64	100.000000
65	100.000000
66	100.000000
67	100.000000
68	100.000000
69	100.000000
70	100.000000
71	100.000000
72	100.000000
73	100.000000
74	100.000000
75	100.000000
76	100.000000
77	100.000000
78	100.000000
79	100.000000
80	100.000000
81	100.000000
82	100.000000
83	100.000000
84	100.000000
85	100.000000
86	100.000000
87	100.000000
88	100.000000
89	100.000000
90	100.000000
91	100.000000
92	100.000000
93	100.000000
94	100.000000
95	100.000000
96	100.000000
97	100.000000
98	100.000000
99	100.000000
100	100.000000
101	100.000000
102	100.000000
103	100.000000
104	100.000000
105	100.000000
106	100.000000
107	100.000000
108	100.000000
109	100.000000
110	100.000000
111	100.000000
112	100.000000
113	100.000000
114	100.000000
115	100.000000
116	100.000000
117	100.000000
118	100.000000
119	100.000000
120	100.000000
121	100.000000
122	100.000000
123	100.000000
124	100.000000
125	100.000000
126	100.000000
127	100.000000
128	100.000000
129	100.000000
130	100.000000
131	100.000000
132	100.000000
133	100.000000
134	100.000000
135	100.000000
136	100.000000
137	100.000000
138	100.000000
139	100.000000
140	100.000000
141	100.000000
142	100.000000
143	100.000000
144	100.000000
145	100.000000
146	100.000000
147	100.000000
148	100.000000
149	100.000000
150	100.000000
151	100.000000
152	100.000000
153	100.000000
154	100.000000
155	100.000000
156	100.000000
157	100.000000
158	100.000000
159	100.000000
160	100.000000
161	100.000000
162	100.000000
163	100.000000
164	100.000000
165	100.000000
166	100.000000
167	100.000000
168	100.000000
169	100.000000
170	100.000000
171	100.000000
172	100.000000
173	100.000000
174	100.000000
175	100.000000
176	100.000000
177	100.000000
178	100.000000
179	100.000000
180	100.000000
181	100.000000
182	100.000000
183	100.000000
184	100.000000
185	100.000000
186	100.000000
187	100.000000
188	100.000000
189	100.000000
190	100.000000
191	100.000000
192	100.000000
193	100.000000
194	100.000000
195	100.000000
196	100.000000
197	100.000000
198	100.000000
199	100.000000
200	100.000000
201	100.000000
202	100.000000
203	100.000000
204	100.000000
205	100.000000
206	100.000000
207	100.000000
208	100.000000
209	100.000000
210	100.000000
211	100.000000
212	100.000000
213	100.000000
214	100.000000
215	100.000000
216	100.000000
217	100.000000
218	100.000000
219	100.000000
220	100.000000
221	100.000000
222	100.000000
223	100.000000
224	100.000000
225	100.000000
226	100.000000
227	100.000000
228	100.000000
229	100.000000
230	100.000000
231	100.000000
232	100.000000
233	100.000000
234	100.000000
235	100.000000
236	100.000000
237	100.000000
238	100.000000
239	100.000000
240	100.000000
241	100.000000
242	100.000000
243	100.000000
244	100.000000
245	100.000000
246	100.000000
247	100.000000
248	100.000000
249	100.000000
250	100.000000
251	100.000000
252	100.000000
253	100.000000
254	100.000000
255	100.000000
256	100.000000
257	100.000000
258	100.000000
259	100.000000
260	100.000000
261	100.000000
262	100.000000
263	100.000000
264	100.000000
265	100.000000
266	100.000000
267	100.000000
268	100.000000
269	100.000000
270	100.000000
271	100.000000
272	100.000000
273	100.000000
274	100.000000
275	100.000000
276	100.000000
277	100.000000
278	100.000000
279	100.000000
280	100.000000
281	100.000000
282	100.000000
283	100.000000
284	100.000000
285	100.000000
286	100.000000
287	100.000000
288	100.000000
289	100.000000
290	100.000000
291	100.000000
292	100.000000
293	100.000000
294	100.000000
295	100.000000
296	100.000000
297	100.000000
298	100.000000
299	100.000000
300	100.000000
301	100.000000
302	100.000000
303	100.000000
304	100.000000
305	100.000000
306	100.000000
307	100.000000
308	100.000000
309	100.000000
310	100.000000
311	100.000000
312	100.000000
313	100.000000
314	100.000000
315	100.000000
316	100.000000
317	100.000000
318	100.000000
319	100.000000
320	100.000000
321	100.000000
322	100.000000
323	100.000000
324	100.000000
325	100.000000
326	100.000000
327	100.000000
328	100.000000
329	100.000000
330	100.000000
331	100.000000
332	100.000000
333	100.000000
334	100.000000
335	100.000000
336	100.000000
337	100.000000
338	100.000000
339	100.000000
340	100.000000
341	100.000000
342	100.000000
343	100.000000
344	100.000000
345	100.000000
346	100.000000
347	100.000000
348	100.000000
349	100.000000
350	100.000000
351	100.000000
352	100.000000
353	100.000000
354	100.000000
355	100.000000
356	100.000000
357	100.000000
358	100.000000
359	100.000000
360	100.000000
361	100.000000
362	100.000000
363	100.000000
364	100.000000
365	100.000000
366	100.000000
367	100.000000
368	100.000000
369	100.000000
370	100.000000
371	100.000000
372	100.000000
373	100.000000
374	100.000000
375	100.000000
376	100.000000
377	100.000000
378	100.000000
379	100.000000
380	100.000000
381	100.000000
382	100.000000
383	100.000000
384	100.000000
385	100.000000
386	100.000000
387	100.000000
388	100.000000
389	100.000000
390	100.000000
391	100.000000
392	100.000000
393	100.000000
394	100.000000
395	100.000000
396	100.000000
397	100.000000
398	100.000000
399	100.000000
400	100.000000
401	100.000000
402	100.000000
403	100.000000
404	100.000000
405	100.000000
406	100.000000
407	100.000000
408	100.000000
409	100.000000
410	100.000000
411	100.000000
412	100.000000
413	100.000000
414	100.000000
415	100.000000
416	100.000000
417	100.000000
418	100.000000
419	100.000000
420	100.000000
421	100.000000
422	100.000000
423	100.000000
424	100.000000
425	100.000000
426	100.000000
427	100.000000
428	100.000000
429	100.000000
430	100.000000
431	100.000000
432	100.000000
433	100.000000
434	100.000000
435	100.000000
436	100.000000
437	100.000000
438	100.000000
439	100.000000
440	100.000000
441	100.000000
442	100.000000
443	100.000000
444	100.000000
445	100.000000
446	100.000000
447	100.000000
448	100.000000
449	100.000000
450	100.000000
451	100.000000
452	100.000000
453	100.000000
454	100.000000
455	100.000000
456	100.000000
457	100.000000
458	100.000000
459	100.000000
460	100.000000
461	100.000000
462	100.000000
463	100.000000
464	100.000000
465	100.000000
466	100.000000
467	100.000000
468	100.000000
469	100.000000
470	100.000000
471	100.000000
472	100.000000
473	100.000000
474	100.000000
475	100.000000
476	100.000000
477	100.000000
478	100.000000
479	100.000000
480	100.000000
481	100.000000
482	100.000000
483	100.000000
484	100.000000
485	100.000000
486	100.000000
487	100.000000
488	100.000000
489	100.000000
490	100.000000
491	100.000000
492	100.000000
493	100.000000
494	100.000000
495	100.000000
496	100.000000
497	100.000000
498	100.000000
499	100.000000
500	100.000000
501	100.000000
502	100.000000
503	100.000000
504	100.000000
505	100.000000
506	100.000000
507	100.000000
508	100.000000
509	100.000000
510	100.000000
511	100.000000
512	100.000000
513	100.000000
514	100.000000
515	100.000000
516	100.000000
517	100.000000
518	100.000000
519	100.000000
520	100.000000
521	100.000000
522	100.000000
523	100.000000
524	100.000000
525	100.000000
526	100.000000
527	100.000000
528	100.000000
529	100.000000
530	100.000000
531	100.000000
532	100.000000
533	100.000000
534	100.000000
535	100.000000
536	100.000000
537	100.000000
538	100.000000
539	100.000000
540	100.000000
541	100.000000
542	100.000000
543	100.000000
544	100.000000
545	100.000000
546	100.000000
547	100.000000
548	100.000000
549	100.000000
550	100.000000
551	100.000000
552	100.000000
553	100.000000
554	100.000000
555	100.000000
556	100.000000
557	100.000000
558	100.000000
559	100.000000
560	100.000000
561	100.000000
562	100.000000
563	100.000000
564	100.000000
565	100.000000
566	100.000000
567	100.000000
568	100.000000
569	100.000000
570	100.000000
571	100.000000
572	100.000000
573	100.000000
574	100.000000
575	100.000000
576	100.000000
577	100.000000
578	100.000000
579	100.000000
580	100.000000
581	100.000000
582	100.000000
583	100.000000
584	100.000000
585	100.000000
586	100.000000
587	100.000000
588	100.000000
589	100.000000
590	100.000000
591	100.000000
592	100.000000
593	100.000000
594	100.000000
595	100.000000
596	100.000000
597	100.000000
598	100.000000
599	100.000000
600	100.000000
601	100.000000
602	100.000000
603	100.000000
604	100.000000
605	100.000000
606	100.000000
607	100.000000
608	100.000000
609	100.000000
610	100.000000
611	100.000000
612	100.000000
613	100.000000
614	100.000000
615	100.000000
616	100.000000
617	100.000000
618	100.000000
619	100.000000
620	100.000000
621	100.000000
622	100.000000
623	100.000000
624	100.000000
625	100.000000
626	100.000000
627	100.000000
628	100.000000
629	100.000000
630	100.000000
631	100.000000
632	100.000000
633	100.000000
634	100.000000
635	100.000000
636	100.000000
637	100.000000
638	100.000000
639	100.000000
640	100.000000
641	100.000000
642	100.000000
643	100.000000
644	100.000000
645	100.000000
646	100.000000
647	100.000000
648	100.000000
649	100.000000
650	100.000000
651	100.000000
652	100.000000
653	100.000000
654	100.000000
655	100.000000
656	100.000000
657	100.000000
658	100.000000
659	100.000000
660	100.000000
661	100.000000
662	100.000000
663	100.000000
664	100.000000
665	100.000000
666	100.000000
667	100.000000
668	100.000000
669	100.000000
670	100.000000
671	100.000000
672	100.000000
673	100.000000
674	100.000000
675	100.000000
676	100.000000
677	100.000000
678	100.000000
679	100.000000
680	100.000000
681	100.000000
682	100.000000
683	100.000000
684	100.000000
685	100.000000
686	100.000000
687	100.000000
688	100.000000
689	100.000000
690	100.000000
691	100.000000
692	100.000000
693	100.000000
694	100.000000
695	100.000000
696	100.000000
697	100.000000
698	100.000000
699	100.000000
700	100.000000
701	100.000000
702	100.000000
703	100.000000
704	100.000000
705	100.000000
706	100.000000
707	100.000000
708	100.000000
709	100.000000
710	100.000000
711	100.000000
712	100.000000
713	100.000000
714	100.000000
715	100.000000
716	100.000000
717	100.000000
718	100.000000
719	100.000000
720	100.000000
721	100.000000
722	100.000000
723	100.000000
724	100.000000
725	100.000000
726	100.000000
727	100.000000
728	100.000000
729	100.000000
730	100.000000
731	100.000000
732	100.000000
733	100.000000
734	100.000000
735	100.000000
736	100.000000
737	100.000000
738	100.000000
739	100.000000
740	100.000000
741	100.000000
742	100.000000
743	100.000000
744	100.000000
745	100.000000
746	100.000000
747	100.000000
748	100.000000
749	100.000000
750	100.000000
751	100.000000
752	100.000000
753	100.000000
754	100.000000
755	100.000000
756	100.000000
757	100.000000
758	100.000000
759	100.000000
760	100.000000
761	100.000000
762	100.000000
763	100.000000
764	100.000000
765	100.000000
766	100.000000
767	100.000000
768	100.000000
769	100.000000
770	100.000000
771	100.000000
772	100.000000
773	100.000000
774	100.000000
775	100.000000
776	100.000000
777	100.000000
778	100.000000
779	100.000000
780	100.000000
781	100.000000
782	100.000000
783	100.000000
784	100.000000
785	100.000000
786	100.000000
787	100.000000
788	100.000000
789	100.000000
790	100.000000
791	100.000000
792	100.000000
793	100.000000
794	100.000000
795	100.000000
796	100.000000
797	100.000000
798	100.000000
799	100.000000
800	100.000000
801	100.000000
802	100.000000
803	100.000000
804	100.000000
805	100.000000
806	100.000000
807	100.000000
808	100.000000
809	100.000000
810	100.000000
811	100.000000
812	100.000000
813	100.000000
814	100.000000
815	100.000000
816	100.000000
817	100.000000
818	100.000000
819	100.000000
820	100.000000
821	100.000000
822	100.000000
823	100.000000
824	100.000000
825	100.000000
826	100.000000
827	100.000000
828	100.000000
829	100.000000
830	100.000000
831	100.000000
832	100.000000
833	100.000000
834	100.000000
835	100.000000
836	100.000000
837	100.000000
838	100.000000
839	100.000000
840	100.000000
841	100.000000
842	100.000000
843	100.000000
844	100.000000
845	100.000000
846	100.000000
847	100.000000
848	100.000000
849	100.000000
850	100.000000
851	100.000000
852	100.000000
853	100.000000
854	100.000000
855	100.000000
856	100.000000
857	100.000000
858	100.000000
859	100.000000
860	100.000000
861	100.000000
862	100.000000
863	100.000000
864	100.000000
865	100.000000
866	100.000000
867	100.000000
868	100.000000
869	100.000000
870	100.000000
871	100.000000
872	100.000000
873	100.000000
874	100.000000
875	100.000000
876	100.000000
877	100.000000
878	100.000000
879	100.000000
880	100.000000
881	100.000000
882	100.000000
883	100.000000
884	100.000000
885	100.000000
886	100.000000
887	100.000000
888	100.000000
889	100.000000
890	100.000000
891	100.000000
892	100.000000
893	100.000000
894	100.000000
895	100.000000
896	100.000000
897	100.000000
898	100.000000
899	100.000000
900	100.000000
901	100.000000
902	100.000000
903	100.000000
904	100.000000
905	100.000000
906	100.000000
907	100.000000
908	100.000000
909	100.000000
910	100.000000
911	100.000000
912	100.000000
913	100.000000
914	100.000000
915	100.000000
916	100.000000
917	100.000000
918	100.000000
919	100.000000
920	100.000000
921	100.000000
922	100.000000
923	100.000000
924	100.000000
925	100.000000
926	100.000000
927	100.000000
928	100.000000
929	100.000000
930	100.000000
931	100.000000
932	100.000000
933	100.000000
934	100.000000
935	100.000000
936	100.000000
937	100.000000
938	100.000000
939	100.000000
940	100.000000
941	100.000000
942	100.000000
943	100.000000
944	100.000000
945	100.000000
946	100.000000
947	100.000000
948	100.000000
949	100.000000
950	100.000000
951	100.000000
952	100.000000
953	100.000000
954	100.000000
955	100.000000
956	100.000000
957	100.000000
958	100.000000
959	100.000000
960	100.000000
961	100.000000
962	100.000000
963	100.000000
964	100.000000
965	100.000000
966	100.000000
967	100.000000
968	100.000000
969	100.000000
970	100.000000
971	100.000000
972	100.000000
973	100.000000
974	100.000000
975	100.000000
976	100.000000
977	100.000000
978	100.000000
979	100.000000
980	100.000000
981	100.000000
982	100.000000
983	100.000000
984	100.000000
985	100.000000
986	100.000000
987	100.000000
988	100.000000
989	100.000000
990	100.000000
991	100.000000
992	100.000000
993	100.000000
994	100.000000
995	100.000000
996	100.000000
997	100.000000
998	100.000000
999	100.000000
1000	100.000000
;

