# seed = 1254829604

param N := 500;

param M := 10;

param Umax := 100.000000;

param: C :=
1	131237.000000
2	99661.000000
3	135875.000000
4	105064.000000
5	133645.000000
6	106467.000000
7	130302.000000
8	126590.000000
9	107382.000000
10	156777.000000
;

param: a :=
1	0.124348
2	0.191490
3	0.147234
4	0.105056
5	0.104651
6	0.159469
7	0.147100
8	0.160229
9	0.137762
10	0.167352
11	0.163080
12	0.195873
13	0.139301
14	0.167404
15	0.148628
16	0.105077
17	0.197680
18	0.161166
19	0.195894
20	0.147587
21	0.135485
22	0.194964
23	0.131058
24	0.145693
25	0.192830
26	0.141855
27	0.157724
28	0.118563
29	0.159611
30	0.139131
31	0.133173
32	0.191894
33	0.132703
34	0.167110
35	0.160392
36	0.185456
37	0.153099
38	0.167298
39	0.120826
40	0.138953
41	0.190979
42	0.117508
43	0.132445
44	0.123426
45	0.109874
46	0.181078
47	0.168179
48	0.104279
49	0.124419
50	0.117104
51	0.150581
52	0.181163
53	0.156204
54	0.141924
55	0.155289
56	0.132653
57	0.123006
58	0.147907
59	0.109514
60	0.129327
61	0.189454
62	0.174403
63	0.183189
64	0.138327
65	0.162359
66	0.164137
67	0.180974
68	0.138539
69	0.141968
70	0.188844
71	0.132973
72	0.172153
73	0.164781
74	0.133369
75	0.172461
76	0.183295
77	0.115923
78	0.196652
79	0.173121
80	0.105973
81	0.130359
82	0.100387
83	0.193659
84	0.167903
85	0.182688
86	0.156115
87	0.133004
88	0.197864
89	0.172296
90	0.124066
91	0.178746
92	0.166867
93	0.141777
94	0.194307
95	0.172149
96	0.161750
97	0.159434
98	0.186894
99	0.174596
100	0.100759
101	0.173945
102	0.140580
103	0.153989
104	0.141209
105	0.105455
106	0.169807
107	0.169017
108	0.185918
109	0.144937
110	0.142211
111	0.196307
112	0.154320
113	0.173665
114	0.108727
115	0.170211
116	0.155886
117	0.195572
118	0.141547
119	0.184322
120	0.184553
121	0.163527
122	0.131389
123	0.113534
124	0.166272
125	0.175155
126	0.161742
127	0.193269
128	0.108412
129	0.145703
130	0.102671
131	0.184574
132	0.172619
133	0.141793
134	0.164910
135	0.137119
136	0.156976
137	0.194590
138	0.195267
139	0.174473
140	0.168967
141	0.188502
142	0.123844
143	0.122234
144	0.169915
145	0.168613
146	0.177746
147	0.122716
148	0.194611
149	0.146684
150	0.199207
151	0.166667
152	0.132153
153	0.118494
154	0.111441
155	0.131224
156	0.177870
157	0.156180
158	0.163592
159	0.108347
160	0.176229
161	0.131787
162	0.183547
163	0.101000
164	0.196267
165	0.190123
166	0.148552
167	0.152184
168	0.121976
169	0.192108
170	0.125292
171	0.113905
172	0.103681
173	0.180895
174	0.137836
175	0.152253
176	0.164387
177	0.157457
178	0.152043
179	0.171282
180	0.183468
181	0.165602
182	0.187666
183	0.103345
184	0.175557
185	0.104800
186	0.199260
187	0.199016
188	0.139583
189	0.112800
190	0.132980
191	0.192753
192	0.178785
193	0.157865
194	0.118064
195	0.108461
196	0.162625
197	0.108404
198	0.149542
199	0.144667
200	0.189515
201	0.162070
202	0.112892
203	0.100398
204	0.119858
205	0.186672
206	0.189682
207	0.197897
208	0.134007
209	0.165201
210	0.175659
211	0.167175
212	0.153427
213	0.144256
214	0.129279
215	0.182930
216	0.121084
217	0.153835
218	0.193599
219	0.144950
220	0.123256
221	0.117897
222	0.110105
223	0.194986
224	0.117054
225	0.164480
226	0.192725
227	0.150824
228	0.103812
229	0.137170
230	0.115191
231	0.136254
232	0.109258
233	0.166763
234	0.189762
235	0.133759
236	0.147426
237	0.150564
238	0.130012
239	0.126331
240	0.116172
241	0.158548
242	0.128165
243	0.114347
244	0.121206
245	0.156551
246	0.181152
247	0.122755
248	0.160041
249	0.104619
250	0.161346
251	0.105093
252	0.160200
253	0.135068
254	0.198576
255	0.131852
256	0.171488
257	0.120424
258	0.172160
259	0.106524
260	0.172368
261	0.162893
262	0.158753
263	0.147614
264	0.112559
265	0.151636
266	0.117512
267	0.185485
268	0.123297
269	0.119426
270	0.107704
271	0.138341
272	0.173390
273	0.155887
274	0.154712
275	0.115786
276	0.166991
277	0.195789
278	0.135240
279	0.106297
280	0.194782
281	0.192504
282	0.182080
283	0.172433
284	0.154231
285	0.126552
286	0.159921
287	0.130767
288	0.199819
289	0.129554
290	0.126639
291	0.110552
292	0.195090
293	0.192064
294	0.120286
295	0.171884
296	0.104959
297	0.156724
298	0.123325
299	0.180617
300	0.105432
301	0.190445
302	0.168160
303	0.171440
304	0.123885
305	0.181942
306	0.164171
307	0.195391
308	0.164313
309	0.176433
310	0.126109
311	0.132920
312	0.191446
313	0.145059
314	0.178435
315	0.163431
316	0.150376
317	0.139946
318	0.134453
319	0.135651
320	0.103685
321	0.107951
322	0.120541
323	0.146477
324	0.116494
325	0.197785
326	0.115917
327	0.191882
328	0.190090
329	0.130877
330	0.174931
331	0.100169
332	0.182047
333	0.150438
334	0.190952
335	0.168047
336	0.115215
337	0.191978
338	0.127017
339	0.159959
340	0.138058
341	0.155767
342	0.102024
343	0.144396
344	0.177746
345	0.150584
346	0.195104
347	0.182678
348	0.121056
349	0.184470
350	0.188338
351	0.181809
352	0.180948
353	0.152086
354	0.182643
355	0.120950
356	0.177130
357	0.109639
358	0.107440
359	0.151787
360	0.158646
361	0.148081
362	0.187519
363	0.187130
364	0.193217
365	0.131408
366	0.152809
367	0.180584
368	0.121363
369	0.105881
370	0.126334
371	0.132273
372	0.186670
373	0.178625
374	0.181116
375	0.104932
376	0.171678
377	0.171709
378	0.176315
379	0.118141
380	0.192448
381	0.164596
382	0.134933
383	0.129725
384	0.136436
385	0.109470
386	0.125376
387	0.109847
388	0.106010
389	0.114184
390	0.194842
391	0.194857
392	0.135146
393	0.191953
394	0.131845
395	0.152259
396	0.102037
397	0.137754
398	0.154406
399	0.124566
400	0.168597
401	0.170554
402	0.186987
403	0.190773
404	0.133649
405	0.132600
406	0.127500
407	0.187386
408	0.108587
409	0.166767
410	0.129230
411	0.126932
412	0.122440
413	0.170147
414	0.146926
415	0.130739
416	0.176420
417	0.174385
418	0.149738
419	0.154589
420	0.137699
421	0.138253
422	0.117914
423	0.172693
424	0.146964
425	0.133885
426	0.124377
427	0.156574
428	0.113831
429	0.152148
430	0.142632
431	0.194583
432	0.130463
433	0.187541
434	0.198507
435	0.136550
436	0.152761
437	0.121565
438	0.106523
439	0.156149
440	0.123518
441	0.142612
442	0.136355
443	0.141868
444	0.149477
445	0.143422
446	0.142925
447	0.199179
448	0.118148
449	0.169526
450	0.143369
451	0.197801
452	0.135909
453	0.195984
454	0.198181
455	0.160543
456	0.129950
457	0.117571
458	0.151071
459	0.147415
460	0.145156
461	0.164364
462	0.180531
463	0.195178
464	0.190662
465	0.146438
466	0.167003
467	0.171401
468	0.196498
469	0.145096
470	0.118063
471	0.151260
472	0.178093
473	0.112386
474	0.149964
475	0.187231
476	0.114188
477	0.171683
478	0.108912
479	0.123650
480	0.188677
481	0.196699
482	0.196755
483	0.151055
484	0.119920
485	0.143813
486	0.118085
487	0.117941
488	0.140924
489	0.123589
490	0.107545
491	0.185915
492	0.105802
493	0.150525
494	0.155014
495	0.169943
496	0.156858
497	0.139563
498	0.198131
499	0.173358
500	0.103371
;

param: b :=
1	72.606534
2	32.149269
3	50.683509
4	23.291406
5	91.798675
6	53.551479
7	42.112001
8	89.096015
9	51.376685
10	37.696582
11	67.991427
12	28.808627
13	66.806776
14	89.833600
15	16.034328
16	61.781668
17	51.172761
18	96.660337
19	22.071261
20	51.982772
21	49.723660
22	85.914973
23	79.015581
24	85.337703
25	90.908014
26	23.589799
27	18.849955
28	98.977575
29	55.555873
30	30.484834
31	8.424167
32	65.207229
33	77.088031
34	25.674971
35	12.323274
36	58.852487
37	83.694331
38	61.399514
39	8.018330
40	55.356936
41	79.424128
42	82.163976
43	98.206104
44	82.614172
45	16.505379
46	6.678159
47	12.862346
48	6.079191
49	94.721573
50	64.225143
51	56.090053
52	97.607745
53	9.451692
54	65.617070
55	58.077057
56	21.786181
57	75.885593
58	80.579619
59	34.604816
60	83.791921
61	88.718868
62	44.722196
63	60.510149
64	55.188071
65	37.863856
66	22.989975
67	15.149989
68	30.903078
69	36.914733
70	26.207262
71	91.708854
72	65.303298
73	16.650121
74	48.459170
75	47.278392
76	90.221635
77	15.651350
78	80.496328
79	69.794970
80	12.639356
81	82.487462
82	52.754540
83	77.675372
84	1.591598
85	23.144850
86	21.484671
87	14.648481
88	98.619184
89	65.609774
90	91.282747
91	73.269601
92	11.261485
93	14.925974
94	53.640418
95	3.464660
96	34.262606
97	12.637252
98	90.752635
99	38.937047
100	79.101815
101	84.685682
102	26.896860
103	18.142150
104	38.996841
105	94.849714
106	93.813585
107	92.105802
108	23.333442
109	69.051355
110	59.571334
111	80.446721
112	41.208257
113	82.083520
114	50.618431
115	37.813169
116	12.606327
117	12.344081
118	24.566887
119	82.527043
120	44.524151
121	42.934441
122	54.145573
123	42.708147
124	23.125655
125	75.547680
126	79.424842
127	23.115631
128	99.871531
129	47.881318
130	94.500947
131	15.348519
132	60.830493
133	21.756962
134	45.287085
135	86.133354
136	29.505066
137	94.135538
138	28.482293
139	26.705313
140	82.917511
141	96.196092
142	72.994049
143	27.297275
144	2.547536
145	98.442632
146	16.306718
147	75.115852
148	56.041038
149	69.379395
150	93.290828
151	79.463024
152	58.578082
153	54.237116
154	84.685219
155	22.253240
156	46.476356
157	23.744718
158	4.036167
159	25.196594
160	40.095702
161	49.927880
162	10.868181
163	78.646531
164	1.381742
165	67.769266
166	56.146298
167	80.295872
168	73.649511
169	66.649772
170	80.065683
171	69.980512
172	95.737543
173	92.384570
174	27.648679
175	54.105345
176	52.307409
177	84.112963
178	68.395939
179	38.982498
180	33.659431
181	91.857169
182	89.937777
183	63.092649
184	57.533889
185	73.875523
186	89.248435
187	37.166133
188	36.444119
189	14.107489
190	32.616424
191	33.982762
192	46.617307
193	81.159373
194	18.157308
195	83.518596
196	46.612479
197	32.510498
198	96.274203
199	36.417973
200	18.077471
201	64.357345
202	67.722472
203	94.490116
204	59.718121
205	91.010180
206	35.763339
207	84.901937
208	83.103477
209	59.008397
210	25.049289
211	70.584502
212	31.546036
213	60.425320
214	34.280569
215	52.201972
216	22.268808
217	17.161593
218	69.665449
219	90.452132
220	13.508946
221	19.925858
222	90.879724
223	46.382557
224	65.351780
225	52.575173
226	80.354995
227	35.627764
228	13.640260
229	87.602526
230	12.252320
231	11.957759
232	30.979432
233	10.395385
234	7.852138
235	23.234994
236	1.519651
237	8.387007
238	32.274397
239	46.186899
240	0.431387
241	77.501911
242	94.044718
243	9.413995
244	5.314282
245	25.157483
246	74.964878
247	97.778273
248	60.650980
249	39.738138
250	0.389031
251	82.601889
252	17.169898
253	19.213103
254	91.318391
255	41.636635
256	22.113154
257	96.935486
258	4.996969
259	23.587247
260	59.278868
261	16.569708
262	90.827654
263	0.386630
264	50.540305
265	69.206713
266	44.671988
267	26.588149
268	82.171235
269	70.360694
270	11.590748
271	9.520619
272	18.500365
273	48.063368
274	25.143095
275	10.893662
276	86.010177
277	4.612968
278	12.659239
279	17.624194
280	69.793675
281	64.221282
282	77.745030
283	99.385624
284	61.088368
285	84.630084
286	44.635291
287	97.037967
288	85.002256
289	0.789557
290	32.415202
291	4.505438
292	10.922077
293	95.361652
294	49.174936
295	35.377367
296	86.507765
297	3.236551
298	47.191946
299	14.382647
300	13.397465
301	60.602233
302	73.725734
303	70.860677
304	63.731614
305	69.661967
306	94.522329
307	67.529709
308	18.149093
309	42.731555
310	69.965326
311	78.205883
312	97.524141
313	63.007512
314	53.214315
315	64.889721
316	92.686444
317	30.165449
318	60.064152
319	41.329760
320	56.224255
321	98.262381
322	25.564547
323	41.421569
324	48.085668
325	13.187435
326	92.157257
327	7.313809
328	21.993866
329	94.093327
330	0.346436
331	42.819937
332	1.772702
333	21.130617
334	65.778800
335	29.896097
336	7.869760
337	71.196104
338	65.095159
339	0.904819
340	59.360213
341	50.682902
342	78.471333
343	8.097019
344	67.138896
345	96.529678
346	4.115622
347	93.243434
348	72.976675
349	56.943083
350	82.910382
351	95.161821
352	95.424039
353	87.924381
354	10.576010
355	2.083545
356	6.480287
357	23.143160
358	6.597651
359	24.861368
360	60.573852
361	11.449370
362	5.276770
363	87.316187
364	40.790527
365	63.891565
366	89.822445
367	25.847176
368	48.374655
369	44.565892
370	68.851647
371	77.304058
372	23.508265
373	69.650067
374	91.760152
375	46.266893
376	44.633955
377	22.657866
378	3.226386
379	53.243142
380	26.378156
381	76.260377
382	30.035182
383	97.394892
384	73.874819
385	71.441846
386	63.860702
387	5.371577
388	57.810248
389	74.930009
390	93.698185
391	21.490492
392	21.969182
393	88.074962
394	9.412071
395	39.793506
396	27.992231
397	43.258654
398	91.340834
399	3.122856
400	24.528341
401	89.618531
402	2.137316
403	15.495059
404	6.682215
405	20.036647
406	58.840932
407	13.990808
408	64.303748
409	50.121129
410	94.213800
411	24.861372
412	75.406864
413	47.073923
414	64.553580
415	29.922302
416	17.509806
417	12.431006
418	6.546116
419	93.831574
420	34.349375
421	57.132655
422	88.695616
423	76.999065
424	57.063507
425	37.297041
426	84.892765
427	76.981513
428	1.914079
429	49.445902
430	85.737480
431	44.168324
432	93.539843
433	46.106875
434	69.790481
435	28.607701
436	60.709242
437	61.178460
438	57.771114
439	70.318435
440	63.906367
441	92.089684
442	91.361720
443	11.039137
444	63.551438
445	29.506815
446	60.351385
447	81.605823
448	4.508160
449	30.892129
450	38.138298
451	82.908791
452	57.374152
453	93.899823
454	22.113201
455	79.275375
456	8.933351
457	79.223804
458	94.482452
459	27.148313
460	23.569580
461	72.259849
462	36.343288
463	4.177791
464	77.577438
465	89.123549
466	74.696867
467	84.594248
468	64.526788
469	38.433981
470	32.748146
471	21.734369
472	54.152418
473	87.575514
474	67.557084
475	22.391537
476	60.605220
477	7.965563
478	13.355836
479	47.269558
480	32.591022
481	12.005640
482	60.133675
483	65.663590
484	17.603408
485	92.836784
486	49.595712
487	0.669972
488	46.973386
489	7.132468
490	68.314475
491	65.640094
492	3.757148
493	31.796792
494	77.824648
495	85.352817
496	84.105220
497	76.200893
498	75.703357
499	24.811039
500	36.770472
;

param: c :=
1	50.505972
2	43.913284
3	94.878287
4	95.988990
5	6.259886
6	23.833113
7	90.303611
8	10.868127
9	45.802141
10	83.015990
11	3.107117
12	21.603960
13	88.684991
14	53.509195
15	45.352522
16	86.371548
17	93.113784
18	49.320940
19	83.173456
20	41.509510
21	46.289076
22	5.935298
23	25.180829
24	76.463026
25	90.179189
26	27.469708
27	74.409291
28	85.602796
29	59.328747
30	65.065015
31	16.406931
32	8.017128
33	67.421792
34	80.079139
35	5.729062
36	27.599800
37	82.871114
38	72.253692
39	57.851120
40	40.805351
41	20.392621
42	57.997667
43	16.379696
44	29.111266
45	65.948074
46	60.109637
47	5.134111
48	91.733924
49	49.392682
50	92.651474
51	76.410371
52	30.493687
53	32.353897
54	4.102488
55	22.615600
56	63.101184
57	24.091933
58	90.022629
59	31.304018
60	61.559665
61	75.526747
62	15.186797
63	45.912164
64	40.506316
65	68.194035
66	63.523853
67	45.138644
68	71.941478
69	28.917200
70	99.383414
71	92.420794
72	8.361489
73	6.149582
74	4.053487
75	39.099960
76	61.365868
77	11.280701
78	82.121316
79	32.823027
80	28.174050
81	65.228091
82	74.086834
83	51.084607
84	66.515301
85	76.400274
86	15.054698
87	13.999058
88	36.862258
89	38.047120
90	72.140754
91	64.451538
92	10.265507
93	10.199170
94	11.777644
95	91.201284
96	18.127529
97	98.113602
98	79.045068
99	87.600186
100	48.353626
101	13.735621
102	29.144801
103	73.425307
104	32.780540
105	75.093833
106	58.746456
107	91.035558
108	84.149083
109	0.183524
110	60.150599
111	74.675005
112	67.315245
113	51.474725
114	88.170000
115	34.732339
116	15.746946
117	68.045017
118	24.953554
119	19.716509
120	97.846152
121	75.213351
122	25.935666
123	82.526350
124	37.522276
125	14.514621
126	55.869034
127	95.082350
128	75.520680
129	89.715588
130	52.585952
131	61.273830
132	89.645136
133	43.534618
134	90.111060
135	27.515759
136	8.863601
137	85.046838
138	54.054181
139	78.727001
140	8.867793
141	9.481269
142	52.535247
143	76.691594
144	11.643147
145	14.165117
146	99.367929
147	71.580400
148	64.127894
149	16.045836
150	79.207336
151	15.702923
152	43.109929
153	20.307550
154	42.475268
155	1.210442
156	38.919612
157	36.789218
158	63.155057
159	89.794553
160	99.956450
161	37.918231
162	43.673901
163	91.690478
164	54.565524
165	33.280693
166	36.519274
167	24.778230
168	24.161992
169	74.762669
170	5.820826
171	7.257459
172	6.044325
173	24.541789
174	56.136576
175	59.948127
176	17.969257
177	2.145471
178	27.036124
179	0.980814
180	72.304082
181	49.762369
182	71.179960
183	44.258777
184	96.203497
185	54.604211
186	3.358784
187	20.710058
188	52.654474
189	5.171968
190	77.131769
191	9.085429
192	29.011752
193	55.347136
194	66.381668
195	43.027367
196	73.194087
197	9.778263
198	26.485499
199	59.577141
200	33.149981
201	72.314374
202	24.602778
203	39.989987
204	8.253740
205	74.689426
206	9.101289
207	56.017042
208	57.721635
209	63.679716
210	28.903059
211	62.403147
212	52.596490
213	39.280052
214	13.740238
215	51.899085
216	82.442371
217	76.766304
218	90.571566
219	92.619022
220	25.005929
221	52.711767
222	88.804220
223	58.028398
224	32.286490
225	1.999857
226	50.313850
227	37.276872
228	96.303190
229	52.570037
230	24.706632
231	72.452986
232	49.411967
233	84.338344
234	27.571056
235	88.071167
236	30.685707
237	60.954978
238	77.620654
239	2.241522
240	58.078891
241	9.731380
242	65.350136
243	74.564375
244	64.704900
245	30.925097
246	36.258447
247	96.210164
248	38.441691
249	28.915450
250	20.354752
251	24.372764
252	16.359326
253	54.178912
254	12.350297
255	56.447314
256	21.209100
257	30.765894
258	50.123432
259	20.668343
260	46.183382
261	37.933079
262	99.450063
263	79.605676
264	50.180745
265	62.647220
266	89.188563
267	45.959653
268	36.755674
269	62.520115
270	99.280961
271	43.480102
272	26.496935
273	8.784106
274	53.652689
275	18.250415
276	21.515949
277	53.415431
278	24.101487
279	23.300967
280	44.613822
281	72.155136
282	28.537746
283	48.630031
284	51.314304
285	40.449876
286	69.505309
287	57.291683
288	85.536955
289	87.984166
290	87.725915
291	95.377926
292	98.993600
293	12.494469
294	83.285827
295	78.321492
296	45.976619
297	68.966737
298	65.160101
299	7.148467
300	12.913268
301	54.598181
302	6.978531
303	69.647238
304	70.155010
305	0.432907
306	76.170502
307	43.842426
308	10.022137
309	3.145985
310	46.869736
311	28.672657
312	61.818503
313	42.138355
314	31.146101
315	67.237594
316	80.935111
317	67.156386
318	61.042493
319	90.687861
320	83.445198
321	9.570873
322	57.526220
323	52.975449
324	70.104179
325	85.686492
326	47.201185
327	25.250608
328	8.067187
329	64.891203
330	55.812104
331	91.070165
332	23.449581
333	8.449083
334	44.577692
335	7.488730
336	14.095168
337	95.725106
338	58.824133
339	15.474057
340	42.372035
341	88.275220
342	91.491191
343	20.694706
344	56.240242
345	18.510726
346	24.298380
347	37.434100
348	34.970936
349	97.192815
350	64.203444
351	16.010330
352	65.335182
353	26.143469
354	31.853780
355	80.065816
356	90.158171
357	46.220247
358	18.887277
359	99.768910
360	24.957857
361	80.271404
362	36.072048
363	69.753739
364	19.562991
365	38.426882
366	2.396198
367	91.771610
368	59.270352
369	13.368206
370	18.707139
371	44.847465
372	98.302933
373	27.122028
374	78.880184
375	93.761462
376	90.753210
377	67.834550
378	16.865666
379	61.942462
380	15.400076
381	13.031010
382	39.194740
383	43.078260
384	17.177853
385	1.735930
386	43.082547
387	11.449253
388	93.763868
389	80.890924
390	46.364609
391	18.441358
392	56.763905
393	68.116690
394	68.762885
395	29.546858
396	90.754214
397	61.502967
398	61.821163
399	57.644093
400	15.936961
401	89.931091
402	50.760602
403	93.797227
404	63.030978
405	20.975147
406	37.247953
407	85.819078
408	16.228792
409	57.540141
410	9.079390
411	9.720819
412	73.946506
413	32.834670
414	88.694299
415	74.022762
416	84.700693
417	34.632441
418	35.744698
419	13.308424
420	14.351286
421	27.426614
422	62.921982
423	86.625948
424	67.650865
425	74.579604
426	59.069646
427	68.418693
428	77.952808
429	81.527344
430	13.834901
431	5.743002
432	76.254879
433	9.249950
434	32.021526
435	95.989234
436	53.118879
437	15.160525
438	23.880837
439	93.410907
440	96.068527
441	68.974019
442	70.876074
443	19.135709
444	96.118093
445	16.647391
446	58.812406
447	7.980948
448	11.568636
449	5.021594
450	51.472367
451	41.002653
452	80.093208
453	77.973939
454	66.560726
455	42.029185
456	6.075268
457	31.328810
458	51.046670
459	83.103374
460	53.226934
461	12.594446
462	46.757978
463	96.989574
464	57.234002
465	35.889591
466	38.081855
467	58.673381
468	27.330711
469	55.311263
470	42.518224
471	63.580458
472	25.972163
473	58.976924
474	36.097673
475	49.247050
476	97.225737
477	57.636404
478	49.267076
479	17.105937
480	85.885719
481	32.277617
482	15.153268
483	24.805299
484	14.282529
485	99.756829
486	8.054482
487	86.375848
488	6.749485
489	6.617920
490	33.427583
491	30.338290
492	76.154696
493	8.398303
494	28.988356
495	41.034280
496	2.061811
497	71.572456
498	65.629724
499	21.356380
500	39.536438
;

param: d :=
1	-63.393143
2	-93.977382
3	-91.652102
4	-26.388140
5	-99.938947
6	-82.235636
7	-2.393595
8	-95.857764
9	-67.359362
10	-36.659311
11	-30.660447
12	-80.293657
13	-70.395351
14	-21.728024
15	-5.570031
16	-11.906905
17	-99.212893
18	-17.229776
19	-15.421078
20	-98.904168
21	-19.162132
22	-18.664409
23	-75.828561
24	-4.985917
25	-23.996838
26	-16.635392
27	-95.986467
28	-75.501782
29	-15.208308
30	-84.405539
31	-76.647869
32	-80.636425
33	-92.887950
34	-47.287589
35	-80.278948
36	-49.478611
37	-30.494352
38	-24.684429
39	-11.752679
40	-80.968177
41	-3.292398
42	-54.892613
43	-84.684271
44	-4.320150
45	-32.274525
46	-78.116194
47	-11.428395
48	-37.723042
49	-59.201016
50	-53.784301
51	-83.470709
52	-58.727292
53	-38.662221
54	-66.342231
55	-95.318252
56	-74.695624
57	-0.583453
58	-21.598852
59	-58.131924
60	-66.570198
61	-87.930706
62	-62.496027
63	-92.719390
64	-71.650323
65	-6.337340
66	-74.303704
67	-43.499711
68	-46.273943
69	-12.119786
70	-70.649788
71	-98.833332
72	-64.323421
73	-90.080090
74	-94.689657
75	-98.622262
76	-17.321283
77	-91.656399
78	-94.986295
79	-20.729509
80	-89.973076
81	-30.540763
82	-38.247435
83	-95.060617
84	-49.976059
85	-84.488766
86	-15.710796
87	-1.767513
88	-28.048908
89	-76.619878
90	-9.418606
91	-44.853669
92	-18.078422
93	-44.223839
94	-68.830854
95	-89.803487
96	-66.108806
97	-76.114245
98	-2.840055
99	-15.205073
100	-87.463710
101	-34.853580
102	-41.292067
103	-47.897597
104	-79.746043
105	-6.945061
106	-81.839334
107	-17.246961
108	-84.937447
109	-81.637556
110	-25.008031
111	-28.598783
112	-86.933898
113	-35.299322
114	-7.123969
115	-29.605102
116	-83.963304
117	-29.752758
118	-91.138078
119	-64.202797
120	-27.276933
121	-1.740524
122	-52.864090
123	-18.421021
124	-8.774798
125	-5.128225
126	-40.411506
127	-31.517433
128	-65.652644
129	-71.770700
130	-59.806747
131	-0.911849
132	-71.512254
133	-63.124605
134	-59.569596
135	-73.165911
136	-90.437992
137	-44.136420
138	-15.087732
139	-81.992214
140	-40.922409
141	-83.982007
142	-67.292476
143	-92.719595
144	-76.030536
145	-52.659813
146	-13.386383
147	-67.802885
148	-52.854171
149	-76.624455
150	-89.150162
151	-19.167743
152	-68.478730
153	-9.925363
154	-24.430711
155	-52.730335
156	-42.922422
157	-28.117174
158	-93.297643
159	-71.345694
160	-81.295949
161	-67.002061
162	-77.533372
163	-62.210687
164	-40.577490
165	-20.082485
166	-51.491625
167	-9.897505
168	-34.350324
169	-16.201771
170	-20.142450
171	-52.814382
172	-59.799695
173	-94.327096
174	-38.002407
175	-72.984617
176	-29.791962
177	-35.285092
178	-41.912176
179	-4.176170
180	-60.395545
181	-74.449435
182	-94.364800
183	-94.509609
184	-97.406518
185	-94.219445
186	-28.436305
187	-51.221824
188	-89.237431
189	-42.940934
190	-70.816979
191	-52.642306
192	-17.856435
193	-21.425301
194	-29.281693
195	-86.367046
196	-60.242984
197	-82.510579
198	-21.446668
199	-99.986362
200	-44.103642
201	-94.902775
202	-13.913877
203	-89.823459
204	-53.656322
205	-53.751351
206	-77.167921
207	-29.788559
208	-41.389881
209	-94.808890
210	-16.087006
211	-58.136063
212	-37.471747
213	-99.726772
214	-12.999151
215	-53.390446
216	-50.012919
217	-83.761516
218	-53.804055
219	-15.770269
220	-63.003980
221	-30.204298
222	-7.452780
223	-28.247674
224	-92.374507
225	-42.900787
226	-82.268853
227	-96.464589
228	-7.383496
229	-4.801607
230	-52.522432
231	-61.745786
232	-40.428260
233	-95.960146
234	-13.935001
235	-13.671427
236	-27.867350
237	-76.983493
238	-20.576083
239	-89.330423
240	-56.256625
241	-53.381300
242	-41.149525
243	-24.697668
244	-1.173750
245	-41.207440
246	-60.769259
247	-67.513787
248	-74.609216
249	-20.816566
250	-73.949148
251	-63.981952
252	-3.541729
253	-68.722257
254	-62.982424
255	-39.232798
256	-8.157464
257	-55.202855
258	-11.480332
259	-39.297017
260	-15.282043
261	-80.660130
262	-20.037751
263	-21.620038
264	-37.317358
265	-27.695672
266	-36.304408
267	-76.581914
268	-77.253374
269	-0.968461
270	-42.115365
271	-99.011846
272	-37.421639
273	-98.153467
274	-8.532201
275	-21.693713
276	-33.727967
277	-60.730559
278	-38.262686
279	-84.918450
280	-51.564890
281	-89.246042
282	-96.403715
283	-74.152010
284	-21.667360
285	-50.147129
286	-95.465575
287	-97.078081
288	-71.643001
289	-21.815951
290	-22.046465
291	-48.998526
292	-35.405131
293	-50.644316
294	-94.176651
295	-40.131466
296	-7.315046
297	-47.897613
298	-77.681354
299	-6.888929
300	-11.282136
301	-31.233305
302	-85.863784
303	-59.593432
304	-10.954636
305	-10.909709
306	-22.915494
307	-50.010504
308	-28.708276
309	-53.919937
310	-3.735942
311	-66.647097
312	-32.383804
313	-11.098877
314	-11.543104
315	-33.422604
316	-2.754547
317	-31.381542
318	-3.728937
319	-22.210504
320	-65.169030
321	-24.811169
322	-98.524232
323	-86.366892
324	-22.463706
325	-11.527612
326	-0.637428
327	-98.546791
328	-52.383396
329	-16.147365
330	-54.964591
331	-14.144673
332	-70.751719
333	-24.311584
334	-0.981090
335	-67.061470
336	-28.972731
337	-16.951936
338	-49.532989
339	-31.591510
340	-17.364424
341	-36.743832
342	-83.880880
343	-59.878534
344	-63.429729
345	-33.942261
346	-62.524004
347	-29.047277
348	-87.453277
349	-94.835756
350	-55.421861
351	-99.679922
352	-94.753122
353	-10.479521
354	-82.385993
355	-81.857610
356	-58.666191
357	-74.350847
358	-27.225012
359	-22.069219
360	-9.500205
361	-71.853594
362	-22.322636
363	-66.649280
364	-87.895747
365	-68.823570
366	-22.233414
367	-39.144538
368	-42.564582
369	-24.365330
370	-54.103462
371	-29.300464
372	-10.933991
373	-29.603218
374	-59.614038
375	-81.699592
376	-9.614788
377	-83.443425
378	-25.382030
379	-54.737454
380	-28.671826
381	-41.642891
382	-74.314217
383	-2.440219
384	-46.698672
385	-28.587289
386	-59.224069
387	-77.122325
388	-54.795223
389	-42.737477
390	-87.979756
391	-3.406673
392	-21.771703
393	-96.597966
394	-74.390756
395	-66.850160
396	-51.598743
397	-43.804916
398	-88.829925
399	-7.317035
400	-62.640385
401	-99.899332
402	-22.258667
403	-47.723955
404	-4.529628
405	-9.755798
406	-56.563002
407	-22.683372
408	-40.651948
409	-39.435408
410	-7.738737
411	-52.093172
412	-40.311615
413	-44.033869
414	-36.845063
415	-11.720479
416	-14.500674
417	-15.894316
418	-76.315478
419	-12.576770
420	-73.606726
421	-87.724320
422	-97.385800
423	-92.674508
424	-17.291520
425	-52.806210
426	-61.271405
427	-15.999428
428	-23.247149
429	-61.226302
430	-89.717042
431	-30.837466
432	-10.467082
433	-44.040389
434	-23.540049
435	-81.922851
436	-33.404471
437	-72.692158
438	-17.222482
439	-34.600775
440	-44.460121
441	-61.398908
442	-10.525703
443	-42.971201
444	-26.642460
445	-63.166969
446	-61.006036
447	-31.847257
448	-10.976145
449	-11.338405
450	-60.513333
451	-85.551286
452	-5.278901
453	-96.034580
454	-90.250510
455	-34.435222
456	-18.577519
457	-41.426240
458	-68.836160
459	-74.611274
460	-88.283334
461	-93.606825
462	-13.393316
463	-73.493195
464	-58.291237
465	-70.459073
466	-79.769742
467	-16.004628
468	-56.744015
469	-57.913946
470	-24.703185
471	-12.850906
472	-83.825412
473	-28.940923
474	-22.704943
475	-57.457593
476	-43.293939
477	-64.736897
478	-65.116137
479	-17.373324
480	-75.225504
481	-54.054162
482	-6.019055
483	-91.308292
484	-30.812968
485	-39.081111
486	-96.028817
487	-49.781822
488	-43.922836
489	-51.605481
490	-78.172858
491	-14.328316
492	-86.143769
493	-63.099248
494	-38.236403
495	-23.439393
496	-9.713961
497	-30.098393
498	-25.713865
499	-18.243641
500	-67.640294
;

param: weight :=
1	70.000000
2	27.000000
3	22.000000
4	80.000000
5	92.000000
6	18.000000
7	78.000000
8	95.000000
9	60.000000
10	12.000000
11	68.000000
12	47.000000
13	64.000000
14	94.000000
15	49.000000
16	25.000000
17	21.000000
18	17.000000
19	52.000000
20	30.000000
21	44.000000
22	74.000000
23	80.000000
24	68.000000
25	75.000000
26	25.000000
27	99.000000
28	80.000000
29	79.000000
30	26.000000
31	84.000000
32	49.000000
33	81.000000
34	50.000000
35	97.000000
36	74.000000
37	7.000000
38	80.000000
39	15.000000
40	8.000000
41	99.000000
42	33.000000
43	68.000000
44	58.000000
45	5.000000
46	26.000000
47	10.000000
48	51.000000
49	10.000000
50	60.000000
51	24.000000
52	20.000000
53	98.000000
54	28.000000
55	98.000000
56	68.000000
57	92.000000
58	22.000000
59	95.000000
60	18.000000
61	93.000000
62	70.000000
63	60.000000
64	34.000000
65	79.000000
66	56.000000
67	27.000000
68	68.000000
69	44.000000
70	55.000000
71	85.000000
72	91.000000
73	73.000000
74	3.000000
75	35.000000
76	20.000000
77	17.000000
78	17.000000
79	79.000000
80	18.000000
81	84.000000
82	36.000000
83	86.000000
84	7.000000
85	3.000000
86	32.000000
87	84.000000
88	60.000000
89	70.000000
90	41.000000
91	88.000000
92	95.000000
93	14.000000
94	26.000000
95	27.000000
96	25.000000
97	68.000000
98	72.000000
99	94.000000
100	11.000000
101	94.000000
102	61.000000
103	42.000000
104	36.000000
105	79.000000
106	7.000000
107	57.000000
108	82.000000
109	21.000000
110	80.000000
111	73.000000
112	59.000000
113	65.000000
114	66.000000
115	56.000000
116	87.000000
117	83.000000
118	38.000000
119	47.000000
120	38.000000
121	14.000000
122	70.000000
123	13.000000
124	32.000000
125	12.000000
126	52.000000
127	22.000000
128	47.000000
129	30.000000
130	85.000000
131	11.000000
132	21.000000
133	90.000000
134	79.000000
135	15.000000
136	70.000000
137	93.000000
138	57.000000
139	63.000000
140	24.000000
141	23.000000
142	82.000000
143	83.000000
144	87.000000
145	17.000000
146	75.000000
147	91.000000
148	88.000000
149	76.000000
150	18.000000
151	27.000000
152	45.000000
153	86.000000
154	32.000000
155	46.000000
156	57.000000
157	5.000000
158	36.000000
159	16.000000
160	16.000000
161	97.000000
162	68.000000
163	51.000000
164	9.000000
165	96.000000
166	75.000000
167	14.000000
168	96.000000
169	5.000000
170	40.000000
171	50.000000
172	44.000000
173	82.000000
174	93.000000
175	38.000000
176	32.000000
177	31.000000
178	9.000000
179	45.000000
180	95.000000
181	19.000000
182	60.000000
183	28.000000
184	16.000000
185	70.000000
186	29.000000
187	63.000000
188	42.000000
189	20.000000
190	35.000000
191	40.000000
192	18.000000
193	30.000000
194	29.000000
195	41.000000
196	76.000000
197	80.000000
198	78.000000
199	15.000000
200	88.000000
201	78.000000
202	8.000000
203	12.000000
204	38.000000
205	91.000000
206	91.000000
207	90.000000
208	69.000000
209	69.000000
210	71.000000
211	17.000000
212	54.000000
213	31.000000
214	92.000000
215	57.000000
216	7.000000
217	59.000000
218	32.000000
219	90.000000
220	1.000000
221	66.000000
222	41.000000
223	62.000000
224	12.000000
225	37.000000
226	18.000000
227	6.000000
228	7.000000
229	59.000000
230	20.000000
231	69.000000
232	49.000000
233	14.000000
234	1.000000
235	19.000000
236	49.000000
237	47.000000
238	91.000000
239	50.000000
240	86.000000
241	64.000000
242	66.000000
243	33.000000
244	84.000000
245	36.000000
246	19.000000
247	44.000000
248	20.000000
249	15.000000
250	99.000000
251	41.000000
252	56.000000
253	52.000000
254	17.000000
255	21.000000
256	48.000000
257	33.000000
258	2.000000
259	55.000000
260	96.000000
261	77.000000
262	82.000000
263	45.000000
264	39.000000
265	30.000000
266	30.000000
267	46.000000
268	62.000000
269	49.000000
270	74.000000
271	82.000000
272	82.000000
273	71.000000
274	48.000000
275	10.000000
276	44.000000
277	6.000000
278	75.000000
279	20.000000
280	61.000000
281	43.000000
282	44.000000
283	39.000000
284	23.000000
285	99.000000
286	93.000000
287	8.000000
288	88.000000
289	27.000000
290	11.000000
291	54.000000
292	16.000000
293	98.000000
294	77.000000
295	14.000000
296	64.000000
297	54.000000
298	12.000000
299	64.000000
300	20.000000
301	21.000000
302	66.000000
303	23.000000
304	86.000000
305	63.000000
306	83.000000
307	36.000000
308	32.000000
309	83.000000
310	59.000000
311	67.000000
312	74.000000
313	13.000000
314	25.000000
315	11.000000
316	89.000000
317	63.000000
318	28.000000
319	30.000000
320	45.000000
321	65.000000
322	23.000000
323	10.000000
324	44.000000
325	91.000000
326	27.000000
327	82.000000
328	24.000000
329	8.000000
330	78.000000
331	31.000000
332	2.000000
333	23.000000
334	14.000000
335	14.000000
336	53.000000
337	57.000000
338	94.000000
339	76.000000
340	58.000000
341	83.000000
342	50.000000
343	91.000000
344	18.000000
345	65.000000
346	86.000000
347	56.000000
348	89.000000
349	97.000000
350	20.000000
351	61.000000
352	33.000000
353	59.000000
354	23.000000
355	8.000000
356	51.000000
357	24.000000
358	12.000000
359	15.000000
360	78.000000
361	30.000000
362	47.000000
363	13.000000
364	14.000000
365	42.000000
366	80.000000
367	54.000000
368	26.000000
369	78.000000
370	81.000000
371	9.000000
372	2.000000
373	31.000000
374	49.000000
375	22.000000
376	90.000000
377	93.000000
378	92.000000
379	24.000000
380	67.000000
381	94.000000
382	21.000000
383	14.000000
384	49.000000
385	17.000000
386	35.000000
387	64.000000
388	83.000000
389	72.000000
390	47.000000
391	92.000000
392	63.000000
393	11.000000
394	55.000000
395	97.000000
396	40.000000
397	40.000000
398	69.000000
399	7.000000
400	50.000000
401	23.000000
402	51.000000
403	71.000000
404	18.000000
405	13.000000
406	96.000000
407	14.000000
408	42.000000
409	3.000000
410	89.000000
411	15.000000
412	19.000000
413	25.000000
414	24.000000
415	90.000000
416	10.000000
417	60.000000
418	66.000000
419	50.000000
420	97.000000
421	45.000000
422	74.000000
423	61.000000
424	80.000000
425	25.000000
426	12.000000
427	89.000000
428	5.000000
429	57.000000
430	68.000000
431	91.000000
432	32.000000
433	30.000000
434	47.000000
435	67.000000
436	71.000000
437	31.000000
438	47.000000
439	27.000000
440	40.000000
441	11.000000
442	58.000000
443	38.000000
444	46.000000
445	94.000000
446	16.000000
447	21.000000
448	94.000000
449	88.000000
450	12.000000
451	20.000000
452	96.000000
453	62.000000
454	12.000000
455	68.000000
456	48.000000
457	93.000000
458	89.000000
459	31.000000
460	33.000000
461	38.000000
462	18.000000
463	63.000000
464	9.000000
465	15.000000
466	86.000000
467	91.000000
468	51.000000
469	65.000000
470	74.000000
471	51.000000
472	74.000000
473	71.000000
474	11.000000
475	64.000000
476	36.000000
477	95.000000
478	30.000000
479	19.000000
480	10.000000
481	55.000000
482	17.000000
483	1.000000
484	52.000000
485	75.000000
486	74.000000
487	47.000000
488	41.000000
489	16.000000
490	38.000000
491	27.000000
492	8.000000
493	82.000000
494	34.000000
495	34.000000
496	6.000000
497	62.000000
498	89.000000
499	62.000000
500	98.000000
;

param: U :=
1	100.000000
2	100.000000
3	100.000000
4	100.000000
5	100.000000
6	100.000000
7	100.000000
8	100.000000
9	100.000000
10	100.000000
11	100.000000
12	100.000000
13	100.000000
14	100.000000
15	100.000000
16	100.000000
17	100.000000
18	100.000000
19	100.000000
20	100.000000
21	100.000000
22	100.000000
23	100.000000
24	100.000000
25	100.000000
26	100.000000
27	100.000000
28	100.000000
29	100.000000
30	100.000000
31	100.000000
32	100.000000
33	100.000000
34	100.000000
35	100.000000
36	100.000000
37	100.000000
38	100.000000
39	100.000000
40	100.000000
41	100.000000
42	100.000000
43	100.000000
44	100.000000
45	100.000000
46	100.000000
47	100.000000
48	100.000000
49	100.000000
50	100.000000
51	100.000000
52	100.000000
53	100.000000
54	100.000000
55	100.000000
56	100.000000
57	100.000000
58	100.000000
59	100.000000
60	100.000000
61	100.000000
62	100.000000
63	100.000000
64	100.000000
65	100.000000
66	100.000000
67	100.000000
68	100.000000
69	100.000000
70	100.000000
71	100.000000
72	100.000000
73	100.000000
74	100.000000
75	100.000000
76	100.000000
77	100.000000
78	100.000000
79	100.000000
80	100.000000
81	100.000000
82	100.000000
83	100.000000
84	100.000000
85	100.000000
86	100.000000
87	100.000000
88	100.000000
89	100.000000
90	100.000000
91	100.000000
92	100.000000
93	100.000000
94	100.000000
95	100.000000
96	100.000000
97	100.000000
98	100.000000
99	100.000000
100	100.000000
101	100.000000
102	100.000000
103	100.000000
104	100.000000
105	100.000000
106	100.000000
107	100.000000
108	100.000000
109	100.000000
110	100.000000
111	100.000000
112	100.000000
113	100.000000
114	100.000000
115	100.000000
116	100.000000
117	100.000000
118	100.000000
119	100.000000
120	100.000000
121	100.000000
122	100.000000
123	100.000000
124	100.000000
125	100.000000
126	100.000000
127	100.000000
128	100.000000
129	100.000000
130	100.000000
131	100.000000
132	100.000000
133	100.000000
134	100.000000
135	100.000000
136	100.000000
137	100.000000
138	100.000000
139	100.000000
140	100.000000
141	100.000000
142	100.000000
143	100.000000
144	100.000000
145	100.000000
146	100.000000
147	100.000000
148	100.000000
149	100.000000
150	100.000000
151	100.000000
152	100.000000
153	100.000000
154	100.000000
155	100.000000
156	100.000000
157	100.000000
158	100.000000
159	100.000000
160	100.000000
161	100.000000
162	100.000000
163	100.000000
164	100.000000
165	100.000000
166	100.000000
167	100.000000
168	100.000000
169	100.000000
170	100.000000
171	100.000000
172	100.000000
173	100.000000
174	100.000000
175	100.000000
176	100.000000
177	100.000000
178	100.000000
179	100.000000
180	100.000000
181	100.000000
182	100.000000
183	100.000000
184	100.000000
185	100.000000
186	100.000000
187	100.000000
188	100.000000
189	100.000000
190	100.000000
191	100.000000
192	100.000000
193	100.000000
194	100.000000
195	100.000000
196	100.000000
197	100.000000
198	100.000000
199	100.000000
200	100.000000
201	100.000000
202	100.000000
203	100.000000
204	100.000000
205	100.000000
206	100.000000
207	100.000000
208	100.000000
209	100.000000
210	100.000000
211	100.000000
212	100.000000
213	100.000000
214	100.000000
215	100.000000
216	100.000000
217	100.000000
218	100.000000
219	100.000000
220	100.000000
221	100.000000
222	100.000000
223	100.000000
224	100.000000
225	100.000000
226	100.000000
227	100.000000
228	100.000000
229	100.000000
230	100.000000
231	100.000000
232	100.000000
233	100.000000
234	100.000000
235	100.000000
236	100.000000
237	100.000000
238	100.000000
239	100.000000
240	100.000000
241	100.000000
242	100.000000
243	100.000000
244	100.000000
245	100.000000
246	100.000000
247	100.000000
248	100.000000
249	100.000000
250	100.000000
251	100.000000
252	100.000000
253	100.000000
254	100.000000
255	100.000000
256	100.000000
257	100.000000
258	100.000000
259	100.000000
260	100.000000
261	100.000000
262	100.000000
263	100.000000
264	100.000000
265	100.000000
266	100.000000
267	100.000000
268	100.000000
269	100.000000
270	100.000000
271	100.000000
272	100.000000
273	100.000000
274	100.000000
275	100.000000
276	100.000000
277	100.000000
278	100.000000
279	100.000000
280	100.000000
281	100.000000
282	100.000000
283	100.000000
284	100.000000
285	100.000000
286	100.000000
287	100.000000
288	100.000000
289	100.000000
290	100.000000
291	100.000000
292	100.000000
293	100.000000
294	100.000000
295	100.000000
296	100.000000
297	100.000000
298	100.000000
299	100.000000
300	100.000000
301	100.000000
302	100.000000
303	100.000000
304	100.000000
305	100.000000
306	100.000000
307	100.000000
308	100.000000
309	100.000000
310	100.000000
311	100.000000
312	100.000000
313	100.000000
314	100.000000
315	100.000000
316	100.000000
317	100.000000
318	100.000000
319	100.000000
320	100.000000
321	100.000000
322	100.000000
323	100.000000
324	100.000000
325	100.000000
326	100.000000
327	100.000000
328	100.000000
329	100.000000
330	100.000000
331	100.000000
332	100.000000
333	100.000000
334	100.000000
335	100.000000
336	100.000000
337	100.000000
338	100.000000
339	100.000000
340	100.000000
341	100.000000
342	100.000000
343	100.000000
344	100.000000
345	100.000000
346	100.000000
347	100.000000
348	100.000000
349	100.000000
350	100.000000
351	100.000000
352	100.000000
353	100.000000
354	100.000000
355	100.000000
356	100.000000
357	100.000000
358	100.000000
359	100.000000
360	100.000000
361	100.000000
362	100.000000
363	100.000000
364	100.000000
365	100.000000
366	100.000000
367	100.000000
368	100.000000
369	100.000000
370	100.000000
371	100.000000
372	100.000000
373	100.000000
374	100.000000
375	100.000000
376	100.000000
377	100.000000
378	100.000000
379	100.000000
380	100.000000
381	100.000000
382	100.000000
383	100.000000
384	100.000000
385	100.000000
386	100.000000
387	100.000000
388	100.000000
389	100.000000
390	100.000000
391	100.000000
392	100.000000
393	100.000000
394	100.000000
395	100.000000
396	100.000000
397	100.000000
398	100.000000
399	100.000000
400	100.000000
401	100.000000
402	100.000000
403	100.000000
404	100.000000
405	100.000000
406	100.000000
407	100.000000
408	100.000000
409	100.000000
410	100.000000
411	100.000000
412	100.000000
413	100.000000
414	100.000000
415	100.000000
416	100.000000
417	100.000000
418	100.000000
419	100.000000
420	100.000000
421	100.000000
422	100.000000
423	100.000000
424	100.000000
425	100.000000
426	100.000000
427	100.000000
428	100.000000
429	100.000000
430	100.000000
431	100.000000
432	100.000000
433	100.000000
434	100.000000
435	100.000000
436	100.000000
437	100.000000
438	100.000000
439	100.000000
440	100.000000
441	100.000000
442	100.000000
443	100.000000
444	100.000000
445	100.000000
446	100.000000
447	100.000000
448	100.000000
449	100.000000
450	100.000000
451	100.000000
452	100.000000
453	100.000000
454	100.000000
455	100.000000
456	100.000000
457	100.000000
458	100.000000
459	100.000000
460	100.000000
461	100.000000
462	100.000000
463	100.000000
464	100.000000
465	100.000000
466	100.000000
467	100.000000
468	100.000000
469	100.000000
470	100.000000
471	100.000000
472	100.000000
473	100.000000
474	100.000000
475	100.000000
476	100.000000
477	100.000000
478	100.000000
479	100.000000
480	100.000000
481	100.000000
482	100.000000
483	100.000000
484	100.000000
485	100.000000
486	100.000000
487	100.000000
488	100.000000
489	100.000000
490	100.000000
491	100.000000
492	100.000000
493	100.000000
494	100.000000
495	100.000000
496	100.000000
497	100.000000
498	100.000000
499	100.000000
500	100.000000
;

