# seed = 1254829604

param N := 500;

param M := 2;

param Umax := 100.000000;

param: C :=
1	572962.515249
2	712975.346736
;

param: a :=
1	0.189446
2	0.151696
3	0.101314
4	0.181128
5	0.123172
6	0.193124
7	0.134116
8	0.180624
9	0.165158
10	0.106120
11	0.189110
12	0.193586
13	0.146966
14	0.100631
15	0.176926
16	0.129994
17	0.188220
18	0.174875
19	0.101881
20	0.152889
21	0.164636
22	0.166205
23	0.170802
24	0.175078
25	0.183054
26	0.179760
27	0.143758
28	0.142224
29	0.144713
30	0.120515
31	0.135308
32	0.118952
33	0.151928
34	0.158602
35	0.149894
36	0.140231
37	0.150679
38	0.101857
39	0.196195
40	0.129384
41	0.178736
42	0.101881
43	0.175019
44	0.103397
45	0.150668
46	0.120868
47	0.107378
48	0.135281
49	0.190576
50	0.172059
51	0.172549
52	0.153171
53	0.138527
54	0.141372
55	0.174541
56	0.173081
57	0.190998
58	0.131933
59	0.182394
60	0.138455
61	0.121490
62	0.177444
63	0.190403
64	0.101569
65	0.156892
66	0.192598
67	0.160631
68	0.172548
69	0.167310
70	0.199034
71	0.113614
72	0.165863
73	0.177646
74	0.159072
75	0.159633
76	0.143072
77	0.124337
78	0.146636
79	0.109411
80	0.147386
81	0.169668
82	0.113870
83	0.193889
84	0.191622
85	0.106245
86	0.189843
87	0.107119
88	0.132336
89	0.185474
90	0.180550
91	0.173418
92	0.112132
93	0.126148
94	0.161377
95	0.118648
96	0.114166
97	0.139454
98	0.113254
99	0.103023
100	0.103022
101	0.104710
102	0.150892
103	0.164874
104	0.120279
105	0.167896
106	0.121517
107	0.185353
108	0.100581
109	0.162535
110	0.146494
111	0.138607
112	0.148715
113	0.114952
114	0.163631
115	0.121562
116	0.148473
117	0.167549
118	0.100633
119	0.181430
120	0.123365
121	0.158849
122	0.185682
123	0.175777
124	0.120400
125	0.128381
126	0.172351
127	0.159872
128	0.192467
129	0.122218
130	0.129051
131	0.177536
132	0.136076
133	0.138673
134	0.198411
135	0.184128
136	0.147786
137	0.133017
138	0.156645
139	0.197800
140	0.175293
141	0.158837
142	0.139553
143	0.189907
144	0.100399
145	0.148649
146	0.188056
147	0.129926
148	0.113303
149	0.121807
150	0.174207
151	0.169426
152	0.171647
153	0.179597
154	0.179671
155	0.139443
156	0.124027
157	0.163050
158	0.113597
159	0.103903
160	0.193135
161	0.107149
162	0.188826
163	0.197465
164	0.113083
165	0.160722
166	0.147567
167	0.178738
168	0.156632
169	0.160090
170	0.135916
171	0.187238
172	0.103858
173	0.144757
174	0.150726
175	0.142077
176	0.163891
177	0.104648
178	0.155198
179	0.151221
180	0.139434
181	0.136347
182	0.174729
183	0.101050
184	0.171590
185	0.196930
186	0.140265
187	0.105353
188	0.167536
189	0.155050
190	0.106141
191	0.141906
192	0.176252
193	0.176786
194	0.122430
195	0.189744
196	0.180435
197	0.103198
198	0.183835
199	0.147923
200	0.171310
201	0.141362
202	0.122563
203	0.154591
204	0.197828
205	0.170537
206	0.199776
207	0.113485
208	0.180453
209	0.163960
210	0.193510
211	0.112019
212	0.129062
213	0.177472
214	0.118758
215	0.180892
216	0.149622
217	0.167961
218	0.106475
219	0.176132
220	0.135745
221	0.102240
222	0.131629
223	0.184003
224	0.187229
225	0.139173
226	0.193479
227	0.142113
228	0.125552
229	0.136623
230	0.187984
231	0.149250
232	0.194790
233	0.185134
234	0.182436
235	0.161327
236	0.103445
237	0.101476
238	0.110597
239	0.197542
240	0.149952
241	0.157537
242	0.104858
243	0.125571
244	0.198483
245	0.104945
246	0.185118
247	0.147997
248	0.129301
249	0.196504
250	0.155799
251	0.145887
252	0.178869
253	0.161911
254	0.143165
255	0.130374
256	0.175443
257	0.111576
258	0.176207
259	0.156021
260	0.182530
261	0.120249
262	0.103615
263	0.108186
264	0.112034
265	0.138279
266	0.160102
267	0.111409
268	0.104273
269	0.149157
270	0.184908
271	0.176189
272	0.146966
273	0.193809
274	0.103511
275	0.120569
276	0.161050
277	0.194584
278	0.184500
279	0.171803
280	0.182964
281	0.130712
282	0.181033
283	0.189216
284	0.178818
285	0.131949
286	0.111136
287	0.130835
288	0.161190
289	0.146152
290	0.164939
291	0.112302
292	0.119505
293	0.143119
294	0.129727
295	0.190878
296	0.133431
297	0.114678
298	0.186726
299	0.154897
300	0.115535
301	0.193180
302	0.110483
303	0.141588
304	0.115656
305	0.184912
306	0.111380
307	0.199825
308	0.111562
309	0.128934
310	0.197436
311	0.136093
312	0.112406
313	0.180708
314	0.148107
315	0.142765
316	0.178406
317	0.182190
318	0.185343
319	0.176960
320	0.189499
321	0.111633
322	0.174467
323	0.110012
324	0.127247
325	0.177177
326	0.131146
327	0.186013
328	0.153175
329	0.168067
330	0.124195
331	0.145488
332	0.182282
333	0.168056
334	0.100970
335	0.100338
336	0.168904
337	0.188919
338	0.107022
339	0.163635
340	0.159331
341	0.110612
342	0.144912
343	0.194400
344	0.163277
345	0.149024
346	0.112553
347	0.164712
348	0.129556
349	0.195475
350	0.110827
351	0.126163
352	0.141672
353	0.127068
354	0.151999
355	0.117039
356	0.124026
357	0.176907
358	0.102309
359	0.170781
360	0.176890
361	0.109623
362	0.153641
363	0.198503
364	0.128625
365	0.147507
366	0.145725
367	0.111432
368	0.106072
369	0.120992
370	0.127809
371	0.169465
372	0.128633
373	0.194707
374	0.140605
375	0.117274
376	0.166608
377	0.101238
378	0.158567
379	0.172114
380	0.197036
381	0.173289
382	0.106259
383	0.164126
384	0.180721
385	0.107613
386	0.147534
387	0.168341
388	0.156074
389	0.149325
390	0.176606
391	0.146428
392	0.123124
393	0.153493
394	0.149044
395	0.124745
396	0.101999
397	0.145002
398	0.157272
399	0.177879
400	0.123319
401	0.132916
402	0.139193
403	0.158706
404	0.169754
405	0.120431
406	0.129809
407	0.170979
408	0.161986
409	0.162950
410	0.164070
411	0.138916
412	0.174404
413	0.189075
414	0.116667
415	0.105987
416	0.100152
417	0.127721
418	0.196829
419	0.199847
420	0.103963
421	0.128742
422	0.144359
423	0.177370
424	0.177573
425	0.104030
426	0.131636
427	0.162141
428	0.198781
429	0.133378
430	0.100418
431	0.193096
432	0.153391
433	0.179575
434	0.153692
435	0.155642
436	0.180761
437	0.138252
438	0.148860
439	0.166409
440	0.178859
441	0.104711
442	0.140675
443	0.133564
444	0.163072
445	0.115556
446	0.181728
447	0.163731
448	0.115783
449	0.105917
450	0.158212
451	0.131868
452	0.182065
453	0.174648
454	0.141434
455	0.181667
456	0.125414
457	0.118016
458	0.112646
459	0.192175
460	0.180375
461	0.165222
462	0.122025
463	0.133159
464	0.131205
465	0.176123
466	0.125271
467	0.180009
468	0.124587
469	0.127314
470	0.146622
471	0.132469
472	0.148925
473	0.169791
474	0.118499
475	0.122165
476	0.174074
477	0.192822
478	0.199624
479	0.178554
480	0.143407
481	0.129724
482	0.139485
483	0.169407
484	0.137084
485	0.189654
486	0.198147
487	0.147763
488	0.135529
489	0.129781
490	0.101473
491	0.161059
492	0.173194
493	0.188802
494	0.133570
495	0.140637
496	0.189605
497	0.193167
498	0.176280
499	0.110218
500	0.125266
;

param: b :=
1	32.033843
2	73.807537
3	72.136835
4	39.575489
5	69.247237
6	62.278086
7	43.619437
8	5.580328
9	9.785153
10	67.942812
11	92.553251
12	41.531225
13	49.836585
14	54.179480
15	0.904190
16	22.807909
17	16.238536
18	83.610762
19	74.250121
20	41.835748
21	39.117158
22	67.065678
23	10.086847
24	30.419716
25	83.135078
26	85.111242
27	46.381566
28	88.449373
29	91.639093
30	30.223006
31	87.292107
32	47.022120
33	28.884671
34	80.570943
35	53.833833
36	90.813006
37	53.143075
38	64.243690
39	58.410078
40	29.946661
41	18.856720
42	12.013508
43	91.762079
44	59.218871
45	67.018963
46	58.308072
47	76.931884
48	2.159967
49	90.267468
50	76.964919
51	24.024558
52	17.529372
53	28.858719
54	19.935368
55	92.676047
56	81.604026
57	52.478306
58	58.977024
59	81.716549
60	16.423676
61	44.293458
62	20.022836
63	11.650624
64	1.321050
65	50.632165
66	4.663170
67	0.393641
68	49.273851
69	98.394282
70	21.309427
71	32.358750
72	32.438997
73	68.602139
74	68.903967
75	93.740252
76	40.243476
77	25.788697
78	30.380098
79	27.513038
80	80.219355
81	96.724969
82	88.028841
83	72.997124
84	88.594815
85	99.102677
86	60.584358
87	52.283870
88	21.379018
89	4.403608
90	3.088108
91	54.688803
92	29.236334
93	19.721102
94	52.886063
95	32.120939
96	42.233974
97	22.541346
98	43.468503
99	67.873628
100	28.536648
101	70.278529
102	86.680729
103	37.020881
104	23.494552
105	14.473097
106	46.709157
107	67.536482
108	43.549732
109	39.651769
110	41.159898
111	26.216006
112	93.217640
113	44.237465
114	84.151559
115	52.898514
116	46.193205
117	60.467524
118	83.347358
119	32.198039
120	68.641741
121	25.371448
122	5.903482
123	68.170136
124	7.138605
125	27.215361
126	38.215189
127	31.120568
128	57.457982
129	39.506960
130	30.849226
131	43.582102
132	6.468709
133	96.815464
134	98.536172
135	15.083511
136	39.429151
137	78.473154
138	72.942928
139	91.965338
140	6.071306
141	85.470058
142	8.397001
143	28.952631
144	44.763783
145	17.257874
146	30.643104
147	43.464535
148	83.499483
149	38.486504
150	10.013348
151	61.619015
152	47.503556
153	32.562730
154	10.354958
155	13.949843
156	22.038659
157	64.821581
158	81.426519
159	40.807234
160	59.169000
161	92.586813
162	28.596644
163	85.453665
164	7.690647
165	88.758502
166	70.483424
167	2.930757
168	32.825872
169	16.553713
170	61.987222
171	73.298096
172	44.513173
173	10.021733
174	17.601910
175	46.913965
176	18.677288
177	69.466810
178	44.107120
179	21.084372
180	45.172964
181	68.358493
182	53.481500
183	37.182452
184	60.798148
185	33.736373
186	21.776561
187	76.268219
188	58.992598
189	38.381989
190	31.817006
191	24.609456
192	40.381405
193	54.960334
194	60.738392
195	96.820649
196	24.594085
197	27.122504
198	27.518299
199	89.350042
200	26.924340
201	59.270180
202	58.250047
203	14.625785
204	15.309618
205	13.371505
206	73.932914
207	84.429078
208	1.563259
209	37.361359
210	32.376206
211	57.456641
212	29.018151
213	87.336928
214	60.654564
215	3.211924
216	2.018520
217	45.786007
218	8.218697
219	17.958890
220	51.404143
221	84.536636
222	32.647959
223	69.726200
224	36.872771
225	67.407144
226	44.324974
227	54.534126
228	67.609982
229	4.619050
230	36.054000
231	84.258806
232	38.047536
233	88.360478
234	43.192640
235	89.267580
236	88.412891
237	24.584660
238	91.002377
239	32.895050
240	24.854329
241	3.230885
242	29.410144
243	80.480381
244	53.926297
245	3.225687
246	80.506583
247	36.383268
248	19.621239
249	46.944159
250	24.316179
251	28.439173
252	65.587531
253	97.364218
254	16.852711
255	31.427362
256	65.279460
257	65.529965
258	23.670817
259	77.618220
260	80.003009
261	44.652100
262	80.861372
263	96.768249
264	1.605742
265	79.641492
266	91.211001
267	62.373284
268	61.378006
269	31.871178
270	27.225021
271	88.427663
272	31.221871
273	54.857667
274	48.223547
275	1.321449
276	48.814629
277	96.114729
278	72.037279
279	66.629187
280	11.034664
281	77.531824
282	95.541985
283	19.354544
284	61.107500
285	49.077697
286	85.256637
287	0.650632
288	76.388228
289	40.659719
290	36.552421
291	13.350355
292	23.995255
293	17.975599
294	24.060908
295	6.564080
296	76.330952
297	24.108004
298	97.087957
299	30.743920
300	79.208618
301	96.132114
302	42.774713
303	26.012997
304	99.396318
305	31.514555
306	2.652227
307	22.235084
308	56.492775
309	37.004838
310	23.277852
311	83.032207
312	65.237852
313	72.435698
314	96.308457
315	51.394334
316	34.042256
317	63.570875
318	26.006998
319	38.852656
320	41.595272
321	7.201788
322	18.769486
323	38.951456
324	10.549705
325	86.874029
326	37.729019
327	62.686224
328	75.930061
329	41.037197
330	5.131949
331	79.930949
332	84.181117
333	90.253166
334	30.597982
335	90.855987
336	96.175306
337	91.184718
338	73.120958
339	40.967924
340	62.526260
341	27.314947
342	82.176023
343	7.703788
344	80.281923
345	55.313651
346	75.968741
347	72.153705
348	85.795758
349	19.427006
350	77.810065
351	31.514758
352	32.878026
353	85.779105
354	86.884653
355	15.076373
356	40.150863
357	23.158317
358	43.381175
359	53.498419
360	89.354171
361	6.387440
362	64.987664
363	37.967477
364	54.968712
365	75.767360
366	74.624867
367	53.059380
368	89.104799
369	80.437340
370	34.757210
371	58.374323
372	50.087945
373	42.540889
374	71.139646
375	20.605088
376	33.215922
377	24.138648
378	45.381644
379	84.007632
380	59.302276
381	81.420148
382	73.407322
383	68.991789
384	25.150482
385	31.424938
386	23.680825
387	41.037738
388	54.120074
389	40.242352
390	82.266007
391	15.341409
392	92.420362
393	0.889743
394	78.813751
395	19.614375
396	92.216419
397	80.402788
398	41.128484
399	76.432388
400	28.130631
401	50.934777
402	30.087229
403	87.620489
404	31.264805
405	65.342625
406	18.316710
407	40.711426
408	28.206303
409	79.454330
410	77.169142
411	31.253442
412	99.360446
413	17.942742
414	46.502666
415	78.504203
416	28.501640
417	23.779168
418	32.100773
419	30.472476
420	64.380879
421	45.112005
422	75.598866
423	35.167963
424	44.777160
425	70.110686
426	4.999911
427	21.869289
428	64.938880
429	14.196622
430	95.191847
431	29.413189
432	41.379580
433	97.736896
434	67.593258
435	59.985159
436	63.613733
437	80.778879
438	27.209247
439	63.885538
440	76.477553
441	17.757268
442	4.088382
443	51.723029
444	0.834624
445	61.383344
446	54.957948
447	86.730243
448	67.476074
449	93.913730
450	41.539028
451	26.518332
452	62.626543
453	6.442382
454	25.262375
455	61.496830
456	72.548580
457	4.004056
458	97.977979
459	44.868857
460	64.984608
461	62.762103
462	70.162574
463	21.543475
464	55.833557
465	70.908828
466	3.630438
467	70.103454
468	84.094895
469	7.393098
470	4.822142
471	58.179720
472	28.662438
473	88.377702
474	41.865453
475	30.827200
476	77.952900
477	12.956673
478	96.212291
479	54.479765
480	0.699861
481	0.114307
482	27.290848
483	41.573113
484	87.219788
485	60.648778
486	26.019908
487	41.494455
488	22.288137
489	14.333921
490	87.600920
491	76.199765
492	85.593788
493	64.506688
494	28.414314
495	85.353862
496	54.721768
497	39.813298
498	96.705807
499	49.915025
500	82.647613
;

param: c :=
1	19.768738
2	27.847376
3	21.657042
4	63.261429
5	59.296514
6	22.134947
7	26.590028
8	35.115210
9	39.761384
10	97.134105
11	1.805350
12	52.409711
13	39.323662
14	9.301677
15	72.435563
16	55.661688
17	84.742888
18	6.176527
19	49.167906
20	1.985525
21	78.486483
22	78.612678
23	10.432499
24	83.722761
25	31.954061
26	66.175238
27	86.419332
28	50.518743
29	20.403266
30	77.604012
31	94.612411
32	4.625336
33	75.149318
34	39.578058
35	93.046814
36	39.202044
37	82.343138
38	67.427209
39	78.255500
40	77.327863
41	92.901620
42	79.967469
43	82.991705
44	1.297557
45	24.111517
46	68.309903
47	46.127036
48	60.727790
49	35.004748
50	6.847978
51	14.807885
52	11.256517
53	92.657555
54	31.297995
55	25.451804
56	43.209091
57	78.984756
58	66.668612
59	9.316772
60	86.305786
61	11.199349
62	35.442896
63	52.430030
64	76.433545
65	26.227316
66	42.107679
67	18.709422
68	67.358402
69	81.577086
70	69.103181
71	40.179474
72	3.230289
73	11.736158
74	89.706321
75	75.289437
76	34.789836
77	48.069377
78	98.068957
79	6.953395
80	92.772681
81	0.389733
82	78.178314
83	25.992287
84	67.893842
85	65.974639
86	0.469663
87	94.401513
88	85.269984
89	43.036120
90	34.956741
91	91.881988
92	28.471654
93	64.136238
94	48.608996
95	67.804336
96	46.674908
97	45.366482
98	91.170661
99	75.791563
100	41.309402
101	7.304953
102	74.196614
103	58.345079
104	11.825591
105	33.093611
106	10.169012
107	68.618223
108	26.731679
109	78.137274
110	73.387096
111	67.083062
112	16.612779
113	23.580474
114	80.445175
115	98.580805
116	14.938904
117	30.729164
118	25.385853
119	86.469262
120	99.920294
121	11.903357
122	71.263496
123	88.231451
124	86.149426
125	56.582210
126	0.867420
127	67.396518
128	94.454184
129	26.249384
130	53.151384
131	3.850104
132	96.647776
133	9.860515
134	26.049066
135	1.773437
136	56.382299
137	98.212131
138	19.059627
139	6.701594
140	96.570872
141	14.020217
142	35.276907
143	87.807754
144	38.762703
145	90.021614
146	30.989270
147	17.454905
148	12.472322
149	8.387702
150	71.369353
151	46.729521
152	47.612545
153	75.595278
154	60.008407
155	97.421030
156	33.577867
157	96.627856
158	71.772380
159	16.626004
160	48.214489
161	65.261764
162	62.456653
163	88.814178
164	76.659218
165	9.707722
166	27.425903
167	16.213571
168	36.097447
169	40.683687
170	18.337709
171	35.601104
172	21.130016
173	43.225672
174	86.847193
175	53.243841
176	57.805407
177	4.550989
178	10.925902
179	85.412763
180	99.656628
181	78.910850
182	69.796684
183	5.176923
184	21.538685
185	58.210119
186	73.355826
187	16.416332
188	19.340316
189	28.709493
190	4.780704
191	48.068934
192	28.728494
193	56.571088
194	98.216494
195	36.452794
196	88.865007
197	76.883283
198	67.620479
199	32.086256
200	43.291099
201	65.515209
202	2.317292
203	70.588605
204	93.410586
205	17.223369
206	44.790280
207	2.729740
208	20.493822
209	27.617261
210	84.145379
211	11.195868
212	34.012317
213	56.514404
214	67.900235
215	80.786162
216	70.136658
217	46.395294
218	4.046234
219	69.407713
220	58.815071
221	93.868068
222	95.064127
223	12.201268
224	57.101786
225	95.318675
226	51.457250
227	32.506535
228	70.208121
229	39.101360
230	71.889895
231	94.736728
232	37.164064
233	44.875914
234	91.951922
235	68.427961
236	74.146230
237	17.757932
238	7.200550
239	25.609940
240	93.728188
241	66.766107
242	92.072218
243	29.329784
244	67.695301
245	34.582434
246	70.498268
247	25.641270
248	91.758471
249	79.106186
250	44.199732
251	33.225215
252	39.500458
253	80.816968
254	31.748359
255	85.169684
256	81.576921
257	17.213043
258	11.587045
259	70.402457
260	82.023044
261	46.354138
262	19.411910
263	66.034187
264	65.240728
265	94.931338
266	96.482214
267	50.141036
268	48.652910
269	43.338055
270	58.875744
271	30.487259
272	88.320088
273	35.719870
274	73.998800
275	3.780122
276	43.737789
277	87.390987
278	98.456801
279	70.343624
280	58.802795
281	64.520430
282	90.253115
283	11.582581
284	16.462639
285	0.556850
286	67.635618
287	19.751678
288	30.684478
289	20.513760
290	78.374645
291	62.904430
292	0.899212
293	94.584780
294	89.718856
295	16.163905
296	0.851412
297	71.083067
298	60.962417
299	2.204557
300	17.675571
301	46.184449
302	83.854899
303	78.688412
304	0.683527
305	17.765092
306	60.204517
307	4.038383
308	74.353459
309	93.840625
310	49.071833
311	31.410396
312	72.801476
313	16.528262
314	74.937809
315	28.730523
316	82.294464
317	15.194186
318	82.666824
319	71.053509
320	19.907241
321	15.450073
322	77.850105
323	9.818231
324	78.559157
325	7.547272
326	21.957565
327	9.367158
328	21.819159
329	71.642667
330	76.793172
331	1.920004
332	65.890445
333	97.920639
334	67.646604
335	2.660291
336	73.872681
337	78.860237
338	28.400894
339	67.613986
340	48.988879
341	76.171718
342	95.470735
343	19.057670
344	71.663406
345	94.161954
346	79.395859
347	30.260820
348	67.601994
349	12.284677
350	72.969189
351	24.802058
352	24.121711
353	66.573463
354	12.458171
355	31.338643
356	7.419055
357	54.156153
358	76.361517
359	50.227796
360	97.711477
361	24.031971
362	75.862040
363	85.141079
364	83.058172
365	34.897966
366	2.476269
367	70.360687
368	59.008800
369	88.132293
370	88.065641
371	15.510656
372	30.733849
373	46.583591
374	67.109526
375	33.510891
376	61.494938
377	2.457706
378	78.589747
379	19.031555
380	20.215061
381	79.520890
382	20.042704
383	52.219430
384	31.122323
385	98.458651
386	9.424764
387	69.246780
388	21.244563
389	90.865419
390	31.976627
391	73.001926
392	65.666778
393	1.207227
394	2.871272
395	95.172369
396	3.425157
397	15.286248
398	17.709447
399	74.567404
400	77.986330
401	18.034037
402	58.761516
403	44.465158
404	46.753043
405	30.636172
406	72.559418
407	95.441362
408	98.887370
409	58.445136
410	84.711739
411	29.975456
412	44.568260
413	47.866952
414	35.162162
415	46.704971
416	63.088243
417	70.577820
418	92.691309
419	97.007176
420	61.491349
421	58.439544
422	38.045591
423	84.241679
424	24.965266
425	16.647267
426	82.205350
427	89.237112
428	72.915115
429	7.553731
430	6.921572
431	35.566383
432	35.449976
433	56.376168
434	83.256010
435	18.616534
436	72.796311
437	18.410412
438	31.902089
439	60.542348
440	0.290991
441	63.070245
442	44.566512
443	72.549779
444	52.750668
445	49.030616
446	60.646033
447	34.830706
448	14.146062
449	32.670123
450	46.722500
451	97.896749
452	57.574748
453	31.376126
454	0.719820
455	79.526101
456	81.502598
457	10.029123
458	47.528793
459	47.131623
460	79.610124
461	82.061306
462	49.647719
463	46.303108
464	35.434205
465	70.923086
466	59.444238
467	47.487730
468	85.014624
469	9.165844
470	6.414288
471	54.465121
472	85.065227
473	3.646850
474	34.542618
475	23.493138
476	9.266126
477	18.188894
478	45.010714
479	92.958981
480	13.623802
481	35.040585
482	9.398037
483	20.735678
484	85.072944
485	26.388463
486	43.549599
487	4.083536
488	22.002283
489	12.611945
490	89.149814
491	30.344366
492	84.832876
493	38.858857
494	69.598394
495	87.674946
496	23.471748
497	17.467075
498	12.854062
499	77.956198
500	71.214979
;

param: d :=
1	-82.311764
2	-37.955779
3	-52.226537
4	-35.384698
5	-2.421626
6	-45.827001
7	-46.115236
8	-91.529069
9	-13.185314
10	-30.618272
11	-51.593235
12	-84.279442
13	-26.444076
14	-64.253454
15	-83.312390
16	-72.871715
17	-9.974848
18	-72.715776
19	-58.795587
20	-37.809068
21	-62.928501
22	-78.132954
23	-44.454797
24	-18.745673
25	-67.778013
26	-18.254369
27	-77.755986
28	-79.163222
29	-44.854794
30	-95.761975
31	-32.737986
32	-14.872860
33	-61.653158
34	-90.878874
35	-29.702258
36	-82.164878
37	-54.708212
38	-93.517432
39	-28.655722
40	-31.037756
41	-28.217602
42	-58.917298
43	-42.638361
44	-29.175997
45	-71.076113
46	-1.803700
47	-99.720691
48	-84.751032
49	-26.431875
50	-26.643828
51	-3.339066
52	-78.518971
53	-15.346131
54	-97.900373
55	-90.454589
56	-20.071111
57	-94.194103
58	-56.810283
59	-24.948161
60	-30.247205
61	-53.058075
62	-79.347389
63	-30.612150
64	-31.762118
65	-33.791630
66	-21.096480
67	-28.169669
68	-92.008812
69	-80.259843
70	-24.532848
71	-60.158737
72	-92.028842
73	-3.644325
74	-73.569874
75	-58.790131
76	-87.825251
77	-35.483380
78	-50.133215
79	-78.852369
80	-62.907814
81	-55.042727
82	-51.340022
83	-58.041681
84	-10.308797
85	-86.801507
86	-17.383966
87	-92.491124
88	-89.485334
89	-88.534139
90	-51.556295
91	-60.607019
92	-87.398041
93	-79.450289
94	-53.352635
95	-38.315889
96	-50.876996
97	-68.663793
98	-58.274569
99	-32.840733
100	-48.369463
101	-27.485533
102	-2.433338
103	-89.759225
104	-88.549932
105	-56.312384
106	-37.173648
107	-7.342021
108	-25.222524
109	-79.119508
110	-41.680047
111	-28.299310
112	-41.115561
113	-16.429304
114	-9.636898
115	-0.301157
116	-78.139555
117	-65.368068
118	-82.754434
119	-94.989682
120	-96.190120
121	-42.569866
122	-99.378734
123	-93.494181
124	-54.214483
125	-85.149515
126	-27.728761
127	-28.224381
128	-36.269695
129	-89.550438
130	-84.799122
131	-65.882236
132	-63.056798
133	-93.930637
134	-7.134600
135	-89.622301
136	-99.062401
137	-63.132855
138	-46.707507
139	-92.339910
140	-98.658257
141	-39.389214
142	-4.064411
143	-11.880934
144	-80.541701
145	-44.649574
146	-15.372814
147	-56.053807
148	-51.420432
149	-90.385324
150	-87.029818
151	-40.552758
152	-97.363246
153	-2.947703
154	-7.857079
155	-52.168819
156	-4.604048
157	-90.220965
158	-38.790158
159	-20.501599
160	-46.856666
161	-95.429955
162	-77.595849
163	-5.906650
164	-15.144620
165	-22.651504
166	-4.218258
167	-56.000412
168	-80.911782
169	-51.095779
170	-87.424396
171	-3.054080
172	-68.716090
173	-39.029655
174	-13.176079
175	-17.239098
176	-17.771387
177	-59.750887
178	-23.672402
179	-5.553511
180	-73.718722
181	-10.409403
182	-67.465557
183	-94.399433
184	-17.484444
185	-17.657523
186	-60.078536
187	-15.736438
188	-62.667588
189	-39.772648
190	-72.320258
191	-99.883431
192	-50.392377
193	-6.797335
194	-58.229780
195	-81.546973
196	-14.783946
197	-48.733498
198	-87.436290
199	-95.505564
200	-30.473354
201	-22.185303
202	-88.571783
203	-68.525598
204	-34.551843
205	-97.377238
206	-56.932825
207	-20.999951
208	-17.229760
209	-65.451472
210	-13.079866
211	-70.757925
212	-26.147912
213	-19.798383
214	-60.747999
215	-91.491028
216	-66.232699
217	-20.843111
218	-59.512986
219	-67.354037
220	-96.355075
221	-16.973964
222	-98.234822
223	-69.601926
224	-8.724416
225	-91.419716
226	-47.705748
227	-64.018538
228	-79.383730
229	-51.175350
230	-54.913765
231	-55.431646
232	-53.752915
233	-82.359502
234	-47.355802
235	-99.571558
236	-24.665020
237	-3.787458
238	-52.238914
239	-57.581748
240	-58.096198
241	-74.034941
242	-20.995433
243	-56.670725
244	-94.316651
245	-69.445297
246	-21.153830
247	-85.237098
248	-78.627185
249	-74.166620
250	-76.505590
251	-19.530451
252	-50.632578
253	-12.447887
254	-65.076233
255	-90.519649
256	-80.357150
257	-55.198337
258	-84.292624
259	-63.162287
260	-85.722065
261	-94.581746
262	-14.808200
263	-74.601176
264	-76.379253
265	-91.318576
266	-57.875285
267	-42.236873
268	-76.314603
269	-84.808681
270	-49.851305
271	-28.879800
272	-56.551322
273	-56.049939
274	-47.835683
275	-36.093338
276	-80.074133
277	-74.929185
278	-27.179838
279	-92.476744
280	-43.036783
281	-65.508139
282	-75.229012
283	-23.392574
284	-22.725689
285	-97.707780
286	-30.061107
287	-4.644971
288	-48.556721
289	-42.265089
290	-18.598241
291	-87.140842
292	-12.858999
293	-37.129256
294	-39.588249
295	-88.608168
296	-88.194304
297	-22.417426
298	-12.375146
299	-50.518655
300	-94.745958
301	-90.656337
302	-88.665147
303	-87.329323
304	-23.382010
305	-12.882958
306	-70.944674
307	-53.990665
308	-4.582772
309	-92.377721
310	-1.880278
311	-46.141903
312	-27.389187
313	-15.253872
314	-77.539533
315	-63.393939
316	-72.522130
317	-86.399297
318	-41.855089
319	-6.511736
320	-35.563649
321	-59.636551
322	-43.238851
323	-74.793730
324	-90.085973
325	-51.769523
326	-48.946702
327	-98.536624
328	-68.974887
329	-22.115254
330	-97.246018
331	-46.964940
332	-95.760138
333	-22.577026
334	-77.210529
335	-28.019519
336	-54.303070
337	-9.161339
338	-27.087892
339	-38.444052
340	-73.022868
341	-86.727735
342	-81.214869
343	-26.739740
344	-8.321658
345	-83.361788
346	-38.458268
347	-59.116692
348	-74.973017
349	-85.467383
350	-17.509468
351	-79.674826
352	-78.932485
353	-42.671596
354	-80.398573
355	-70.676263
356	-3.004903
357	-98.290481
358	-73.569165
359	-62.645263
360	-10.651620
361	-59.038244
362	-38.939984
363	-47.340411
364	-95.013914
365	-2.265342
366	-56.563733
367	-64.536162
368	-18.066095
369	-93.867360
370	-89.132539
371	-95.636846
372	-68.890978
373	-34.932218
374	-0.386474
375	-94.593367
376	-45.326540
377	-83.251110
378	-10.699463
379	-81.302451
380	-35.854193
381	-93.200497
382	-32.246444
383	-33.416206
384	-40.689020
385	-73.355456
386	-32.250873
387	-52.138544
388	-23.883735
389	-98.455225
390	-92.271579
391	-55.113703
392	-67.450823
393	-77.259810
394	-29.710969
395	-84.389679
396	-66.024858
397	-81.995930
398	-77.061021
399	-20.913837
400	-73.810125
401	-71.911285
402	-57.381656
403	-26.007396
404	-12.536311
405	-5.001892
406	-92.204920
407	-10.986883
408	-79.252025
409	-92.585101
410	-89.177262
411	-30.448305
412	-53.036338
413	-15.483793
414	-84.445538
415	-35.568055
416	-15.136355
417	-42.303470
418	-58.602369
419	-52.286214
420	-60.874804
421	-24.553039
422	-92.553111
423	-52.052211
424	-29.736149
425	-98.963124
426	-6.872701
427	-79.419766
428	-63.173347
429	-82.380695
430	-74.616511
431	-90.256371
432	-64.403795
433	-31.187804
434	-73.392467
435	-36.804490
436	-12.317483
437	-26.181608
438	-15.689546
439	-77.214864
440	-37.884510
441	-76.672563
442	-86.528980
443	-48.025854
444	-5.025624
445	-23.901531
446	-17.980660
447	-73.198635
448	-39.650004
449	-21.533260
450	-89.037788
451	-19.101806
452	-57.288738
453	-90.521109
454	-44.420132
455	-85.662964
456	-27.863522
457	-84.087250
458	-29.779328
459	-76.449198
460	-18.904811
461	-55.251404
462	-96.472527
463	-56.812367
464	-21.265849
465	-76.744931
466	-95.119041
467	-37.929980
468	-25.765413
469	-26.383216
470	-17.943726
471	-96.608397
472	-91.631012
473	-82.721416
474	-96.486476
475	-68.669170
476	-19.511843
477	-52.712460
478	-15.311090
479	-17.799040
480	-22.050679
481	-46.783021
482	-51.249306
483	-12.403895
484	-17.905332
485	-17.386796
486	-88.229386
487	-17.196431
488	-55.073290
489	-49.483034
490	-13.454458
491	-12.553024
492	-83.256296
493	-7.114359
494	-44.427425
495	-46.750830
496	-21.245214
497	-76.488298
498	-38.887080
499	-50.922679
500	-5.135152
;

param: weight :=
1	54.493192
2	30.742009
3	66.695325
4	92.056384
5	91.862458
6	94.610623
7	61.694597
8	67.948304
9	57.983030
10	33.232532
11	90.230309
12	95.747182
13	4.684136
14	63.023906
15	87.841687
16	92.267741
17	64.998848
18	99.338007
19	48.327985
20	77.806470
21	56.246721
22	94.252024
23	1.110879
24	58.126901
25	25.096096
26	47.829152
27	83.618534
28	11.213254
29	47.712453
30	12.362560
31	20.318953
32	29.480074
33	51.617399
34	2.393644
35	9.889248
36	95.100521
37	21.201038
38	49.877121
39	96.789351
40	39.677109
41	89.262918
42	30.550144
43	37.683328
44	66.044425
45	38.979609
46	27.997613
47	49.227139
48	43.810242
49	48.152816
50	48.311033
51	53.418960
52	16.568415
53	29.846648
54	35.832492
55	66.581730
56	55.410596
57	49.647848
58	80.653473
59	66.706714
60	19.338069
61	54.300481
62	99.952207
63	18.281956
64	45.065659
65	26.427164
66	74.671804
67	47.862210
68	70.227198
69	68.104310
70	89.651836
71	98.581448
72	12.229091
73	41.028145
74	77.126204
75	14.345605
76	16.553521
77	65.973660
78	38.967743
79	24.630027
80	7.582986
81	38.555490
82	1.201554
83	38.138606
84	39.076985
85	21.047805
86	97.699779
87	97.268732
88	70.338606
89	46.898307
90	92.851518
91	68.208423
92	12.733844
93	27.957678
94	63.766721
95	44.150932
96	90.770902
97	62.314984
98	56.509757
99	88.539106
100	75.432173
101	32.643013
102	36.445696
103	68.673517
104	65.567783
105	81.816040
106	98.356297
107	40.650440
108	41.705230
109	50.393619
110	53.083866
111	70.204586
112	56.483551
113	37.526489
114	59.339745
115	74.041216
116	5.468027
117	32.846531
118	42.809479
119	16.611048
120	59.414794
121	25.819588
122	28.486288
123	3.774047
124	25.140329
125	32.903422
126	42.604819
127	88.665194
128	58.498456
129	46.552651
130	76.868395
131	58.848261
132	78.952548
133	68.905173
134	62.643812
135	26.277742
136	55.083729
137	13.465009
138	10.787268
139	98.054354
140	98.947339
141	95.889279
142	10.241254
143	66.161578
144	98.075713
145	25.668784
146	32.664999
147	5.034568
148	79.640721
149	27.339514
150	30.176930
151	17.799747
152	32.809435
153	76.743834
154	59.345181
155	24.328874
156	35.658753
157	25.026135
158	84.222641
159	38.480936
160	51.798802
161	41.013814
162	24.752671
163	95.280372
164	69.211483
165	68.574334
166	24.390490
167	8.425794
168	55.677722
169	11.540592
170	47.374176
171	51.140127
172	40.891966
173	54.481108
174	37.323227
175	95.860004
176	31.940364
177	66.748603
178	75.637119
179	82.234170
180	32.676917
181	51.608202
182	36.353012
183	77.657249
184	37.754489
185	28.901034
186	48.577260
187	66.200228
188	91.611770
189	44.542730
190	15.189236
191	7.882413
192	80.499840
193	39.831657
194	98.090096
195	57.477521
196	52.751089
197	27.966683
198	77.354662
199	82.727179
200	69.007614
201	77.945975
202	44.031440
203	66.233364
204	28.594594
205	18.687281
206	44.024964
207	62.621338
208	13.861561
209	69.147403
210	97.846120
211	60.478609
212	72.364473
213	66.673607
214	43.990555
215	38.382847
216	89.049267
217	75.277802
218	82.250077
219	98.178902
220	90.749583
221	93.115152
222	66.751108
223	49.394258
224	77.586187
225	1.052576
226	48.490200
227	38.184561
228	69.681409
229	35.666953
230	28.056289
231	92.910700
232	90.438370
233	25.098521
234	64.170821
235	38.711307
236	34.164134
237	69.461484
238	37.876967
239	51.030192
240	77.723542
241	4.622734
242	5.697673
243	76.925994
244	2.670510
245	46.187500
246	23.186281
247	62.724844
248	98.639547
249	90.370700
250	30.699532
251	59.403936
252	44.989363
253	13.005849
254	38.843270
255	57.688135
256	88.886132
257	46.539519
258	73.307857
259	65.518630
260	15.777508
261	54.591126
262	1.499180
263	42.154212
264	18.139987
265	17.314413
266	6.434047
267	68.113622
268	47.104109
269	57.697302
270	51.337310
271	97.137996
272	73.613120
273	13.494586
274	72.189855
275	17.347641
276	98.973691
277	67.562580
278	16.331097
279	11.473455
280	63.566991
281	42.024101
282	16.313173
283	44.981106
284	34.588386
285	57.034944
286	42.797655
287	35.791068
288	2.147624
289	18.094474
290	14.688465
291	16.486149
292	93.994807
293	14.197322
294	75.749145
295	64.656001
296	58.155384
297	37.597490
298	84.386668
299	93.678517
300	40.224165
301	8.448707
302	55.034604
303	4.559615
304	87.150961
305	81.185940
306	8.827206
307	32.262959
308	68.149352
309	50.178759
310	99.896883
311	70.447757
312	94.350247
313	19.260583
314	91.808428
315	59.426446
316	32.840359
317	18.254682
318	98.631633
319	24.362796
320	64.415181
321	44.369771
322	46.784882
323	53.026637
324	69.007670
325	80.558670
326	3.143717
327	4.019177
328	33.364299
329	66.581032
330	15.895516
331	28.879812
332	35.882070
333	91.799377
334	62.006864
335	69.053325
336	98.939995
337	44.777580
338	77.587212
339	19.206989
340	85.462574
341	99.302474
342	28.594223
343	98.557024
344	53.662090
345	17.700903
346	3.916414
347	85.571711
348	5.535080
349	92.760393
350	69.793523
351	48.671441
352	94.475560
353	27.395789
354	12.792520
355	30.312900
356	23.414981
357	44.048656
358	64.804204
359	11.718555
360	9.866042
361	36.354066
362	62.362934
363	40.280226
364	81.585552
365	13.990877
366	64.333514
367	94.080924
368	50.663167
369	33.765959
370	40.345863
371	56.547892
372	93.588969
373	78.224679
374	53.542815
375	27.470351
376	44.642549
377	29.216785
378	76.725759
379	49.584660
380	59.326644
381	86.958514
382	28.799974
383	85.883272
384	15.306508
385	50.621263
386	87.948366
387	48.358868
388	22.654893
389	7.757884
390	42.161218
391	42.566093
392	60.567794
393	49.263686
394	55.380716
395	21.947558
396	99.945391
397	26.036193
398	73.940885
399	99.180853
400	98.435465
401	66.879646
402	64.421747
403	6.568313
404	54.661746
405	44.984500
406	45.061519
407	69.112139
408	71.116401
409	53.912465
410	64.986503
411	26.989035
412	8.083970
413	7.886300
414	67.578134
415	86.059911
416	39.931135
417	93.397555
418	79.273790
419	15.838796
420	80.135987
421	10.448511
422	60.857886
423	92.935848
424	86.313043
425	18.646227
426	44.683856
427	97.343087
428	72.661911
429	62.522968
430	65.801141
431	31.145565
432	35.161810
433	19.133959
434	5.375712
435	77.828419
436	89.107250
437	90.617284
438	63.177398
439	33.370756
440	4.054235
441	81.143250
442	91.853190
443	26.286007
444	85.293627
445	84.326795
446	17.902703
447	10.957103
448	81.137623
449	46.428998
450	37.148270
451	3.590632
452	45.199424
453	33.911309
454	85.756247
455	40.563934
456	83.675684
457	85.053228
458	41.282349
459	54.804271
460	21.358831
461	77.328148
462	42.876061
463	38.081663
464	26.793686
465	94.515033
466	84.878371
467	15.703530
468	87.746145
469	51.074924
470	83.720731
471	81.620441
472	34.207962
473	50.943245
474	16.939040
475	5.399544
476	60.409082
477	17.184793
478	5.535466
479	72.040765
480	5.171251
481	32.130686
482	8.701215
483	88.972047
484	72.189611
485	43.421241
486	4.929536
487	94.764320
488	71.328443
489	2.910726
490	69.998632
491	59.224839
492	97.390758
493	47.837154
494	73.607614
495	36.512120
496	41.854637
497	27.987671
498	14.315015
499	43.372658
500	38.837986
;

param: U :=
1	100.000000
2	100.000000
3	100.000000
4	100.000000
5	100.000000
6	100.000000
7	100.000000
8	100.000000
9	100.000000
10	100.000000
11	100.000000
12	100.000000
13	100.000000
14	100.000000
15	100.000000
16	100.000000
17	100.000000
18	100.000000
19	100.000000
20	100.000000
21	100.000000
22	100.000000
23	100.000000
24	100.000000
25	100.000000
26	100.000000
27	100.000000
28	100.000000
29	100.000000
30	100.000000
31	100.000000
32	100.000000
33	100.000000
34	100.000000
35	100.000000
36	100.000000
37	100.000000
38	100.000000
39	100.000000
40	100.000000
41	100.000000
42	100.000000
43	100.000000
44	100.000000
45	100.000000
46	100.000000
47	100.000000
48	100.000000
49	100.000000
50	100.000000
51	100.000000
52	100.000000
53	100.000000
54	100.000000
55	100.000000
56	100.000000
57	100.000000
58	100.000000
59	100.000000
60	100.000000
61	100.000000
62	100.000000
63	100.000000
64	100.000000
65	100.000000
66	100.000000
67	100.000000
68	100.000000
69	100.000000
70	100.000000
71	100.000000
72	100.000000
73	100.000000
74	100.000000
75	100.000000
76	100.000000
77	100.000000
78	100.000000
79	100.000000
80	100.000000
81	100.000000
82	100.000000
83	100.000000
84	100.000000
85	100.000000
86	100.000000
87	100.000000
88	100.000000
89	100.000000
90	100.000000
91	100.000000
92	100.000000
93	100.000000
94	100.000000
95	100.000000
96	100.000000
97	100.000000
98	100.000000
99	100.000000
100	100.000000
101	100.000000
102	100.000000
103	100.000000
104	100.000000
105	100.000000
106	100.000000
107	100.000000
108	100.000000
109	100.000000
110	100.000000
111	100.000000
112	100.000000
113	100.000000
114	100.000000
115	100.000000
116	100.000000
117	100.000000
118	100.000000
119	100.000000
120	100.000000
121	100.000000
122	100.000000
123	100.000000
124	100.000000
125	100.000000
126	100.000000
127	100.000000
128	100.000000
129	100.000000
130	100.000000
131	100.000000
132	100.000000
133	100.000000
134	100.000000
135	100.000000
136	100.000000
137	100.000000
138	100.000000
139	100.000000
140	100.000000
141	100.000000
142	100.000000
143	100.000000
144	100.000000
145	100.000000
146	100.000000
147	100.000000
148	100.000000
149	100.000000
150	100.000000
151	100.000000
152	100.000000
153	100.000000
154	100.000000
155	100.000000
156	100.000000
157	100.000000
158	100.000000
159	100.000000
160	100.000000
161	100.000000
162	100.000000
163	100.000000
164	100.000000
165	100.000000
166	100.000000
167	100.000000
168	100.000000
169	100.000000
170	100.000000
171	100.000000
172	100.000000
173	100.000000
174	100.000000
175	100.000000
176	100.000000
177	100.000000
178	100.000000
179	100.000000
180	100.000000
181	100.000000
182	100.000000
183	100.000000
184	100.000000
185	100.000000
186	100.000000
187	100.000000
188	100.000000
189	100.000000
190	100.000000
191	100.000000
192	100.000000
193	100.000000
194	100.000000
195	100.000000
196	100.000000
197	100.000000
198	100.000000
199	100.000000
200	100.000000
201	100.000000
202	100.000000
203	100.000000
204	100.000000
205	100.000000
206	100.000000
207	100.000000
208	100.000000
209	100.000000
210	100.000000
211	100.000000
212	100.000000
213	100.000000
214	100.000000
215	100.000000
216	100.000000
217	100.000000
218	100.000000
219	100.000000
220	100.000000
221	100.000000
222	100.000000
223	100.000000
224	100.000000
225	100.000000
226	100.000000
227	100.000000
228	100.000000
229	100.000000
230	100.000000
231	100.000000
232	100.000000
233	100.000000
234	100.000000
235	100.000000
236	100.000000
237	100.000000
238	100.000000
239	100.000000
240	100.000000
241	100.000000
242	100.000000
243	100.000000
244	100.000000
245	100.000000
246	100.000000
247	100.000000
248	100.000000
249	100.000000
250	100.000000
251	100.000000
252	100.000000
253	100.000000
254	100.000000
255	100.000000
256	100.000000
257	100.000000
258	100.000000
259	100.000000
260	100.000000
261	100.000000
262	100.000000
263	100.000000
264	100.000000
265	100.000000
266	100.000000
267	100.000000
268	100.000000
269	100.000000
270	100.000000
271	100.000000
272	100.000000
273	100.000000
274	100.000000
275	100.000000
276	100.000000
277	100.000000
278	100.000000
279	100.000000
280	100.000000
281	100.000000
282	100.000000
283	100.000000
284	100.000000
285	100.000000
286	100.000000
287	100.000000
288	100.000000
289	100.000000
290	100.000000
291	100.000000
292	100.000000
293	100.000000
294	100.000000
295	100.000000
296	100.000000
297	100.000000
298	100.000000
299	100.000000
300	100.000000
301	100.000000
302	100.000000
303	100.000000
304	100.000000
305	100.000000
306	100.000000
307	100.000000
308	100.000000
309	100.000000
310	100.000000
311	100.000000
312	100.000000
313	100.000000
314	100.000000
315	100.000000
316	100.000000
317	100.000000
318	100.000000
319	100.000000
320	100.000000
321	100.000000
322	100.000000
323	100.000000
324	100.000000
325	100.000000
326	100.000000
327	100.000000
328	100.000000
329	100.000000
330	100.000000
331	100.000000
332	100.000000
333	100.000000
334	100.000000
335	100.000000
336	100.000000
337	100.000000
338	100.000000
339	100.000000
340	100.000000
341	100.000000
342	100.000000
343	100.000000
344	100.000000
345	100.000000
346	100.000000
347	100.000000
348	100.000000
349	100.000000
350	100.000000
351	100.000000
352	100.000000
353	100.000000
354	100.000000
355	100.000000
356	100.000000
357	100.000000
358	100.000000
359	100.000000
360	100.000000
361	100.000000
362	100.000000
363	100.000000
364	100.000000
365	100.000000
366	100.000000
367	100.000000
368	100.000000
369	100.000000
370	100.000000
371	100.000000
372	100.000000
373	100.000000
374	100.000000
375	100.000000
376	100.000000
377	100.000000
378	100.000000
379	100.000000
380	100.000000
381	100.000000
382	100.000000
383	100.000000
384	100.000000
385	100.000000
386	100.000000
387	100.000000
388	100.000000
389	100.000000
390	100.000000
391	100.000000
392	100.000000
393	100.000000
394	100.000000
395	100.000000
396	100.000000
397	100.000000
398	100.000000
399	100.000000
400	100.000000
401	100.000000
402	100.000000
403	100.000000
404	100.000000
405	100.000000
406	100.000000
407	100.000000
408	100.000000
409	100.000000
410	100.000000
411	100.000000
412	100.000000
413	100.000000
414	100.000000
415	100.000000
416	100.000000
417	100.000000
418	100.000000
419	100.000000
420	100.000000
421	100.000000
422	100.000000
423	100.000000
424	100.000000
425	100.000000
426	100.000000
427	100.000000
428	100.000000
429	100.000000
430	100.000000
431	100.000000
432	100.000000
433	100.000000
434	100.000000
435	100.000000
436	100.000000
437	100.000000
438	100.000000
439	100.000000
440	100.000000
441	100.000000
442	100.000000
443	100.000000
444	100.000000
445	100.000000
446	100.000000
447	100.000000
448	100.000000
449	100.000000
450	100.000000
451	100.000000
452	100.000000
453	100.000000
454	100.000000
455	100.000000
456	100.000000
457	100.000000
458	100.000000
459	100.000000
460	100.000000
461	100.000000
462	100.000000
463	100.000000
464	100.000000
465	100.000000
466	100.000000
467	100.000000
468	100.000000
469	100.000000
470	100.000000
471	100.000000
472	100.000000
473	100.000000
474	100.000000
475	100.000000
476	100.000000
477	100.000000
478	100.000000
479	100.000000
480	100.000000
481	100.000000
482	100.000000
483	100.000000
484	100.000000
485	100.000000
486	100.000000
487	100.000000
488	100.000000
489	100.000000
490	100.000000
491	100.000000
492	100.000000
493	100.000000
494	100.000000
495	100.000000
496	100.000000
497	100.000000
498	100.000000
499	100.000000
500	100.000000
;

