# seed = 1254829604

param N := 500;

param M := 2;

param Umax := 100.000000;

param: C :=
1	45209.762602
2	1173211.494473
;

param: a :=
1	0.142399
2	0.128892
3	0.130094
4	0.158703
5	0.159048
6	0.145492
7	0.197049
8	0.154283
9	0.152133
10	0.157321
11	0.115284
12	0.193811
13	0.120127
14	0.130476
15	0.107555
16	0.161382
17	0.181409
18	0.184351
19	0.108182
20	0.123964
21	0.127285
22	0.192495
23	0.179477
24	0.129246
25	0.114478
26	0.105342
27	0.122710
28	0.125264
29	0.120024
30	0.141439
31	0.174923
32	0.149564
33	0.162542
34	0.168152
35	0.184294
36	0.145296
37	0.159992
38	0.160929
39	0.100904
40	0.173494
41	0.157280
42	0.157065
43	0.195971
44	0.178503
45	0.135321
46	0.120879
47	0.185164
48	0.105673
49	0.118112
50	0.178630
51	0.114134
52	0.142434
53	0.115204
54	0.184407
55	0.182821
56	0.137902
57	0.172825
58	0.175289
59	0.138231
60	0.130835
61	0.121116
62	0.125751
63	0.187653
64	0.143838
65	0.170194
66	0.124415
67	0.102328
68	0.198462
69	0.180431
70	0.196110
71	0.186668
72	0.148061
73	0.158317
74	0.110291
75	0.166959
76	0.124215
77	0.152518
78	0.183642
79	0.185304
80	0.122576
81	0.146169
82	0.153050
83	0.180352
84	0.115792
85	0.140353
86	0.172969
87	0.131667
88	0.160852
89	0.100180
90	0.197737
91	0.111654
92	0.126773
93	0.138136
94	0.194998
95	0.194195
96	0.114347
97	0.199273
98	0.186977
99	0.135922
100	0.171903
101	0.178024
102	0.198481
103	0.179627
104	0.166348
105	0.138999
106	0.172148
107	0.145162
108	0.122007
109	0.117649
110	0.119234
111	0.177603
112	0.175171
113	0.126794
114	0.108816
115	0.109178
116	0.175320
117	0.101770
118	0.132013
119	0.184927
120	0.103614
121	0.173754
122	0.128903
123	0.172449
124	0.176505
125	0.108602
126	0.160675
127	0.159568
128	0.171837
129	0.193019
130	0.148855
131	0.166047
132	0.178205
133	0.108419
134	0.117816
135	0.186909
136	0.168850
137	0.137583
138	0.119356
139	0.124464
140	0.144096
141	0.139875
142	0.156240
143	0.198086
144	0.141151
145	0.143995
146	0.146142
147	0.127868
148	0.100792
149	0.121777
150	0.181908
151	0.191615
152	0.123605
153	0.151267
154	0.194148
155	0.120648
156	0.154259
157	0.169465
158	0.109732
159	0.114883
160	0.119849
161	0.118885
162	0.160556
163	0.110837
164	0.156677
165	0.143724
166	0.102741
167	0.170679
168	0.183795
169	0.187816
170	0.145250
171	0.130736
172	0.185490
173	0.119357
174	0.136950
175	0.182819
176	0.136511
177	0.105558
178	0.155560
179	0.104689
180	0.108183
181	0.153226
182	0.120137
183	0.172136
184	0.140730
185	0.169528
186	0.167371
187	0.103187
188	0.194005
189	0.125791
190	0.146548
191	0.152337
192	0.171771
193	0.195659
194	0.166162
195	0.145069
196	0.170090
197	0.101509
198	0.196125
199	0.152426
200	0.164115
201	0.189696
202	0.142928
203	0.107689
204	0.121186
205	0.146277
206	0.149430
207	0.150638
208	0.197753
209	0.103918
210	0.177509
211	0.125009
212	0.125206
213	0.149603
214	0.192774
215	0.133764
216	0.146342
217	0.185666
218	0.155882
219	0.112542
220	0.190676
221	0.139213
222	0.148337
223	0.118813
224	0.191630
225	0.168856
226	0.191311
227	0.188300
228	0.192564
229	0.115214
230	0.110739
231	0.130154
232	0.125771
233	0.151329
234	0.190462
235	0.130144
236	0.154490
237	0.174111
238	0.178760
239	0.159567
240	0.148386
241	0.175734
242	0.112957
243	0.178007
244	0.148557
245	0.105143
246	0.162218
247	0.145046
248	0.183458
249	0.169216
250	0.192931
251	0.157972
252	0.149050
253	0.108914
254	0.166542
255	0.130699
256	0.185096
257	0.146718
258	0.109372
259	0.178608
260	0.132416
261	0.181972
262	0.187551
263	0.176341
264	0.148640
265	0.156856
266	0.197919
267	0.128877
268	0.146543
269	0.112019
270	0.159792
271	0.123498
272	0.123992
273	0.119109
274	0.100959
275	0.154690
276	0.138674
277	0.166472
278	0.182978
279	0.129217
280	0.100032
281	0.104170
282	0.152079
283	0.121495
284	0.123948
285	0.170938
286	0.162631
287	0.159926
288	0.191270
289	0.186228
290	0.131285
291	0.146050
292	0.134027
293	0.173687
294	0.156397
295	0.142690
296	0.194367
297	0.105195
298	0.182679
299	0.184315
300	0.186979
301	0.167256
302	0.120936
303	0.180846
304	0.188452
305	0.118003
306	0.117367
307	0.130685
308	0.132819
309	0.108461
310	0.190557
311	0.150477
312	0.176464
313	0.167541
314	0.195085
315	0.158520
316	0.106802
317	0.142279
318	0.161242
319	0.137288
320	0.164253
321	0.194325
322	0.101066
323	0.143661
324	0.154404
325	0.151177
326	0.130263
327	0.110636
328	0.170232
329	0.118575
330	0.111673
331	0.181724
332	0.144291
333	0.109755
334	0.185507
335	0.191253
336	0.197225
337	0.167769
338	0.136188
339	0.189979
340	0.150867
341	0.126684
342	0.160868
343	0.141963
344	0.188973
345	0.116252
346	0.130202
347	0.173208
348	0.169130
349	0.110990
350	0.153681
351	0.124138
352	0.100080
353	0.190343
354	0.152227
355	0.124865
356	0.196983
357	0.182308
358	0.185166
359	0.138912
360	0.167323
361	0.194204
362	0.136724
363	0.104341
364	0.109562
365	0.134173
366	0.173137
367	0.162483
368	0.162882
369	0.165258
370	0.147627
371	0.161284
372	0.134310
373	0.115977
374	0.139950
375	0.119320
376	0.168344
377	0.144253
378	0.101528
379	0.109580
380	0.139208
381	0.149499
382	0.159759
383	0.174022
384	0.187983
385	0.104802
386	0.186409
387	0.132618
388	0.179752
389	0.160792
390	0.191587
391	0.124826
392	0.142815
393	0.148364
394	0.108710
395	0.114258
396	0.151409
397	0.125722
398	0.158685
399	0.170465
400	0.168142
401	0.146892
402	0.179258
403	0.131675
404	0.144042
405	0.161893
406	0.186239
407	0.108261
408	0.118144
409	0.179272
410	0.142743
411	0.109156
412	0.101307
413	0.152677
414	0.148831
415	0.126886
416	0.106578
417	0.151811
418	0.182685
419	0.163304
420	0.160444
421	0.128380
422	0.128646
423	0.151406
424	0.155414
425	0.102947
426	0.142475
427	0.167501
428	0.165320
429	0.175953
430	0.140250
431	0.103916
432	0.116434
433	0.136461
434	0.189868
435	0.141208
436	0.181982
437	0.132940
438	0.165454
439	0.132081
440	0.131883
441	0.117103
442	0.170342
443	0.140479
444	0.199271
445	0.166041
446	0.176941
447	0.115596
448	0.183305
449	0.155050
450	0.195309
451	0.173412
452	0.140190
453	0.113574
454	0.195034
455	0.125291
456	0.135442
457	0.109113
458	0.199541
459	0.152526
460	0.163993
461	0.124189
462	0.106861
463	0.183424
464	0.104922
465	0.143240
466	0.190210
467	0.124702
468	0.122600
469	0.153819
470	0.136650
471	0.169310
472	0.158161
473	0.143158
474	0.181784
475	0.115244
476	0.139320
477	0.152428
478	0.130292
479	0.120227
480	0.121791
481	0.154389
482	0.171654
483	0.121453
484	0.111116
485	0.119631
486	0.113993
487	0.156616
488	0.113920
489	0.182078
490	0.129551
491	0.136638
492	0.162985
493	0.143520
494	0.161971
495	0.109254
496	0.163623
497	0.118154
498	0.179864
499	0.139378
500	0.169975
;

param: b :=
1	85.778991
2	29.987852
3	95.699973
4	83.172455
5	68.617078
6	37.697700
7	46.406403
8	67.390149
9	66.487269
10	43.960567
11	55.248729
12	3.839647
13	91.768354
14	80.190295
15	88.819471
16	70.473991
17	38.148262
18	7.209128
19	4.603253
20	92.912038
21	29.175643
22	71.737528
23	91.942113
24	85.751476
25	37.763416
26	32.139444
27	43.328155
28	33.623793
29	17.543493
30	82.020035
31	68.466609
32	55.096129
33	65.385157
34	70.742017
35	13.596996
36	61.831764
37	24.914561
38	58.920651
39	32.252179
40	83.523251
41	97.925966
42	28.928458
43	65.448050
44	41.186186
45	9.172208
46	75.796560
47	26.631155
48	32.921702
49	81.794338
50	0.449506
51	47.677247
52	78.161805
53	35.664325
54	8.231991
55	41.711346
56	65.276505
57	55.274053
58	33.148071
59	16.269332
60	96.782346
61	58.098243
62	34.867587
63	62.682739
64	88.252156
65	72.788892
66	20.341717
67	72.590537
68	90.171913
69	96.136104
70	55.550914
71	52.849216
72	16.669512
73	32.335558
74	10.497063
75	95.146316
76	5.781025
77	8.234922
78	63.476499
79	4.657391
80	36.329505
81	76.463358
82	85.500471
83	67.977456
84	5.278889
85	18.254633
86	88.749086
87	46.327666
88	30.907786
89	33.119071
90	31.273963
91	84.959907
92	40.898714
93	39.062235
94	73.704864
95	88.291554
96	6.277337
97	86.036379
98	8.525070
99	64.994211
100	18.304380
101	13.926089
102	51.963103
103	32.801478
104	2.447864
105	97.135631
106	65.884323
107	1.724264
108	38.350223
109	30.377951
110	96.379065
111	81.312471
112	44.051684
113	59.079593
114	48.341987
115	17.767404
116	33.092730
117	1.220147
118	31.668550
119	99.984485
120	63.218956
121	50.091592
122	78.544080
123	74.850013
124	61.179830
125	78.608096
126	16.882282
127	9.089524
128	69.576274
129	41.328959
130	72.904866
131	20.473468
132	61.076623
133	34.003230
134	88.144311
135	1.692505
136	53.270295
137	66.572581
138	60.981579
139	78.399264
140	47.781267
141	75.258162
142	7.078086
143	64.819807
144	3.056569
145	93.666094
146	57.511255
147	68.867177
148	42.255105
149	31.822092
150	37.104999
151	34.480992
152	89.192851
153	22.885887
154	73.178093
155	30.098995
156	36.868541
157	64.453680
158	93.043987
159	66.406052
160	96.082775
161	91.653810
162	11.880445
163	93.179371
164	82.404705
165	68.257410
166	74.521245
167	33.595726
168	65.738843
169	78.114580
170	93.665616
171	44.636900
172	97.426526
173	22.444625
174	40.331984
175	27.863949
176	10.701791
177	0.439665
178	6.346252
179	48.747623
180	87.373016
181	84.368596
182	75.461437
183	84.213693
184	83.947940
185	37.970485
186	58.267076
187	66.214516
188	78.608994
189	26.662999
190	12.126076
191	27.491493
192	81.794627
193	50.724030
194	33.849224
195	72.579096
196	33.094874
197	61.425168
198	56.657628
199	27.626562
200	79.585465
201	96.988365
202	74.824580
203	0.537852
204	22.364824
205	31.255539
206	65.310091
207	40.445547
208	92.518012
209	22.072538
210	70.441910
211	65.868431
212	56.398065
213	0.108366
214	61.574405
215	16.696643
216	3.358172
217	42.028289
218	91.398403
219	37.859778
220	52.909350
221	66.656368
222	83.585982
223	70.396742
224	63.513414
225	9.566978
226	0.509684
227	93.779200
228	19.022111
229	7.240014
230	49.477120
231	7.583301
232	11.094338
233	36.683342
234	43.951414
235	20.285072
236	15.033147
237	63.028647
238	55.951110
239	48.016082
240	9.468874
241	4.920288
242	69.841653
243	14.677900
244	18.110894
245	2.030983
246	94.546806
247	81.306543
248	92.829003
249	85.712385
250	83.517821
251	98.883402
252	83.003633
253	24.603089
254	66.615613
255	2.258026
256	71.704577
257	86.241694
258	23.781246
259	57.877727
260	15.032589
261	60.418822
262	27.101019
263	55.006159
264	50.042062
265	17.279066
266	17.212905
267	87.541910
268	66.760787
269	33.781012
270	2.271556
271	70.166688
272	78.300247
273	33.671484
274	73.003222
275	69.625785
276	44.537200
277	86.665395
278	48.685440
279	74.264166
280	1.588563
281	34.364618
282	7.068737
283	44.078901
284	32.487146
285	98.512557
286	58.121547
287	40.528663
288	40.825991
289	76.411884
290	67.077049
291	19.680282
292	70.587264
293	94.683669
294	37.117265
295	58.616325
296	36.487195
297	98.825319
298	74.106266
299	92.257127
300	88.185967
301	53.926125
302	30.069559
303	94.953084
304	68.434994
305	50.135698
306	8.528545
307	59.844152
308	70.812555
309	9.280584
310	78.582707
311	17.697868
312	47.105805
313	77.259767
314	74.050119
315	29.161503
316	4.600520
317	20.749555
318	13.282187
319	76.558577
320	31.911222
321	20.720844
322	12.892371
323	41.219536
324	26.896453
325	89.286437
326	52.545630
327	16.427125
328	93.475384
329	53.258714
330	76.893885
331	54.169966
332	24.459987
333	12.951739
334	15.455420
335	39.492464
336	36.562038
337	24.759798
338	30.238224
339	40.952574
340	38.475945
341	40.956546
342	2.221113
343	67.513493
344	71.876331
345	22.370160
346	12.624809
347	58.516821
348	32.961761
349	13.499913
350	69.979958
351	53.631565
352	98.365281
353	87.102857
354	62.757877
355	28.951407
356	78.765563
357	42.184727
358	7.129122
359	3.522819
360	79.853952
361	84.346096
362	38.981734
363	98.970761
364	59.283475
365	57.187194
366	9.623117
367	27.248995
368	25.973784
369	55.419636
370	74.033872
371	94.949143
372	10.407654
373	61.460712
374	32.308699
375	13.437630
376	8.553597
377	18.449062
378	28.059777
379	64.376655
380	20.232219
381	35.212216
382	56.649895
383	55.955008
384	39.828770
385	63.691349
386	32.508861
387	2.021107
388	74.225318
389	58.467047
390	81.038708
391	74.153195
392	63.840270
393	39.638280
394	11.729341
395	16.478751
396	47.727104
397	12.831544
398	67.378029
399	7.011168
400	97.558062
401	10.729893
402	52.942251
403	95.553007
404	81.592100
405	68.610020
406	44.072184
407	83.848240
408	57.243145
409	64.416944
410	77.093871
411	92.130547
412	42.645501
413	64.584177
414	22.095939
415	66.426727
416	92.256289
417	84.650022
418	96.967289
419	47.495263
420	75.585774
421	87.142610
422	54.212873
423	57.029032
424	48.715070
425	2.419825
426	81.265115
427	44.398182
428	25.313871
429	45.637638
430	45.723824
431	92.853538
432	37.419197
433	88.694066
434	30.445170
435	12.066573
436	69.018600
437	46.280894
438	36.633055
439	96.855011
440	19.784734
441	83.766611
442	69.399595
443	51.382219
444	57.711476
445	9.995987
446	44.444553
447	86.468669
448	53.902545
449	5.337895
450	12.366376
451	69.564692
452	65.312940
453	15.482855
454	67.649544
455	93.369331
456	44.326503
457	64.161512
458	49.579328
459	39.686598
460	68.707194
461	42.230156
462	97.477328
463	34.804925
464	0.380196
465	75.294756
466	72.182414
467	6.079504
468	31.958272
469	41.598764
470	11.128716
471	73.664270
472	25.699346
473	0.538058
474	97.109341
475	1.194983
476	44.350030
477	51.448695
478	19.781009
479	27.486000
480	15.680838
481	94.629033
482	90.591217
483	42.612269
484	0.183393
485	43.980962
486	37.576932
487	67.486599
488	92.521577
489	82.051578
490	17.372757
491	73.195159
492	62.628697
493	13.159086
494	69.029909
495	53.397975
496	64.123072
497	52.387179
498	66.246076
499	49.941798
500	44.562424
;

param: c :=
1	41.449781
2	82.110831
3	33.124854
4	38.879383
5	43.063604
6	0.908751
7	5.780711
8	6.210600
9	5.597856
10	61.483014
11	31.988849
12	0.125258
13	54.253497
14	97.656895
15	83.071000
16	18.037518
17	21.923460
18	0.335202
19	93.697224
20	10.701238
21	18.418356
22	12.802267
23	32.750364
24	12.549379
25	74.831004
26	93.111247
27	82.935952
28	25.421651
29	36.098730
30	4.695427
31	49.364570
32	8.781527
33	14.467470
34	40.137436
35	26.352005
36	48.391147
37	84.286733
38	29.764873
39	66.980834
40	48.471984
41	90.693490
42	80.150513
43	3.834403
44	33.725573
45	43.148708
46	8.067116
47	87.354439
48	39.192115
49	3.825502
50	3.237893
51	17.889734
52	25.775890
53	74.143619
54	44.443128
55	75.850030
56	64.107213
57	25.309748
58	90.718987
59	19.313111
60	27.060126
61	62.093082
62	10.020828
63	31.281271
64	86.545283
65	5.586457
66	81.946307
67	53.717623
68	4.423972
69	42.712653
70	97.351338
71	62.897246
72	62.698113
73	40.734767
74	86.928595
75	15.115941
76	62.409690
77	41.285388
78	17.159354
79	25.819572
80	27.189571
81	46.190945
82	91.915544
83	15.301853
84	46.869246
85	56.276178
86	80.622489
87	74.717293
88	93.113486
89	14.344654
90	60.035064
91	82.479644
92	39.881824
93	87.384637
94	47.828085
95	59.591291
96	35.047786
97	35.843890
98	94.865121
99	54.982423
100	51.552127
101	94.707071
102	28.743362
103	12.382011
104	23.078991
105	94.300527
106	38.746740
107	99.541219
108	91.303003
109	4.680381
110	48.297051
111	54.728235
112	41.178395
113	69.475865
114	37.299144
115	29.470543
116	44.177115
117	56.718493
118	17.175724
119	4.665479
120	74.661215
121	81.105128
122	97.042750
123	3.381006
124	63.016517
125	34.355275
126	96.230243
127	7.887417
128	90.857954
129	17.506580
130	31.676055
131	45.193733
132	50.623631
133	5.501864
134	44.252599
135	98.353457
136	70.997190
137	85.614828
138	28.051324
139	69.420071
140	82.850450
141	58.147465
142	32.944205
143	74.176404
144	8.577946
145	51.435641
146	71.412890
147	21.118413
148	14.173668
149	34.311892
150	18.579053
151	99.973523
152	5.407106
153	87.052256
154	51.156307
155	38.736712
156	63.157888
157	61.835737
158	96.697602
159	10.947910
160	11.969916
161	34.503276
162	83.482634
163	49.172375
164	55.662199
165	63.949451
166	66.275122
167	37.180474
168	3.097419
169	82.632268
170	33.192402
171	15.297753
172	73.830278
173	45.733441
174	93.366147
175	85.723766
176	58.518055
177	56.251369
178	92.551443
179	80.556100
180	45.617024
181	55.284801
182	60.521699
183	45.604965
184	11.416096
185	62.086244
186	75.766102
187	44.185224
188	80.625927
189	41.477981
190	38.998478
191	83.377887
192	35.842241
193	60.997451
194	87.804779
195	15.039054
196	56.101365
197	18.550288
198	57.643138
199	54.918734
200	1.319879
201	98.952430
202	16.630287
203	45.337817
204	42.082135
205	81.959080
206	24.264528
207	14.217754
208	20.005116
209	92.084949
210	70.676733
211	80.526915
212	32.374095
213	47.593226
214	42.216670
215	98.030397
216	36.394135
217	88.818195
218	5.394685
219	40.977274
220	63.255420
221	82.384871
222	95.863256
223	42.633310
224	27.987571
225	89.629486
226	22.611917
227	0.058654
228	14.608858
229	74.150084
230	78.384644
231	56.068713
232	17.926737
233	59.439458
234	26.390469
235	39.618422
236	27.609382
237	61.343270
238	93.906822
239	41.017650
240	43.355171
241	34.825139
242	24.247331
243	65.744596
244	0.808840
245	62.814036
246	30.506396
247	74.243571
248	66.500197
249	48.073685
250	43.173850
251	28.012707
252	39.591005
253	69.883141
254	97.303693
255	60.033083
256	20.736587
257	64.328234
258	90.031166
259	27.940960
260	7.651199
261	50.332496
262	10.896562
263	41.612603
264	53.518422
265	56.883229
266	80.802559
267	7.351071
268	56.647908
269	30.054796
270	24.492701
271	58.221925
272	72.176847
273	71.412170
274	79.641797
275	64.223851
276	25.528761
277	28.014282
278	45.347073
279	87.151379
280	73.727555
281	28.821316
282	63.647047
283	56.901324
284	17.457885
285	61.906382
286	0.730624
287	72.160350
288	15.991646
289	62.512173
290	58.407952
291	34.884830
292	35.890987
293	47.474196
294	24.257131
295	68.446392
296	68.822272
297	4.909980
298	77.369134
299	3.547450
300	75.221460
301	19.191043
302	95.615897
303	81.670029
304	9.138725
305	79.262528
306	70.110527
307	73.690391
308	25.616071
309	55.524178
310	63.471152
311	94.539435
312	47.776368
313	99.538140
314	97.948610
315	11.765692
316	97.875019
317	21.993751
318	97.594442
319	37.116476
320	91.839721
321	81.773449
322	39.365246
323	3.914928
324	91.319915
325	12.472972
326	58.024229
327	35.467614
328	35.410018
329	33.635700
330	45.810045
331	18.178329
332	95.008696
333	62.989409
334	98.836746
335	78.311720
336	38.876668
337	93.725346
338	43.417198
339	45.505527
340	1.631074
341	98.885482
342	2.407193
343	70.016270
344	83.698604
345	44.026013
346	13.814996
347	3.284991
348	65.733735
349	0.220187
350	21.064163
351	24.740797
352	28.014294
353	88.714843
354	92.158114
355	47.795129
356	79.937841
357	69.776300
358	8.713623
359	8.126821
360	59.908427
361	26.766558
362	88.196654
363	99.213585
364	13.149157
365	75.986374
366	64.667633
367	53.450501
368	8.229502
369	41.606828
370	88.820800
371	49.496614
372	46.872203
373	70.702000
374	76.683839
375	38.806581
376	51.943447
377	64.278760
378	66.127445
379	88.498417
380	66.112462
381	81.849118
382	4.692546
383	32.263663
384	77.764267
385	52.605474
386	64.206018
387	83.613387
388	46.976990
389	41.882466
390	36.596741
391	98.840956
392	99.962445
393	18.383075
394	28.330223
395	54.641271
396	90.572712
397	91.231522
398	54.102847
399	14.037083
400	50.717512
401	69.723973
402	14.597145
403	53.779779
404	87.494311
405	47.250820
406	55.015974
407	51.274288
408	38.323499
409	22.626841
410	68.916038
411	43.849095
412	12.132928
413	63.450245
414	99.812491
415	19.254356
416	76.572112
417	14.624270
418	83.702031
419	17.874448
420	73.542812
421	29.167493
422	28.912065
423	14.357227
424	49.656603
425	91.028274
426	4.759879
427	28.664009
428	46.245634
429	87.560748
430	60.382765
431	87.259437
432	94.939975
433	97.835338
434	10.676074
435	70.314658
436	48.100463
437	51.778802
438	78.644141
439	46.520543
440	92.425565
441	67.965041
442	81.553749
443	58.045606
444	8.214787
445	14.960124
446	59.697356
447	70.769985
448	43.285507
449	23.726908
450	55.307185
451	0.277053
452	26.571052
453	21.147693
454	52.946266
455	37.846321
456	18.831533
457	17.414622
458	17.846872
459	64.949215
460	91.680552
461	0.395636
462	35.574522
463	52.388055
464	93.773905
465	66.178967
466	17.675538
467	31.351771
468	65.592131
469	92.455523
470	42.818035
471	9.192331
472	54.036164
473	13.669376
474	57.593809
475	96.882417
476	18.530426
477	48.438307
478	12.637411
479	96.155281
480	99.104892
481	64.252130
482	46.678994
483	24.178203
484	24.013611
485	11.997613
486	93.558459
487	11.590591
488	9.348778
489	25.318113
490	52.126307
491	85.107399
492	26.558205
493	43.213351
494	26.548399
495	11.680036
496	77.027221
497	90.882556
498	63.651409
499	35.948642
500	74.082062
;

param: d :=
1	-70.183655
2	-57.492267
3	-88.176709
4	-80.588796
5	-92.821172
6	-95.992553
7	-61.501607
8	-63.606564
9	-14.742521
10	-3.799260
11	-41.652708
12	-5.280258
13	-74.092310
14	-63.313154
15	-86.847367
16	-77.135426
17	-86.601862
18	-15.523725
19	-37.564207
20	-78.379135
21	-89.644031
22	-89.467176
23	-98.599542
24	-70.418880
25	-91.824526
26	-83.956814
27	-58.871513
28	-61.933505
29	-47.225884
30	-46.011640
31	-50.245818
32	-57.324974
33	-54.522212
34	-6.426756
35	-79.607217
36	-50.008616
37	-90.643128
38	-30.289657
39	-84.628342
40	-86.368087
41	-16.367499
42	-94.544251
43	-19.742630
44	-91.731980
45	-97.697917
46	-30.649341
47	-24.142900
48	-14.176299
49	-78.053640
50	-87.644003
51	-42.716870
52	-49.499285
53	-97.441197
54	-76.400610
55	-13.353919
56	-58.860369
57	-9.285528
58	-98.935031
59	-87.624930
60	-24.722336
61	-3.034151
62	-10.141999
63	-87.036922
64	-65.442559
65	-10.492820
66	-48.525282
67	-35.578875
68	-91.517226
69	-88.287539
70	-17.344853
71	-7.745080
72	-69.992485
73	-87.964883
74	-85.284875
75	-90.328839
76	-78.433541
77	-84.584709
78	-53.660102
79	-73.961648
80	-90.495151
81	-38.714651
82	-84.540588
83	-78.362896
84	-67.048952
85	-33.827169
86	-99.841743
87	-22.141936
88	-47.232644
89	-84.517731
90	-55.393353
91	-32.069972
92	-92.604883
93	-87.146948
94	-11.888863
95	-91.460064
96	-25.617471
97	-18.247558
98	-73.141548
99	-76.693271
100	-80.269193
101	-62.384363
102	-66.471320
103	-84.528764
104	-38.786461
105	-6.018399
106	-76.300083
107	-60.130671
108	-49.249395
109	-69.969354
110	-57.686707
111	-28.096106
112	-86.082664
113	-73.665257
114	-99.881231
115	-86.141572
116	-76.383220
117	-43.502045
118	-26.809040
119	-45.596810
120	-59.086456
121	-96.775650
122	-26.919706
123	-70.832735
124	-6.319229
125	-86.732119
126	-64.664283
127	-59.326904
128	-31.119813
129	-3.600181
130	-88.128935
131	-99.597880
132	-25.564738
133	-83.693126
134	-91.326308
135	-95.584253
136	-99.474264
137	-17.223440
138	-30.020192
139	-70.034471
140	-11.651005
141	-61.771595
142	-72.763020
143	-16.299608
144	-30.797570
145	-86.585141
146	-71.007771
147	-13.984685
148	-66.263473
149	-4.046106
150	-9.513796
151	-56.948929
152	-4.981963
153	-27.614230
154	-91.678495
155	-45.039717
156	-27.161750
157	-30.561159
158	-84.861305
159	-98.065062
160	-28.994581
161	-42.378751
162	-76.285947
163	-27.326884
164	-46.625272
165	-45.327867
166	-85.288810
167	-94.817322
168	-32.722799
169	-63.011511
170	-99.087322
171	-5.314748
172	-48.234777
173	-43.462583
174	-59.952165
175	-34.548688
176	-30.296136
177	-79.143848
178	-70.609319
179	-49.577399
180	-98.450448
181	-61.050026
182	-21.344706
183	-71.612462
184	-66.718674
185	-49.916328
186	-87.011692
187	-41.528245
188	-45.473169
189	-28.603807
190	-42.036078
191	-85.576657
192	-52.462924
193	-60.155908
194	-53.212131
195	-13.452951
196	-90.911931
197	-15.113345
198	-68.032306
199	-86.576476
200	-48.080703
201	-95.265011
202	-0.970915
203	-73.760629
204	-21.170534
205	-98.804427
206	-49.250387
207	-50.409708
208	-85.616545
209	-50.744418
210	-80.408408
211	-93.031670
212	-50.529495
213	-36.178762
214	-87.221122
215	-74.151284
216	-82.980961
217	-33.807574
218	-11.743706
219	-39.864411
220	-67.107398
221	-62.756324
222	-15.268769
223	-92.368785
224	-2.975385
225	-90.166248
226	-45.434079
227	-29.314984
228	-11.573006
229	-42.152810
230	-61.273178
231	-80.216163
232	-51.616803
233	-48.612324
234	-94.928807
235	-95.706105
236	-67.125704
237	-69.820170
238	-3.312940
239	-80.993461
240	-25.223523
241	-84.647999
242	-59.433217
243	-60.649429
244	-57.536097
245	-53.839202
246	-94.427036
247	-20.128398
248	-92.294915
249	-65.039260
250	-6.259745
251	-79.214160
252	-20.443374
253	-16.842141
254	-66.958119
255	-21.226837
256	-71.730110
257	-25.268983
258	-51.036560
259	-51.509096
260	-70.280656
261	-57.995020
262	-91.712151
263	-59.330372
264	-61.328697
265	-15.202746
266	-94.429986
267	-20.790475
268	-42.560382
269	-46.368580
270	-86.689606
271	-19.618568
272	-95.205545
273	-73.539833
274	-42.393032
275	-15.254771
276	-36.832808
277	-75.306456
278	-44.844930
279	-99.370496
280	-20.325815
281	-31.605754
282	-22.392719
283	-50.491077
284	-30.704776
285	-41.910842
286	-63.641731
287	-11.252529
288	-45.082757
289	-56.871102
290	-51.257497
291	-92.043450
292	-65.242485
293	-54.152931
294	-27.611249
295	-94.797423
296	-47.224849
297	-59.920625
298	-81.429593
299	-68.211138
300	-88.764279
301	-64.297640
302	-10.241461
303	-14.244426
304	-34.178969
305	-78.450045
306	-7.411816
307	-50.123712
308	-71.565010
309	-9.869191
310	-0.304637
311	-70.260918
312	-53.425478
313	-58.768974
314	-79.299277
315	-85.956118
316	-29.726998
317	-63.181808
318	-90.982058
319	-63.173430
320	-37.798860
321	-93.909479
322	-1.059220
323	-34.345121
324	-48.001993
325	-11.706901
326	-77.897704
327	-7.590377
328	-90.402414
329	-77.509681
330	-97.006657
331	-5.802588
332	-97.684435
333	-54.776920
334	-79.082927
335	-75.111390
336	-56.964642
337	-14.053112
338	-68.802892
339	-47.031110
340	-50.296364
341	-95.004199
342	-0.255067
343	-64.312081
344	-67.609321
345	-38.242080
346	-68.167259
347	-27.906504
348	-28.462661
349	-18.993523
350	-62.620828
351	-31.836385
352	-86.105157
353	-6.372269
354	-82.038800
355	-74.915005
356	-81.952876
357	-92.950725
358	-86.819920
359	-72.373513
360	-40.518712
361	-58.001227
362	-83.337717
363	-25.882310
364	-81.724451
365	-57.700057
366	-66.954649
367	-10.750658
368	-48.921754
369	-35.528055
370	-39.223979
371	-62.729271
372	-1.022072
373	-30.572892
374	-51.820730
375	-39.073266
376	-42.835293
377	-6.250518
378	-51.599952
379	-19.717549
380	-84.107690
381	-11.694012
382	-88.297860
383	-61.699076
384	-45.889101
385	-6.699611
386	-47.478301
387	-85.533375
388	-15.555117
389	-6.944746
390	-30.648777
391	-22.568967
392	-92.979227
393	-68.022996
394	-44.312840
395	-43.859852
396	-11.994016
397	-75.436726
398	-41.352448
399	-11.152108
400	-3.527789
401	-98.466992
402	-30.169311
403	-77.093006
404	-1.854796
405	-24.069804
406	-63.043496
407	-22.014832
408	-67.258527
409	-66.948486
410	-69.762566
411	-43.593491
412	-43.677019
413	-96.048390
414	-12.845008
415	-50.486834
416	-24.505668
417	-4.339718
418	-5.182059
419	-73.245719
420	-39.743715
421	-52.365421
422	-94.782155
423	-33.969943
424	-60.884211
425	-79.178678
426	-83.982041
427	-3.331863
428	-5.768150
429	-9.689934
430	-10.093336
431	-5.055950
432	-78.806579
433	-34.874616
434	-63.886266
435	-71.231462
436	-57.634882
437	-79.800487
438	-39.606364
439	-70.083365
440	-57.441179
441	-12.582757
442	-81.557857
443	-7.742186
444	-22.085310
445	-87.438193
446	-30.633916
447	-16.439135
448	-35.141118
449	-86.904174
450	-96.476572
451	-11.627579
452	-0.112969
453	-15.655590
454	-61.680889
455	-50.982137
456	-9.250785
457	-90.610347
458	-73.887827
459	-26.326411
460	-83.060799
461	-37.964702
462	-74.307674
463	-99.160925
464	-77.231140
465	-91.810521
466	-18.109473
467	-74.902521
468	-41.825688
469	-93.793272
470	-69.575994
471	-64.510629
472	-24.163786
473	-25.490449
474	-52.623691
475	-92.300070
476	-17.861709
477	-38.379667
478	-15.671780
479	-66.103341
480	-20.615374
481	-48.729039
482	-9.815733
483	-30.108664
484	-76.246321
485	-84.213886
486	-86.901945
487	-79.132264
488	-39.401452
489	-93.743511
490	-46.435675
491	-51.364467
492	-43.456521
493	-44.889645
494	-28.680311
495	-65.427643
496	-84.250742
497	-96.738944
498	-93.577965
499	-17.408488
500	-3.476137
;

param: weight :=
1	49.016875
2	46.462805
3	52.206267
4	54.262668
5	62.203920
6	20.801704
7	76.460521
8	10.798904
9	78.527454
10	63.738053
11	62.803282
12	8.768623
13	30.964079
14	17.417893
15	74.336181
16	67.007984
17	96.530599
18	2.909582
19	31.205834
20	30.302895
21	42.904993
22	94.656080
23	6.286848
24	70.525473
25	1.197216
26	54.222706
27	54.147282
28	44.715051
29	19.754512
30	12.485143
31	76.875662
32	71.427922
33	7.448507
34	9.720427
35	66.707401
36	16.661922
37	74.922056
38	2.579720
39	77.952668
40	77.325529
41	19.135562
42	79.130643
43	75.056873
44	11.787563
45	25.298427
46	89.534188
47	11.161020
48	38.993677
49	62.431190
50	9.630351
51	50.479537
52	48.037339
53	12.406211
54	94.115136
55	64.021129
56	77.856177
57	13.431611
58	83.812298
59	19.639854
60	21.177918
61	45.296880
62	76.247146
63	53.863239
64	89.423954
65	85.312322
66	95.663187
67	69.860822
68	80.229614
69	10.008189
70	90.207271
71	42.932833
72	68.462788
73	96.789116
74	19.790039
75	7.790188
76	88.551810
77	1.484943
78	93.549174
79	17.525583
80	51.534184
81	86.273174
82	7.996261
83	83.558820
84	52.102599
85	44.850054
86	98.271396
87	8.536885
88	46.903525
89	55.208613
90	64.582762
91	51.621411
92	41.646401
93	17.751096
94	27.207497
95	4.736085
96	51.375144
97	54.426743
98	16.760985
99	78.068791
100	7.351362
101	23.241365
102	27.082176
103	15.408381
104	30.013253
105	21.237936
106	85.758979
107	39.946502
108	72.160114
109	46.390695
110	58.016678
111	75.541131
112	68.074085
113	98.959432
114	99.101666
115	48.320070
116	75.651962
117	73.392800
118	46.130027
119	27.056036
120	63.704347
121	64.310520
122	3.139251
123	32.034488
124	35.027082
125	33.681174
126	58.217868
127	13.190735
128	43.230002
129	70.791262
130	66.919780
131	34.403936
132	96.448217
133	74.929562
134	57.454253
135	98.111401
136	65.489946
137	67.304955
138	36.062673
139	94.759077
140	56.890410
141	79.877171
142	8.527784
143	48.120403
144	73.306013
145	24.395307
146	46.401648
147	8.024626
148	69.797164
149	16.367259
150	7.244355
151	48.416893
152	19.003229
153	9.812190
154	7.845474
155	26.792360
156	28.081198
157	8.429704
158	88.181404
159	39.403904
160	5.360238
161	47.147952
162	84.871508
163	62.992030
164	97.567965
165	70.490424
166	46.071397
167	91.304805
168	89.558368
169	51.279820
170	47.569940
171	99.315943
172	13.016339
173	28.351031
174	8.533093
175	65.203914
176	12.498325
177	95.173668
178	58.530360
179	6.232189
180	28.146643
181	50.321709
182	45.713648
183	6.019146
184	14.205235
185	88.509155
186	60.218462
187	6.112846
188	57.691646
189	55.500032
190	45.953328
191	77.799413
192	94.835105
193	10.103827
194	88.492295
195	44.535537
196	91.148208
197	76.090026
198	5.152757
199	67.795948
200	27.109601
201	83.700059
202	84.073523
203	85.570262
204	54.789193
205	45.232272
206	18.057095
207	45.728731
208	91.631626
209	48.828790
210	49.778662
211	67.393364
212	8.076201
213	50.201671
214	76.198281
215	66.292703
216	23.720266
217	49.506654
218	41.460219
219	2.664205
220	66.031346
221	92.580033
222	1.598971
223	37.223276
224	52.252011
225	70.005541
226	34.068263
227	31.712647
228	4.715809
229	15.722517
230	47.036718
231	18.242882
232	66.003656
233	8.294674
234	33.054624
235	78.350939
236	54.222370
237	82.984360
238	5.290965
239	99.409720
240	15.394666
241	10.122042
242	3.688789
243	45.409152
244	15.649974
245	21.827147
246	69.630050
247	96.691959
248	34.061827
249	25.812327
250	26.721906
251	45.593758
252	88.690831
253	5.429944
254	74.577491
255	37.846579
256	65.790383
257	7.957258
258	4.304493
259	41.625230
260	48.593725
261	39.800065
262	55.817200
263	30.439804
264	99.015447
265	66.112271
266	47.462926
267	30.251421
268	75.298150
269	74.706133
270	41.533430
271	55.414302
272	84.031558
273	13.752199
274	31.138412
275	24.024633
276	58.269118
277	67.376358
278	53.945096
279	1.717089
280	59.603576
281	19.918748
282	70.533570
283	69.084720
284	87.765794
285	99.150640
286	38.417774
287	9.833680
288	19.248940
289	26.661598
290	37.008550
291	77.991746
292	7.876078
293	83.596829
294	92.114163
295	2.727771
296	85.377401
297	7.714051
298	9.775143
299	38.723153
300	60.968971
301	59.537415
302	83.016262
303	35.682135
304	87.135348
305	82.105314
306	20.566624
307	95.591047
308	60.965383
309	95.085796
310	44.959700
311	39.855345
312	40.297048
313	27.864694
314	3.460257
315	20.099389
316	5.252924
317	50.983751
318	60.258142
319	18.611707
320	53.085826
321	35.417079
322	83.333719
323	78.257351
324	36.555251
325	26.851877
326	15.599303
327	23.292470
328	92.492002
329	19.724457
330	29.602973
331	43.038435
332	47.096660
333	6.307749
334	25.802476
335	62.362955
336	40.159826
337	19.767639
338	33.228250
339	86.313897
340	59.799088
341	66.186704
342	45.803907
343	53.925777
344	4.042705
345	75.585660
346	62.705161
347	63.877496
348	33.379627
349	49.695954
350	3.346930
351	16.235590
352	30.896042
353	59.604389
354	34.952264
355	10.858305
356	16.983288
357	11.244858
358	21.813725
359	97.179045
360	97.837000
361	10.336780
362	57.458570
363	6.959835
364	72.738919
365	84.965544
366	69.413361
367	69.555290
368	43.209706
369	30.241952
370	92.386327
371	37.876595
372	44.018475
373	51.202954
374	83.553076
375	78.130479
376	69.636321
377	56.162593
378	27.767328
379	34.465725
380	68.727374
381	96.177560
382	14.676455
383	50.207445
384	88.346530
385	44.534062
386	48.917160
387	90.423824
388	86.068184
389	96.800292
390	35.798111
391	67.779048
392	17.198349
393	54.563856
394	96.212482
395	10.438664
396	17.907544
397	90.359952
398	74.654815
399	39.598290
400	53.712770
401	67.201340
402	41.538753
403	20.915119
404	40.837255
405	57.883333
406	41.138951
407	85.527436
408	27.803096
409	87.450699
410	75.486684
411	68.380136
412	79.805984
413	43.143652
414	55.289037
415	99.483458
416	23.268785
417	41.645965
418	53.757368
419	51.932405
420	63.113358
421	37.289218
422	30.410133
423	53.162420
424	44.097681
425	29.882364
426	42.106186
427	92.112434
428	31.226399
429	12.551018
430	84.991216
431	14.538111
432	53.902785
433	85.508581
434	25.430250
435	3.352873
436	59.336011
437	41.812694
438	58.248212
439	62.360592
440	56.339483
441	13.409798
442	12.647066
443	71.865915
444	18.924061
445	40.513496
446	87.133340
447	74.147053
448	72.621242
449	97.619752
450	90.378256
451	82.305234
452	35.332234
453	99.053283
454	33.183342
455	7.400505
456	48.371431
457	53.008593
458	49.971696
459	24.790698
460	7.956042
461	91.335539
462	88.344277
463	44.752632
464	27.227445
465	49.478661
466	89.230399
467	68.433654
468	58.074092
469	43.013461
470	34.558600
471	82.035212
472	8.513973
473	26.379181
474	55.730816
475	8.327694
476	75.026296
477	87.068685
478	95.661051
479	2.975595
480	63.426576
481	3.305674
482	73.002213
483	5.190276
484	84.666497
485	78.098845
486	17.791943
487	19.569985
488	82.878786
489	52.423486
490	41.715172
491	89.091461
492	75.969484
493	34.686554
494	30.332173
495	60.057919
496	18.510523
497	2.012485
498	23.561660
499	6.001631
500	16.723292
;

param: U :=
1	100.000000
2	100.000000
3	100.000000
4	100.000000
5	100.000000
6	100.000000
7	100.000000
8	100.000000
9	100.000000
10	100.000000
11	100.000000
12	100.000000
13	100.000000
14	100.000000
15	100.000000
16	100.000000
17	100.000000
18	100.000000
19	100.000000
20	100.000000
21	100.000000
22	100.000000
23	100.000000
24	100.000000
25	100.000000
26	100.000000
27	100.000000
28	100.000000
29	100.000000
30	100.000000
31	100.000000
32	100.000000
33	100.000000
34	100.000000
35	100.000000
36	100.000000
37	100.000000
38	100.000000
39	100.000000
40	100.000000
41	100.000000
42	100.000000
43	100.000000
44	100.000000
45	100.000000
46	100.000000
47	100.000000
48	100.000000
49	100.000000
50	100.000000
51	100.000000
52	100.000000
53	100.000000
54	100.000000
55	100.000000
56	100.000000
57	100.000000
58	100.000000
59	100.000000
60	100.000000
61	100.000000
62	100.000000
63	100.000000
64	100.000000
65	100.000000
66	100.000000
67	100.000000
68	100.000000
69	100.000000
70	100.000000
71	100.000000
72	100.000000
73	100.000000
74	100.000000
75	100.000000
76	100.000000
77	100.000000
78	100.000000
79	100.000000
80	100.000000
81	100.000000
82	100.000000
83	100.000000
84	100.000000
85	100.000000
86	100.000000
87	100.000000
88	100.000000
89	100.000000
90	100.000000
91	100.000000
92	100.000000
93	100.000000
94	100.000000
95	100.000000
96	100.000000
97	100.000000
98	100.000000
99	100.000000
100	100.000000
101	100.000000
102	100.000000
103	100.000000
104	100.000000
105	100.000000
106	100.000000
107	100.000000
108	100.000000
109	100.000000
110	100.000000
111	100.000000
112	100.000000
113	100.000000
114	100.000000
115	100.000000
116	100.000000
117	100.000000
118	100.000000
119	100.000000
120	100.000000
121	100.000000
122	100.000000
123	100.000000
124	100.000000
125	100.000000
126	100.000000
127	100.000000
128	100.000000
129	100.000000
130	100.000000
131	100.000000
132	100.000000
133	100.000000
134	100.000000
135	100.000000
136	100.000000
137	100.000000
138	100.000000
139	100.000000
140	100.000000
141	100.000000
142	100.000000
143	100.000000
144	100.000000
145	100.000000
146	100.000000
147	100.000000
148	100.000000
149	100.000000
150	100.000000
151	100.000000
152	100.000000
153	100.000000
154	100.000000
155	100.000000
156	100.000000
157	100.000000
158	100.000000
159	100.000000
160	100.000000
161	100.000000
162	100.000000
163	100.000000
164	100.000000
165	100.000000
166	100.000000
167	100.000000
168	100.000000
169	100.000000
170	100.000000
171	100.000000
172	100.000000
173	100.000000
174	100.000000
175	100.000000
176	100.000000
177	100.000000
178	100.000000
179	100.000000
180	100.000000
181	100.000000
182	100.000000
183	100.000000
184	100.000000
185	100.000000
186	100.000000
187	100.000000
188	100.000000
189	100.000000
190	100.000000
191	100.000000
192	100.000000
193	100.000000
194	100.000000
195	100.000000
196	100.000000
197	100.000000
198	100.000000
199	100.000000
200	100.000000
201	100.000000
202	100.000000
203	100.000000
204	100.000000
205	100.000000
206	100.000000
207	100.000000
208	100.000000
209	100.000000
210	100.000000
211	100.000000
212	100.000000
213	100.000000
214	100.000000
215	100.000000
216	100.000000
217	100.000000
218	100.000000
219	100.000000
220	100.000000
221	100.000000
222	100.000000
223	100.000000
224	100.000000
225	100.000000
226	100.000000
227	100.000000
228	100.000000
229	100.000000
230	100.000000
231	100.000000
232	100.000000
233	100.000000
234	100.000000
235	100.000000
236	100.000000
237	100.000000
238	100.000000
239	100.000000
240	100.000000
241	100.000000
242	100.000000
243	100.000000
244	100.000000
245	100.000000
246	100.000000
247	100.000000
248	100.000000
249	100.000000
250	100.000000
251	100.000000
252	100.000000
253	100.000000
254	100.000000
255	100.000000
256	100.000000
257	100.000000
258	100.000000
259	100.000000
260	100.000000
261	100.000000
262	100.000000
263	100.000000
264	100.000000
265	100.000000
266	100.000000
267	100.000000
268	100.000000
269	100.000000
270	100.000000
271	100.000000
272	100.000000
273	100.000000
274	100.000000
275	100.000000
276	100.000000
277	100.000000
278	100.000000
279	100.000000
280	100.000000
281	100.000000
282	100.000000
283	100.000000
284	100.000000
285	100.000000
286	100.000000
287	100.000000
288	100.000000
289	100.000000
290	100.000000
291	100.000000
292	100.000000
293	100.000000
294	100.000000
295	100.000000
296	100.000000
297	100.000000
298	100.000000
299	100.000000
300	100.000000
301	100.000000
302	100.000000
303	100.000000
304	100.000000
305	100.000000
306	100.000000
307	100.000000
308	100.000000
309	100.000000
310	100.000000
311	100.000000
312	100.000000
313	100.000000
314	100.000000
315	100.000000
316	100.000000
317	100.000000
318	100.000000
319	100.000000
320	100.000000
321	100.000000
322	100.000000
323	100.000000
324	100.000000
325	100.000000
326	100.000000
327	100.000000
328	100.000000
329	100.000000
330	100.000000
331	100.000000
332	100.000000
333	100.000000
334	100.000000
335	100.000000
336	100.000000
337	100.000000
338	100.000000
339	100.000000
340	100.000000
341	100.000000
342	100.000000
343	100.000000
344	100.000000
345	100.000000
346	100.000000
347	100.000000
348	100.000000
349	100.000000
350	100.000000
351	100.000000
352	100.000000
353	100.000000
354	100.000000
355	100.000000
356	100.000000
357	100.000000
358	100.000000
359	100.000000
360	100.000000
361	100.000000
362	100.000000
363	100.000000
364	100.000000
365	100.000000
366	100.000000
367	100.000000
368	100.000000
369	100.000000
370	100.000000
371	100.000000
372	100.000000
373	100.000000
374	100.000000
375	100.000000
376	100.000000
377	100.000000
378	100.000000
379	100.000000
380	100.000000
381	100.000000
382	100.000000
383	100.000000
384	100.000000
385	100.000000
386	100.000000
387	100.000000
388	100.000000
389	100.000000
390	100.000000
391	100.000000
392	100.000000
393	100.000000
394	100.000000
395	100.000000
396	100.000000
397	100.000000
398	100.000000
399	100.000000
400	100.000000
401	100.000000
402	100.000000
403	100.000000
404	100.000000
405	100.000000
406	100.000000
407	100.000000
408	100.000000
409	100.000000
410	100.000000
411	100.000000
412	100.000000
413	100.000000
414	100.000000
415	100.000000
416	100.000000
417	100.000000
418	100.000000
419	100.000000
420	100.000000
421	100.000000
422	100.000000
423	100.000000
424	100.000000
425	100.000000
426	100.000000
427	100.000000
428	100.000000
429	100.000000
430	100.000000
431	100.000000
432	100.000000
433	100.000000
434	100.000000
435	100.000000
436	100.000000
437	100.000000
438	100.000000
439	100.000000
440	100.000000
441	100.000000
442	100.000000
443	100.000000
444	100.000000
445	100.000000
446	100.000000
447	100.000000
448	100.000000
449	100.000000
450	100.000000
451	100.000000
452	100.000000
453	100.000000
454	100.000000
455	100.000000
456	100.000000
457	100.000000
458	100.000000
459	100.000000
460	100.000000
461	100.000000
462	100.000000
463	100.000000
464	100.000000
465	100.000000
466	100.000000
467	100.000000
468	100.000000
469	100.000000
470	100.000000
471	100.000000
472	100.000000
473	100.000000
474	100.000000
475	100.000000
476	100.000000
477	100.000000
478	100.000000
479	100.000000
480	100.000000
481	100.000000
482	100.000000
483	100.000000
484	100.000000
485	100.000000
486	100.000000
487	100.000000
488	100.000000
489	100.000000
490	100.000000
491	100.000000
492	100.000000
493	100.000000
494	100.000000
495	100.000000
496	100.000000
497	100.000000
498	100.000000
499	100.000000
500	100.000000
;

