# seed = 1254829604

param N := 200;

param M := 10;

param Umax := 100.000000;

param: C :=
1	52648.585522
2	43065.841772
3	53764.111373
4	55240.362544
5	47589.347009
6	40294.744184
7	39389.821467
8	49167.030468
9	52150.120816
10	50813.055992
;

param: a :=
1	0.157260
2	0.164546
3	0.197317
4	0.164665
5	0.193629
6	0.134694
7	0.137599
8	0.129828
9	0.110129
10	0.102944
11	0.110474
12	0.176185
13	0.140161
14	0.138563
15	0.152546
16	0.179642
17	0.144331
18	0.113236
19	0.190840
20	0.197355
21	0.139381
22	0.110004
23	0.199617
24	0.126736
25	0.114887
26	0.137932
27	0.133008
28	0.102995
29	0.171728
30	0.123833
31	0.179645
32	0.116866
33	0.149588
34	0.163530
35	0.196588
36	0.156276
37	0.190544
38	0.127788
39	0.173991
40	0.150039
41	0.193649
42	0.160755
43	0.128332
44	0.113414
45	0.136364
46	0.167758
47	0.180658
48	0.113831
49	0.130616
50	0.127990
51	0.191786
52	0.107021
53	0.170008
54	0.198437
55	0.140820
56	0.195711
57	0.156522
58	0.195596
59	0.196426
60	0.166644
61	0.138628
62	0.121337
63	0.127561
64	0.125700
65	0.102579
66	0.152174
67	0.156291
68	0.130444
69	0.151655
70	0.119576
71	0.196272
72	0.155935
73	0.126446
74	0.178613
75	0.157490
76	0.152835
77	0.133147
78	0.148921
79	0.108895
80	0.124892
81	0.161359
82	0.152022
83	0.117240
84	0.176902
85	0.195869
86	0.134895
87	0.110153
88	0.164299
89	0.101463
90	0.132428
91	0.161748
92	0.169077
93	0.157572
94	0.170580
95	0.105657
96	0.167846
97	0.114580
98	0.103435
99	0.181507
100	0.162389
101	0.132368
102	0.137992
103	0.108748
104	0.106783
105	0.134890
106	0.171274
107	0.120051
108	0.108267
109	0.121262
110	0.191804
111	0.194075
112	0.124071
113	0.130223
114	0.129526
115	0.191188
116	0.111168
117	0.104648
118	0.134812
119	0.102217
120	0.126722
121	0.159691
122	0.117904
123	0.110758
124	0.143480
125	0.132078
126	0.141592
127	0.170037
128	0.136206
129	0.199323
130	0.164300
131	0.126445
132	0.160174
133	0.196292
134	0.141610
135	0.106661
136	0.166002
137	0.126901
138	0.108603
139	0.114453
140	0.199220
141	0.162900
142	0.113197
143	0.178097
144	0.155357
145	0.178099
146	0.193762
147	0.146844
148	0.112150
149	0.173085
150	0.149552
151	0.172375
152	0.181830
153	0.154050
154	0.166441
155	0.125514
156	0.137366
157	0.150246
158	0.133805
159	0.104257
160	0.192938
161	0.129104
162	0.128333
163	0.128441
164	0.174102
165	0.130324
166	0.174377
167	0.193597
168	0.149484
169	0.115331
170	0.100948
171	0.159938
172	0.170028
173	0.130454
174	0.155443
175	0.135039
176	0.198181
177	0.196371
178	0.138243
179	0.181906
180	0.187583
181	0.187486
182	0.108150
183	0.149347
184	0.132129
185	0.106586
186	0.118346
187	0.156237
188	0.169943
189	0.180486
190	0.183098
191	0.100832
192	0.179762
193	0.182277
194	0.158436
195	0.175800
196	0.109054
197	0.195888
198	0.117815
199	0.154432
200	0.191214
;

param: b :=
1	98.191644
2	36.215668
3	43.623045
4	1.315567
5	99.596761
6	44.966757
7	31.580821
8	97.789049
9	24.771388
10	45.035216
11	90.788375
12	24.124230
13	18.705608
14	40.007963
15	93.444963
16	1.920773
17	78.841044
18	45.593208
19	21.730712
20	59.428110
21	99.638949
22	11.257193
23	73.185390
24	2.721128
25	9.970449
26	57.647690
27	49.232419
28	79.200132
29	3.147954
30	56.928709
31	26.906854
32	23.598799
33	40.137174
34	56.963094
35	27.362430
36	1.661541
37	31.275265
38	93.439044
39	22.223309
40	20.202745
41	35.160787
42	13.566927
43	65.782670
44	96.708370
45	27.945209
46	27.108724
47	94.561161
48	44.612127
49	56.813573
50	40.502831
51	0.148810
52	51.110918
53	92.499796
54	84.681758
55	94.472483
56	54.444231
57	9.939164
58	85.945104
59	69.932036
60	41.447509
61	28.433426
62	4.315546
63	39.922878
64	41.535806
65	66.529050
66	59.509809
67	16.266315
68	77.404275
69	67.337140
70	9.763176
71	26.946933
72	59.837137
73	63.212898
74	32.445780
75	59.454810
76	77.793875
77	3.919235
78	35.477099
79	54.689711
80	41.250065
81	79.065794
82	53.753121
83	38.450910
84	95.269628
85	57.216740
86	26.373376
87	85.391315
88	70.680279
89	96.616824
90	43.685133
91	81.767831
92	74.846946
93	40.334705
94	48.886560
95	12.104933
96	52.519697
97	67.828631
98	32.880612
99	70.630007
100	36.357077
101	97.718706
102	25.093860
103	75.144543
104	32.369243
105	70.917528
106	0.675937
107	7.745951
108	17.146811
109	87.345049
110	27.048116
111	98.522652
112	81.407093
113	17.174262
114	28.946774
115	40.875773
116	35.847770
117	53.891609
118	16.095311
119	2.520995
120	96.273650
121	31.385808
122	65.747939
123	10.740043
124	43.572626
125	91.128005
126	89.192840
127	53.431167
128	44.703748
129	58.241342
130	22.258912
131	15.237593
132	86.428152
133	84.361043
134	93.275374
135	14.692926
136	32.497526
137	3.021148
138	89.373461
139	71.796499
140	89.662794
141	61.745533
142	27.902728
143	55.829078
144	17.595387
145	4.096002
146	65.377371
147	78.802522
148	79.766211
149	52.687976
150	35.942894
151	2.052555
152	31.033215
153	70.484816
154	48.407118
155	8.132089
156	39.589263
157	89.016771
158	61.757737
159	21.442642
160	96.436797
161	35.271782
162	42.155702
163	3.239863
164	27.841917
165	35.681006
166	79.145549
167	9.588241
168	61.546583
169	42.824237
170	37.247107
171	76.197375
172	50.992565
173	25.738850
174	4.113108
175	27.307665
176	53.767080
177	22.821249
178	70.750754
179	10.247911
180	78.413254
181	43.120810
182	46.987190
183	32.220330
184	63.427900
185	64.463378
186	22.800438
187	74.822259
188	82.084747
189	68.997626
190	45.307097
191	93.376965
192	72.648465
193	1.845962
194	26.223069
195	9.537626
196	9.052356
197	67.496248
198	67.978241
199	51.485954
200	47.674103
;

param: c :=
1	95.644951
2	97.626584
3	70.240941
4	94.215307
5	78.955304
6	4.921835
7	70.019060
8	44.752805
9	46.430662
10	88.724250
11	25.077105
12	68.333759
13	30.025589
14	49.738174
15	92.233663
16	18.850552
17	89.868775
18	92.395027
19	45.405858
20	71.918910
21	36.188605
22	0.536177
23	58.464832
24	88.186599
25	6.021376
26	90.263943
27	4.379797
28	92.104461
29	81.240015
30	95.354434
31	86.029814
32	44.847251
33	82.682453
34	88.533496
35	63.642426
36	14.484220
37	40.588400
38	40.540539
39	40.705807
40	33.154298
41	3.199355
42	14.650463
43	96.472358
44	35.795113
45	91.566890
46	4.820979
47	0.842178
48	65.419283
49	85.633883
50	22.442353
51	22.402677
52	4.327088
53	46.584469
54	20.969183
55	69.976895
56	62.064047
57	18.378106
58	44.402906
59	90.286791
60	25.464451
61	99.776100
62	9.331937
63	32.407941
64	4.792175
65	11.391399
66	50.987243
67	75.556266
68	29.186529
69	0.728517
70	54.812284
71	46.395061
72	79.322703
73	53.741993
74	96.684132
75	39.558828
76	53.281232
77	29.108570
78	71.419418
79	5.612035
80	89.137300
81	8.504379
82	15.077956
83	65.319945
84	53.470313
85	78.203507
86	61.103895
87	27.015194
88	40.062252
89	14.434855
90	38.234616
91	49.223517
92	9.622691
93	84.270588
94	29.672827
95	24.880615
96	22.572973
97	20.185909
98	82.627497
99	3.396557
100	4.103851
101	59.103980
102	70.330031
103	99.002710
104	71.828422
105	16.057166
106	73.051963
107	90.456575
108	90.088067
109	52.856147
110	48.648310
111	87.376403
112	37.485421
113	64.531352
114	13.476063
115	94.888762
116	88.188745
117	98.002801
118	45.431336
119	30.392825
120	52.147634
121	56.763050
122	11.277392
123	79.455687
124	18.859376
125	18.391326
126	54.149744
127	60.776788
128	73.759216
129	61.536214
130	10.574309
131	2.298184
132	66.901195
133	33.599139
134	55.864861
135	99.000516
136	15.730820
137	30.894773
138	34.285266
139	88.058526
140	22.140837
141	19.725352
142	62.440306
143	7.500383
144	74.401722
145	64.896210
146	41.811175
147	82.207404
148	68.605778
149	64.523367
150	79.275622
151	29.681660
152	33.587658
153	25.738247
154	16.819979
155	75.685583
156	24.660379
157	65.595168
158	57.321528
159	55.883767
160	6.106693
161	39.615961
162	64.898681
163	47.813913
164	44.925296
165	16.677672
166	62.113303
167	24.174845
168	56.533827
169	17.780272
170	64.702616
171	4.351867
172	41.550938
173	41.064746
174	20.498568
175	61.320288
176	27.699653
177	75.837582
178	50.429132
179	28.631279
180	68.989865
181	17.697617
182	49.707139
183	32.692042
184	3.693465
185	53.469722
186	65.847016
187	74.003081
188	70.615652
189	50.154894
190	57.610455
191	92.328216
192	51.394576
193	34.807067
194	57.865293
195	14.870973
196	68.023210
197	89.220392
198	94.446700
199	15.433197
200	33.988951
;

param: d :=
1	-23.043683
2	-94.981432
3	-37.362706
4	-19.554873
5	-67.421372
6	-25.679462
7	-66.756483
8	-72.545688
9	-19.629628
10	-2.840374
11	-10.570247
12	-18.892959
13	-89.819764
14	-16.684468
15	-1.023546
16	-31.633405
17	-30.591999
18	-18.430464
19	-79.134617
20	-52.906843
21	-68.385152
22	-71.145506
23	-10.514648
24	-80.869345
25	-39.707293
26	-90.148766
27	-30.803810
28	-96.468623
29	-69.806919
30	-87.979995
31	-14.333525
32	-92.870411
33	-46.032106
34	-44.365819
35	-22.171865
36	-48.369834
37	-23.426602
38	-27.364789
39	-43.326975
40	-61.427333
41	-42.708805
42	-24.760914
43	-31.079591
44	-46.045363
45	-22.930447
46	-99.087609
47	-16.142740
48	-71.518436
49	-72.911267
50	-36.214936
51	-16.647176
52	-88.158109
53	-29.149343
54	-36.143892
55	-73.545721
56	-81.846769
57	-21.075807
58	-0.076443
59	-56.989316
60	-12.386969
61	-91.395332
62	-16.598637
63	-54.060663
64	-29.897165
65	-7.134038
66	-22.361458
67	-43.933041
68	-60.224092
69	-15.936754
70	-75.632237
71	-92.336955
72	-93.077962
73	-97.998191
74	-92.200496
75	-41.781713
76	-92.352411
77	-20.457696
78	-71.755832
79	-37.362910
80	-78.423976
81	-99.082184
82	-94.696333
83	-53.651836
84	-51.678356
85	-98.518516
86	-75.967673
87	-81.342156
88	-20.622769
89	-33.217093
90	-14.101619
91	-60.048080
92	-69.818760
93	-15.412715
94	-89.358029
95	-79.908372
96	-93.919781
97	-36.196734
98	-86.942084
99	-34.222642
100	-7.938067
101	-42.751743
102	-39.435207
103	-71.065982
104	-10.589242
105	-61.713169
106	-24.621691
107	-20.845009
108	-21.403060
109	-79.735144
110	-36.367622
111	-89.867365
112	-2.876748
113	-79.320135
114	-80.386373
115	-55.956186
116	-40.183860
117	-7.975978
118	-27.702295
119	-33.251910
120	-59.801859
121	-45.419891
122	-93.907577
123	-91.239659
124	-11.088733
125	-37.529237
126	-6.260180
127	-73.199930
128	-52.516199
129	-21.221018
130	-16.840346
131	-55.164034
132	-85.675978
133	-42.931036
134	-84.630368
135	-31.802753
136	-23.423492
137	-70.800817
138	-24.495677
139	-51.947622
140	-44.915500
141	-38.099472
142	-71.071921
143	-91.007741
144	-10.357236
145	-33.842268
146	-84.097490
147	-33.431048
148	-25.409510
149	-19.414603
150	-76.046650
151	-62.728458
152	-76.358785
153	-63.743067
154	-64.952925
155	-9.962364
156	-83.358560
157	-20.072304
158	-32.606887
159	-70.004501
160	-90.242487
161	-95.210116
162	-47.006174
163	-5.963538
164	-68.576246
165	-13.791985
166	-19.516060
167	-66.786864
168	-85.617057
169	-36.855119
170	-54.126873
171	-23.384682
172	-67.858325
173	-45.371154
174	-88.023303
175	-47.180751
176	-37.116397
177	-99.277619
178	-20.206090
179	-77.029617
180	-91.918167
181	-51.193797
182	-64.150184
183	-74.815071
184	-17.442259
185	-64.782827
186	-12.663657
187	-26.065416
188	-80.349721
189	-86.821513
190	-13.208929
191	-45.698013
192	-54.391006
193	-43.720072
194	-70.948820
195	-74.045249
196	-33.336017
197	-11.783737
198	-30.790893
199	-10.761425
200	-50.920964
;

param: weight :=
1	60.210581
2	65.722860
3	56.948520
4	22.532697
5	51.597021
6	72.109142
7	9.451766
8	3.779541
9	87.534595
10	26.225540
11	24.133332
12	98.460320
13	52.429634
14	67.787652
15	74.077182
16	99.089596
17	68.588089
18	27.433247
19	32.591838
20	43.316206
21	98.629250
22	79.827550
23	43.167457
24	84.447758
25	31.527474
26	5.693439
27	81.038795
28	8.974079
29	92.706973
30	76.298771
31	87.327565
32	34.115533
33	10.240030
34	60.889527
35	57.979956
36	14.544730
37	17.772323
38	1.562947
39	76.429291
40	76.078556
41	13.859033
42	65.545122
43	42.932508
44	69.650145
45	84.772052
46	66.024577
47	52.333832
48	20.652701
49	26.476643
50	94.512893
51	77.446180
52	52.503076
53	76.593486
54	14.031689
55	22.345604
56	19.047002
57	93.359069
58	97.809125
59	41.374866
60	6.250580
61	55.338829
62	23.244089
63	19.658600
64	42.044770
65	10.444337
66	47.651611
67	25.622273
68	61.197582
69	14.143712
70	80.067351
71	20.614765
72	38.100922
73	20.087058
74	72.499471
75	44.082875
76	3.140021
77	12.466458
78	42.975146
79	57.124604
80	49.559074
81	37.911240
82	61.786703
83	18.813281
84	24.278658
85	20.655291
86	48.469906
87	86.446040
88	76.224106
89	43.535338
90	92.086709
91	83.416822
92	98.890480
93	59.402623
94	28.981153
95	79.098962
96	39.033897
97	8.702745
98	63.431234
99	55.665119
100	47.529057
101	18.632231
102	31.862338
103	39.558331
104	45.972887
105	37.327937
106	92.810491
107	65.344266
108	77.934488
109	17.116277
110	17.294286
111	37.441389
112	57.217547
113	96.365960
114	8.468276
115	61.529222
116	99.485347
117	64.384001
118	14.086377
119	23.968851
120	16.728404
121	75.675325
122	26.308438
123	3.736424
124	16.711628
125	58.297333
126	30.097071
127	8.931164
128	51.288210
129	67.331666
130	12.058478
131	77.931272
132	80.366293
133	12.049502
134	41.351583
135	93.537188
136	16.500608
137	48.378543
138	4.660509
139	29.576809
140	5.982102
141	30.643352
142	5.434443
143	85.177978
144	93.168713
145	52.626897
146	21.257253
147	41.296020
148	9.607347
149	62.063432
150	26.329801
151	68.528184
152	47.466368
153	37.683230
154	23.767631
155	88.830311
156	63.907187
157	27.025430
158	85.544962
159	58.122580
160	32.169033
161	26.056323
162	59.209170
163	83.335884
164	95.282680
165	66.019741
166	89.014032
167	15.234343
168	15.395005
169	37.492092
170	68.984152
171	62.781335
172	32.161740
173	59.362466
174	19.311090
175	90.548021
176	99.643805
177	99.442201
178	3.863505
179	65.227989
180	90.486052
181	95.980658
182	10.772085
183	33.613284
184	43.789592
185	87.559424
186	31.573448
187	24.392177
188	18.755218
189	94.240729
190	28.586189
191	29.308197
192	60.384960
193	76.022740
194	46.414614
195	23.488952
196	95.884993
197	22.580252
198	14.451363
199	8.688224
200	76.958031
;

param: U :=
1	100.000000
2	100.000000
3	100.000000
4	100.000000
5	100.000000
6	100.000000
7	100.000000
8	100.000000
9	100.000000
10	100.000000
11	100.000000
12	100.000000
13	100.000000
14	100.000000
15	100.000000
16	100.000000
17	100.000000
18	100.000000
19	100.000000
20	100.000000
21	100.000000
22	100.000000
23	100.000000
24	100.000000
25	100.000000
26	100.000000
27	100.000000
28	100.000000
29	100.000000
30	100.000000
31	100.000000
32	100.000000
33	100.000000
34	100.000000
35	100.000000
36	100.000000
37	100.000000
38	100.000000
39	100.000000
40	100.000000
41	100.000000
42	100.000000
43	100.000000
44	100.000000
45	100.000000
46	100.000000
47	100.000000
48	100.000000
49	100.000000
50	100.000000
51	100.000000
52	100.000000
53	100.000000
54	100.000000
55	100.000000
56	100.000000
57	100.000000
58	100.000000
59	100.000000
60	100.000000
61	100.000000
62	100.000000
63	100.000000
64	100.000000
65	100.000000
66	100.000000
67	100.000000
68	100.000000
69	100.000000
70	100.000000
71	100.000000
72	100.000000
73	100.000000
74	100.000000
75	100.000000
76	100.000000
77	100.000000
78	100.000000
79	100.000000
80	100.000000
81	100.000000
82	100.000000
83	100.000000
84	100.000000
85	100.000000
86	100.000000
87	100.000000
88	100.000000
89	100.000000
90	100.000000
91	100.000000
92	100.000000
93	100.000000
94	100.000000
95	100.000000
96	100.000000
97	100.000000
98	100.000000
99	100.000000
100	100.000000
101	100.000000
102	100.000000
103	100.000000
104	100.000000
105	100.000000
106	100.000000
107	100.000000
108	100.000000
109	100.000000
110	100.000000
111	100.000000
112	100.000000
113	100.000000
114	100.000000
115	100.000000
116	100.000000
117	100.000000
118	100.000000
119	100.000000
120	100.000000
121	100.000000
122	100.000000
123	100.000000
124	100.000000
125	100.000000
126	100.000000
127	100.000000
128	100.000000
129	100.000000
130	100.000000
131	100.000000
132	100.000000
133	100.000000
134	100.000000
135	100.000000
136	100.000000
137	100.000000
138	100.000000
139	100.000000
140	100.000000
141	100.000000
142	100.000000
143	100.000000
144	100.000000
145	100.000000
146	100.000000
147	100.000000
148	100.000000
149	100.000000
150	100.000000
151	100.000000
152	100.000000
153	100.000000
154	100.000000
155	100.000000
156	100.000000
157	100.000000
158	100.000000
159	100.000000
160	100.000000
161	100.000000
162	100.000000
163	100.000000
164	100.000000
165	100.000000
166	100.000000
167	100.000000
168	100.000000
169	100.000000
170	100.000000
171	100.000000
172	100.000000
173	100.000000
174	100.000000
175	100.000000
176	100.000000
177	100.000000
178	100.000000
179	100.000000
180	100.000000
181	100.000000
182	100.000000
183	100.000000
184	100.000000
185	100.000000
186	100.000000
187	100.000000
188	100.000000
189	100.000000
190	100.000000
191	100.000000
192	100.000000
193	100.000000
194	100.000000
195	100.000000
196	100.000000
197	100.000000
198	100.000000
199	100.000000
200	100.000000
;

