# seed = 1254829604

param N := 200;

param M := 10;

param Umax := 100.000000;

param: C :=
1	50483.217673
2	47185.106120
3	49454.544048
4	50218.372821
5	42386.281966
6	49870.509756
7	47307.269552
8	45000.986404
9	46051.757188
10	73893.945822
;

param: a :=
1	0.176171
2	0.143842
3	0.110022
4	0.103146
5	0.146870
6	0.128673
7	0.161819
8	0.142138
9	0.131146
10	0.167238
11	0.180935
12	0.167156
13	0.161042
14	0.190688
15	0.183445
16	0.109571
17	0.157526
18	0.152975
19	0.170104
20	0.185686
21	0.147201
22	0.125251
23	0.108067
24	0.164891
25	0.155812
26	0.191070
27	0.123450
28	0.108449
29	0.144578
30	0.107489
31	0.114095
32	0.195725
33	0.158824
34	0.115474
35	0.142372
36	0.188275
37	0.191491
38	0.120695
39	0.156240
40	0.118511
41	0.124298
42	0.137434
43	0.134971
44	0.197193
45	0.164203
46	0.116010
47	0.165335
48	0.126143
49	0.131854
50	0.180066
51	0.190158
52	0.146220
53	0.118887
54	0.199769
55	0.124958
56	0.180271
57	0.136072
58	0.169754
59	0.119563
60	0.138427
61	0.102396
62	0.191772
63	0.159270
64	0.113368
65	0.118707
66	0.144847
67	0.198303
68	0.127122
69	0.178880
70	0.193761
71	0.190753
72	0.167835
73	0.116866
74	0.161942
75	0.115400
76	0.113031
77	0.139195
78	0.143078
79	0.117178
80	0.101736
81	0.143083
82	0.111449
83	0.193764
84	0.180891
85	0.146365
86	0.118441
87	0.156764
88	0.168117
89	0.168763
90	0.129547
91	0.190754
92	0.161503
93	0.161821
94	0.157644
95	0.115937
96	0.189931
97	0.150761
98	0.193797
99	0.163031
100	0.120975
101	0.137248
102	0.185819
103	0.116229
104	0.157540
105	0.109079
106	0.109721
107	0.173947
108	0.132835
109	0.188694
110	0.174023
111	0.184701
112	0.134632
113	0.135745
114	0.113308
115	0.114351
116	0.127427
117	0.162922
118	0.186626
119	0.167651
120	0.174580
121	0.159070
122	0.168419
123	0.177953
124	0.181527
125	0.113835
126	0.105743
127	0.176255
128	0.109250
129	0.132022
130	0.195989
131	0.153119
132	0.115161
133	0.123881
134	0.193411
135	0.196069
136	0.168974
137	0.170876
138	0.119136
139	0.196118
140	0.116647
141	0.158812
142	0.107981
143	0.111569
144	0.105022
145	0.151472
146	0.141003
147	0.180093
148	0.177974
149	0.166561
150	0.142029
151	0.106075
152	0.131329
153	0.151047
154	0.183103
155	0.153227
156	0.112594
157	0.146758
158	0.196990
159	0.157234
160	0.135890
161	0.138082
162	0.158673
163	0.127331
164	0.155311
165	0.142518
166	0.163580
167	0.125972
168	0.158977
169	0.136098
170	0.149247
171	0.197226
172	0.157636
173	0.149267
174	0.117106
175	0.185886
176	0.132278
177	0.115153
178	0.124805
179	0.114283
180	0.199757
181	0.108054
182	0.186376
183	0.106749
184	0.106618
185	0.133428
186	0.130338
187	0.176155
188	0.108398
189	0.128988
190	0.141034
191	0.102062
192	0.171572
193	0.165630
194	0.121356
195	0.139536
196	0.183887
197	0.162968
198	0.137818
199	0.104864
200	0.137702
;

param: b :=
1	77.084506
2	49.989496
3	71.291724
4	46.080063
5	96.264058
6	33.352903
7	67.616196
8	88.901123
9	88.456896
10	66.577396
11	97.245453
12	68.618458
13	96.271063
14	77.789496
15	34.830970
16	75.188831
17	1.475768
18	13.633108
19	77.536294
20	88.472388
21	99.362572
22	1.453209
23	47.616604
24	83.852635
25	45.035409
26	85.855327
27	29.248281
28	75.688416
29	99.018910
30	32.938530
31	71.027269
32	83.048064
33	50.467011
34	68.408490
35	82.635576
36	63.256168
37	16.119120
38	40.121466
39	36.570271
40	66.057739
41	37.475996
42	70.952723
43	12.546723
44	5.164244
45	44.578139
46	0.320078
47	5.246878
48	89.520479
49	17.614007
50	18.142390
51	41.333809
52	25.649153
53	72.774988
54	77.930781
55	90.499795
56	28.146406
57	77.677364
58	33.350720
59	12.104253
60	31.176430
61	77.766586
62	60.855462
63	57.435418
64	75.634670
65	45.896538
66	70.699536
67	89.066009
68	70.396782
69	40.385962
70	18.300408
71	90.385212
72	16.556575
73	74.617970
74	45.262546
75	71.328174
76	58.357109
77	25.685783
78	97.559781
79	53.301328
80	71.412711
81	40.775931
82	22.877675
83	45.204777
84	57.262523
85	12.020244
86	96.593327
87	78.228297
88	3.402034
89	25.609244
90	33.149840
91	48.401257
92	56.195084
93	11.170075
94	92.682965
95	37.359615
96	0.100668
97	77.741333
98	52.276045
99	95.470372
100	90.244202
101	43.436998
102	77.316628
103	59.348052
104	60.564592
105	92.261263
106	47.906828
107	59.688385
108	55.966131
109	63.154937
110	88.279521
111	85.499326
112	84.105684
113	23.684522
114	87.423230
115	26.393274
116	12.275680
117	2.614200
118	7.325492
119	82.708480
120	47.193790
121	38.728595
122	84.000572
123	76.752851
124	38.773698
125	10.282958
126	69.162534
127	89.532918
128	55.959611
129	76.459951
130	18.077149
131	66.595529
132	27.307842
133	82.777518
134	65.399225
135	55.539879
136	38.601092
137	89.474297
138	57.028799
139	73.357540
140	36.833031
141	38.993964
142	68.152743
143	89.023855
144	88.661595
145	39.486667
146	14.448714
147	94.721099
148	3.965420
149	9.749490
150	65.564778
151	81.422481
152	58.573760
153	31.163840
154	25.388726
155	11.716666
156	6.393175
157	86.606684
158	26.506805
159	41.708763
160	29.540927
161	20.230258
162	83.995372
163	43.255985
164	42.086054
165	75.296815
166	87.149094
167	16.174588
168	71.059077
169	77.295057
170	42.542407
171	56.706061
172	35.263103
173	34.883863
174	82.626676
175	24.774496
176	45.945838
177	93.980945
178	8.691708
179	69.187032
180	60.918889
181	3.971183
182	50.218178
183	56.077164
184	48.394519
185	21.827142
186	85.671684
187	13.856231
188	36.900752
189	61.763597
190	76.560607
191	90.286039
192	69.901607
193	74.286135
194	81.756359
195	32.359706
196	14.472530
197	19.696034
198	40.473037
199	65.320217
200	15.780283
;

param: c :=
1	83.240193
2	36.296404
3	32.285309
4	83.138123
5	59.010690
6	67.296174
7	74.608647
8	12.997008
9	24.506039
10	10.969785
11	88.950503
12	63.518352
13	27.680348
14	30.230883
15	44.681151
16	64.839776
17	22.810000
18	10.040027
19	44.356732
20	90.976930
21	26.988227
22	82.502640
23	23.469634
24	7.726435
25	77.882730
26	31.292324
27	1.135274
28	22.583826
29	13.395403
30	13.748732
31	52.905169
32	57.051431
33	94.343440
34	76.593235
35	58.379123
36	83.621432
37	49.498602
38	91.145083
39	17.605907
40	64.938167
41	86.751198
42	56.499602
43	89.095796
44	97.064549
45	19.480653
46	61.219560
47	32.900035
48	58.877105
49	23.122733
50	7.247789
51	51.058426
52	23.463238
53	11.844529
54	14.381847
55	78.187859
56	29.591760
57	46.610579
58	12.965340
59	13.565515
60	41.822346
61	80.322240
62	53.993582
63	26.052019
64	77.916612
65	80.955900
66	8.480488
67	1.274851
68	30.505529
69	49.195570
70	21.901563
71	90.530492
72	93.357401
73	92.292395
74	23.639924
75	66.764118
76	94.560785
77	20.420395
78	13.951467
79	48.492788
80	16.704392
81	35.188876
82	63.728686
83	83.496031
84	72.489790
85	46.999512
86	92.903203
87	62.745112
88	10.952637
89	54.616849
90	97.056029
91	40.012475
92	39.851982
93	69.569131
94	6.524890
95	50.137584
96	22.768372
97	50.538573
98	71.690144
99	17.852291
100	12.719613
101	96.200547
102	14.091476
103	42.045081
104	2.397174
105	89.684172
106	15.105574
107	18.843862
108	24.390551
109	23.901632
110	90.486893
111	9.771069
112	60.337834
113	66.234501
114	49.797705
115	97.504312
116	45.412176
117	74.194942
118	61.104749
119	80.748029
120	24.720270
121	11.286039
122	89.257192
123	4.528279
124	56.771394
125	68.445961
126	91.362114
127	32.268438
128	30.107447
129	46.543332
130	67.381399
131	70.992200
132	30.340994
133	47.304031
134	26.278046
135	40.366318
136	10.166832
137	57.957250
138	38.346979
139	46.328956
140	94.906039
141	15.891264
142	20.206915
143	93.982457
144	87.920929
145	11.495838
146	19.741823
147	96.368116
148	62.052566
149	11.137056
150	67.936970
151	48.420018
152	93.672519
153	89.203551
154	31.113733
155	33.319070
156	37.824626
157	17.765769
158	62.751550
159	8.741278
160	14.512275
161	86.413533
162	90.987422
163	51.133472
164	64.940786
165	74.456908
166	51.275296
167	74.382676
168	71.570885
169	10.813069
170	64.477591
171	35.902036
172	95.114657
173	29.530424
174	18.328635
175	9.886079
176	54.548048
177	16.839735
178	0.926693
179	52.487271
180	75.463459
181	74.370208
182	46.615810
183	40.954330
184	15.824175
185	37.501507
186	26.558984
187	7.728331
188	82.014970
189	33.901812
190	33.747336
191	5.932362
192	61.872577
193	89.559588
194	61.711790
195	98.534069
196	78.862999
197	61.617023
198	29.160958
199	12.890612
200	20.434632
;

param: d :=
1	-4.608684
2	-35.686807
3	-23.567175
4	-73.890951
5	-67.080004
6	-8.554306
7	-54.941303
8	-21.565241
9	-36.568590
10	-49.624284
11	-60.054199
12	-65.547440
13	-64.348860
14	-96.315131
15	-92.048763
16	-79.459343
17	-53.523277
18	-83.506199
19	-2.215473
20	-84.082626
21	-8.117664
22	-9.909616
23	-69.122813
24	-25.068770
25	-99.831165
26	-17.952904
27	-49.562192
28	-9.048277
29	-31.952674
30	-84.784835
31	-8.022101
32	-72.982570
33	-40.040593
34	-61.942117
35	-44.232562
36	-97.976048
37	-55.603640
38	-22.253862
39	-49.416318
40	-4.896039
41	-17.322497
42	-78.944469
43	-15.530462
44	-11.662103
45	-18.190649
46	-19.051502
47	-47.913620
48	-17.356929
49	-79.050424
50	-22.869636
51	-90.361177
52	-92.560194
53	-48.212688
54	-41.353985
55	-51.919410
56	-12.480807
57	-12.869526
58	-6.783023
59	-68.592480
60	-47.191271
61	-19.415942
62	-78.636630
63	-94.119069
64	-73.666454
65	-67.727347
66	-13.330189
67	-21.374828
68	-18.884390
69	-95.067798
70	-28.321926
71	-28.290890
72	-23.684963
73	-81.859482
74	-7.552009
75	-35.404353
76	-65.067427
77	-70.274768
78	-63.564338
79	-90.529752
80	-74.624146
81	-90.153335
82	-93.989962
83	-85.815737
84	-5.157609
85	-5.142603
86	-64.854250
87	-8.047219
88	-68.154625
89	-47.741083
90	-97.963352
91	-62.246274
92	-45.593829
93	-75.433724
94	-31.403270
95	-29.446190
96	-13.012880
97	-9.226923
98	-66.350792
99	-67.399891
100	-72.499963
101	-12.614462
102	-91.412550
103	-33.232635
104	-70.769715
105	-73.068319
106	-77.559568
107	-29.852947
108	-53.073855
109	-69.260620
110	-23.580064
111	-25.615135
112	-50.261984
113	-45.411440
114	-62.301025
115	-61.747082
116	-82.086493
117	-27.306949
118	-53.036218
119	-66.114634
120	-75.622691
121	-43.426042
122	-86.169131
123	-47.852250
124	-57.367907
125	-5.417069
126	-69.536728
127	-12.459082
128	-1.492857
129	-63.450196
130	-47.239372
131	-78.435160
132	-93.477361
133	-43.850726
134	-76.481646
135	-57.388141
136	-63.644582
137	-58.131725
138	-50.523297
139	-56.577875
140	-57.074562
141	-0.821276
142	-81.852220
143	-30.474115
144	-56.631426
145	-2.198677
146	-64.091308
147	-4.015528
148	-1.819145
149	-39.456817
150	-70.049886
151	-82.428893
152	-48.929367
153	-52.585213
154	-54.844060
155	-35.636010
156	-19.468584
157	-4.822004
158	-9.337908
159	-53.562447
160	-32.996676
161	-28.599074
162	-3.501992
163	-54.903520
164	-81.937187
165	-48.740497
166	-21.907267
167	-87.614305
168	-50.035654
169	-12.768855
170	-85.812164
171	-28.317355
172	-91.088300
173	-76.350248
174	-11.323177
175	-3.301212
176	-3.244792
177	-48.944696
178	-80.080044
179	-56.187048
180	-81.914536
181	-82.059439
182	-59.076104
183	-76.410780
184	-92.455387
185	-14.085146
186	-94.198251
187	-49.475097
188	-44.985887
189	-30.057314
190	-43.141545
191	-60.436683
192	-1.868560
193	-26.641944
194	-96.628649
195	-26.561750
196	-82.365777
197	-31.099419
198	-0.309507
199	-5.576097
200	-0.586559
;

param: weight :=
1	67.854411
2	18.967602
3	43.304239
4	70.265673
5	78.423824
6	97.548900
7	63.377437
8	53.682172
9	65.240824
10	92.759580
11	30.863794
12	60.463510
13	41.916462
14	56.662012
15	98.279757
16	26.308902
17	42.007353
18	48.604812
19	14.055560
20	92.235684
21	8.240671
22	22.773927
23	94.152393
24	1.342972
25	43.391737
26	2.754975
27	21.919311
28	66.121012
29	30.597136
30	8.791062
31	71.484143
32	65.444208
33	1.895771
34	59.766611
35	51.176073
36	78.686620
37	9.016049
38	67.467507
39	96.564381
40	5.074466
41	93.311000
42	73.246909
43	57.373652
44	83.081278
45	95.210202
46	95.469799
47	88.045138
48	11.470250
49	3.062709
50	7.415484
51	23.911729
52	7.531674
53	25.612754
54	60.968114
55	12.334877
56	6.224002
57	87.443025
58	41.382621
59	64.252649
60	89.924220
61	26.588705
62	48.890908
63	45.120233
64	69.163130
65	77.531017
66	24.273182
67	69.953566
68	91.842551
69	46.804224
70	45.187615
71	23.431287
72	4.194122
73	53.710711
74	27.114374
75	76.497773
76	30.734830
77	97.420944
78	74.136070
79	71.727427
80	64.222095
81	6.317862
82	58.232146
83	75.180709
84	93.761203
85	22.275588
86	22.749490
87	88.194212
88	10.317951
89	40.395571
90	28.712309
91	43.826068
92	91.427426
93	4.091628
94	25.283057
95	89.722346
96	3.115943
97	16.340109
98	7.615393
99	20.836281
100	59.252522
101	14.850900
102	64.660711
103	50.619918
104	94.271662
105	25.612759
106	75.652796
107	47.603184
108	64.908045
109	30.623079
110	18.334708
111	13.306696
112	7.480655
113	93.893259
114	35.005881
115	57.561328
116	88.808660
117	77.229075
118	57.492872
119	37.924070
120	85.043837
121	77.211697
122	2.894938
123	49.951443
124	85.880106
125	44.726641
126	93.604445
127	46.645807
128	70.092576
129	29.321624
130	61.102150
131	61.566675
132	58.193403
133	70.615251
134	64.267303
135	92.168787
136	91.448103
137	11.928746
138	63.915924
139	30.211747
140	60.747871
141	81.789765
142	5.463079
143	31.583208
144	38.756915
145	83.079704
146	57.800410
147	93.960825
148	22.892069
149	79.482622
150	9.844018
151	79.431566
152	94.537628
153	27.876830
154	24.333885
155	72.537250
156	36.979856
157	5.136013
158	77.801664
159	89.232314
160	74.949898
161	84.748305
162	64.881520
163	39.049641
164	33.420664
165	22.517025
166	54.610894
167	87.699759
168	67.881513
169	23.167622
170	60.999168
171	8.885908
172	14.222277
173	47.796863
174	33.265112
175	12.885584
176	60.532338
177	66.006954
178	18.427374
179	92.908416
180	50.099755
181	1.663272
182	47.503652
183	8.061143
184	68.631330
185	65.983693
186	4.719576
187	32.478824
188	78.046401
189	85.499289
190	84.264168
191	76.438884
192	75.946323
193	25.562928
194	37.402767
195	3.279369
196	71.617675
197	59.666757
198	39.218432
199	39.291491
200	19.960118
;

param: U :=
1	100.000000
2	100.000000
3	100.000000
4	100.000000
5	100.000000
6	100.000000
7	100.000000
8	100.000000
9	100.000000
10	100.000000
11	100.000000
12	100.000000
13	100.000000
14	100.000000
15	100.000000
16	100.000000
17	100.000000
18	100.000000
19	100.000000
20	100.000000
21	100.000000
22	100.000000
23	100.000000
24	100.000000
25	100.000000
26	100.000000
27	100.000000
28	100.000000
29	100.000000
30	100.000000
31	100.000000
32	100.000000
33	100.000000
34	100.000000
35	100.000000
36	100.000000
37	100.000000
38	100.000000
39	100.000000
40	100.000000
41	100.000000
42	100.000000
43	100.000000
44	100.000000
45	100.000000
46	100.000000
47	100.000000
48	100.000000
49	100.000000
50	100.000000
51	100.000000
52	100.000000
53	100.000000
54	100.000000
55	100.000000
56	100.000000
57	100.000000
58	100.000000
59	100.000000
60	100.000000
61	100.000000
62	100.000000
63	100.000000
64	100.000000
65	100.000000
66	100.000000
67	100.000000
68	100.000000
69	100.000000
70	100.000000
71	100.000000
72	100.000000
73	100.000000
74	100.000000
75	100.000000
76	100.000000
77	100.000000
78	100.000000
79	100.000000
80	100.000000
81	100.000000
82	100.000000
83	100.000000
84	100.000000
85	100.000000
86	100.000000
87	100.000000
88	100.000000
89	100.000000
90	100.000000
91	100.000000
92	100.000000
93	100.000000
94	100.000000
95	100.000000
96	100.000000
97	100.000000
98	100.000000
99	100.000000
100	100.000000
101	100.000000
102	100.000000
103	100.000000
104	100.000000
105	100.000000
106	100.000000
107	100.000000
108	100.000000
109	100.000000
110	100.000000
111	100.000000
112	100.000000
113	100.000000
114	100.000000
115	100.000000
116	100.000000
117	100.000000
118	100.000000
119	100.000000
120	100.000000
121	100.000000
122	100.000000
123	100.000000
124	100.000000
125	100.000000
126	100.000000
127	100.000000
128	100.000000
129	100.000000
130	100.000000
131	100.000000
132	100.000000
133	100.000000
134	100.000000
135	100.000000
136	100.000000
137	100.000000
138	100.000000
139	100.000000
140	100.000000
141	100.000000
142	100.000000
143	100.000000
144	100.000000
145	100.000000
146	100.000000
147	100.000000
148	100.000000
149	100.000000
150	100.000000
151	100.000000
152	100.000000
153	100.000000
154	100.000000
155	100.000000
156	100.000000
157	100.000000
158	100.000000
159	100.000000
160	100.000000
161	100.000000
162	100.000000
163	100.000000
164	100.000000
165	100.000000
166	100.000000
167	100.000000
168	100.000000
169	100.000000
170	100.000000
171	100.000000
172	100.000000
173	100.000000
174	100.000000
175	100.000000
176	100.000000
177	100.000000
178	100.000000
179	100.000000
180	100.000000
181	100.000000
182	100.000000
183	100.000000
184	100.000000
185	100.000000
186	100.000000
187	100.000000
188	100.000000
189	100.000000
190	100.000000
191	100.000000
192	100.000000
193	100.000000
194	100.000000
195	100.000000
196	100.000000
197	100.000000
198	100.000000
199	100.000000
200	100.000000
;

