# seed = 1254829604

param N := 500;

param M := 2;

param Umax := 100.000000;

param: C :=
1	554562.000000
2	710288.000000
;

param: a :=
1	0.195410
2	0.158295
3	0.150506
4	0.143913
5	0.194878
6	0.195989
7	0.106260
8	0.123833
9	0.190304
10	0.110868
11	0.145802
12	0.183016
13	0.103107
14	0.121604
15	0.188685
16	0.153509
17	0.145353
18	0.186372
19	0.193114
20	0.149321
21	0.183173
22	0.141510
23	0.146289
24	0.105935
25	0.125181
26	0.176463
27	0.190179
28	0.127470
29	0.174409
30	0.185603
31	0.159329
32	0.165065
33	0.116407
34	0.108017
35	0.167422
36	0.180079
37	0.105729
38	0.127600
39	0.182871
40	0.172254
41	0.157851
42	0.140805
43	0.120393
44	0.157998
45	0.116380
46	0.129111
47	0.165948
48	0.160110
49	0.105134
50	0.191734
51	0.149393
52	0.192651
53	0.176410
54	0.130494
55	0.132354
56	0.104102
57	0.122616
58	0.163101
59	0.124092
60	0.190023
61	0.131304
62	0.161560
63	0.175527
64	0.115187
65	0.145912
66	0.140506
67	0.168194
68	0.163524
69	0.145139
70	0.171941
71	0.128917
72	0.199383
73	0.192421
74	0.108361
75	0.106150
76	0.104053
77	0.139100
78	0.161366
79	0.111281
80	0.182121
81	0.132823
82	0.128174
83	0.165228
84	0.174087
85	0.151085
86	0.166515
87	0.176400
88	0.115055
89	0.113999
90	0.136862
91	0.138047
92	0.172141
93	0.164452
94	0.110266
95	0.110199
96	0.111778
97	0.191201
98	0.118128
99	0.198114
100	0.179045
101	0.187600
102	0.148354
103	0.113736
104	0.129145
105	0.173425
106	0.132781
107	0.175094
108	0.158746
109	0.191036
110	0.184149
111	0.100184
112	0.160151
113	0.174675
114	0.167315
115	0.151475
116	0.188170
117	0.134732
118	0.115747
119	0.168045
120	0.124954
121	0.119717
122	0.197846
123	0.175213
124	0.125936
125	0.182526
126	0.137522
127	0.114515
128	0.155869
129	0.195082
130	0.175521
131	0.189716
132	0.152586
133	0.161274
134	0.189645
135	0.143535
136	0.190111
137	0.127516
138	0.108864
139	0.185047
140	0.154054
141	0.178727
142	0.108868
143	0.109481
144	0.152535
145	0.176692
146	0.111643
147	0.114165
148	0.199368
149	0.171580
150	0.164128
151	0.116046
152	0.179207
153	0.115703
154	0.143110
155	0.120308
156	0.142475
157	0.101210
158	0.138920
159	0.136789
160	0.163155
161	0.189795
162	0.199956
163	0.137918
164	0.143674
165	0.191690
166	0.154566
167	0.133281
168	0.136519
169	0.124778
170	0.124162
171	0.174763
172	0.105821
173	0.107257
174	0.106044
175	0.124542
176	0.156137
177	0.159948
178	0.117969
179	0.102145
180	0.127036
181	0.100981
182	0.172304
183	0.149762
184	0.171180
185	0.144259
186	0.196203
187	0.154604
188	0.103359
189	0.120710
190	0.152654
191	0.105172
192	0.177132
193	0.109085
194	0.129012
195	0.155347
196	0.166382
197	0.143027
198	0.173194
199	0.109778
200	0.126485
201	0.159577
202	0.133150
203	0.172314
204	0.124603
205	0.139990
206	0.108254
207	0.174689
208	0.109101
209	0.156017
210	0.157722
211	0.163680
212	0.128903
213	0.162403
214	0.152596
215	0.139280
216	0.113740
217	0.151899
218	0.182442
219	0.176766
220	0.190572
221	0.192619
222	0.125006
223	0.152712
224	0.188804
225	0.158028
226	0.132286
227	0.102000
228	0.150314
229	0.137277
230	0.196303
231	0.152570
232	0.124707
233	0.172453
234	0.149412
235	0.184338
236	0.127571
237	0.188071
238	0.130686
239	0.160955
240	0.177621
241	0.102242
242	0.158079
243	0.109731
244	0.165350
245	0.174564
246	0.164705
247	0.130925
248	0.136258
249	0.196210
250	0.138442
251	0.128915
252	0.120355
253	0.124373
254	0.116359
255	0.154179
256	0.112350
257	0.156447
258	0.121209
259	0.130766
260	0.150123
261	0.120668
262	0.146183
263	0.137933
264	0.199450
265	0.179606
266	0.150181
267	0.162647
268	0.189189
269	0.145960
270	0.136756
271	0.162520
272	0.199281
273	0.143480
274	0.126497
275	0.108784
276	0.153653
277	0.118250
278	0.121516
279	0.153415
280	0.124101
281	0.123301
282	0.144614
283	0.172155
284	0.128538
285	0.148630
286	0.151314
287	0.140450
288	0.169505
289	0.157292
290	0.185537
291	0.187984
292	0.187726
293	0.195378
294	0.198994
295	0.112494
296	0.183286
297	0.178321
298	0.145977
299	0.168967
300	0.165160
301	0.107148
302	0.112913
303	0.154598
304	0.106979
305	0.169647
306	0.170155
307	0.100433
308	0.176171
309	0.143842
310	0.110022
311	0.103146
312	0.146870
313	0.128673
314	0.161819
315	0.142138
316	0.131146
317	0.167238
318	0.180935
319	0.167156
320	0.161042
321	0.190688
322	0.183445
323	0.109571
324	0.157526
325	0.152975
326	0.170104
327	0.185686
328	0.147201
329	0.125251
330	0.108067
331	0.164891
332	0.155812
333	0.191070
334	0.123450
335	0.108449
336	0.144578
337	0.107489
338	0.114095
339	0.195725
340	0.158824
341	0.115474
342	0.142372
343	0.188275
344	0.191491
345	0.120695
346	0.156240
347	0.118511
348	0.124298
349	0.137434
350	0.134971
351	0.197193
352	0.164203
353	0.116010
354	0.165335
355	0.126143
356	0.131854
357	0.180066
358	0.190158
359	0.146220
360	0.118887
361	0.199769
362	0.124958
363	0.180271
364	0.136072
365	0.169754
366	0.119563
367	0.138427
368	0.102396
369	0.191772
370	0.159270
371	0.113368
372	0.118707
373	0.144847
374	0.198303
375	0.127122
376	0.178880
377	0.193761
378	0.190753
379	0.167835
380	0.116866
381	0.161942
382	0.115400
383	0.113031
384	0.139195
385	0.143078
386	0.117178
387	0.101736
388	0.143083
389	0.111449
390	0.193764
391	0.180891
392	0.146365
393	0.118441
394	0.156764
395	0.168117
396	0.168763
397	0.129547
398	0.190754
399	0.161503
400	0.161821
401	0.157644
402	0.115937
403	0.189931
404	0.150761
405	0.193797
406	0.163031
407	0.120975
408	0.137248
409	0.185819
410	0.116229
411	0.157540
412	0.109079
413	0.109721
414	0.173947
415	0.132835
416	0.188694
417	0.174023
418	0.184701
419	0.134632
420	0.135745
421	0.113308
422	0.114351
423	0.127427
424	0.162922
425	0.186626
426	0.167651
427	0.174580
428	0.159070
429	0.168419
430	0.177953
431	0.181527
432	0.113835
433	0.105743
434	0.176255
435	0.109250
436	0.132022
437	0.195989
438	0.153119
439	0.115161
440	0.123881
441	0.193411
442	0.196069
443	0.168974
444	0.170876
445	0.119136
446	0.196118
447	0.116647
448	0.158812
449	0.107981
450	0.111569
451	0.105022
452	0.151472
453	0.141003
454	0.180093
455	0.177974
456	0.166561
457	0.142029
458	0.106075
459	0.131329
460	0.151047
461	0.183103
462	0.153227
463	0.112594
464	0.146758
465	0.196990
466	0.157234
467	0.135890
468	0.138082
469	0.158673
470	0.127331
471	0.155311
472	0.142518
473	0.163580
474	0.125972
475	0.158977
476	0.136098
477	0.149247
478	0.197226
479	0.157636
480	0.149267
481	0.117106
482	0.185886
483	0.132278
484	0.115153
485	0.124805
486	0.114283
487	0.199757
488	0.108054
489	0.186376
490	0.106749
491	0.106618
492	0.133428
493	0.130338
494	0.176155
495	0.108398
496	0.128988
497	0.141034
498	0.102062
499	0.171572
500	0.165630
;

param: b :=
1	0.967438
2	64.145599
3	36.606857
4	6.022618
5	8.347898
6	73.611860
7	0.061053
8	17.764364
9	97.606405
10	4.142236
11	32.640638
12	63.340689
13	69.339553
14	19.706343
15	29.604649
16	78.271976
17	94.429969
18	88.093095
19	0.787107
20	82.770224
21	84.578922
22	1.095832
23	80.837868
24	81.335591
25	24.171439
26	95.014083
27	76.003162
28	83.364608
29	4.013533
30	24.498218
31	84.791692
32	15.594461
33	23.352131
34	19.363575
35	7.112050
36	52.712411
37	19.721052
38	50.521389
39	69.505648
40	75.315571
41	88.247321
42	19.031823
43	96.707602
44	45.107387
45	15.315729
46	95.679850
47	67.725475
48	21.883806
49	88.571605
50	62.276958
51	40.798984
52	46.215699
53	16.529291
54	41.272708
55	61.337779
56	33.657769
57	4.681748
58	25.304376
59	99.416547
60	78.401148
61	41.868076
62	33.429802
63	12.069294
64	37.503973
65	7.280610
66	28.349677
67	93.662660
68	25.696296
69	56.500289
70	53.726057
71	87.880214
72	29.350212
73	1.166668
74	35.676579
75	9.919910
76	5.310343
77	1.377738
78	82.678717
79	8.343601
80	5.013705
81	79.270491
82	10.026924
83	69.459237
84	61.752565
85	4.939383
86	50.023941
87	15.511234
88	84.289204
89	98.232487
90	71.951092
91	23.380122
92	90.581394
93	55.146331
94	81.921578
95	55.776161
96	31.169146
97	10.196513
98	33.891194
99	23.885755
100	97.159945
101	84.794927
102	12.536290
103	65.146420
104	58.707933
105	52.102403
106	20.253957
107	93.054939
108	18.160666
109	82.753039
110	15.062553
111	18.362444
112	74.991969
113	71.401217
114	13.066102
115	64.700678
116	92.876031
117	70.394898
118	16.036696
119	70.247242
120	8.861922
121	35.797203
122	72.723067
123	98.259476
124	47.135910
125	81.578979
126	91.225202
127	94.871775
128	59.588494
129	68.482567
130	34.347356
131	28.229300
132	40.193253
133	99.088151
134	28.487746
135	36.875395
136	40.430404
137	26.834089
138	9.562008
139	55.863580
140	84.912268
141	18.007786
142	59.077591
143	16.017993
144	32.707524
145	7.280405
146	23.969464
147	47.340187
148	86.613617
149	32.197115
150	47.145829
151	23.375545
152	10.849838
153	80.832257
154	31.521270
155	90.074637
156	75.569289
157	47.269665
158	57.077578
159	71.882826
160	6.702357
161	28.654306
162	18.704051
163	32.997939
164	22.466628
165	37.789313
166	59.422510
167	79.917515
168	48.508375
169	90.102495
170	65.649676
171	83.798229
172	79.857550
173	47.185618
174	40.200305
175	5.672904
176	61.997593
177	27.015383
178	70.208038
179	64.714908
180	58.087824
181	95.823830
182	39.604455
183	25.550565
184	5.635200
185	5.490391
186	2.593482
187	5.780555
188	71.563695
189	48.778176
190	10.762569
191	57.059066
192	29.183021
193	47.357694
194	82.143565
195	78.574699
196	70.718307
197	13.632954
198	39.757016
199	17.489421
200	78.553332
201	0.013638
202	55.896358
203	5.097225
204	86.086123
205	10.176541
206	46.343678
207	46.248649
208	22.832079
209	70.211441
210	58.610119
211	5.191110
212	83.912994
213	41.863937
214	62.528253
215	0.273228
216	87.000849
217	46.609554
218	49.987081
219	16.238484
220	46.195945
221	84.229731
222	36.996020
223	69.795702
224	92.547220
225	71.752326
226	7.625493
227	57.099213
228	17.731147
229	3.535411
230	92.616504
231	95.198393
232	47.477568
233	38.254214
234	59.571740
235	4.039854
236	86.064999
237	86.328573
238	72.132650
239	23.016507
240	79.423917
241	10.669577
242	43.743375
243	46.618700
244	58.850475
245	75.302332
246	98.826250
247	58.792560
248	39.230741
249	32.486213
250	25.390784
251	79.183434
252	26.050852
253	36.018048
254	96.458271
255	31.277743
256	37.017576
257	60.767202
258	91.842536
259	44.797145
260	88.519668
261	60.702983
262	84.717957
263	19.339870
264	79.962249
265	78.379962
266	62.682642
267	72.304328
268	63.695592
269	23.418086
270	22.746626
271	99.031539
272	57.884635
273	0.988154
274	62.578361
275	1.846533
276	91.467799
277	78.306287
278	66.272033
279	39.269441
280	61.737314
281	15.081550
282	48.435110
283	10.753958
284	3.596285
285	25.847990
286	78.332640
287	49.852871
288	4.534425
289	2.921919
290	28.356999
291	78.184049
292	77.953535
293	51.001474
294	64.594869
295	49.355684
296	5.823349
297	59.868534
298	92.684954
299	52.102387
300	22.318646
301	93.111071
302	88.717864
303	68.766695
304	14.136216
305	40.406568
306	89.045364
307	89.090291
308	77.084506
309	49.989496
310	71.291724
311	46.080063
312	96.264058
313	33.352903
314	67.616196
315	88.901123
316	88.456896
317	66.577396
318	97.245453
319	68.618458
320	96.271063
321	77.789496
322	34.830970
323	75.188831
324	1.475768
325	13.633108
326	77.536294
327	88.472388
328	99.362572
329	1.453209
330	47.616604
331	83.852635
332	45.035409
333	85.855327
334	29.248281
335	75.688416
336	99.018910
337	32.938530
338	71.027269
339	83.048064
340	50.467011
341	68.408490
342	82.635576
343	63.256168
344	16.119120
345	40.121466
346	36.570271
347	66.057739
348	37.475996
349	70.952723
350	12.546723
351	5.164244
352	44.578139
353	0.320078
354	5.246878
355	89.520479
356	17.614007
357	18.142390
358	41.333809
359	25.649153
360	72.774988
361	77.930781
362	90.499795
363	28.146406
364	77.677364
365	33.350720
366	12.104253
367	31.176430
368	77.766586
369	60.855462
370	57.435418
371	75.634670
372	45.896538
373	70.699536
374	89.066009
375	70.396782
376	40.385962
377	18.300408
378	90.385212
379	16.556575
380	74.617970
381	45.262546
382	71.328174
383	58.357109
384	25.685783
385	97.559781
386	53.301328
387	71.412711
388	40.775931
389	22.877675
390	45.204777
391	57.262523
392	12.020244
393	96.593327
394	78.228297
395	3.402034
396	25.609244
397	33.149840
398	48.401257
399	56.195084
400	11.170075
401	92.682965
402	37.359615
403	0.100668
404	77.741333
405	52.276045
406	95.470372
407	90.244202
408	43.436998
409	77.316628
410	59.348052
411	60.564592
412	92.261263
413	47.906828
414	59.688385
415	55.966131
416	63.154937
417	88.279521
418	85.499326
419	84.105684
420	23.684522
421	87.423230
422	26.393274
423	12.275680
424	2.614200
425	7.325492
426	82.708480
427	47.193790
428	38.728595
429	84.000572
430	76.752851
431	38.773698
432	10.282958
433	69.162534
434	89.532918
435	55.959611
436	76.459951
437	18.077149
438	66.595529
439	27.307842
440	82.777518
441	65.399225
442	55.539879
443	38.601092
444	89.474297
445	57.028799
446	73.357540
447	36.833031
448	38.993964
449	68.152743
450	89.023855
451	88.661595
452	39.486667
453	14.448714
454	94.721099
455	3.965420
456	9.749490
457	65.564778
458	81.422481
459	58.573760
460	31.163840
461	25.388726
462	11.716666
463	6.393175
464	86.606684
465	26.506805
466	41.708763
467	29.540927
468	20.230258
469	83.995372
470	43.255985
471	42.086054
472	75.296815
473	87.149094
474	16.174588
475	71.059077
476	77.295057
477	42.542407
478	56.706061
479	35.263103
480	34.883863
481	82.626676
482	24.774496
483	45.945838
484	93.980945
485	8.691708
486	69.187032
487	60.918889
488	3.971183
489	50.218178
490	56.077164
491	48.394519
492	21.827142
493	85.671684
494	13.856231
495	36.900752
496	61.763597
497	76.560607
498	90.286039
499	69.901607
500	74.286135
;

param: c :=
1	53.209188
2	23.267320
3	69.925340
4	26.894225
5	21.549557
6	80.063677
7	92.766113
8	17.697078
9	78.718858
10	95.118633
11	59.724583
12	11.308442
13	68.052480
14	46.572991
15	64.413181
16	93.975836
17	48.674966
18	25.122357
19	20.512314
20	16.366680
21	51.675910
22	30.254748
23	44.153629
24	74.008068
25	79.802688
26	68.107927
27	75.486936
28	24.685631
29	99.687823
30	80.313166
31	79.727312
32	25.498917
33	84.427329
34	48.571838
35	81.101564
36	50.173189
37	97.114966
38	74.446948
39	7.046462
40	80.763089
41	15.130381
42	8.069347
43	99.145180
44	32.685365
45	67.711751
46	57.929743
47	4.752700
48	25.709982
49	9.569948
50	51.186578
51	10.037302
52	59.904992
53	23.815528
54	19.491551
55	98.023296
56	27.894028
57	98.876042
58	68.001880
59	92.414884
60	21.852327
61	95.942595
62	17.449690
63	93.400616
64	70.026572
65	59.926697
66	33.589219
67	79.731932
68	56.419777
69	27.219282
70	68.407051
71	44.195343
72	54.556939
73	85.371515
74	90.999593
75	73.150410
76	2.185227
77	35.158606
78	19.571847
79	16.818018
80	16.172906
81	79.714880
82	17.949698
83	83.865200
84	35.433257
85	86.018973
86	6.605303
87	2.415342
88	31.511596
89	84.107718
90	60.371749
91	70.549156
92	41.306688
93	88.780836
94	95.550689
95	13.158460
96	25.591510
97	26.844782
98	24.844000
99	67.783583
100	72.674213
101	94.713208
102	10.270961
103	94.882195
104	60.788055
105	42.027905
106	36.156785
107	79.644641
108	6.349875
109	57.252223
110	82.041374
111	21.153758
112	79.825291
113	73.501660
114	59.368923
115	64.836558
116	65.680984
117	56.175613
118	87.598296
119	83.745298
120	37.632990
121	47.227721
122	37.400182
123	13.329339
124	70.182270
125	12.955389
126	31.987578
127	11.344883
128	52.147909
129	21.375107
130	47.007441
131	29.460297
132	85.726150
133	10.220294
134	20.418987
135	90.239529
136	79.634441
137	14.362653
138	69.698319
139	93.223688
140	56.970039
141	63.580708
142	23.347916
143	23.030181
144	82.556057
145	83.160855
146	87.459804
147	16.450418
148	75.384308
149	91.133845
150	88.748561
151	76.659800
152	17.260291
153	26.803211
154	45.191699
155	86.434230
156	31.831047
157	45.628785
158	57.326194
159	4.576975
160	35.557438
161	15.271232
162	15.664991
163	97.197546
164	67.945759
165	50.529357
166	8.084099
167	96.423572
168	74.850349
169	13.293811
170	96.116138
171	4.439085
172	39.488193
173	49.898027
174	44.245917
175	82.487065
176	93.298356
177	37.903574
178	32.164959
179	31.298581
180	8.596244
181	44.655402
182	95.657024
183	18.872551
184	60.145815
185	27.807557
186	15.621713
187	69.699353
188	28.852889
189	62.716698
190	42.079319
191	19.597880
192	35.209906
193	39.763317
194	18.181003
195	29.937549
196	28.919878
197	40.577662
198	75.795500
199	79.868192
200	78.417768
201	14.992672
202	88.795778
203	77.990299
204	7.479488
205	11.979537
206	38.271453
207	91.023818
208	91.659697
209	89.999163
210	69.189600
211	69.184938
212	71.392967
213	16.833151
214	54.378114
215	30.636760
216	92.890688
217	57.393082
218	6.181802
219	59.025530
220	32.193702
221	90.725360
222	0.509795
223	66.535412
224	40.866805
225	62.621041
226	11.547725
227	36.804904
228	17.351015
229	5.423466
230	6.187480
231	59.354851
232	19.877813
233	69.056972
234	48.710580
235	13.930796
236	0.468642
237	18.433387
238	48.997219
239	46.641221
240	91.846138
241	50.226753
242	86.496386
243	63.830484
244	66.177368
245	32.430502
246	84.738199
247	35.827060
248	18.708253
249	44.396973
250	19.501455
251	15.040470
252	99.215281
253	41.394448
254	56.400639
255	51.699316
256	16.709175
257	20.820070
258	48.164005
259	32.953534
260	1.455240
261	54.864990
262	96.296444
263	77.336910
264	82.670190
265	45.183776
266	39.059973
267	29.909695
268	29.389945
269	45.928019
270	62.133484
271	48.740657
272	74.273390
273	81.824948
274	82.195957
275	71.481454
276	47.889721
277	9.925201
278	43.894812
279	5.601122
280	75.237600
281	19.470727
282	61.261474
283	42.527569
284	44.017063
285	38.655065
286	22.825682
287	99.711634
288	93.070401
289	7.791925
290	88.598541
291	26.637547
292	10.747842
293	54.358309
294	15.456501
295	98.283571
296	77.531935
297	13.561416
298	64.461299
299	54.238025
300	11.786815
301	63.738331
302	19.220813
303	20.470767
304	66.410688
305	22.963063
306	86.050260
307	62.773038
308	83.240193
309	36.296404
310	32.285309
311	83.138123
312	59.010690
313	67.296174
314	74.608647
315	12.997008
316	24.506039
317	10.969785
318	88.950503
319	63.518352
320	27.680348
321	30.230883
322	44.681151
323	64.839776
324	22.810000
325	10.040027
326	44.356732
327	90.976930
328	26.988227
329	82.502640
330	23.469634
331	7.726435
332	77.882730
333	31.292324
334	1.135274
335	22.583826
336	13.395403
337	13.748732
338	52.905169
339	57.051431
340	94.343440
341	76.593235
342	58.379123
343	83.621432
344	49.498602
345	91.145083
346	17.605907
347	64.938167
348	86.751198
349	56.499602
350	89.095796
351	97.064549
352	19.480653
353	61.219560
354	32.900035
355	58.877105
356	23.122733
357	7.247789
358	51.058426
359	23.463238
360	11.844529
361	14.381847
362	78.187859
363	29.591760
364	46.610579
365	12.965340
366	13.565515
367	41.822346
368	80.322240
369	53.993582
370	26.052019
371	77.916612
372	80.955900
373	8.480488
374	1.274851
375	30.505529
376	49.195570
377	21.901563
378	90.530492
379	93.357401
380	92.292395
381	23.639924
382	66.764118
383	94.560785
384	20.420395
385	13.951467
386	48.492788
387	16.704392
388	35.188876
389	63.728686
390	83.496031
391	72.489790
392	46.999512
393	92.903203
394	62.745112
395	10.952637
396	54.616849
397	97.056029
398	40.012475
399	39.851982
400	69.569131
401	6.524890
402	50.137584
403	22.768372
404	50.538573
405	71.690144
406	17.852291
407	12.719613
408	96.200547
409	14.091476
410	42.045081
411	2.397174
412	89.684172
413	15.105574
414	18.843862
415	24.390551
416	23.901632
417	90.486893
418	9.771069
419	60.337834
420	66.234501
421	49.797705
422	97.504312
423	45.412176
424	74.194942
425	61.104749
426	80.748029
427	24.720270
428	11.286039
429	89.257192
430	4.528279
431	56.771394
432	68.445961
433	91.362114
434	32.268438
435	30.107447
436	46.543332
437	67.381399
438	70.992200
439	30.340994
440	47.304031
441	26.278046
442	40.366318
443	10.166832
444	57.957250
445	38.346979
446	46.328956
447	94.906039
448	15.891264
449	20.206915
450	93.982457
451	87.920929
452	11.495838
453	19.741823
454	96.368116
455	62.052566
456	11.137056
457	67.936970
458	48.420018
459	93.672519
460	89.203551
461	31.113733
462	33.319070
463	37.824626
464	17.765769
465	62.751550
466	8.741278
467	14.512275
468	86.413533
469	90.987422
470	51.133472
471	64.940786
472	74.456908
473	51.275296
474	74.382676
475	71.570885
476	10.813069
477	64.477591
478	35.902036
479	95.114657
480	29.530424
481	18.328635
482	9.886079
483	54.548048
484	16.839735
485	0.926693
486	52.487271
487	75.463459
488	74.370208
489	46.615810
490	40.954330
491	15.824175
492	37.501507
493	26.558984
494	7.728331
495	82.014970
496	33.901812
497	33.747336
498	5.932362
499	61.872577
500	89.559588
;

param: d :=
1	-46.509574
2	-75.652363
3	-8.510390
4	-52.765551
5	-94.944056
6	-95.349262
7	-40.530926
8	-52.899567
9	-39.771048
10	-62.237649
11	-32.648301
12	-36.920334
13	-4.126770
14	-60.698963
15	-32.596150
16	-51.372172
17	-94.922895
18	-2.320010
19	-38.833736
20	-4.106069
21	-52.413363
22	-64.514654
23	-5.035958
24	-68.942345
25	-54.306858
26	-7.170294
27	-58.144902
28	-42.275543
29	-81.437080
30	-40.389137
31	-60.868565
32	-66.827058
33	-8.106133
34	-67.297241
35	-32.890385
36	-39.607695
37	-14.543626
38	-46.901283
39	-32.701557
40	-79.174471
41	-61.047316
42	-9.021460
43	-82.492413
44	-67.555385
45	-76.573842
46	-90.125646
47	-18.921546
48	-31.821016
49	-95.720709
50	-75.580711
51	-82.895567
52	-49.418783
53	-18.836929
54	-43.796331
55	-58.076155
56	-44.710934
57	-67.347098
58	-76.993824
59	-52.092539
60	-90.485821
61	-70.672686
62	-10.546307
63	-25.597211
64	-16.811323
65	-61.672952
66	-37.641358
67	-35.863370
68	-19.026458
69	-61.460740
70	-58.031950
71	-11.156103
72	-67.027367
73	-27.847274
74	-35.218734
75	-66.631136
76	-27.539462
77	-16.704697
78	-84.077193
79	-3.347784
80	-26.879091
81	-94.026563
82	-69.640723
83	-99.613303
84	-6.341319
85	-32.097375
86	-17.311793
87	-43.884846
88	-66.995604
89	-2.135742
90	-27.704485
91	-75.933906
92	-21.253943
93	-33.133120
94	-58.222897
95	-5.693112
96	-27.850608
97	-38.249560
98	-40.565783
99	-13.105562
100	-25.404243
101	-99.241354
102	-26.054864
103	-59.419597
104	-46.011199
105	-58.791111
106	-94.545247
107	-30.192960
108	-30.982583
109	-14.082247
110	-55.062862
111	-57.788571
112	-3.692616
113	-45.680354
114	-26.334879
115	-91.273052
116	-29.788626
117	-44.113903
118	-4.427763
119	-58.453323
120	-15.677522
121	-15.446933
122	-36.472863
123	-68.611036
124	-86.466038
125	-33.728352
126	-24.844734
127	-38.257658
128	-6.730784
129	-91.588310
130	-54.297051
131	-97.329023
132	-15.426470
133	-27.381288
134	-58.206955
135	-35.090275
136	-62.881499
137	-43.023944
138	-5.410249
139	-4.732868
140	-25.526832
141	-31.033469
142	-11.497766
143	-76.156077
144	-77.766433
145	-30.084717
146	-31.386814
147	-22.254175
148	-77.284155
149	-5.389419
150	-53.316049
151	-0.793309
152	-33.332860
153	-67.846659
154	-81.505763
155	-88.558605
156	-68.776171
157	-22.129758
158	-43.820097
159	-36.407571
160	-91.653244
161	-23.771217
162	-68.212503
163	-16.452985
164	-98.999905
165	-3.732547
166	-9.877038
167	-51.448075
168	-47.815735
169	-78.024225
170	-7.892248
171	-74.707974
172	-86.095075
173	-96.318969
174	-19.105325
175	-62.164399
176	-47.747286
177	-35.612788
178	-42.542551
179	-47.956502
180	-28.717959
181	-16.532121
182	-34.397563
183	-12.334057
184	-96.655080
185	-24.442642
186	-95.200259
187	-0.740386
188	-0.984192
189	-60.417391
190	-87.199711
191	-67.020475
192	-7.246518
193	-21.215219
194	-42.135359
195	-81.936167
196	-91.539013
197	-37.374753
198	-91.596007
199	-50.458420
200	-55.333498
201	-10.485310
202	-37.930142
203	-87.107964
204	-99.601722
205	-80.141821
206	-13.328492
207	-10.317902
208	-2.102933
209	-65.992659
210	-34.798877
211	-24.340746
212	-32.825489
213	-46.573035
214	-55.743813
215	-70.720786
216	-17.070162
217	-78.915978
218	-46.164663
219	-6.400545
220	-55.050320
221	-76.744218
222	-82.103383
223	-89.895151
224	-5.013978
225	-82.946072
226	-35.519808
227	-7.274782
228	-49.176356
229	-96.187716
230	-62.830005
231	-84.808922
232	-63.745643
233	-90.742110
234	-33.237018
235	-10.238190
236	-66.241464
237	-52.573982
238	-49.436479
239	-69.988050
240	-73.668767
241	-83.827682
242	-41.452468
243	-71.835233
244	-85.652646
245	-78.794404
246	-43.448963
247	-18.848150
248	-77.245167
249	-39.959352
250	-95.380941
251	-38.654048
252	-94.907049
253	-39.800176
254	-64.932421
255	-1.424115
256	-68.148248
257	-28.512216
258	-79.575619
259	-27.839658
260	-93.475929
261	-27.632340
262	-37.107443
263	-41.246851
264	-52.385931
265	-87.440790
266	-48.364015
267	-82.487790
268	-14.514993
269	-76.703438
270	-80.574137
271	-92.296110
272	-61.659066
273	-26.610202
274	-44.113120
275	-45.287875
276	-84.213827
277	-33.008928
278	-4.210661
279	-64.759621
280	-93.702556
281	-5.217579
282	-7.496457
283	-17.919663
284	-27.567442
285	-45.768847
286	-73.448097
287	-40.079397
288	-69.233217
289	-0.180748
290	-70.445982
291	-73.360769
292	-89.448403
293	-4.910440
294	-7.935999
295	-79.713606
296	-28.115632
297	-95.040961
298	-43.275539
299	-76.674954
300	-19.383398
301	-94.567962
302	-9.554797
303	-31.840403
304	-28.560169
305	-76.114737
306	-18.058175
307	-35.828762
308	-4.608684
309	-35.686807
310	-23.567175
311	-73.890951
312	-67.080004
313	-8.554306
314	-54.941303
315	-21.565241
316	-36.568590
317	-49.624284
318	-60.054199
319	-65.547440
320	-64.348860
321	-96.315131
322	-92.048763
323	-79.459343
324	-53.523277
325	-83.506199
326	-2.215473
327	-84.082626
328	-8.117664
329	-9.909616
330	-69.122813
331	-25.068770
332	-99.831165
333	-17.952904
334	-49.562192
335	-9.048277
336	-31.952674
337	-84.784835
338	-8.022101
339	-72.982570
340	-40.040593
341	-61.942117
342	-44.232562
343	-97.976048
344	-55.603640
345	-22.253862
346	-49.416318
347	-4.896039
348	-17.322497
349	-78.944469
350	-15.530462
351	-11.662103
352	-18.190649
353	-19.051502
354	-47.913620
355	-17.356929
356	-79.050424
357	-22.869636
358	-90.361177
359	-92.560194
360	-48.212688
361	-41.353985
362	-51.919410
363	-12.480807
364	-12.869526
365	-6.783023
366	-68.592480
367	-47.191271
368	-19.415942
369	-78.636630
370	-94.119069
371	-73.666454
372	-67.727347
373	-13.330189
374	-21.374828
375	-18.884390
376	-95.067798
377	-28.321926
378	-28.290890
379	-23.684963
380	-81.859482
381	-7.552009
382	-35.404353
383	-65.067427
384	-70.274768
385	-63.564338
386	-90.529752
387	-74.624146
388	-90.153335
389	-93.989962
390	-85.815737
391	-5.157609
392	-5.142603
393	-64.854250
394	-8.047219
395	-68.154625
396	-47.741083
397	-97.963352
398	-62.246274
399	-45.593829
400	-75.433724
401	-31.403270
402	-29.446190
403	-13.012880
404	-9.226923
405	-66.350792
406	-67.399891
407	-72.499963
408	-12.614462
409	-91.412550
410	-33.232635
411	-70.769715
412	-73.068319
413	-77.559568
414	-29.852947
415	-53.073855
416	-69.260620
417	-23.580064
418	-25.615135
419	-50.261984
420	-45.411440
421	-62.301025
422	-61.747082
423	-82.086493
424	-27.306949
425	-53.036218
426	-66.114634
427	-75.622691
428	-43.426042
429	-86.169131
430	-47.852250
431	-57.367907
432	-5.417069
433	-69.536728
434	-12.459082
435	-1.492857
436	-63.450196
437	-47.239372
438	-78.435160
439	-93.477361
440	-43.850726
441	-76.481646
442	-57.388141
443	-63.644582
444	-58.131725
445	-50.523297
446	-56.577875
447	-57.074562
448	-0.821276
449	-81.852220
450	-30.474115
451	-56.631426
452	-2.198677
453	-64.091308
454	-4.015528
455	-1.819145
456	-39.456817
457	-70.049886
458	-82.428893
459	-48.929367
460	-52.585213
461	-54.844060
462	-35.636010
463	-19.468584
464	-4.822004
465	-9.337908
466	-53.562447
467	-32.996676
468	-28.599074
469	-3.501992
470	-54.903520
471	-81.937187
472	-48.740497
473	-21.907267
474	-87.614305
475	-50.035654
476	-12.768855
477	-85.812164
478	-28.317355
479	-91.088300
480	-76.350248
481	-11.323177
482	-3.301212
483	-3.244792
484	-48.944696
485	-80.080044
486	-56.187048
487	-81.914536
488	-82.059439
489	-59.076104
490	-76.410780
491	-92.455387
492	-14.085146
493	-94.198251
494	-49.475097
495	-44.985887
496	-30.057314
497	-43.141545
498	-60.436683
499	-1.868560
500	-26.641944
;

param: weight :=
1	31.000000
2	72.000000
3	32.000000
4	51.000000
5	24.000000
6	91.000000
7	54.000000
8	42.000000
9	89.000000
10	51.000000
11	38.000000
12	68.000000
13	29.000000
14	67.000000
15	89.000000
16	16.000000
17	62.000000
18	51.000000
19	96.000000
20	22.000000
21	52.000000
22	50.000000
23	86.000000
24	79.000000
25	85.000000
26	90.000000
27	24.000000
28	19.000000
29	98.000000
30	56.000000
31	31.000000
32	9.000000
33	65.000000
34	77.000000
35	26.000000
36	13.000000
37	59.000000
38	83.000000
39	61.000000
40	8.000000
41	55.000000
42	79.000000
43	82.000000
44	98.000000
45	82.000000
46	17.000000
47	7.000000
48	13.000000
49	7.000000
50	94.000000
51	64.000000
52	56.000000
53	97.000000
54	10.000000
55	65.000000
56	58.000000
57	22.000000
58	76.000000
59	80.000000
60	35.000000
61	83.000000
62	88.000000
63	45.000000
64	60.000000
65	55.000000
66	38.000000
67	23.000000
68	15.000000
69	31.000000
70	37.000000
71	26.000000
72	91.000000
73	65.000000
74	17.000000
75	48.000000
76	47.000000
77	90.000000
78	16.000000
79	80.000000
80	70.000000
81	13.000000
82	82.000000
83	53.000000
84	77.000000
85	2.000000
86	23.000000
87	22.000000
88	15.000000
89	98.000000
90	65.000000
91	91.000000
92	73.000000
93	12.000000
94	15.000000
95	54.000000
96	4.000000
97	34.000000
98	13.000000
99	90.000000
100	39.000000
101	79.000000
102	84.000000
103	27.000000
104	18.000000
105	39.000000
106	94.000000
107	93.000000
108	92.000000
109	24.000000
110	69.000000
111	59.000000
112	80.000000
113	41.000000
114	82.000000
115	51.000000
116	38.000000
117	13.000000
118	13.000000
119	25.000000
120	82.000000
121	45.000000
122	43.000000
123	54.000000
124	43.000000
125	23.000000
126	75.000000
127	79.000000
128	23.000000
129	99.000000
130	48.000000
131	94.000000
132	16.000000
133	61.000000
134	22.000000
135	45.000000
136	86.000000
137	30.000000
138	94.000000
139	29.000000
140	27.000000
141	83.000000
142	96.000000
143	73.000000
144	28.000000
145	3.000000
146	98.000000
147	17.000000
148	75.000000
149	56.000000
150	69.000000
151	93.000000
152	79.000000
153	58.000000
154	54.000000
155	84.000000
156	23.000000
157	47.000000
158	24.000000
159	4.000000
160	25.000000
161	40.000000
162	50.000000
163	11.000000
164	78.000000
165	2.000000
166	68.000000
167	56.000000
168	80.000000
169	73.000000
170	66.000000
171	80.000000
172	70.000000
173	95.000000
174	92.000000
175	28.000000
176	54.000000
177	52.000000
178	84.000000
179	68.000000
180	39.000000
181	34.000000
182	91.000000
183	90.000000
184	63.000000
185	57.000000
186	74.000000
187	89.000000
188	37.000000
189	37.000000
190	14.000000
191	33.000000
192	34.000000
193	47.000000
194	81.000000
195	18.000000
196	83.000000
197	47.000000
198	33.000000
199	96.000000
200	37.000000
201	18.000000
202	64.000000
203	68.000000
204	94.000000
205	60.000000
206	91.000000
207	36.000000
208	85.000000
209	83.000000
210	59.000000
211	25.000000
212	70.000000
213	32.000000
214	60.000000
215	34.000000
216	52.000000
217	23.000000
218	17.000000
219	69.000000
220	90.000000
221	14.000000
222	20.000000
223	90.000000
224	46.000000
225	65.000000
226	53.000000
227	80.000000
228	36.000000
229	14.000000
230	87.000000
231	13.000000
232	12.000000
233	31.000000
234	11.000000
235	8.000000
236	24.000000
237	2.000000
238	9.000000
239	32.000000
240	46.000000
241	1.000000
242	77.000000
243	94.000000
244	10.000000
245	6.000000
246	25.000000
247	75.000000
248	97.000000
249	61.000000
250	40.000000
251	1.000000
252	82.000000
253	17.000000
254	20.000000
255	91.000000
256	42.000000
257	22.000000
258	96.000000
259	5.000000
260	24.000000
261	59.000000
262	17.000000
263	90.000000
264	1.000000
265	51.000000
266	69.000000
267	45.000000
268	27.000000
269	82.000000
270	70.000000
271	12.000000
272	10.000000
273	19.000000
274	48.000000
275	25.000000
276	11.000000
277	86.000000
278	5.000000
279	13.000000
280	18.000000
281	70.000000
282	64.000000
283	77.000000
284	99.000000
285	61.000000
286	84.000000
287	45.000000
288	97.000000
289	85.000000
290	1.000000
291	33.000000
292	5.000000
293	11.000000
294	95.000000
295	49.000000
296	36.000000
297	86.000000
298	4.000000
299	47.000000
300	15.000000
301	14.000000
302	60.000000
303	73.000000
304	71.000000
305	64.000000
306	69.000000
307	94.000000
308	67.000000
309	18.000000
310	43.000000
311	70.000000
312	78.000000
313	97.000000
314	63.000000
315	53.000000
316	65.000000
317	92.000000
318	30.000000
319	60.000000
320	41.000000
321	56.000000
322	98.000000
323	26.000000
324	42.000000
325	48.000000
326	14.000000
327	92.000000
328	8.000000
329	22.000000
330	94.000000
331	1.000000
332	43.000000
333	2.000000
334	21.000000
335	66.000000
336	30.000000
337	8.000000
338	71.000000
339	65.000000
340	1.000000
341	59.000000
342	51.000000
343	78.000000
344	9.000000
345	67.000000
346	96.000000
347	5.000000
348	93.000000
349	73.000000
350	57.000000
351	83.000000
352	95.000000
353	95.000000
354	88.000000
355	11.000000
356	3.000000
357	7.000000
358	23.000000
359	7.000000
360	25.000000
361	60.000000
362	12.000000
363	6.000000
364	87.000000
365	41.000000
366	64.000000
367	89.000000
368	26.000000
369	48.000000
370	45.000000
371	69.000000
372	77.000000
373	24.000000
374	69.000000
375	91.000000
376	46.000000
377	45.000000
378	23.000000
379	4.000000
380	53.000000
381	27.000000
382	76.000000
383	30.000000
384	97.000000
385	74.000000
386	71.000000
387	64.000000
388	6.000000
389	58.000000
390	75.000000
391	93.000000
392	22.000000
393	22.000000
394	88.000000
395	10.000000
396	40.000000
397	28.000000
398	43.000000
399	91.000000
400	4.000000
401	25.000000
402	89.000000
403	3.000000
404	16.000000
405	7.000000
406	20.000000
407	59.000000
408	14.000000
409	64.000000
410	50.000000
411	94.000000
412	25.000000
413	75.000000
414	47.000000
415	64.000000
416	30.000000
417	18.000000
418	13.000000
419	7.000000
420	93.000000
421	35.000000
422	57.000000
423	88.000000
424	77.000000
425	57.000000
426	37.000000
427	85.000000
428	77.000000
429	2.000000
430	49.000000
431	85.000000
432	44.000000
433	93.000000
434	46.000000
435	70.000000
436	29.000000
437	61.000000
438	61.000000
439	58.000000
440	70.000000
441	64.000000
442	92.000000
443	91.000000
444	11.000000
445	63.000000
446	30.000000
447	60.000000
448	81.000000
449	5.000000
450	31.000000
451	38.000000
452	83.000000
453	57.000000
454	93.000000
455	22.000000
456	79.000000
457	9.000000
458	79.000000
459	94.000000
460	27.000000
461	24.000000
462	72.000000
463	36.000000
464	5.000000
465	77.000000
466	89.000000
467	74.000000
468	84.000000
469	64.000000
470	39.000000
471	33.000000
472	22.000000
473	54.000000
474	87.000000
475	67.000000
476	23.000000
477	60.000000
478	8.000000
479	14.000000
480	47.000000
481	33.000000
482	12.000000
483	60.000000
484	66.000000
485	18.000000
486	92.000000
487	50.000000
488	1.000000
489	47.000000
490	8.000000
491	68.000000
492	65.000000
493	4.000000
494	32.000000
495	78.000000
496	85.000000
497	84.000000
498	76.000000
499	75.000000
500	25.000000
;

param: U :=
1	100.000000
2	100.000000
3	100.000000
4	100.000000
5	100.000000
6	100.000000
7	100.000000
8	100.000000
9	100.000000
10	100.000000
11	100.000000
12	100.000000
13	100.000000
14	100.000000
15	100.000000
16	100.000000
17	100.000000
18	100.000000
19	100.000000
20	100.000000
21	100.000000
22	100.000000
23	100.000000
24	100.000000
25	100.000000
26	100.000000
27	100.000000
28	100.000000
29	100.000000
30	100.000000
31	100.000000
32	100.000000
33	100.000000
34	100.000000
35	100.000000
36	100.000000
37	100.000000
38	100.000000
39	100.000000
40	100.000000
41	100.000000
42	100.000000
43	100.000000
44	100.000000
45	100.000000
46	100.000000
47	100.000000
48	100.000000
49	100.000000
50	100.000000
51	100.000000
52	100.000000
53	100.000000
54	100.000000
55	100.000000
56	100.000000
57	100.000000
58	100.000000
59	100.000000
60	100.000000
61	100.000000
62	100.000000
63	100.000000
64	100.000000
65	100.000000
66	100.000000
67	100.000000
68	100.000000
69	100.000000
70	100.000000
71	100.000000
72	100.000000
73	100.000000
74	100.000000
75	100.000000
76	100.000000
77	100.000000
78	100.000000
79	100.000000
80	100.000000
81	100.000000
82	100.000000
83	100.000000
84	100.000000
85	100.000000
86	100.000000
87	100.000000
88	100.000000
89	100.000000
90	100.000000
91	100.000000
92	100.000000
93	100.000000
94	100.000000
95	100.000000
96	100.000000
97	100.000000
98	100.000000
99	100.000000
100	100.000000
101	100.000000
102	100.000000
103	100.000000
104	100.000000
105	100.000000
106	100.000000
107	100.000000
108	100.000000
109	100.000000
110	100.000000
111	100.000000
112	100.000000
113	100.000000
114	100.000000
115	100.000000
116	100.000000
117	100.000000
118	100.000000
119	100.000000
120	100.000000
121	100.000000
122	100.000000
123	100.000000
124	100.000000
125	100.000000
126	100.000000
127	100.000000
128	100.000000
129	100.000000
130	100.000000
131	100.000000
132	100.000000
133	100.000000
134	100.000000
135	100.000000
136	100.000000
137	100.000000
138	100.000000
139	100.000000
140	100.000000
141	100.000000
142	100.000000
143	100.000000
144	100.000000
145	100.000000
146	100.000000
147	100.000000
148	100.000000
149	100.000000
150	100.000000
151	100.000000
152	100.000000
153	100.000000
154	100.000000
155	100.000000
156	100.000000
157	100.000000
158	100.000000
159	100.000000
160	100.000000
161	100.000000
162	100.000000
163	100.000000
164	100.000000
165	100.000000
166	100.000000
167	100.000000
168	100.000000
169	100.000000
170	100.000000
171	100.000000
172	100.000000
173	100.000000
174	100.000000
175	100.000000
176	100.000000
177	100.000000
178	100.000000
179	100.000000
180	100.000000
181	100.000000
182	100.000000
183	100.000000
184	100.000000
185	100.000000
186	100.000000
187	100.000000
188	100.000000
189	100.000000
190	100.000000
191	100.000000
192	100.000000
193	100.000000
194	100.000000
195	100.000000
196	100.000000
197	100.000000
198	100.000000
199	100.000000
200	100.000000
201	100.000000
202	100.000000
203	100.000000
204	100.000000
205	100.000000
206	100.000000
207	100.000000
208	100.000000
209	100.000000
210	100.000000
211	100.000000
212	100.000000
213	100.000000
214	100.000000
215	100.000000
216	100.000000
217	100.000000
218	100.000000
219	100.000000
220	100.000000
221	100.000000
222	100.000000
223	100.000000
224	100.000000
225	100.000000
226	100.000000
227	100.000000
228	100.000000
229	100.000000
230	100.000000
231	100.000000
232	100.000000
233	100.000000
234	100.000000
235	100.000000
236	100.000000
237	100.000000
238	100.000000
239	100.000000
240	100.000000
241	100.000000
242	100.000000
243	100.000000
244	100.000000
245	100.000000
246	100.000000
247	100.000000
248	100.000000
249	100.000000
250	100.000000
251	100.000000
252	100.000000
253	100.000000
254	100.000000
255	100.000000
256	100.000000
257	100.000000
258	100.000000
259	100.000000
260	100.000000
261	100.000000
262	100.000000
263	100.000000
264	100.000000
265	100.000000
266	100.000000
267	100.000000
268	100.000000
269	100.000000
270	100.000000
271	100.000000
272	100.000000
273	100.000000
274	100.000000
275	100.000000
276	100.000000
277	100.000000
278	100.000000
279	100.000000
280	100.000000
281	100.000000
282	100.000000
283	100.000000
284	100.000000
285	100.000000
286	100.000000
287	100.000000
288	100.000000
289	100.000000
290	100.000000
291	100.000000
292	100.000000
293	100.000000
294	100.000000
295	100.000000
296	100.000000
297	100.000000
298	100.000000
299	100.000000
300	100.000000
301	100.000000
302	100.000000
303	100.000000
304	100.000000
305	100.000000
306	100.000000
307	100.000000
308	100.000000
309	100.000000
310	100.000000
311	100.000000
312	100.000000
313	100.000000
314	100.000000
315	100.000000
316	100.000000
317	100.000000
318	100.000000
319	100.000000
320	100.000000
321	100.000000
322	100.000000
323	100.000000
324	100.000000
325	100.000000
326	100.000000
327	100.000000
328	100.000000
329	100.000000
330	100.000000
331	100.000000
332	100.000000
333	100.000000
334	100.000000
335	100.000000
336	100.000000
337	100.000000
338	100.000000
339	100.000000
340	100.000000
341	100.000000
342	100.000000
343	100.000000
344	100.000000
345	100.000000
346	100.000000
347	100.000000
348	100.000000
349	100.000000
350	100.000000
351	100.000000
352	100.000000
353	100.000000
354	100.000000
355	100.000000
356	100.000000
357	100.000000
358	100.000000
359	100.000000
360	100.000000
361	100.000000
362	100.000000
363	100.000000
364	100.000000
365	100.000000
366	100.000000
367	100.000000
368	100.000000
369	100.000000
370	100.000000
371	100.000000
372	100.000000
373	100.000000
374	100.000000
375	100.000000
376	100.000000
377	100.000000
378	100.000000
379	100.000000
380	100.000000
381	100.000000
382	100.000000
383	100.000000
384	100.000000
385	100.000000
386	100.000000
387	100.000000
388	100.000000
389	100.000000
390	100.000000
391	100.000000
392	100.000000
393	100.000000
394	100.000000
395	100.000000
396	100.000000
397	100.000000
398	100.000000
399	100.000000
400	100.000000
401	100.000000
402	100.000000
403	100.000000
404	100.000000
405	100.000000
406	100.000000
407	100.000000
408	100.000000
409	100.000000
410	100.000000
411	100.000000
412	100.000000
413	100.000000
414	100.000000
415	100.000000
416	100.000000
417	100.000000
418	100.000000
419	100.000000
420	100.000000
421	100.000000
422	100.000000
423	100.000000
424	100.000000
425	100.000000
426	100.000000
427	100.000000
428	100.000000
429	100.000000
430	100.000000
431	100.000000
432	100.000000
433	100.000000
434	100.000000
435	100.000000
436	100.000000
437	100.000000
438	100.000000
439	100.000000
440	100.000000
441	100.000000
442	100.000000
443	100.000000
444	100.000000
445	100.000000
446	100.000000
447	100.000000
448	100.000000
449	100.000000
450	100.000000
451	100.000000
452	100.000000
453	100.000000
454	100.000000
455	100.000000
456	100.000000
457	100.000000
458	100.000000
459	100.000000
460	100.000000
461	100.000000
462	100.000000
463	100.000000
464	100.000000
465	100.000000
466	100.000000
467	100.000000
468	100.000000
469	100.000000
470	100.000000
471	100.000000
472	100.000000
473	100.000000
474	100.000000
475	100.000000
476	100.000000
477	100.000000
478	100.000000
479	100.000000
480	100.000000
481	100.000000
482	100.000000
483	100.000000
484	100.000000
485	100.000000
486	100.000000
487	100.000000
488	100.000000
489	100.000000
490	100.000000
491	100.000000
492	100.000000
493	100.000000
494	100.000000
495	100.000000
496	100.000000
497	100.000000
498	100.000000
499	100.000000
500	100.000000
;

