# seed = 1254829604

param N := 500;

param M := 10;

param Umax := 100.000000;

param: C :=
1	1148387.000000
2	2909.000000
3	91.000000
4	68920.000000
5	301.000000
6	712.000000
7	2597.000000
8	126.000000
9	27.000000
10	80.000000
;

param: a :=
1	0.182476
2	0.174769
3	0.141750
4	0.103424
5	0.142940
6	0.190815
7	0.139652
8	0.189060
9	0.119619
10	0.149223
11	0.143200
12	0.165368
13	0.108168
14	0.101879
15	0.181008
16	0.189860
17	0.189964
18	0.185548
19	0.198894
20	0.110028
21	0.139946
22	0.181490
23	0.156433
24	0.112483
25	0.180745
26	0.138437
27	0.189918
28	0.197029
29	0.129088
30	0.110401
31	0.160620
32	0.168449
33	0.139033
34	0.194285
35	0.128911
36	0.149283
37	0.192956
38	0.124292
39	0.133627
40	0.104409
41	0.153826
42	0.193697
43	0.166339
44	0.111506
45	0.102602
46	0.163970
47	0.140929
48	0.159169
49	0.165059
50	0.173091
51	0.122350
52	0.130672
53	0.189640
54	0.167758
55	0.116287
56	0.197924
57	0.189021
58	0.184672
59	0.126550
60	0.176117
61	0.139116
62	0.151255
63	0.191455
64	0.179517
65	0.144006
66	0.191924
67	0.100341
68	0.198981
69	0.101417
70	0.135346
71	0.184024
72	0.185579
73	0.129656
74	0.105563
75	0.155065
76	0.184439
77	0.174204
78	0.192750
79	0.123348
80	0.168862
81	0.109026
82	0.180595
83	0.151586
84	0.140984
85	0.147267
86	0.179901
87	0.183460
88	0.155919
89	0.131900
90	0.184007
91	0.153715
92	0.192677
93	0.115904
94	0.189806
95	0.192472
96	0.197434
97	0.146153
98	0.149180
99	0.164496
100	0.128255
101	0.143642
102	0.157050
103	0.196226
104	0.129043
105	0.156764
106	0.176712
107	0.184992
108	0.134603
109	0.174845
110	0.124358
111	0.130495
112	0.151569
113	0.130052
114	0.183855
115	0.102766
116	0.131464
117	0.183199
118	0.191840
119	0.123420
120	0.197907
121	0.199123
122	0.170635
123	0.126208
124	0.124820
125	0.134282
126	0.128140
127	0.158628
128	0.183802
129	0.130251
130	0.192292
131	0.102295
132	0.115092
133	0.110285
134	0.134832
135	0.190448
136	0.117096
137	0.186898
138	0.108310
139	0.103875
140	0.130342
141	0.103103
142	0.159785
143	0.195613
144	0.130114
145	0.153587
146	0.191354
147	0.155113
148	0.140734
149	0.184192
150	0.111943
151	0.158254
152	0.153260
153	0.102221
154	0.156748
155	0.152565
156	0.118239
157	0.156417
158	0.138844
159	0.150080
160	0.128530
161	0.145912
162	0.157073
163	0.166164
164	0.138659
165	0.140289
166	0.161936
167	0.189895
168	0.132661
169	0.191000
170	0.161218
171	0.188042
172	0.137797
173	0.165094
174	0.122894
175	0.102748
176	0.112806
177	0.162541
178	0.165392
179	0.103428
180	0.185192
181	0.166111
182	0.131149
183	0.158282
184	0.172573
185	0.189590
186	0.163277
187	0.122421
188	0.185711
189	0.196708
190	0.140953
191	0.132610
192	0.122624
193	0.171936
194	0.145713
195	0.129133
196	0.132187
197	0.154051
198	0.171739
199	0.144284
200	0.170273
201	0.121187
202	0.144429
203	0.158500
204	0.110266
205	0.150696
206	0.179619
207	0.173058
208	0.110269
209	0.111879
210	0.168888
211	0.146656
212	0.150743
213	0.104881
214	0.108967
215	0.110753
216	0.138317
217	0.182973
218	0.131091
219	0.155402
220	0.198685
221	0.147792
222	0.192245
223	0.119513
224	0.144590
225	0.106535
226	0.128507
227	0.198621
228	0.107779
229	0.130790
230	0.118992
231	0.131072
232	0.151933
233	0.189521
234	0.171067
235	0.116529
236	0.176673
237	0.127582
238	0.117218
239	0.184835
240	0.192233
241	0.172602
242	0.140774
243	0.120581
244	0.116209
245	0.147317
246	0.165029
247	0.134035
248	0.174101
249	0.142496
250	0.131217
251	0.161781
252	0.195507
253	0.121213
254	0.169447
255	0.114139
256	0.101156
257	0.191479
258	0.105433
259	0.142980
260	0.169979
261	0.100993
262	0.133768
263	0.148694
264	0.105196
265	0.139764
266	0.198450
267	0.144002
268	0.187938
269	0.126413
270	0.155069
271	0.150803
272	0.139894
273	0.144558
274	0.168598
275	0.144953
276	0.175035
277	0.191670
278	0.153153
279	0.195399
280	0.153646
281	0.146850
282	0.132232
283	0.149262
284	0.197251
285	0.159495
286	0.151952
287	0.118389
288	0.143966
289	0.166809
290	0.180878
291	0.126018
292	0.131048
293	0.180351
294	0.168721
295	0.189350
296	0.186257
297	0.187468
298	0.135219
299	0.164048
300	0.161066
301	0.111876
302	0.192499
303	0.152101
304	0.117814
305	0.153679
306	0.174904
307	0.156693
308	0.197432
309	0.118726
310	0.151927
311	0.187678
312	0.174883
313	0.157887
314	0.170842
315	0.118092
316	0.165047
317	0.105492
318	0.164511
319	0.121922
320	0.130182
321	0.121982
322	0.195782
323	0.111324
324	0.165957
325	0.166381
326	0.112662
327	0.116035
328	0.195217
329	0.183028
330	0.186454
331	0.135458
332	0.134300
333	0.161764
334	0.160782
335	0.111199
336	0.148149
337	0.180612
338	0.132064
339	0.186184
340	0.151014
341	0.168896
342	0.192910
343	0.114161
344	0.144819
345	0.138312
346	0.101393
347	0.144696
348	0.154868
349	0.151131
350	0.134228
351	0.116173
352	0.128129
353	0.176637
354	0.178944
355	0.182119
356	0.188163
357	0.171355
358	0.160855
359	0.171211
360	0.118508
361	0.104832
362	0.157045
363	0.134544
364	0.188276
365	0.115246
366	0.133201
367	0.187203
368	0.198994
369	0.130239
370	0.115387
371	0.127003
372	0.196571
373	0.177070
374	0.131332
375	0.162626
376	0.183076
377	0.125300
378	0.160487
379	0.138964
380	0.195298
381	0.175037
382	0.162993
383	0.113489
384	0.102066
385	0.151294
386	0.183392
387	0.141709
388	0.112268
389	0.134809
390	0.154388
391	0.100657
392	0.144793
393	0.144394
394	0.127345
395	0.156581
396	0.188428
397	0.144922
398	0.172196
399	0.107670
400	0.107673
401	0.170895
402	0.145443
403	0.159092
404	0.193392
405	0.125351
406	0.104669
407	0.151542
408	0.171923
409	0.161772
410	0.142332
411	0.123662
412	0.142115
413	0.170445
414	0.114974
415	0.129106
416	0.176813
417	0.174183
418	0.109229
419	0.130737
420	0.177278
421	0.175456
422	0.115122
423	0.179259
424	0.122222
425	0.123957
426	0.134212
427	0.139202
428	0.100801
429	0.167751
430	0.193396
431	0.150917
432	0.103440
433	0.145018
434	0.158348
435	0.168453
436	0.170670
437	0.112882
438	0.106761
439	0.168236
440	0.187866
441	0.178186
442	0.122392
443	0.139224
444	0.156562
445	0.118977
446	0.127222
447	0.166292
448	0.174753
449	0.180728
450	0.173402
451	0.181956
452	0.180173
453	0.122738
454	0.188254
455	0.145818
456	0.116582
457	0.108919
458	0.146917
459	0.163274
460	0.108995
461	0.127770
462	0.159103
463	0.108533
464	0.165479
465	0.162908
466	0.125265
467	0.193788
468	0.149853
469	0.153786
470	0.102134
471	0.114971
472	0.175736
473	0.184042
474	0.119372
475	0.196754
476	0.194950
477	0.142921
478	0.188257
479	0.170886
480	0.171269
481	0.131132
482	0.118635
483	0.145882
484	0.103475
485	0.100172
486	0.153192
487	0.171349
488	0.149206
489	0.130519
490	0.142399
491	0.128892
492	0.130094
493	0.158703
494	0.159048
495	0.145492
496	0.197049
497	0.154283
498	0.152133
499	0.157321
500	0.115284
;

param: b :=
1	61.398464
2	73.609829
3	9.665035
4	83.856979
5	45.546173
6	41.670563
7	6.700884
8	85.434755
9	13.701214
10	3.068462
11	88.871543
12	64.210530
13	50.911943
14	48.271649
15	1.851568
16	73.891626
17	72.852465
18	86.278391
19	12.239548
20	95.909766
21	38.048563
22	63.729925
23	76.017879
24	50.675033
25	21.835610
26	39.222846
27	98.106215
28	51.401483
29	90.071274
30	7.805761
31	74.351951
32	66.042646
33	70.142473
34	70.374035
35	59.080322
36	52.785457
37	15.776136
38	13.988065
39	6.094200
40	50.221655
41	24.776307
42	97.192291
43	48.862603
44	11.375291
45	54.557851
46	71.366860
47	67.608094
48	73.920202
49	45.454072
50	44.689779
51	84.083304
52	70.850092
53	32.317235
54	40.817019
55	45.527051
56	68.066870
57	64.186680
58	39.871415
59	96.719172
60	46.548883
61	78.864363
62	2.426575
63	63.675677
64	9.757706
65	47.984471
66	83.699249
67	50.224115
68	24.140273
69	32.343479
70	89.384594
71	92.097387
72	89.504176
73	59.243654
74	53.778051
75	64.132920
76	52.881254
77	35.650839
78	18.586339
79	5.784636
80	79.746367
81	80.195753
82	20.475593
83	18.184028
84	37.406194
85	87.067686
86	52.861042
87	3.286500
88	70.650799
89	58.117493
90	80.637833
91	1.051516
92	52.936006
93	17.134672
94	30.011168
95	81.504179
96	9.293278
97	91.328849
98	70.255889
99	2.996342
100	4.784857
101	98.567837
102	35.737032
103	4.999091
104	9.535465
105	10.839358
106	6.084813
107	27.454270
108	77.935376
109	63.976731
110	68.568311
111	33.956642
112	6.831520
113	67.164980
114	75.403924
115	60.194221
116	68.905003
117	95.825945
118	60.519064
119	39.763080
120	25.372384
121	66.658676
122	37.717872
123	22.121047
124	98.101572
125	81.016364
126	42.045443
127	83.229872
128	0.178237
129	90.119726
130	53.945301
131	18.163646
132	78.010827
133	21.626074
134	66.683334
135	92.285010
136	43.961849
137	13.874640
138	94.547605
139	22.942671
140	84.054867
141	72.137470
142	40.914612
143	22.037943
144	49.929926
145	75.745876
146	63.100559
147	66.964951
148	53.271206
149	4.116217
150	80.674295
151	61.571329
152	35.137877
153	17.395880
154	59.882523
155	72.637265
156	74.957986
157	72.158681
158	37.967992
159	98.495664
160	72.792546
161	45.248722
162	36.653011
163	17.361176
164	49.521370
165	39.819134
166	86.465546
167	85.374151
168	80.842832
169	82.046692
170	52.375281
171	41.543539
172	94.269332
173	56.348297
174	22.152823
175	54.335068
176	23.114212
177	43.093696
178	82.272094
179	16.430844
180	45.427330
181	48.902033
182	98.999748
183	14.116950
184	89.586668
185	45.697414
186	79.856169
187	57.462985
188	16.668081
189	77.905387
190	66.425868
191	71.405847
192	53.241665
193	58.702596
194	32.558033
195	85.076697
196	52.446885
197	56.483853
198	31.067257
199	89.599795
200	92.053795
201	60.295923
202	83.460434
203	43.835952
204	35.907876
205	54.240849
206	47.020283
207	69.811226
208	82.987006
209	93.006413
210	85.963505
211	2.930380
212	69.446802
213	16.436475
214	53.628356
215	25.391768
216	96.248681
217	78.055973
218	83.876523
219	62.670078
220	52.251497
221	47.419800
222	67.249772
223	62.269525
224	2.017703
225	37.321676
226	48.911215
227	35.956761
228	82.021851
229	98.320878
230	52.085279
231	4.805890
232	82.055707
233	83.411576
234	30.296919
235	33.996250
236	59.109306
237	79.010105
238	50.842248
239	10.681842
240	62.078860
241	63.972885
242	56.701206
243	61.933303
244	99.985344
245	15.658625
246	58.594186
247	1.127829
248	74.090146
249	57.881667
250	42.354464
251	90.219397
252	58.637393
253	98.291660
254	65.324279
255	49.800273
256	15.730581
257	3.570546
258	75.822478
259	41.820348
260	0.717537
261	89.816785
262	62.655965
263	43.546927
264	2.978250
265	3.992580
266	48.113867
267	97.810691
268	35.591732
269	26.692944
270	39.625085
271	94.517615
272	14.658819
273	19.876872
274	46.104182
275	16.977441
276	31.228790
277	53.054334
278	36.193591
279	18.476350
280	73.283551
281	55.891074
282	72.681373
283	14.933574
284	82.914761
285	76.571419
286	45.086161
287	21.548000
288	31.446928
289	56.507957
290	92.046885
291	87.800290
292	53.280299
293	3.977700
294	36.233389
295	27.405416
296	39.872788
297	81.460848
298	68.307626
299	39.896774
300	82.295286
301	85.055847
302	98.121121
303	94.215611
304	43.298109
305	17.931035
306	72.619679
307	55.177716
308	19.488879
309	33.456447
310	71.563909
311	5.388613
312	5.321938
313	45.376887
314	8.699821
315	54.730880
316	90.470756
317	37.558764
318	23.753598
319	11.959147
320	96.564990
321	40.129317
322	10.540779
323	81.319232
324	23.403865
325	61.177680
326	54.377073
327	66.571493
328	99.117878
329	75.685065
330	46.965984
331	6.777314
332	37.555971
333	33.800452
334	73.524875
335	66.415440
336	53.917037
337	41.589201
338	62.311474
339	79.177854
340	95.682968
341	98.467031
342	30.616166
343	67.912024
344	47.315675
345	35.041848
346	3.202535
347	1.300079
348	83.092651
349	88.876475
350	74.286062
351	30.775133
352	61.473440
353	38.450919
354	20.442195
355	44.458530
356	54.651977
357	55.780020
358	57.669571
359	23.658191
360	45.332681
361	12.353405
362	77.028855
363	76.611611
364	73.289405
365	36.821029
366	23.629497
367	47.708373
368	27.366284
369	20.967879
370	90.930601
371	94.455158
372	4.172894
373	32.315316
374	42.281690
375	75.174711
376	87.246636
377	16.770647
378	15.232941
379	60.762562
380	65.053456
381	87.927003
382	7.785541
383	57.053457
384	34.886892
385	32.945437
386	39.253274
387	4.760130
388	89.866294
389	72.791041
390	51.199259
391	96.630964
392	63.391717
393	18.222583
394	9.143962
395	99.409478
396	89.642365
397	71.163127
398	67.841333
399	96.429839
400	32.890244
401	99.216319
402	0.560015
403	90.106824
404	62.898281
405	15.615925
406	95.601116
407	78.013922
408	93.885183
409	55.127479
410	97.392191
411	48.679424
412	39.695080
413	47.708575
414	79.820057
415	67.451654
416	0.614048
417	9.202131
418	37.252362
419	11.883041
420	70.538183
421	96.420412
422	83.251684
423	58.149122
424	61.110358
425	36.881704
426	82.363284
427	9.268211
428	97.994014
429	35.376920
430	67.967128
431	7.891677
432	99.560233
433	5.626578
434	91.916980
435	25.057990
436	1.958182
437	69.954485
438	27.316072
439	47.118169
440	69.224184
441	42.811221
442	32.267096
443	74.044853
444	39.769092
445	59.660741
446	6.209756
447	35.558890
448	40.273741
449	67.309134
450	58.549832
451	17.616550
452	98.165852
453	86.226140
454	20.870559
455	98.406136
456	94.700817
457	38.624972
458	98.727211
459	11.826359
460	42.625599
461	99.193747
462	60.616500
463	26.965670
464	66.407157
465	36.487599
466	76.790418
467	31.849929
468	11.600759
469	73.579310
470	75.175458
471	9.289348
472	7.558112
473	3.008546
474	63.255026
475	9.659349
476	55.501432
477	69.397117
478	3.533524
479	26.174002
480	33.746455
481	35.129882
482	27.962233
483	56.086341
484	45.309921
485	33.608937
486	87.202829
487	87.155881
488	89.262929
489	39.086610
490	85.778991
491	29.987852
492	95.699973
493	83.172455
494	68.617078
495	37.697700
496	46.406403
497	67.390149
498	66.487269
499	43.960567
500	55.248729
;

param: c :=
1	71.013716
2	82.891547
3	80.025164
4	96.709116
5	30.195447
6	45.891559
7	51.043438
8	80.353073
9	43.660879
10	39.792466
11	30.945965
12	18.523447
13	95.136217
14	47.012392
15	33.924198
16	4.564227
17	8.694797
18	10.458756
19	48.450299
20	19.723057
21	79.993868
22	36.609303
23	66.234541
24	83.206254
25	66.985708
26	11.775682
27	34.311738
28	35.706378
29	13.473222
30	5.873661
31	52.582893
32	42.769708
33	22.309035
34	91.455806
35	94.084027
36	62.209079
37	20.744749
38	9.424311
39	64.355029
40	49.812856
41	39.293845
42	19.946135
43	68.124743
44	8.389922
45	84.530809
46	60.715673
47	92.008326
48	12.710021
49	78.689046
50	43.913044
51	20.178349
52	22.407671
53	52.240671
54	86.460478
55	65.386230
56	23.400201
57	33.631000
58	41.917234
59	63.576690
60	19.184205
61	72.544356
62	41.907200
63	8.450283
64	12.746140
65	13.556360
66	73.323836
67	25.141055
68	57.153283
69	62.470928
70	67.187081
71	58.803725
72	83.378920
73	50.836043
74	56.269423
75	27.010115
76	63.384682
77	93.070434
78	22.735644
79	36.732506
80	14.359354
81	6.595321
82	50.612609
83	7.753002
84	69.778028
85	19.319855
86	40.997668
87	58.187874
88	59.798197
89	32.814919
90	40.179776
91	31.425633
92	37.911944
93	50.483017
94	77.840861
95	94.660498
96	1.795374
97	64.129431
98	17.299704
99	21.065163
100	7.099449
101	35.892854
102	33.147786
103	64.679736
104	52.833934
105	99.624084
106	30.603452
107	10.748736
108	1.494254
109	41.780237
110	33.867327
111	25.750806
112	17.871044
113	18.097604
114	65.985337
115	7.131686
116	68.287408
117	80.053862
118	32.776618
119	9.856896
120	55.967684
121	70.915685
122	80.110399
123	98.874693
124	91.589773
125	47.575790
126	47.906306
127	72.596313
128	27.202067
129	61.221473
130	94.482779
131	92.558076
132	4.347675
133	45.347932
134	51.347766
135	20.715168
136	75.355820
137	46.007452
138	41.756746
139	79.171983
140	72.507629
141	38.374072
142	67.768985
143	66.368405
144	96.041155
145	85.529956
146	9.023482
147	16.927307
148	31.697801
149	10.449559
150	95.666385
151	28.291240
152	57.430935
153	65.964708
154	64.153701
155	72.502168
156	3.871532
157	44.513579
158	51.080184
159	17.647209
160	77.526266
161	33.875510
162	83.221585
163	22.716703
164	40.037305
165	44.291925
166	28.656330
167	24.397673
168	40.441546
169	59.148287
170	42.245478
171	81.933608
172	85.944928
173	19.105418
174	60.961214
175	20.082372
176	20.426620
177	65.912656
178	69.696693
179	5.074113
180	28.075217
181	63.097897
182	33.912857
183	97.145401
184	40.863746
185	57.354476
186	13.658120
187	74.911910
188	42.656000
189	82.360887
190	91.686685
191	54.392736
192	45.925690
193	2.056738
194	60.889522
195	30.086833
196	45.355671
197	5.669016
198	99.690313
199	26.051499
200	69.005305
201	65.499484
202	24.237153
203	63.817823
204	83.346939
205	43.171899
206	92.635449
207	38.478668
208	4.545243
209	16.607917
210	93.083628
211	50.161137
212	26.698005
213	87.882503
214	37.981201
215	81.140860
216	87.052308
217	51.413599
218	37.330405
219	43.691238
220	59.657854
221	91.155819
222	71.029563
223	76.705985
224	79.279782
225	22.477109
226	32.857357
227	32.997650
228	32.139694
229	23.588306
230	71.264962
231	71.326948
232	3.942888
233	6.176929
234	55.210655
235	7.425892
236	93.577219
237	62.186543
238	14.614913
239	19.043989
240	63.497148
241	99.281654
242	63.199934
243	83.649424
244	11.684990
245	31.828289
246	68.749495
247	70.010520
248	37.857090
249	70.374261
250	40.634139
251	88.836633
252	15.174976
253	88.290889
254	5.698358
255	60.507026
256	18.300570
257	48.851972
258	55.816814
259	38.370900
260	98.367758
261	57.821673
262	90.060943
263	8.016470
264	99.684615
265	65.406335
266	35.980880
267	13.608122
268	21.966799
269	31.207008
270	27.216682
271	4.630369
272	20.766238
273	9.287083
274	57.292557
275	50.796552
276	91.031720
277	80.500166
278	83.922158
279	31.945055
280	22.746229
281	80.825710
282	63.279509
283	27.987373
284	47.427044
285	75.309886
286	54.540603
287	11.915671
288	91.875763
289	69.644566
290	69.184943
291	49.791172
292	24.326732
293	49.526462
294	34.639210
295	99.987244
296	14.248475
297	55.978141
298	36.069511
299	57.874153
300	68.397163
301	70.297316
302	83.923404
303	35.024338
304	99.782638
305	42.740328
306	13.800756
307	53.381172
308	65.162531
309	20.451872
310	84.833953
311	43.378005
312	89.561537
313	3.800919
314	91.855740
315	23.511460
316	80.045147
317	47.568892
318	73.298538
319	57.814716
320	31.927001
321	87.300730
322	69.143946
323	97.980801
324	53.942953
325	89.435298
326	83.465330
327	16.543706
328	22.605747
329	56.264225
330	57.982045
331	47.399602
332	85.349885
333	48.716943
334	36.254239
335	13.570780
336	94.390007
337	1.090884
338	4.038665
339	13.877198
340	31.010709
341	45.486065
342	19.847526
343	78.336373
344	58.235030
345	43.907110
346	65.625873
347	88.937365
348	14.383450
349	38.304771
350	51.444130
351	58.185642
352	86.166642
353	95.177173
354	11.726133
355	84.034049
356	48.211586
357	77.890466
358	77.333956
359	89.874910
360	9.674727
361	83.119119
362	87.429032
363	72.415509
364	63.822204
365	43.968812
366	48.541933
367	66.217427
368	13.603579
369	9.234124
370	6.692116
371	93.361610
372	23.205760
373	94.757339
374	30.003240
375	49.673083
376	68.759889
377	60.910757
378	91.915090
379	92.661052
380	46.331461
381	85.163810
382	47.033517
383	14.324097
384	90.948477
385	79.342234
386	31.720287
387	52.481527
388	37.255418
389	78.672738
390	82.077806
391	78.126079
392	79.839503
393	97.875314
394	34.962073
395	41.236929
396	99.741703
397	31.610080
398	14.554556
399	62.577113
400	2.449355
401	96.900332
402	24.112776
403	42.228790
404	80.996580
405	11.363932
406	54.051221
407	37.452401
408	90.706108
409	29.176487
410	8.727732
411	20.954301
412	32.208763
413	24.827681
414	90.036165
415	30.983123
416	68.844406
417	72.621786
418	83.922968
419	81.127437
420	99.600343
421	43.669719
422	55.316775
423	77.994122
424	90.538567
425	14.431595
426	62.984295
427	46.098280
428	98.959005
429	40.109476
430	48.368202
431	10.993809
432	95.339826
433	42.640668
434	86.492671
435	83.411683
436	38.770236
437	93.784107
438	34.863069
439	99.366867
440	30.151124
441	51.589168
442	53.331904
443	21.259309
444	25.237075
445	88.987737
446	39.761120
447	23.379174
448	29.423554
449	75.481107
450	40.086668
451	9.635787
452	42.170537
453	91.097745
454	44.381347
455	16.264492
456	58.943654
457	10.956551
458	7.734796
459	4.887195
460	78.814581
461	58.709492
462	15.193271
463	55.910208
464	44.247369
465	67.321386
466	33.484595
467	29.360312
468	36.500861
469	56.613398
470	59.476291
471	84.877005
472	53.875384
473	43.488030
474	67.106749
475	1.880373
476	94.531113
477	11.171705
478	59.247933
479	15.762665
480	2.831289
481	99.279055
482	43.999189
483	51.785149
484	87.417388
485	13.615977
486	81.729458
487	60.708116
488	48.130839
489	58.515092
490	41.449781
491	82.110831
492	33.124854
493	38.879383
494	43.063604
495	0.908751
496	5.780711
497	6.210600
498	5.597856
499	61.483014
500	31.988849
;

param: d :=
1	-99.957640
2	-51.438912
3	-57.765727
4	-17.668669
5	-12.018659
6	-75.775197
7	-89.334306
8	-28.048665
9	-0.355802
10	-54.068372
11	-26.604240
12	-88.740034
13	-40.788140
14	-17.767466
15	-75.330886
16	-70.347848
17	-79.090016
18	-95.928873
19	-5.969694
20	-42.959672
21	-26.129761
22	-13.946140
23	-34.872647
24	-77.058478
25	-70.805090
26	-41.839826
27	-30.088150
28	-66.361282
29	-4.677005
30	-6.392660
31	-72.394471
32	-19.775509
33	-26.655380
34	-70.008133
35	-57.615629
36	-44.843684
37	-54.460745
38	-32.938682
39	-44.063833
40	-4.134842
41	-52.090364
42	-44.093759
43	-12.916319
44	-79.069281
45	-33.042493
46	-86.217515
47	-19.776960
48	-20.884861
49	-66.816629
50	-18.519174
51	-93.119538
52	-8.611961
53	-18.351985
54	-19.531578
55	-5.024034
56	-58.162973
57	-90.800952
58	-92.920518
59	-21.209518
60	-37.422557
61	-95.497407
62	-25.345022
63	-74.914105
64	-78.565340
65	-92.417716
66	-88.892248
67	-27.114504
68	-59.111416
69	-90.132832
70	-51.908207
71	-2.419371
72	-41.097487
73	-45.203334
74	-37.283966
75	-82.464398
76	-48.373430
77	-66.992339
78	-23.870975
79	-25.816385
80	-74.868921
81	-63.963896
82	-56.019908
83	-55.343911
84	-36.279886
85	-16.000614
86	-5.739489
87	-9.944610
88	-93.468163
89	-60.346637
90	-46.215364
91	-26.965151
92	-66.325397
93	-25.908061
94	-50.396182
95	-74.713329
96	-62.386145
97	-22.421046
98	-12.907723
99	-85.020763
100	-93.903914
101	-61.697048
102	-41.154230
103	-39.644868
104	-53.656862
105	-22.170411
106	-16.188185
107	-79.115019
108	-32.248969
109	-60.475123
110	-22.807783
111	-69.880846
112	-17.827147
113	-59.199320
114	-14.650920
115	-55.453280
116	-34.669124
117	-91.050337
118	-90.288863
119	-58.482442
120	-36.107806
121	-93.745676
122	-61.077810
123	-93.738520
124	-42.403589
125	-55.861414
126	-15.892766
127	-70.456545
128	-36.087892
129	-70.874491
130	-16.118043
131	-50.128722
132	-37.001696
133	-17.118376
134	-37.965805
135	-48.330334
136	-88.420847
137	-20.544393
138	-87.342641
139	-50.777261
140	-18.310722
141	-76.181762
142	-64.859589
143	-58.379759
144	-28.128931
145	-67.240953
146	-36.138120
147	-6.513385
148	-91.496572
149	-49.440028
150	-92.015736
151	-56.216374
152	-37.716663
153	-80.851920
154	-11.554301
155	-36.985123
156	-86.094989
157	-15.291863
158	-3.725109
159	-83.955351
160	-7.316596
161	-81.585616
162	-39.055721
163	-89.322585
164	-10.260807
165	-42.064157
166	-60.538066
167	-76.229915
168	-84.117143
169	-86.283729
170	-98.745095
171	-67.666336
172	-33.546278
173	-10.508449
174	-36.664501
175	-38.103388
176	-44.948043
177	-55.525298
178	-48.663035
179	-77.466623
180	-53.846292
181	-13.806732
182	-48.424144
183	-75.805370
184	-57.730546
185	-5.336325
186	-8.647912
187	-14.481154
188	-80.376587
189	-6.146894
190	-18.183715
191	-10.035206
192	-63.718353
193	-53.152523
194	-11.631008
195	-88.505654
196	-76.126465
197	-91.556270
198	-82.335772
199	-53.659196
200	-68.837537
201	-48.726417
202	-10.215042
203	-35.830661
204	-90.043217
205	-23.252658
206	-51.375525
207	-61.442280
208	-65.493910
209	-24.302965
210	-47.765462
211	-10.172369
212	-56.621761
213	-56.640581
214	-86.487445
215	-72.638918
216	-68.599760
217	-66.866267
218	-42.210673
219	-56.715815
220	-63.333366
221	-71.066840
222	-20.703070
223	-29.073619
224	-18.080006
225	-49.774217
226	-11.835540
227	-10.222771
228	-21.191905
229	-92.504310
230	-1.728654
231	-46.450899
232	-15.209834
233	-77.481613
234	-96.793456
235	-59.882258
236	-52.061887
237	-1.090561
238	-78.838896
239	-8.987990
240	-52.556551
241	-19.971945
242	-65.649188
243	-17.232872
244	-69.176456
245	-33.638607
246	-71.474334
247	-66.683448
248	-62.698919
249	-73.854167
250	-57.098006
251	-6.391125
252	-35.743238
253	-8.776869
254	-92.696136
255	-15.486423
256	-58.210040
257	-19.684789
258	-79.392263
259	-68.729237
260	-24.322530
261	-38.499856
262	-47.931651
263	-2.454512
264	-38.987295
265	-21.865245
266	-3.182427
267	-98.176047
268	-22.000573
269	-65.570806
270	-45.246240
271	-83.790996
272	-24.125408
273	-41.834302
274	-9.435282
275	-23.840355
276	-97.748335
277	-3.700121
278	-26.081225
279	-95.314367
280	-89.061564
281	-2.353611
282	-76.735935
283	-70.237775
284	-18.827131
285	-8.559718
286	-25.301837
287	-0.785417
288	-92.754102
289	-5.203826
290	-71.694937
291	-98.671635
292	-14.411173
293	-7.733000
294	-39.403386
295	-41.005231
296	-44.557631
297	-62.740598
298	-40.454555
299	-86.425565
300	-4.294355
301	-88.136306
302	-93.252618
303	-91.920604
304	-46.116938
305	-88.446756
306	-56.698735
307	-73.010027
308	-18.644808
309	-46.249642
310	-48.290478
311	-69.582164
312	-11.315769
313	-88.731967
314	-63.995140
315	-61.456127
316	-50.118743
317	-51.129877
318	-45.927714
319	-74.277340
320	-77.962684
321	-54.506525
322	-24.172885
323	-41.106884
324	-60.744062
325	-75.804503
326	-55.410521
327	-96.664090
328	-35.639159
329	-18.991417
330	-59.603467
331	-75.106507
332	-82.234728
333	-21.692020
334	-16.612343
335	-32.536543
336	-93.868994
337	-71.988469
338	-82.586420
339	-65.098942
340	-12.732201
341	-17.532795
342	-12.699905
343	-84.748020
344	-51.142267
345	-47.811025
346	-67.596346
347	-9.817437
348	-25.284621
349	-70.533005
350	-7.536643
351	-39.919504
352	-6.245579
353	-34.425659
354	-6.672092
355	-79.576350
356	-60.393366
357	-70.458977
358	-52.978785
359	-33.611777
360	-69.765475
361	-11.133649
362	-94.743770
363	-87.565168
364	-34.390021
365	-94.878895
366	-57.123928
367	-29.678360
368	-13.576487
369	-97.345423
370	-20.791037
371	-29.028451
372	-54.887205
373	-56.712791
374	-55.064358
375	-28.140122
376	-10.232090
377	-81.337921
378	-16.307220
379	-66.278606
380	-74.698750
381	-75.290253
382	-68.247013
383	-25.600128
384	-6.018617
385	-56.044735
386	-70.276534
387	-73.126804
388	-40.698074
389	-50.867034
390	-54.663249
391	-20.000288
392	-23.486803
393	-3.124446
394	-35.399390
395	-64.745909
396	-29.494351
397	-76.951577
398	-47.964188
399	-94.454947
400	-57.365035
401	-87.867828
402	-54.815521
403	-9.298028
404	-92.053815
405	-12.071777
406	-92.881321
407	-51.557593
408	-3.964413
409	-95.999439
410	-76.671686
411	-64.974244
412	-3.833500
413	-92.102755
414	-94.320118
415	-41.717685
416	-14.459693
417	-4.862917
418	-58.561803
419	-44.435592
420	-32.685416
421	-93.560890
422	-16.033660
423	-48.119076
424	-93.855023
425	-94.915135
426	-66.187776
427	-17.127920
428	-43.882218
429	-54.254882
430	-16.065752
431	-34.651648
432	-33.575783
433	-8.884026
434	-42.693006
435	-91.437499
436	-80.962271
437	-76.123850
438	-97.899524
439	-89.123805
440	-25.641804
441	-38.402431
442	-38.837488
443	-66.991558
444	-8.574786
445	-81.655769
446	-42.626997
447	-82.118535
448	-71.915200
449	-98.012313
450	-1.360815
451	-29.056028
452	-80.066157
453	-53.882337
454	-82.322243
455	-78.701293
456	-43.331264
457	-81.445512
458	-10.912130
459	-45.628604
460	-46.623853
461	-55.965568
462	-81.953031
463	-80.510176
464	-26.786052
465	-32.204382
466	-95.920011
467	-47.502556
468	-34.953963
469	-90.303694
470	-53.619075
471	-17.707296
472	-90.779405
473	-86.597740
474	-44.126749
475	-46.632124
476	-45.574201
477	-72.202476
478	-57.867946
479	-85.625935
480	-61.624595
481	-66.987275
482	-86.834178
483	-42.946749
484	-37.277097
485	-84.065827
486	-43.976471
487	-29.371780
488	-6.794936
489	-17.695979
490	-70.183655
491	-57.492267
492	-88.176709
493	-80.588796
494	-92.821172
495	-95.992553
496	-61.501607
497	-63.606564
498	-14.742521
499	-3.799260
500	-41.652708
;

param: weight :=
1	38.000000
2	39.000000
3	6.000000
4	4.000000
5	35.000000
6	89.000000
7	7.000000
8	34.000000
9	56.000000
10	85.000000
11	77.000000
12	88.000000
13	61.000000
14	21.000000
15	2.000000
16	20.000000
17	46.000000
18	97.000000
19	71.000000
20	78.000000
21	63.000000
22	93.000000
23	96.000000
24	55.000000
25	16.000000
26	96.000000
27	72.000000
28	38.000000
29	55.000000
30	31.000000
31	4.000000
32	24.000000
33	40.000000
34	4.000000
35	54.000000
36	46.000000
37	43.000000
38	94.000000
39	79.000000
40	80.000000
41	67.000000
42	52.000000
43	94.000000
44	78.000000
45	11.000000
46	67.000000
47	16.000000
48	30.000000
49	33.000000
50	65.000000
51	51.000000
52	84.000000
53	13.000000
54	20.000000
55	78.000000
56	50.000000
57	71.000000
58	31.000000
59	78.000000
60	27.000000
61	74.000000
62	44.000000
63	73.000000
64	17.000000
65	27.000000
66	46.000000
67	55.000000
68	98.000000
69	57.000000
70	11.000000
71	99.000000
72	1.000000
73	32.000000
74	94.000000
75	74.000000
76	1.000000
77	33.000000
78	77.000000
79	60.000000
80	43.000000
81	97.000000
82	72.000000
83	51.000000
84	14.000000
85	61.000000
86	78.000000
87	39.000000
88	15.000000
89	3.000000
90	44.000000
91	85.000000
92	47.000000
93	8.000000
94	37.000000
95	21.000000
96	63.000000
97	64.000000
98	4.000000
99	77.000000
100	54.000000
101	24.000000
102	73.000000
103	82.000000
104	96.000000
105	26.000000
106	13.000000
107	66.000000
108	37.000000
109	25.000000
110	15.000000
111	12.000000
112	90.000000
113	88.000000
114	43.000000
115	99.000000
116	46.000000
117	26.000000
118	43.000000
119	80.000000
120	11.000000
121	12.000000
122	4.000000
123	31.000000
124	8.000000
125	23.000000
126	6.000000
127	89.000000
128	39.000000
129	96.000000
130	12.000000
131	62.000000
132	62.000000
133	51.000000
134	31.000000
135	22.000000
136	28.000000
137	64.000000
138	57.000000
139	6.000000
140	46.000000
141	24.000000
142	52.000000
143	2.000000
144	62.000000
145	25.000000
146	45.000000
147	90.000000
148	88.000000
149	46.000000
150	53.000000
151	94.000000
152	99.000000
153	11.000000
154	68.000000
155	23.000000
156	83.000000
157	16.000000
158	1.000000
159	18.000000
160	61.000000
161	9.000000
162	51.000000
163	3.000000
164	46.000000
165	56.000000
166	79.000000
167	4.000000
168	42.000000
169	92.000000
170	42.000000
171	99.000000
172	34.000000
173	80.000000
174	38.000000
175	68.000000
176	25.000000
177	75.000000
178	49.000000
179	6.000000
180	9.000000
181	11.000000
182	54.000000
183	59.000000
184	41.000000
185	68.000000
186	26.000000
187	44.000000
188	68.000000
189	3.000000
190	9.000000
191	66.000000
192	45.000000
193	44.000000
194	52.000000
195	79.000000
196	34.000000
197	46.000000
198	67.000000
199	37.000000
200	80.000000
201	72.000000
202	8.000000
203	52.000000
204	54.000000
205	1.000000
206	78.000000
207	21.000000
208	73.000000
209	57.000000
210	95.000000
211	79.000000
212	18.000000
213	55.000000
214	88.000000
215	2.000000
216	48.000000
217	68.000000
218	27.000000
219	6.000000
220	66.000000
221	75.000000
222	98.000000
223	95.000000
224	60.000000
225	80.000000
226	85.000000
227	65.000000
228	61.000000
229	69.000000
230	34.000000
231	55.000000
232	70.000000
233	73.000000
234	10.000000
235	42.000000
236	57.000000
237	33.000000
238	36.000000
239	33.000000
240	65.000000
241	5.000000
242	5.000000
243	61.000000
244	21.000000
245	7.000000
246	6.000000
247	81.000000
248	9.000000
249	41.000000
250	73.000000
251	57.000000
252	87.000000
253	32.000000
254	3.000000
255	76.000000
256	59.000000
257	97.000000
258	40.000000
259	33.000000
260	8.000000
261	74.000000
262	5.000000
263	24.000000
264	24.000000
265	35.000000
266	24.000000
267	59.000000
268	87.000000
269	24.000000
270	1.000000
271	72.000000
272	12.000000
273	22.000000
274	24.000000
275	51.000000
276	86.000000
277	69.000000
278	12.000000
279	76.000000
280	64.000000
281	32.000000
282	75.000000
283	12.000000
284	57.000000
285	81.000000
286	56.000000
287	20.000000
288	55.000000
289	86.000000
290	73.000000
291	79.000000
292	28.000000
293	4.000000
294	44.000000
295	22.000000
296	68.000000
297	82.000000
298	54.000000
299	32.000000
300	43.000000
301	44.000000
302	54.000000
303	32.000000
304	3.000000
305	32.000000
306	68.000000
307	67.000000
308	26.000000
309	42.000000
310	26.000000
311	17.000000
312	49.000000
313	72.000000
314	90.000000
315	9.000000
316	42.000000
317	68.000000
318	13.000000
319	23.000000
320	33.000000
321	78.000000
322	60.000000
323	30.000000
324	77.000000
325	87.000000
326	76.000000
327	12.000000
328	75.000000
329	35.000000
330	86.000000
331	31.000000
332	82.000000
333	37.000000
334	38.000000
335	47.000000
336	94.000000
337	66.000000
338	80.000000
339	57.000000
340	79.000000
341	66.000000
342	37.000000
343	95.000000
344	65.000000
345	70.000000
346	90.000000
347	83.000000
348	70.000000
349	5.000000
350	23.000000
351	83.000000
352	93.000000
353	29.000000
354	95.000000
355	74.000000
356	47.000000
357	16.000000
358	51.000000
359	89.000000
360	39.000000
361	33.000000
362	17.000000
363	7.000000
364	21.000000
365	4.000000
366	54.000000
367	37.000000
368	33.000000
369	34.000000
370	56.000000
371	99.000000
372	47.000000
373	3.000000
374	29.000000
375	78.000000
376	66.000000
377	87.000000
378	60.000000
379	5.000000
380	10.000000
381	60.000000
382	97.000000
383	75.000000
384	19.000000
385	67.000000
386	64.000000
387	30.000000
388	22.000000
389	47.000000
390	45.000000
391	41.000000
392	93.000000
393	45.000000
394	68.000000
395	49.000000
396	35.000000
397	51.000000
398	44.000000
399	93.000000
400	97.000000
401	35.000000
402	71.000000
403	14.000000
404	15.000000
405	21.000000
406	38.000000
407	90.000000
408	39.000000
409	46.000000
410	6.000000
411	37.000000
412	47.000000
413	96.000000
414	76.000000
415	71.000000
416	24.000000
417	44.000000
418	34.000000
419	20.000000
420	76.000000
421	55.000000
422	69.000000
423	53.000000
424	3.000000
425	92.000000
426	50.000000
427	16.000000
428	82.000000
429	87.000000
430	74.000000
431	13.000000
432	34.000000
433	88.000000
434	48.000000
435	71.000000
436	86.000000
437	35.000000
438	93.000000
439	38.000000
440	27.000000
441	51.000000
442	51.000000
443	97.000000
444	42.000000
445	70.000000
446	80.000000
447	97.000000
448	2.000000
449	1.000000
450	50.000000
451	36.000000
452	55.000000
453	5.000000
454	49.000000
455	1.000000
456	93.000000
457	10.000000
458	19.000000
459	58.000000
460	60.000000
461	21.000000
462	18.000000
463	46.000000
464	55.000000
465	90.000000
466	30.000000
467	76.000000
468	30.000000
469	93.000000
470	48.000000
471	77.000000
472	12.000000
473	55.000000
474	29.000000
475	20.000000
476	2.000000
477	52.000000
478	13.000000
479	40.000000
480	89.000000
481	88.000000
482	82.000000
483	84.000000
484	87.000000
485	48.000000
486	26.000000
487	20.000000
488	3.000000
489	96.000000
490	49.000000
491	46.000000
492	52.000000
493	54.000000
494	62.000000
495	20.000000
496	76.000000
497	10.000000
498	78.000000
499	63.000000
500	62.000000
;

param: U :=
1	100.000000
2	100.000000
3	100.000000
4	100.000000
5	100.000000
6	100.000000
7	100.000000
8	100.000000
9	100.000000
10	100.000000
11	100.000000
12	100.000000
13	100.000000
14	100.000000
15	100.000000
16	100.000000
17	100.000000
18	100.000000
19	100.000000
20	100.000000
21	100.000000
22	100.000000
23	100.000000
24	100.000000
25	100.000000
26	100.000000
27	100.000000
28	100.000000
29	100.000000
30	100.000000
31	100.000000
32	100.000000
33	100.000000
34	100.000000
35	100.000000
36	100.000000
37	100.000000
38	100.000000
39	100.000000
40	100.000000
41	100.000000
42	100.000000
43	100.000000
44	100.000000
45	100.000000
46	100.000000
47	100.000000
48	100.000000
49	100.000000
50	100.000000
51	100.000000
52	100.000000
53	100.000000
54	100.000000
55	100.000000
56	100.000000
57	100.000000
58	100.000000
59	100.000000
60	100.000000
61	100.000000
62	100.000000
63	100.000000
64	100.000000
65	100.000000
66	100.000000
67	100.000000
68	100.000000
69	100.000000
70	100.000000
71	100.000000
72	100.000000
73	100.000000
74	100.000000
75	100.000000
76	100.000000
77	100.000000
78	100.000000
79	100.000000
80	100.000000
81	100.000000
82	100.000000
83	100.000000
84	100.000000
85	100.000000
86	100.000000
87	100.000000
88	100.000000
89	100.000000
90	100.000000
91	100.000000
92	100.000000
93	100.000000
94	100.000000
95	100.000000
96	100.000000
97	100.000000
98	100.000000
99	100.000000
100	100.000000
101	100.000000
102	100.000000
103	100.000000
104	100.000000
105	100.000000
106	100.000000
107	100.000000
108	100.000000
109	100.000000
110	100.000000
111	100.000000
112	100.000000
113	100.000000
114	100.000000
115	100.000000
116	100.000000
117	100.000000
118	100.000000
119	100.000000
120	100.000000
121	100.000000
122	100.000000
123	100.000000
124	100.000000
125	100.000000
126	100.000000
127	100.000000
128	100.000000
129	100.000000
130	100.000000
131	100.000000
132	100.000000
133	100.000000
134	100.000000
135	100.000000
136	100.000000
137	100.000000
138	100.000000
139	100.000000
140	100.000000
141	100.000000
142	100.000000
143	100.000000
144	100.000000
145	100.000000
146	100.000000
147	100.000000
148	100.000000
149	100.000000
150	100.000000
151	100.000000
152	100.000000
153	100.000000
154	100.000000
155	100.000000
156	100.000000
157	100.000000
158	100.000000
159	100.000000
160	100.000000
161	100.000000
162	100.000000
163	100.000000
164	100.000000
165	100.000000
166	100.000000
167	100.000000
168	100.000000
169	100.000000
170	100.000000
171	100.000000
172	100.000000
173	100.000000
174	100.000000
175	100.000000
176	100.000000
177	100.000000
178	100.000000
179	100.000000
180	100.000000
181	100.000000
182	100.000000
183	100.000000
184	100.000000
185	100.000000
186	100.000000
187	100.000000
188	100.000000
189	100.000000
190	100.000000
191	100.000000
192	100.000000
193	100.000000
194	100.000000
195	100.000000
196	100.000000
197	100.000000
198	100.000000
199	100.000000
200	100.000000
201	100.000000
202	100.000000
203	100.000000
204	100.000000
205	100.000000
206	100.000000
207	100.000000
208	100.000000
209	100.000000
210	100.000000
211	100.000000
212	100.000000
213	100.000000
214	100.000000
215	100.000000
216	100.000000
217	100.000000
218	100.000000
219	100.000000
220	100.000000
221	100.000000
222	100.000000
223	100.000000
224	100.000000
225	100.000000
226	100.000000
227	100.000000
228	100.000000
229	100.000000
230	100.000000
231	100.000000
232	100.000000
233	100.000000
234	100.000000
235	100.000000
236	100.000000
237	100.000000
238	100.000000
239	100.000000
240	100.000000
241	100.000000
242	100.000000
243	100.000000
244	100.000000
245	100.000000
246	100.000000
247	100.000000
248	100.000000
249	100.000000
250	100.000000
251	100.000000
252	100.000000
253	100.000000
254	100.000000
255	100.000000
256	100.000000
257	100.000000
258	100.000000
259	100.000000
260	100.000000
261	100.000000
262	100.000000
263	100.000000
264	100.000000
265	100.000000
266	100.000000
267	100.000000
268	100.000000
269	100.000000
270	100.000000
271	100.000000
272	100.000000
273	100.000000
274	100.000000
275	100.000000
276	100.000000
277	100.000000
278	100.000000
279	100.000000
280	100.000000
281	100.000000
282	100.000000
283	100.000000
284	100.000000
285	100.000000
286	100.000000
287	100.000000
288	100.000000
289	100.000000
290	100.000000
291	100.000000
292	100.000000
293	100.000000
294	100.000000
295	100.000000
296	100.000000
297	100.000000
298	100.000000
299	100.000000
300	100.000000
301	100.000000
302	100.000000
303	100.000000
304	100.000000
305	100.000000
306	100.000000
307	100.000000
308	100.000000
309	100.000000
310	100.000000
311	100.000000
312	100.000000
313	100.000000
314	100.000000
315	100.000000
316	100.000000
317	100.000000
318	100.000000
319	100.000000
320	100.000000
321	100.000000
322	100.000000
323	100.000000
324	100.000000
325	100.000000
326	100.000000
327	100.000000
328	100.000000
329	100.000000
330	100.000000
331	100.000000
332	100.000000
333	100.000000
334	100.000000
335	100.000000
336	100.000000
337	100.000000
338	100.000000
339	100.000000
340	100.000000
341	100.000000
342	100.000000
343	100.000000
344	100.000000
345	100.000000
346	100.000000
347	100.000000
348	100.000000
349	100.000000
350	100.000000
351	100.000000
352	100.000000
353	100.000000
354	100.000000
355	100.000000
356	100.000000
357	100.000000
358	100.000000
359	100.000000
360	100.000000
361	100.000000
362	100.000000
363	100.000000
364	100.000000
365	100.000000
366	100.000000
367	100.000000
368	100.000000
369	100.000000
370	100.000000
371	100.000000
372	100.000000
373	100.000000
374	100.000000
375	100.000000
376	100.000000
377	100.000000
378	100.000000
379	100.000000
380	100.000000
381	100.000000
382	100.000000
383	100.000000
384	100.000000
385	100.000000
386	100.000000
387	100.000000
388	100.000000
389	100.000000
390	100.000000
391	100.000000
392	100.000000
393	100.000000
394	100.000000
395	100.000000
396	100.000000
397	100.000000
398	100.000000
399	100.000000
400	100.000000
401	100.000000
402	100.000000
403	100.000000
404	100.000000
405	100.000000
406	100.000000
407	100.000000
408	100.000000
409	100.000000
410	100.000000
411	100.000000
412	100.000000
413	100.000000
414	100.000000
415	100.000000
416	100.000000
417	100.000000
418	100.000000
419	100.000000
420	100.000000
421	100.000000
422	100.000000
423	100.000000
424	100.000000
425	100.000000
426	100.000000
427	100.000000
428	100.000000
429	100.000000
430	100.000000
431	100.000000
432	100.000000
433	100.000000
434	100.000000
435	100.000000
436	100.000000
437	100.000000
438	100.000000
439	100.000000
440	100.000000
441	100.000000
442	100.000000
443	100.000000
444	100.000000
445	100.000000
446	100.000000
447	100.000000
448	100.000000
449	100.000000
450	100.000000
451	100.000000
452	100.000000
453	100.000000
454	100.000000
455	100.000000
456	100.000000
457	100.000000
458	100.000000
459	100.000000
460	100.000000
461	100.000000
462	100.000000
463	100.000000
464	100.000000
465	100.000000
466	100.000000
467	100.000000
468	100.000000
469	100.000000
470	100.000000
471	100.000000
472	100.000000
473	100.000000
474	100.000000
475	100.000000
476	100.000000
477	100.000000
478	100.000000
479	100.000000
480	100.000000
481	100.000000
482	100.000000
483	100.000000
484	100.000000
485	100.000000
486	100.000000
487	100.000000
488	100.000000
489	100.000000
490	100.000000
491	100.000000
492	100.000000
493	100.000000
494	100.000000
495	100.000000
496	100.000000
497	100.000000
498	100.000000
499	100.000000
500	100.000000
;

