# seed = 1254829604

param N := 500;

param M := 10;

param Umax := 100.000000;

param: C :=
1	961770.000000
2	155439.000000
3	131200.000000
4	7489.000000
5	11368.000000
6	1268.000000
7	1764.000000
8	247.000000
9	536.000000
10	569.000000
;

param: a :=
1	0.163675
2	0.126328
3	0.122837
4	0.179708
5	0.158185
6	0.163339
7	0.188310
8	0.107607
9	0.154990
10	0.154643
11	0.158270
12	0.126042
13	0.154486
14	0.102191
15	0.154914
16	0.129798
17	0.152410
18	0.161046
19	0.117833
20	0.180455
21	0.163800
22	0.161743
23	0.180405
24	0.178759
25	0.128495
26	0.176497
27	0.127306
28	0.169538
29	0.106222
30	0.178154
31	0.176733
32	0.152859
33	0.149234
34	0.101051
35	0.177812
36	0.157134
37	0.189295
38	0.199372
39	0.130890
40	0.145106
41	0.147870
42	0.125525
43	0.150982
44	0.171692
45	0.138482
46	0.148922
47	0.161196
48	0.105482
49	0.134988
50	0.153128
51	0.137704
52	0.111698
53	0.132808
54	0.102069
55	0.124064
56	0.143620
57	0.111966
58	0.109416
59	0.146285
60	0.182660
61	0.179017
62	0.108307
63	0.121478
64	0.134872
65	0.127680
66	0.110410
67	0.133780
68	0.150596
69	0.122971
70	0.166035
71	0.150173
72	0.176630
73	0.143262
74	0.148291
75	0.158754
76	0.142111
77	0.186428
78	0.188526
79	0.150509
80	0.173464
81	0.110940
82	0.144523
83	0.109109
84	0.105170
85	0.161883
86	0.192111
87	0.142794
88	0.134943
89	0.166782
90	0.143838
91	0.105777
92	0.124198
93	0.128880
94	0.142509
95	0.195655
96	0.176817
97	0.112684
98	0.158039
99	0.116854
100	0.170612
101	0.143185
102	0.113486
103	0.144708
104	0.199417
105	0.146186
106	0.138055
107	0.138348
108	0.163952
109	0.126592
110	0.119707
111	0.151150
112	0.118891
113	0.148222
114	0.166459
115	0.183231
116	0.153404
117	0.188615
118	0.155489
119	0.134368
120	0.141589
121	0.160197
122	0.105397
123	0.180477
124	0.111843
125	0.185437
126	0.194685
127	0.192795
128	0.122222
129	0.120726
130	0.179709
131	0.172661
132	0.194967
133	0.128326
134	0.191779
135	0.185340
136	0.188004
137	0.192678
138	0.149418
139	0.188688
140	0.158076
141	0.121862
142	0.102363
143	0.102213
144	0.173412
145	0.107044
146	0.174160
147	0.129149
148	0.112739
149	0.178980
150	0.138722
151	0.112479
152	0.149676
153	0.169719
154	0.173067
155	0.119079
156	0.129914
157	0.129712
158	0.140704
159	0.185333
160	0.144563
161	0.132701
162	0.118229
163	0.128532
164	0.172991
165	0.106949
166	0.165983
167	0.152992
168	0.117833
169	0.128473
170	0.181389
171	0.122086
172	0.141952
173	0.141308
174	0.117719
175	0.171469
176	0.180175
177	0.199199
178	0.142305
179	0.133261
180	0.152896
181	0.176729
182	0.176702
183	0.166859
184	0.157754
185	0.155524
186	0.104000
187	0.142569
188	0.107058
189	0.129226
190	0.107408
191	0.197442
192	0.117003
193	0.167735
194	0.129620
195	0.186347
196	0.144272
197	0.130503
198	0.154000
199	0.169314
200	0.156835
201	0.109355
202	0.185625
203	0.167563
204	0.159228
205	0.140877
206	0.147705
207	0.134069
208	0.155984
209	0.158143
210	0.147973
211	0.116694
212	0.177581
213	0.113231
214	0.168854
215	0.133808
216	0.186490
217	0.159711
218	0.120627
219	0.115545
220	0.147186
221	0.174109
222	0.147973
223	0.173096
224	0.157767
225	0.164051
226	0.128732
227	0.124032
228	0.199524
229	0.185731
230	0.131763
231	0.124972
232	0.161642
233	0.173575
234	0.106745
235	0.180893
236	0.177554
237	0.171937
238	0.194034
239	0.102060
240	0.158452
241	0.107506
242	0.181133
243	0.199313
244	0.133367
245	0.117885
246	0.171168
247	0.163884
248	0.174320
249	0.117094
250	0.144779
251	0.188243
252	0.168340
253	0.174438
254	0.154708
255	0.151193
256	0.106657
257	0.135744
258	0.188546
259	0.103236
260	0.182598
261	0.164099
262	0.187216
263	0.124101
264	0.112177
265	0.114383
266	0.119910
267	0.179452
268	0.155277
269	0.167726
270	0.196313
271	0.176961
272	0.152299
273	0.162352
274	0.196319
275	0.119004
276	0.177128
277	0.167001
278	0.136367
279	0.135804
280	0.142845
281	0.169294
282	0.144271
283	0.187768
284	0.114179
285	0.195474
286	0.132557
287	0.181452
288	0.140465
289	0.153214
290	0.141045
291	0.143739
292	0.167229
293	0.119859
294	0.177097
295	0.108020
296	0.175409
297	0.133969
298	0.170066
299	0.112166
300	0.145100
301	0.168000
302	0.140682
303	0.142721
304	0.126090
305	0.142991
306	0.111350
307	0.149535
308	0.175593
309	0.164759
310	0.158597
311	0.182373
312	0.125333
313	0.143326
314	0.166891
315	0.190599
316	0.130369
317	0.153692
318	0.179992
319	0.139449
320	0.181250
321	0.115630
322	0.141438
323	0.194458
324	0.199198
325	0.113664
326	0.119065
327	0.106307
328	0.106876
329	0.119126
330	0.194126
331	0.124224
332	0.180362
333	0.109376
334	0.140418
335	0.145176
336	0.159036
337	0.143387
338	0.133660
339	0.151073
340	0.141487
341	0.173519
342	0.131161
343	0.163327
344	0.133142
345	0.116792
346	0.169107
347	0.120963
348	0.103795
349	0.111870
350	0.133150
351	0.169979
352	0.148572
353	0.165984
354	0.177565
355	0.108390
356	0.115259
357	0.121688
358	0.164410
359	0.117567
360	0.188487
361	0.107432
362	0.188966
363	0.176551
364	0.143000
365	0.180680
366	0.173698
367	0.177696
368	0.108453
369	0.120814
370	0.182037
371	0.154748
372	0.197166
373	0.159033
374	0.123724
375	0.163618
376	0.100846
377	0.111897
378	0.198166
379	0.146868
380	0.198078
381	0.168746
382	0.139533
383	0.174926
384	0.112699
385	0.162416
386	0.169313
387	0.180915
388	0.192586
389	0.181683
390	0.155635
391	0.146534
392	0.186949
393	0.147073
394	0.113380
395	0.132191
396	0.165311
397	0.158988
398	0.100144
399	0.153000
400	0.119120
401	0.180472
402	0.183066
403	0.155417
404	0.198731
405	0.136470
406	0.155118
407	0.131476
408	0.104923
409	0.182198
410	0.188611
411	0.180805
412	0.109597
413	0.106098
414	0.133679
415	0.195005
416	0.170211
417	0.107638
418	0.101326
419	0.142409
420	0.194685
421	0.112062
422	0.168328
423	0.199711
424	0.114216
425	0.167879
426	0.169018
427	0.159965
428	0.175317
429	0.180529
430	0.192791
431	0.199620
432	0.144124
433	0.188679
434	0.160440
435	0.184317
436	0.100288
437	0.189281
438	0.119142
439	0.148405
440	0.191923
441	0.127733
442	0.134055
443	0.187058
444	0.133373
445	0.134760
446	0.121166
447	0.147810
448	0.123596
449	0.162597
450	0.106900
451	0.149278
452	0.183553
453	0.108641
454	0.193483
455	0.107091
456	0.129787
457	0.142354
458	0.175357
459	0.157322
460	0.179695
461	0.129333
462	0.137344
463	0.193775
464	0.113336
465	0.127317
466	0.198084
467	0.167652
468	0.150529
469	0.112825
470	0.114549
471	0.188112
472	0.193851
473	0.183664
474	0.112251
475	0.152205
476	0.139944
477	0.164224
478	0.109345
479	0.194520
480	0.134336
481	0.187212
482	0.169177
483	0.151660
484	0.136137
485	0.153036
486	0.123796
487	0.199779
488	0.128097
489	0.134933
490	0.124106
491	0.112817
492	0.117549
493	0.198313
494	0.161628
495	0.175668
496	0.124417
497	0.115060
498	0.129032
499	0.158008
500	0.114528
;

param: b :=
1	68.483344
2	95.549791
3	16.166419
4	36.872277
5	99.315501
6	20.056368
7	50.464835
8	88.823188
9	92.271248
10	20.854479
11	44.199644
12	67.346108
13	62.804517
14	0.688376
15	50.320185
16	66.513936
17	92.343610
18	17.855989
19	99.907186
20	24.625583
21	49.491712
22	55.990724
23	26.474975
24	38.179705
25	60.289422
26	64.105252
27	33.973353
28	59.325620
29	77.819820
30	67.389086
31	42.794760
32	36.737617
33	87.513902
34	26.945999
35	23.430274
36	15.832380
37	26.999992
38	12.287650
39	39.155625
40	72.826088
41	67.339738
42	7.184367
43	94.268999
44	23.279952
45	26.560788
46	43.596943
47	20.302010
48	0.186212
49	77.313521
50	91.130991
51	57.595037
52	38.983121
53	44.056095
54	38.753417
55	14.594712
56	76.621571
57	5.826035
58	37.026959
59	41.907087
60	80.071513
61	25.627581
62	65.036536
63	45.437646
64	84.224520
65	16.028318
66	74.283190
67	3.359416
68	16.359437
69	97.816597
70	96.827897
71	1.508546
72	95.814368
73	84.511420
74	95.331401
75	61.074079
76	20.057621
77	49.133927
78	45.657164
79	99.202514
80	22.316370
81	41.142437
82	22.537539
83	50.809372
84	93.029367
85	86.032430
86	16.247000
87	42.320512
88	8.810711
89	59.274248
90	42.584929
91	71.214904
92	46.061238
93	49.365465
94	3.599734
95	54.576015
96	63.494200
97	39.401001
98	1.022227
99	17.163153
100	79.126348
101	88.731003
102	33.041608
103	60.745434
104	46.787941
105	55.684200
106	73.757973
107	70.659996
108	73.329942
109	80.541154
110	32.075553
111	4.484620
112	41.439060
113	28.665834
114	67.738876
115	52.976445
116	85.075146
117	20.631350
118	34.095724
119	85.098824
120	40.400878
121	86.659530
122	97.713880
123	11.722107
124	83.823826
125	11.665665
126	80.105908
127	11.506528
128	17.953283
129	39.801518
130	20.395829
131	26.168783
132	73.145770
133	13.770155
134	20.741409
135	66.035750
136	17.831306
137	12.626102
138	97.003216
139	22.534703
140	16.428749
141	87.695960
142	29.733961
143	90.025704
144	36.362238
145	26.332198
146	96.869004
147	37.817944
148	59.286043
149	58.601058
150	34.717081
151	34.831525
152	39.745294
153	46.235696
154	69.378454
155	61.328642
156	4.460099
157	24.300846
158	78.081566
159	80.916027
160	51.918552
161	26.086092
162	46.982373
163	5.292935
164	36.314364
165	87.954479
166	92.914998
167	5.618076
168	66.816548
169	42.649170
170	84.568875
171	0.117802
172	16.497086
173	13.667992
174	85.148957
175	15.861573
176	0.547605
177	76.835631
178	16.296287
179	24.997649
180	46.012501
181	53.436068
182	98.819806
183	87.910033
184	2.998800
185	34.861847
186	99.060070
187	58.191926
188	68.533062
189	47.059999
190	17.385139
191	41.483218
192	13.128333
193	68.739250
194	9.256842
195	34.501356
196	38.909208
197	52.465835
198	1.354359
199	8.442198
200	51.716301
201	72.284796
202	90.144210
203	27.645862
204	87.914920
205	3.264006
206	93.975483
207	76.957728
208	11.187924
209	66.241792
210	15.005600
211	2.201531
212	1.463449
213	88.726941
214	21.412958
215	39.971937
216	17.757714
217	91.256585
218	89.511893
219	67.175843
220	30.422468
221	6.471352
222	46.932812
223	18.438484
224	75.006827
225	19.789825
226	44.134009
227	56.860042
228	24.227685
229	66.633701
230	56.249226
231	15.695873
232	49.831846
233	97.454901
234	96.368542
235	56.711035
236	14.049754
237	98.546664
238	13.864016
239	24.387087
240	98.247894
241	37.282545
242	41.599832
243	64.512647
244	74.737618
245	4.905340
246	61.079169
247	96.273478
248	70.956566
249	7.252556
250	64.181800
251	93.262352
252	9.347433
253	26.880781
254	3.509407
255	73.720808
256	24.016672
257	57.594282
258	76.016550
259	19.951962
260	52.332536
261	21.452514
262	89.457648
263	91.677423
264	5.302536
265	20.534763
266	62.875113
267	36.659134
268	49.348149
269	4.085064
270	96.305871
271	86.065908
272	67.640100
273	2.242199
274	72.216694
275	72.961629
276	12.275401
277	80.233865
278	53.438279
279	27.937076
280	8.982595
281	75.571819
282	2.708217
283	64.667531
284	94.159146
285	45.587453
286	16.790730
287	18.944665
288	12.902859
289	32.043379
290	53.607040
291	55.764447
292	63.976998
293	15.914929
294	9.254614
295	77.543944
296	24.301642
297	3.142348
298	10.175543
299	36.425673
300	21.835726
301	50.570354
302	28.981545
303	45.230747
304	53.142995
305	36.794970
306	48.644736
307	93.819832
308	13.927185
309	76.442993
310	82.376375
311	99.941227
312	99.858151
313	78.238069
314	60.684205
315	8.024183
316	19.615180
317	25.404873
318	22.825574
319	75.447850
320	25.838167
321	37.258885
322	16.848286
323	41.817958
324	50.955849
325	52.418022
326	24.680119
327	55.917768
328	24.872121
329	19.225989
330	3.609238
331	69.925506
332	1.814841
333	23.871728
334	24.851272
335	18.788105
336	94.117093
337	24.405199
338	92.744237
339	81.072400
340	89.511232
341	18.839858
342	1.399930
343	1.356100
344	17.290921
345	93.184334
346	92.460109
347	66.524462
348	60.085894
349	80.070438
350	70.997959
351	56.425745
352	9.145932
353	1.324075
354	54.743538
355	99.723743
356	60.952066
357	66.230454
358	76.552973
359	30.253454
360	63.808414
361	87.212058
362	74.248840
363	19.231764
364	97.972837
365	75.982044
366	27.405112
367	17.074888
368	18.048028
369	60.969969
370	0.543761
371	86.482947
372	20.941279
373	0.895981
374	60.924900
375	94.850841
376	80.479276
377	48.099035
378	44.004326
379	10.005467
380	18.250309
381	9.722329
382	75.905552
383	4.369249
384	45.857520
385	75.850660
386	28.594525
387	61.461418
388	7.586864
389	56.155525
390	11.737804
391	13.263152
392	22.682519
393	56.491488
394	24.079186
395	7.490205
396	92.254096
397	61.549525
398	62.507412
399	19.590505
400	43.239181
401	83.442932
402	7.247007
403	60.320507
404	11.925149
405	89.332127
406	50.165846
407	10.752878
408	91.078093
409	72.655309
410	64.741005
411	23.467997
412	39.955904
413	3.503097
414	95.881134
415	75.812850
416	36.346760
417	47.377945
418	7.639927
419	12.102839
420	57.077380
421	92.283685
422	68.048206
423	82.529170
424	47.848959
425	28.796639
426	45.734498
427	80.022920
428	54.797312
429	51.394138
430	76.744181
431	48.881977
432	34.596060
433	13.361285
434	99.293400
435	86.876838
436	89.325820
437	45.674731
438	25.333817
439	53.486290
440	91.424939
441	30.867805
442	30.391974
443	49.485936
444	25.409888
445	27.627063
446	18.774297
447	25.655097
448	66.513890
449	27.382350
450	18.091464
451	97.690040
452	14.146925
453	81.399677
454	28.429723
455	42.231241
456	90.195450
457	38.125411
458	50.846793
459	27.314447
460	88.529658
461	67.158812
462	55.256785
463	24.739242
464	19.947546
465	15.911864
466	72.848433
467	87.994216
468	15.391091
469	84.953561
470	8.391486
471	84.746208
472	52.131336
473	60.991072
474	34.268367
475	93.796231
476	89.269803
477	77.548202
478	40.968081
479	43.756895
480	5.558310
481	40.970360
482	37.556575
483	30.643822
484	92.450089
485	14.383985
486	82.670824
487	72.771850
488	49.282100
489	84.718430
490	75.610183
491	95.871269
492	32.912162
493	30.578443
494	38.816433
495	4.501833
496	46.119917
497	97.507462
498	42.466892
499	54.221475
500	10.881084
;

param: c :=
1	74.185296
2	61.827259
3	86.157316
4	31.371791
5	45.737523
6	48.452448
7	38.595266
8	93.139604
9	56.957298
10	4.276286
11	39.403939
12	84.374500
13	4.601206
14	14.122999
15	62.393571
16	12.321542
17	96.728131
18	63.696987
19	55.155025
20	93.677251
21	70.276391
22	27.876824
23	82.408199
24	36.144883
25	83.507654
26	7.349569
27	8.174799
28	16.157220
29	59.865591
30	93.132966
31	70.134572
32	90.550428
33	40.884749
34	44.421688
35	2.180329
36	79.449369
37	72.926508
38	23.978697
39	60.009679
40	23.509937
41	13.464828
42	20.850012
43	84.450917
44	65.985740
45	52.357689
46	71.161719
47	0.464116
48	77.537153
49	99.429690
50	24.501742
51	13.362473
52	99.683175
53	31.716696
54	18.903408
55	42.398699
56	25.164697
57	53.330128
58	34.870651
59	63.942877
60	13.932171
61	74.272860
62	25.742941
63	38.984801
64	7.793459
65	35.231141
66	74.101863
67	1.474252
68	89.811999
69	95.268346
70	56.849277
71	82.599197
72	67.414853
73	23.515852
74	8.923727
75	69.486562
76	19.857542
77	95.394473
78	30.352767
79	80.899992
80	39.269692
81	21.493764
82	15.222832
83	70.632062
84	65.494153
85	48.172871
86	82.373854
87	39.777446
88	45.284271
89	24.001035
90	56.806847
91	64.140587
92	30.244621
93	19.762605
94	22.463478
95	13.039471
96	34.575412
97	44.041281
98	39.412313
99	56.959618
100	89.419963
101	21.495972
102	71.881379
103	6.066406
104	38.591817
105	52.234617
106	71.427559
107	55.564840
108	59.926261
109	82.137243
110	16.078133
111	26.589548
112	81.388182
113	39.573865
114	61.839263
115	84.113428
116	17.710070
117	47.858416
118	65.454624
119	53.079875
120	56.624558
121	19.762103
122	37.102990
123	87.826982
124	61.022795
125	5.799456
126	26.008903
127	70.193898
128	53.530668
129	52.782080
130	51.960545
131	9.358665
132	44.791403
133	35.961995
134	44.280102
135	19.867660
136	94.984861
137	84.732035
138	64.232505
139	31.748965
140	41.795779
141	27.773949
142	43.649421
143	82.324988
144	89.065447
145	53.105874
146	67.410913
147	86.920850
148	9.281485
149	46.659591
150	81.908005
151	98.693506
152	70.493750
153	93.519261
154	62.444801
155	84.367898
156	57.351081
157	67.078891
158	29.631189
159	41.403847
160	6.933971
161	95.595464
162	96.284469
163	83.104889
164	11.780397
165	28.427778
166	18.724798
167	26.008495
168	69.669159
169	47.690028
170	74.574261
171	75.145328
172	41.385194
173	95.032428
174	29.071624
175	41.915460
176	12.008538
177	93.834662
178	43.846508
179	90.640650
180	77.462697
181	49.262445
182	73.142419
183	30.405056
184	78.551035
185	11.686500
186	9.167635
187	34.463488
188	75.656180
189	45.153743
190	10.752740
191	53.847972
192	86.707632
193	52.783197
194	29.103266
195	36.517562
196	11.517155
197	66.351951
198	74.722260
199	96.264352
200	19.897581
201	91.493409
202	42.694722
203	97.634288
204	13.351474
205	37.064264
206	77.077036
207	52.198100
208	12.974644
209	35.976367
210	88.072118
211	52.220081
212	33.317941
213	46.023760
214	25.477362
215	86.333087
216	10.754922
217	81.284200
218	46.478480
219	32.896686
220	54.018146
221	52.223245
222	94.013300
223	12.751800
224	19.881455
225	96.127268
226	11.780566
227	23.268847
228	64.235381
229	1.393657
230	96.020697
231	80.284362
232	56.777767
233	89.442489
234	97.937705
235	56.539975
236	11.442656
237	81.390300
238	69.477901
239	84.741944
240	17.599739
241	25.939367
242	33.618834
243	13.721037
244	30.598220
245	49.936530
246	94.656070
247	54.751382
248	1.919297
249	28.044666
250	62.693733
251	71.932133
252	56.968727
253	94.388376
254	87.661117
255	18.701258
256	68.717316
257	92.656113
258	5.121420
259	65.893710
260	52.650314
261	82.680483
262	24.706990
263	16.403036
264	75.370214
265	70.768897
266	70.491994
267	54.587006
268	8.917057
269	96.958887
270	26.144465
271	34.139079
272	29.217874
273	76.859353
274	13.722498
275	56.286071
276	53.396348
277	70.024075
278	95.604262
279	78.471009
280	17.093140
281	87.180043
282	3.810069
283	86.214548
284	19.245553
285	87.680931
286	67.233882
287	48.930406
288	47.233100
289	75.237258
290	83.994834
291	8.977465
292	46.500548
293	32.572180
294	97.450127
295	85.573136
296	70.579314
297	40.356172
298	98.538967
299	60.553106
300	14.469827
301	23.709832
302	58.129106
303	91.527552
304	98.353080
305	6.135206
306	3.369358
307	41.765590
308	76.374098
309	70.419352
310	12.662992
311	43.799833
312	52.130324
313	19.498230
314	65.410333
315	70.849359
316	46.687413
317	76.506377
318	13.770756
319	29.766467
320	21.223206
321	77.127231
322	17.892356
323	85.285507
324	62.135640
325	58.525989
326	37.203573
327	8.598951
328	59.244985
329	54.815761
330	41.145722
331	68.996128
332	38.036129
333	98.020804
334	32.177701
335	68.845743
336	26.808469
337	20.304067
338	8.969890
339	34.181072
340	23.898817
341	7.961824
342	12.948216
343	25.986467
344	6.483040
345	70.059528
346	31.789296
347	84.964321
348	10.288707
349	19.411518
350	80.992204
351	6.293700
352	99.859310
353	68.676285
354	90.334808
355	51.557637
356	8.578144
357	57.011171
358	15.415245
359	58.238109
360	35.945085
361	51.385925
362	75.965869
363	36.730418
364	23.765947
365	92.495972
366	26.033811
367	93.439002
368	50.313649
369	34.824047
370	92.505271
371	34.940781
372	52.806149
373	47.658771
374	48.025927
375	6.313542
376	52.938631
377	72.765190
378	16.284074
379	68.100294
380	23.402461
381	87.138379
382	88.643861
383	17.355833
384	95.211723
385	6.835362
386	88.627698
387	84.420974
388	12.426546
389	4.427994
390	49.704339
391	16.571166
392	72.374008
393	76.859322
394	32.131966
395	61.464132
396	18.267186
397	56.364362
398	37.601640
399	94.575152
400	75.163317
401	76.536248
402	12.315732
403	83.811822
404	98.386776
405	4.033505
406	62.430173
407	84.860998
408	59.935941
409	52.731416
410	96.361761
411	90.405716
412	4.679435
413	80.989736
414	2.593655
415	85.774810
416	6.563915
417	46.812314
418	72.172117
419	83.169906
420	98.942473
421	26.504840
422	76.366425
423	81.999335
424	88.212316
425	65.957135
426	9.272730
427	35.297305
428	45.907909
429	12.218148
430	45.766154
431	91.928485
432	45.665506
433	82.579926
434	54.628157
435	2.370933
436	26.149652
437	19.210650
438	45.848377
439	92.091667
440	76.756120
441	84.649315
442	16.728908
443	22.120986
444	56.029737
445	43.703342
446	50.037311
447	96.192772
448	86.150919
449	76.204265
450	59.060469
451	24.940206
452	43.316122
453	37.724204
454	80.372671
455	96.136841
456	45.040865
457	50.815411
458	45.253199
459	65.836359
460	60.578032
461	10.394966
462	40.649528
463	82.230086
464	42.880251
465	65.935352
466	99.488032
467	0.075056
468	68.720366
469	22.515567
470	49.491418
471	82.892909
472	50.747933
473	98.787245
474	54.428887
475	10.400590
476	97.242844
477	31.445285
478	83.727212
479	95.298467
480	61.764495
481	80.325731
482	4.960941
483	4.540657
484	18.728700
485	96.299702
486	13.249780
487	12.406333
488	7.940539
489	46.345855
490	60.273823
491	9.857913
492	26.876656
493	91.244338
494	59.965555
495	56.593275
496	19.585667
497	84.826359
498	39.535956
499	3.844499
500	3.756869
;

param: d :=
1	-52.875023
2	-48.032309
3	-24.867240
4	-80.766041
5	-79.881512
6	-13.209737
7	-37.504706
8	-30.566053
9	-58.853122
10	-13.985449
11	-95.992732
12	-25.505481
13	-6.918311
14	-4.669377
15	-88.128824
16	-65.926134
17	-8.186081
18	-54.579237
19	-77.565436
20	-5.422165
21	-73.806856
22	-25.935004
23	-22.866559
24	-57.543936
25	-16.349584
26	-29.826221
27	-2.417834
28	-2.585490
29	-11.369992
30	-85.700631
31	-39.758912
32	-39.791873
33	-42.591687
34	-82.791535
35	-62.322106
36	-49.733442
37	-40.570909
38	-10.077889
39	-28.225157
40	-10.472565
41	-49.949224
42	-95.025520
43	-76.091732
44	-4.329306
45	-1.508805
46	-27.568436
47	-25.338899
48	-73.668239
49	-80.561006
50	-80.886480
51	-9.938506
52	-17.140177
53	-66.728332
54	-20.393365
55	-76.506210
56	-31.877770
57	-74.671145
58	-90.900465
59	-21.997968
60	-98.436519
61	-78.583953
62	-66.528736
63	-25.191840
64	-30.257018
65	-8.376883
66	-75.657933
67	-91.947129
68	-23.661435
69	-38.044434
70	-26.171694
71	-14.595528
72	-49.268591
73	-55.264223
74	-61.896685
75	-45.977226
76	-1.039404
77	-30.972383
78	-44.059011
79	-25.974946
80	-17.611991
81	-19.573780
82	-35.619049
83	-95.496769
84	-64.476772
85	-57.217282
86	-68.619145
87	-35.712698
88	-49.834511
89	-62.585532
90	-90.667822
91	-46.049925
92	-93.428074
93	-31.342924
94	-12.206391
95	-80.343825
96	-66.376203
97	-23.175845
98	-11.716477
99	-63.382989
100	-6.924137
101	-43.775343
102	-51.938134
103	-11.250962
104	-61.170206
105	-96.854411
106	-72.525191
107	-40.156512
108	-64.166603
109	-67.341928
110	-41.701351
111	-96.615786
112	-9.681682
113	-96.213142
114	-73.615221
115	-34.631686
116	-30.518247
117	-84.795035
118	-63.123194
119	-26.057640
120	-96.571541
121	-55.689740
122	-76.893311
123	-71.664798
124	-22.702829
125	-61.483288
126	-48.690304
127	-87.443336
128	-40.675268
129	-91.446718
130	-59.268054
131	-21.539367
132	-79.024406
133	-1.480333
134	-54.690550
135	-61.877845
136	-60.035075
137	-97.963474
138	-5.791067
139	-75.350034
140	-97.644115
141	-58.270419
142	-2.652157
143	-13.055292
144	-62.355773
145	-61.206779
146	-84.043977
147	-43.076939
148	-43.611615
149	-38.694641
150	-72.212732
151	-34.414950
152	-82.913416
153	-43.360510
154	-17.651729
155	-34.261722
156	-88.178330
157	-71.594104
158	-88.802613
159	-21.148233
160	-92.992595
161	-82.931291
162	-24.419455
163	-4.389273
164	-97.378027
165	-51.647606
166	-27.082734
167	-51.412916
168	-85.882666
169	-88.421910
170	-6.830745
171	-49.486209
172	-39.323629
173	-32.683908
174	-12.611628
175	-80.841254
176	-45.250381
177	-25.655286
178	-16.309948
179	-71.706712
180	-18.032650
181	-81.355552
182	-11.289353
183	-39.306059
184	-98.399013
185	-53.835656
186	-18.537062
187	-8.169047
188	-19.799279
189	-40.369340
190	-14.040475
191	-90.871908
192	-73.829258
193	-97.801459
194	-94.724248
195	-68.499282
196	-44.975757
197	-15.648747
198	-59.292854
199	-77.903271
200	-14.062179
201	-54.127293
202	-2.857419
203	-66.084594
204	-66.049525
205	-62.859073
206	-32.397416
207	-74.437502
208	-1.321663
209	-44.222615
210	-38.675045
211	-46.241554
212	-45.342148
213	-34.570656
214	-18.171161
215	-30.215767
216	-25.437598
217	-88.068923
218	-46.055401
219	-38.431727
220	-27.336514
221	-39.557472
222	-41.272512
223	-45.619831
224	-95.754688
225	-3.052115
226	-17.249399
227	-23.744881
228	-6.462268
229	-1.517605
230	-48.355327
231	-78.900609
232	-26.576974
233	-3.155891
234	-29.019561
235	-17.713465
236	-26.425458
237	-47.778444
238	-49.188175
239	-8.497164
240	-43.610333
241	-35.954013
242	-7.424547
243	-19.296440
244	-97.155007
245	-97.372794
246	-11.232534
247	-10.176230
248	-92.060705
249	-69.185292
250	-24.622911
251	-61.820294
252	-37.003621
253	-70.811055
254	-43.372862
255	-20.762197
256	-30.648894
257	-92.323759
258	-54.485602
259	-2.375305
260	-29.740622
261	-17.199726
262	-44.066685
263	-83.243135
264	-82.701556
265	-19.723147
266	-27.439882
267	-37.867849
268	-20.015687
269	-15.871153
270	-28.317234
271	-52.269703
272	-77.209469
273	-83.060629
274	-94.764182
275	-84.037151
276	-96.727535
277	-98.860258
278	-34.415290
279	-87.336166
280	-43.432143
281	-74.419782
282	-2.333132
283	-42.207690
284	-90.217028
285	-26.054628
286	-50.349482
287	-31.367661
288	-55.724857
289	-60.571670
290	-39.709916
291	-68.580380
292	-65.537366
293	-31.210460
294	-75.669838
295	-16.742889
296	-40.596341
297	-57.053209
298	-83.433461
299	-55.261337
300	-57.449499
301	-46.427279
302	-88.738579
303	-16.922996
304	-75.371513
305	-96.455638
306	-74.179753
307	-26.754922
308	-66.277839
309	-43.713145
310	-43.050030
311	-11.492268
312	-71.297177
313	-14.908850
314	-56.735119
315	-38.981710
316	-56.967652
317	-2.507891
318	-67.877710
319	-41.052616
320	-53.340053
321	-13.521069
322	-11.874318
323	-29.036116
324	-87.031132
325	-56.569496
326	-59.711804
327	-16.566148
328	-75.231518
329	-95.588874
330	-43.738532
331	-17.250149
332	-82.434893
333	-82.024855
334	-0.337514
335	-0.008735
336	-99.818662
337	-87.617297
338	-28.303794
339	-50.906270
340	-26.335646
341	-57.635686
342	-42.030476
343	-16.369156
344	-57.888593
345	-49.026544
346	-6.994109
347	-71.075161
348	-83.256339
349	-62.143558
350	-60.366639
351	-59.961141
352	-19.638940
353	-49.051907
354	-12.146232
355	-72.198255
356	-3.748877
357	-72.018791
358	-35.730319
359	-13.756647
360	-21.178168
361	-41.010079
362	-2.455746
363	-66.437535
364	-41.585024
365	-61.081911
366	-90.357396
367	-70.918082
368	-15.581326
369	-42.455970
370	-94.197033
371	-52.756240
372	-76.800012
373	-47.527906
374	-25.962771
375	-1.557744
376	-6.648754
377	-53.161851
378	-49.027625
379	-5.473271
380	-53.895880
381	-24.940424
382	-7.528119
383	-52.308706
384	-71.017298
385	-69.483669
386	-7.284616
387	-31.946385
388	-18.770579
389	-0.960824
390	-49.152886
391	-46.630404
392	-24.423748
393	-68.506373
394	-74.193138
395	-63.381295
396	-84.984710
397	-24.441143
398	-27.482148
399	-70.141135
400	-48.747779
401	-58.063944
402	-98.667184
403	-88.218696
404	-63.667416
405	-68.954408
406	-69.719046
407	-91.987536
408	-82.761633
409	-33.989939
410	-13.002443
411	-15.161733
412	-27.973118
413	-9.041500
414	-6.385389
415	-52.264020
416	-33.426816
417	-1.956781
418	-93.994663
419	-76.601290
420	-2.720878
421	-2.163217
422	-25.108334
423	-53.476943
424	-13.612335
425	-48.950969
426	-32.039054
427	-13.530439
428	-48.316605
429	-37.471367
430	-18.997147
431	-34.422414
432	-46.603436
433	-76.023570
434	-93.652461
435	-3.464717
436	-53.945719
437	-18.790017
438	-35.192836
439	-69.014691
440	-53.449330
441	-69.896152
442	-39.795561
443	-93.731769
444	-20.778320
445	-73.148215
446	-2.077818
447	-67.540896
448	-59.675231
449	-15.281840
450	-37.070079
451	-7.019137
452	-66.410111
453	-95.166138
454	-20.365933
455	-16.704734
456	-11.152110
457	-32.705785
458	-81.326642
459	-4.953490
460	-39.932188
461	-74.530636
462	-17.614767
463	-55.409689
464	-41.410441
465	-6.846708
466	-41.338307
467	-21.953277
468	-8.821338
469	-4.944873
470	-42.570725
471	-45.952326
472	-6.660685
473	-16.260767
474	-19.028809
475	-25.279222
476	-10.564120
477	-52.883202
478	-39.907282
479	-6.692515
480	-11.234851
481	-2.387886
482	-33.580067
483	-16.894696
484	-80.136255
485	-51.665438
486	-14.439674
487	-19.894989
488	-66.941588
489	-60.526350
490	-57.164826
491	-90.883668
492	-69.200837
493	-89.281039
494	-30.431160
495	-77.986557
496	-15.309168
497	-75.082492
498	-44.091154
499	-50.747218
500	-25.506492
;

param: weight :=
1	69.000000
2	62.000000
3	97.000000
4	54.000000
5	86.000000
6	70.000000
7	97.000000
8	41.000000
9	67.000000
10	40.000000
11	64.000000
12	54.000000
13	26.000000
14	70.000000
15	91.000000
16	53.000000
17	96.000000
18	92.000000
19	93.000000
20	20.000000
21	61.000000
22	90.000000
23	19.000000
24	83.000000
25	82.000000
26	59.000000
27	60.000000
28	34.000000
29	55.000000
30	10.000000
31	27.000000
32	7.000000
33	85.000000
34	25.000000
35	12.000000
36	30.000000
37	87.000000
38	72.000000
39	96.000000
40	90.000000
41	5.000000
42	57.000000
43	54.000000
44	14.000000
45	98.000000
46	33.000000
47	70.000000
48	6.000000
49	2.000000
50	86.000000
51	56.000000
52	12.000000
53	19.000000
54	65.000000
55	34.000000
56	95.000000
57	95.000000
58	20.000000
59	75.000000
60	60.000000
61	49.000000
62	33.000000
63	71.000000
64	93.000000
65	94.000000
66	76.000000
67	25.000000
68	50.000000
69	72.000000
70	66.000000
71	93.000000
72	20.000000
73	92.000000
74	71.000000
75	23.000000
76	93.000000
77	35.000000
78	96.000000
79	44.000000
80	60.000000
81	95.000000
82	22.000000
83	20.000000
84	49.000000
85	60.000000
86	98.000000
87	23.000000
88	73.000000
89	64.000000
90	78.000000
91	14.000000
92	77.000000
93	14.000000
94	54.000000
95	92.000000
96	73.000000
97	93.000000
98	8.000000
99	85.000000
100	67.000000
101	9.000000
102	66.000000
103	38.000000
104	35.000000
105	92.000000
106	67.000000
107	27.000000
108	22.000000
109	69.000000
110	71.000000
111	8.000000
112	69.000000
113	88.000000
114	4.000000
115	85.000000
116	43.000000
117	24.000000
118	25.000000
119	88.000000
120	67.000000
121	52.000000
122	67.000000
123	27.000000
124	21.000000
125	85.000000
126	83.000000
127	56.000000
128	41.000000
129	68.000000
130	97.000000
131	65.000000
132	25.000000
133	27.000000
134	80.000000
135	74.000000
136	58.000000
137	91.000000
138	18.000000
139	21.000000
140	62.000000
141	26.000000
142	70.000000
143	92.000000
144	31.000000
145	51.000000
146	99.000000
147	79.000000
148	57.000000
149	46.000000
150	72.000000
151	73.000000
152	56.000000
153	4.000000
154	26.000000
155	23.000000
156	32.000000
157	89.000000
158	95.000000
159	38.000000
160	34.000000
161	91.000000
162	59.000000
163	34.000000
164	48.000000
165	67.000000
166	99.000000
167	23.000000
168	42.000000
169	38.000000
170	87.000000
171	48.000000
172	89.000000
173	62.000000
174	99.000000
175	28.000000
176	93.000000
177	28.000000
178	77.000000
179	92.000000
180	34.000000
181	72.000000
182	54.000000
183	62.000000
184	86.000000
185	63.000000
186	81.000000
187	77.000000
188	57.000000
189	8.000000
190	19.000000
191	87.000000
192	94.000000
193	60.000000
194	89.000000
195	94.000000
196	25.000000
197	61.000000
198	28.000000
199	11.000000
200	57.000000
201	4.000000
202	45.000000
203	12.000000
204	29.000000
205	26.000000
206	80.000000
207	23.000000
208	9.000000
209	1.000000
210	49.000000
211	39.000000
212	69.000000
213	15.000000
214	20.000000
215	95.000000
216	79.000000
217	45.000000
218	44.000000
219	33.000000
220	13.000000
221	76.000000
222	22.000000
223	31.000000
224	29.000000
225	81.000000
226	17.000000
227	18.000000
228	83.000000
229	21.000000
230	60.000000
231	13.000000
232	33.000000
233	73.000000
234	90.000000
235	55.000000
236	66.000000
237	20.000000
238	87.000000
239	22.000000
240	69.000000
241	20.000000
242	16.000000
243	17.000000
244	26.000000
245	96.000000
246	18.000000
247	60.000000
248	63.000000
249	88.000000
250	67.000000
251	95.000000
252	98.000000
253	17.000000
254	12.000000
255	5.000000
256	99.000000
257	95.000000
258	39.000000
259	49.000000
260	9.000000
261	1.000000
262	59.000000
263	99.000000
264	51.000000
265	18.000000
266	33.000000
267	20.000000
268	6.000000
269	21.000000
270	14.000000
271	66.000000
272	40.000000
273	64.000000
274	52.000000
275	57.000000
276	84.000000
277	28.000000
278	76.000000
279	45.000000
280	15.000000
281	91.000000
282	6.000000
283	66.000000
284	60.000000
285	58.000000
286	73.000000
287	45.000000
288	11.000000
289	89.000000
290	63.000000
291	30.000000
292	14.000000
293	84.000000
294	53.000000
295	17.000000
296	84.000000
297	35.000000
298	45.000000
299	6.000000
300	46.000000
301	34.000000
302	88.000000
303	88.000000
304	70.000000
305	81.000000
306	91.000000
307	47.000000
308	25.000000
309	59.000000
310	7.000000
311	4.000000
312	26.000000
313	51.000000
314	94.000000
315	64.000000
316	76.000000
317	14.000000
318	52.000000
319	60.000000
320	69.000000
321	98.000000
322	60.000000
323	39.000000
324	83.000000
325	12.000000
326	71.000000
327	42.000000
328	13.000000
329	90.000000
330	17.000000
331	14.000000
332	42.000000
333	8.000000
334	50.000000
335	23.000000
336	50.000000
337	8.000000
338	11.000000
339	99.000000
340	89.000000
341	19.000000
342	2.000000
343	14.000000
344	89.000000
345	42.000000
346	66.000000
347	9.000000
348	18.000000
349	64.000000
350	13.000000
351	8.000000
352	3.000000
353	30.000000
354	71.000000
355	38.000000
356	1.000000
357	7.000000
358	57.000000
359	81.000000
360	52.000000
361	15.000000
362	70.000000
363	47.000000
364	62.000000
365	62.000000
366	7.000000
367	76.000000
368	16.000000
369	94.000000
370	59.000000
371	26.000000
372	31.000000
373	30.000000
374	45.000000
375	52.000000
376	86.000000
377	95.000000
378	67.000000
379	62.000000
380	92.000000
381	9.000000
382	69.000000
383	51.000000
384	96.000000
385	70.000000
386	74.000000
387	37.000000
388	1.000000
389	4.000000
390	41.000000
391	44.000000
392	16.000000
393	25.000000
394	6.000000
395	7.000000
396	43.000000
397	15.000000
398	38.000000
399	51.000000
400	69.000000
401	20.000000
402	23.000000
403	36.000000
404	84.000000
405	19.000000
406	2.000000
407	53.000000
408	92.000000
409	84.000000
410	2.000000
411	54.000000
412	70.000000
413	12.000000
414	13.000000
415	42.000000
416	24.000000
417	32.000000
418	79.000000
419	4.000000
420	51.000000
421	40.000000
422	35.000000
423	80.000000
424	54.000000
425	52.000000
426	43.000000
427	78.000000
428	30.000000
429	97.000000
430	63.000000
431	99.000000
432	3.000000
433	99.000000
434	51.000000
435	49.000000
436	70.000000
437	12.000000
438	78.000000
439	77.000000
440	97.000000
441	28.000000
442	76.000000
443	31.000000
444	90.000000
445	59.000000
446	65.000000
447	56.000000
448	27.000000
449	34.000000
450	97.000000
451	25.000000
452	12.000000
453	14.000000
454	69.000000
455	27.000000
456	53.000000
457	31.000000
458	84.000000
459	32.000000
460	68.000000
461	50.000000
462	44.000000
463	92.000000
464	39.000000
465	11.000000
466	33.000000
467	14.000000
468	97.000000
469	30.000000
470	67.000000
471	78.000000
472	11.000000
473	39.000000
474	26.000000
475	88.000000
476	47.000000
477	32.000000
478	34.000000
479	28.000000
480	86.000000
481	16.000000
482	27.000000
483	77.000000
484	53.000000
485	8.000000
486	71.000000
487	70.000000
488	16.000000
489	68.000000
490	95.000000
491	44.000000
492	19.000000
493	11.000000
494	72.000000
495	44.000000
496	89.000000
497	7.000000
498	73.000000
499	65.000000
500	80.000000
;

param: U :=
1	100.000000
2	100.000000
3	100.000000
4	100.000000
5	100.000000
6	100.000000
7	100.000000
8	100.000000
9	100.000000
10	100.000000
11	100.000000
12	100.000000
13	100.000000
14	100.000000
15	100.000000
16	100.000000
17	100.000000
18	100.000000
19	100.000000
20	100.000000
21	100.000000
22	100.000000
23	100.000000
24	100.000000
25	100.000000
26	100.000000
27	100.000000
28	100.000000
29	100.000000
30	100.000000
31	100.000000
32	100.000000
33	100.000000
34	100.000000
35	100.000000
36	100.000000
37	100.000000
38	100.000000
39	100.000000
40	100.000000
41	100.000000
42	100.000000
43	100.000000
44	100.000000
45	100.000000
46	100.000000
47	100.000000
48	100.000000
49	100.000000
50	100.000000
51	100.000000
52	100.000000
53	100.000000
54	100.000000
55	100.000000
56	100.000000
57	100.000000
58	100.000000
59	100.000000
60	100.000000
61	100.000000
62	100.000000
63	100.000000
64	100.000000
65	100.000000
66	100.000000
67	100.000000
68	100.000000
69	100.000000
70	100.000000
71	100.000000
72	100.000000
73	100.000000
74	100.000000
75	100.000000
76	100.000000
77	100.000000
78	100.000000
79	100.000000
80	100.000000
81	100.000000
82	100.000000
83	100.000000
84	100.000000
85	100.000000
86	100.000000
87	100.000000
88	100.000000
89	100.000000
90	100.000000
91	100.000000
92	100.000000
93	100.000000
94	100.000000
95	100.000000
96	100.000000
97	100.000000
98	100.000000
99	100.000000
100	100.000000
101	100.000000
102	100.000000
103	100.000000
104	100.000000
105	100.000000
106	100.000000
107	100.000000
108	100.000000
109	100.000000
110	100.000000
111	100.000000
112	100.000000
113	100.000000
114	100.000000
115	100.000000
116	100.000000
117	100.000000
118	100.000000
119	100.000000
120	100.000000
121	100.000000
122	100.000000
123	100.000000
124	100.000000
125	100.000000
126	100.000000
127	100.000000
128	100.000000
129	100.000000
130	100.000000
131	100.000000
132	100.000000
133	100.000000
134	100.000000
135	100.000000
136	100.000000
137	100.000000
138	100.000000
139	100.000000
140	100.000000
141	100.000000
142	100.000000
143	100.000000
144	100.000000
145	100.000000
146	100.000000
147	100.000000
148	100.000000
149	100.000000
150	100.000000
151	100.000000
152	100.000000
153	100.000000
154	100.000000
155	100.000000
156	100.000000
157	100.000000
158	100.000000
159	100.000000
160	100.000000
161	100.000000
162	100.000000
163	100.000000
164	100.000000
165	100.000000
166	100.000000
167	100.000000
168	100.000000
169	100.000000
170	100.000000
171	100.000000
172	100.000000
173	100.000000
174	100.000000
175	100.000000
176	100.000000
177	100.000000
178	100.000000
179	100.000000
180	100.000000
181	100.000000
182	100.000000
183	100.000000
184	100.000000
185	100.000000
186	100.000000
187	100.000000
188	100.000000
189	100.000000
190	100.000000
191	100.000000
192	100.000000
193	100.000000
194	100.000000
195	100.000000
196	100.000000
197	100.000000
198	100.000000
199	100.000000
200	100.000000
201	100.000000
202	100.000000
203	100.000000
204	100.000000
205	100.000000
206	100.000000
207	100.000000
208	100.000000
209	100.000000
210	100.000000
211	100.000000
212	100.000000
213	100.000000
214	100.000000
215	100.000000
216	100.000000
217	100.000000
218	100.000000
219	100.000000
220	100.000000
221	100.000000
222	100.000000
223	100.000000
224	100.000000
225	100.000000
226	100.000000
227	100.000000
228	100.000000
229	100.000000
230	100.000000
231	100.000000
232	100.000000
233	100.000000
234	100.000000
235	100.000000
236	100.000000
237	100.000000
238	100.000000
239	100.000000
240	100.000000
241	100.000000
242	100.000000
243	100.000000
244	100.000000
245	100.000000
246	100.000000
247	100.000000
248	100.000000
249	100.000000
250	100.000000
251	100.000000
252	100.000000
253	100.000000
254	100.000000
255	100.000000
256	100.000000
257	100.000000
258	100.000000
259	100.000000
260	100.000000
261	100.000000
262	100.000000
263	100.000000
264	100.000000
265	100.000000
266	100.000000
267	100.000000
268	100.000000
269	100.000000
270	100.000000
271	100.000000
272	100.000000
273	100.000000
274	100.000000
275	100.000000
276	100.000000
277	100.000000
278	100.000000
279	100.000000
280	100.000000
281	100.000000
282	100.000000
283	100.000000
284	100.000000
285	100.000000
286	100.000000
287	100.000000
288	100.000000
289	100.000000
290	100.000000
291	100.000000
292	100.000000
293	100.000000
294	100.000000
295	100.000000
296	100.000000
297	100.000000
298	100.000000
299	100.000000
300	100.000000
301	100.000000
302	100.000000
303	100.000000
304	100.000000
305	100.000000
306	100.000000
307	100.000000
308	100.000000
309	100.000000
310	100.000000
311	100.000000
312	100.000000
313	100.000000
314	100.000000
315	100.000000
316	100.000000
317	100.000000
318	100.000000
319	100.000000
320	100.000000
321	100.000000
322	100.000000
323	100.000000
324	100.000000
325	100.000000
326	100.000000
327	100.000000
328	100.000000
329	100.000000
330	100.000000
331	100.000000
332	100.000000
333	100.000000
334	100.000000
335	100.000000
336	100.000000
337	100.000000
338	100.000000
339	100.000000
340	100.000000
341	100.000000
342	100.000000
343	100.000000
344	100.000000
345	100.000000
346	100.000000
347	100.000000
348	100.000000
349	100.000000
350	100.000000
351	100.000000
352	100.000000
353	100.000000
354	100.000000
355	100.000000
356	100.000000
357	100.000000
358	100.000000
359	100.000000
360	100.000000
361	100.000000
362	100.000000
363	100.000000
364	100.000000
365	100.000000
366	100.000000
367	100.000000
368	100.000000
369	100.000000
370	100.000000
371	100.000000
372	100.000000
373	100.000000
374	100.000000
375	100.000000
376	100.000000
377	100.000000
378	100.000000
379	100.000000
380	100.000000
381	100.000000
382	100.000000
383	100.000000
384	100.000000
385	100.000000
386	100.000000
387	100.000000
388	100.000000
389	100.000000
390	100.000000
391	100.000000
392	100.000000
393	100.000000
394	100.000000
395	100.000000
396	100.000000
397	100.000000
398	100.000000
399	100.000000
400	100.000000
401	100.000000
402	100.000000
403	100.000000
404	100.000000
405	100.000000
406	100.000000
407	100.000000
408	100.000000
409	100.000000
410	100.000000
411	100.000000
412	100.000000
413	100.000000
414	100.000000
415	100.000000
416	100.000000
417	100.000000
418	100.000000
419	100.000000
420	100.000000
421	100.000000
422	100.000000
423	100.000000
424	100.000000
425	100.000000
426	100.000000
427	100.000000
428	100.000000
429	100.000000
430	100.000000
431	100.000000
432	100.000000
433	100.000000
434	100.000000
435	100.000000
436	100.000000
437	100.000000
438	100.000000
439	100.000000
440	100.000000
441	100.000000
442	100.000000
443	100.000000
444	100.000000
445	100.000000
446	100.000000
447	100.000000
448	100.000000
449	100.000000
450	100.000000
451	100.000000
452	100.000000
453	100.000000
454	100.000000
455	100.000000
456	100.000000
457	100.000000
458	100.000000
459	100.000000
460	100.000000
461	100.000000
462	100.000000
463	100.000000
464	100.000000
465	100.000000
466	100.000000
467	100.000000
468	100.000000
469	100.000000
470	100.000000
471	100.000000
472	100.000000
473	100.000000
474	100.000000
475	100.000000
476	100.000000
477	100.000000
478	100.000000
479	100.000000
480	100.000000
481	100.000000
482	100.000000
483	100.000000
484	100.000000
485	100.000000
486	100.000000
487	100.000000
488	100.000000
489	100.000000
490	100.000000
491	100.000000
492	100.000000
493	100.000000
494	100.000000
495	100.000000
496	100.000000
497	100.000000
498	100.000000
499	100.000000
500	100.000000
;

