# seed = 5

param N := 100;

param M := 1;

param Umax := 100.000000;

param: C :=
1	241850.000000
;

param: a :=
1	0.107263
2	0.113538
3	0.191835
4	0.172847
5	0.168442
6	0.199868
7	0.196327
8	0.173501
9	0.161501
10	0.181162
11	0.110407
12	0.101149
13	0.149735
14	0.143678
15	0.103568
16	0.121329
17	0.171590
18	0.154036
19	0.156425
20	0.145753
21	0.164709
22	0.199150
23	0.105417
24	0.198078
25	0.114130
26	0.140658
27	0.160570
28	0.116583
29	0.144859
30	0.142998
31	0.197651
32	0.137821
33	0.191342
34	0.120074
35	0.115479
36	0.140394
37	0.159048
38	0.136925
39	0.128246
40	0.162832
41	0.138954
42	0.108745
43	0.183074
44	0.179557
45	0.106648
46	0.193725
47	0.151384
48	0.184717
49	0.151112
50	0.166465
51	0.121944
52	0.196141
53	0.166303
54	0.187702
55	0.109186
56	0.129398
57	0.153006
58	0.181127
59	0.171629
60	0.189302
61	0.148528
62	0.162108
63	0.149193
64	0.127542
65	0.153928
66	0.100164
67	0.184226
68	0.129093
69	0.111525
70	0.148853
71	0.136670
72	0.135769
73	0.180142
74	0.163172
75	0.118252
76	0.120455
77	0.142866
78	0.167875
79	0.122616
80	0.172272
81	0.106431
82	0.186470
83	0.189640
84	0.151627
85	0.116762
86	0.111137
87	0.184654
88	0.104775
89	0.192772
90	0.168189
91	0.199418
92	0.111083
93	0.195667
94	0.186217
95	0.154376
96	0.160013
97	0.168114
98	0.121836
99	0.142789
100	0.151960
;

param: b :=
1	98.037865
2	95.445358
3	29.110219
4	50.600239
5	10.585583
6	38.015408
7	20.288242
8	5.619092
9	87.790806
10	75.621725
11	87.745458
12	81.227293
13	36.549454
14	76.671949
15	51.823649
16	76.719212
17	30.097053
18	32.168713
19	89.031826
20	0.863470
21	50.021573
22	85.947455
23	86.612720
24	40.120498
25	38.844701
26	21.739911
27	24.864939
28	7.324619
29	40.455423
30	19.012578
31	95.531982
32	64.303719
33	54.370942
34	53.134131
35	33.108509
36	62.917147
37	25.192895
38	28.856431
39	49.432934
40	11.134090
41	32.589949
42	98.111876
43	97.292243
44	61.982401
45	98.461960
46	1.322811
47	60.720972
48	72.949482
49	17.726112
50	50.033061
51	22.648300
52	43.750272
53	51.828025
54	15.707510
55	82.153281
56	31.075134
57	85.335272
58	77.579445
59	10.187297
60	12.422101
61	6.207956
62	56.159290
63	8.712858
64	93.868447
65	68.975282
66	60.035029
67	22.508105
68	7.459225
69	67.314408
70	68.622773
71	50.135404
72	63.935622
73	4.432591
74	50.585226
75	17.329935
76	58.647988
77	63.444185
78	41.493503
79	11.010891
80	4.583776
81	35.334281
82	55.820380
83	96.804140
84	38.469476
85	55.407710
86	72.948941
87	60.650139
88	85.935999
89	26.155347
90	41.695563
91	92.021815
92	68.103638
93	62.439160
94	62.040334
95	0.545418
96	39.969549
97	91.295207
98	69.149114
99	81.340287
100	5.385794
;

param: c :=
1	12.343378
2	98.645224
3	21.654816
4	48.285925
5	51.162187
6	52.314216
7	76.174691
8	20.665273
9	73.276278
10	81.524759
11	14.774843
12	23.684562
13	8.356376
14	2.535151
15	75.708207
16	75.814714
17	49.694770
18	67.214016
19	20.274114
20	87.739904
21	15.885415
22	21.528345
23	38.431502
24	6.362231
25	40.297341
26	18.678515
27	70.090709
28	87.562246
29	23.896625
30	16.552159
31	52.099993
32	1.694377
33	6.120051
34	10.919618
35	53.771091
36	73.469297
37	93.784237
38	59.928165
39	23.733164
40	5.363702
41	5.517263
42	19.727450
43	75.183995
44	62.923280
45	97.768726
46	62.296839
47	53.656190
48	38.375865
49	27.199398
50	54.147210
51	74.625938
52	48.885815
53	21.934116
54	53.453111
55	30.984524
56	50.664227
57	88.737093
58	8.594973
59	18.815093
60	85.221326
61	91.369117
62	71.209028
63	31.408566
64	2.784950
65	52.805680
66	92.364324
67	71.872331
68	47.615244
69	15.006388
70	9.143427
71	19.837839
72	67.757055
73	50.438815
74	22.898768
75	35.114428
76	35.404344
77	98.567255
78	53.863630
79	71.066617
80	65.010105
81	35.093405
82	52.656769
83	38.829367
84	89.897875
85	62.079950
86	66.919309
87	15.605717
88	84.648616
89	31.936332
90	72.587744
91	39.089794
92	7.410988
93	70.089370
94	35.031067
95	36.392788
96	79.110052
97	0.947890
98	69.432069
99	10.046125
100	83.494374
;

param: d :=
1	-25.004843
2	-4.770957
3	-21.974169
4	-68.006112
5	-19.442151
6	-94.965031
7	-17.034736
8	-18.227670
9	-56.629593
10	-37.888827
11	-9.453412
12	-2.516948
13	-56.582181
14	-3.386363
15	-52.809577
16	-75.355429
17	-13.634037
18	-20.300531
19	-59.451186
20	-44.266682
21	-25.780815
22	-78.351327
23	-58.581039
24	-5.057954
25	-85.619604
26	-18.471317
27	-28.365137
28	-44.448988
29	-89.983363
30	-97.965951
31	-4.880215
32	-20.628906
33	-74.269684
34	-87.896956
35	-47.649447
36	-4.706519
37	-21.037357
38	-33.670316
39	-49.313390
40	-77.899274
41	-43.216387
42	-3.396099
43	-49.274909
44	-59.509842
45	-96.976087
46	-83.995355
47	-99.834986
48	-73.494764
49	-35.236122
50	-81.786364
51	-53.176212
52	-95.696829
53	-72.959637
54	-61.184567
55	-96.006933
56	-28.416198
57	-77.500167
58	-99.825357
59	-48.453334
60	-64.504987
61	-56.932667
62	-85.346931
63	-12.817890
64	-68.081301
65	-89.964972
66	-76.774434
67	-78.836141
68	-46.345519
69	-53.870485
70	-30.267764
71	-34.015826
72	-79.430836
73	-36.832311
74	-6.942890
75	-78.124454
76	-54.240266
77	-93.860792
78	-39.810868
79	-90.383699
80	-42.778517
81	-87.278944
82	-66.331051
83	-35.312038
84	-19.808840
85	-30.920825
86	-9.185761
87	-93.858627
88	-43.539879
89	-70.619623
90	-76.489610
91	-60.152847
92	-90.756106
93	-41.531452
94	-96.624724
95	-46.606551
96	-2.297981
97	-69.427417
98	-64.769769
99	-87.013444
100	-80.105743
;

param: weight :=
1	68.000000
2	25.000000
3	71.000000
4	94.000000
5	5.000000
6	8.000000
7	71.000000
8	58.000000
9	41.000000
10	5.000000
11	13.000000
12	47.000000
13	5.000000
14	58.000000
15	38.000000
16	99.000000
17	29.000000
18	38.000000
19	3.000000
20	98.000000
21	16.000000
22	83.000000
23	52.000000
24	97.000000
25	18.000000
26	57.000000
27	48.000000
28	41.000000
29	53.000000
30	43.000000
31	99.000000
32	70.000000
33	36.000000
34	79.000000
35	69.000000
36	43.000000
37	55.000000
38	22.000000
39	28.000000
40	18.000000
41	7.000000
42	23.000000
43	96.000000
44	12.000000
45	60.000000
46	49.000000
47	51.000000
48	14.000000
49	53.000000
50	18.000000
51	73.000000
52	32.000000
53	36.000000
54	44.000000
55	15.000000
56	35.000000
57	95.000000
58	70.000000
59	12.000000
60	49.000000
61	36.000000
62	47.000000
63	32.000000
64	89.000000
65	84.000000
66	60.000000
67	1.000000
68	71.000000
69	4.000000
70	38.000000
71	49.000000
72	37.000000
73	8.000000
74	21.000000
75	49.000000
76	15.000000
77	63.000000
78	72.000000
79	75.000000
80	53.000000
81	75.000000
82	73.000000
83	83.000000
84	17.000000
85	55.000000
86	58.000000
87	60.000000
88	52.000000
89	66.000000
90	98.000000
91	74.000000
92	64.000000
93	81.000000
94	92.000000
95	6.000000
96	68.000000
97	70.000000
98	59.000000
99	32.000000
100	5.000000
;

param: U :=
1	100.000000
2	100.000000
3	100.000000
4	100.000000
5	100.000000
6	100.000000
7	100.000000
8	100.000000
9	100.000000
10	100.000000
11	100.000000
12	100.000000
13	100.000000
14	100.000000
15	100.000000
16	100.000000
17	100.000000
18	100.000000
19	100.000000
20	100.000000
21	100.000000
22	100.000000
23	100.000000
24	100.000000
25	100.000000
26	100.000000
27	100.000000
28	100.000000
29	100.000000
30	100.000000
31	100.000000
32	100.000000
33	100.000000
34	100.000000
35	100.000000
36	100.000000
37	100.000000
38	100.000000
39	100.000000
40	100.000000
41	100.000000
42	100.000000
43	100.000000
44	100.000000
45	100.000000
46	100.000000
47	100.000000
48	100.000000
49	100.000000
50	100.000000
51	100.000000
52	100.000000
53	100.000000
54	100.000000
55	100.000000
56	100.000000
57	100.000000
58	100.000000
59	100.000000
60	100.000000
61	100.000000
62	100.000000
63	100.000000
64	100.000000
65	100.000000
66	100.000000
67	100.000000
68	100.000000
69	100.000000
70	100.000000
71	100.000000
72	100.000000
73	100.000000
74	100.000000
75	100.000000
76	100.000000
77	100.000000
78	100.000000
79	100.000000
80	100.000000
81	100.000000
82	100.000000
83	100.000000
84	100.000000
85	100.000000
86	100.000000
87	100.000000
88	100.000000
89	100.000000
90	100.000000
91	100.000000
92	100.000000
93	100.000000
94	100.000000
95	100.000000
96	100.000000
97	100.000000
98	100.000000
99	100.000000
100	100.000000
;
