# seed = 2

param N := 1000;

param M := 1;

param Umax := 100.000000;

param: C :=
1	2429400.000000
;

param: a :=
1	0.117554
2	0.153194
3	0.181322
4	0.199042
5	0.188820
6	0.149581
7	0.156809
8	0.142789
9	0.174239
10	0.135293
11	0.151162
12	0.186736
13	0.136090
14	0.166290
15	0.174047
16	0.171946
17	0.130418
18	0.167066
19	0.136606
20	0.145098
21	0.182674
22	0.126680
23	0.188576
24	0.157448
25	0.134307
26	0.196656
27	0.129097
28	0.191607
29	0.104254
30	0.198422
31	0.190155
32	0.176952
33	0.196520
34	0.163519
35	0.183128
36	0.134829
37	0.114251
38	0.178964
39	0.123657
40	0.162216
41	0.184095
42	0.156986
43	0.133490
44	0.125510
45	0.152583
46	0.112727
47	0.135155
48	0.108356
49	0.189884
50	0.113680
51	0.165071
52	0.128541
53	0.147795
54	0.137683
55	0.155354
56	0.167337
57	0.139760
58	0.119618
59	0.186368
60	0.168149
61	0.185562
62	0.189485
63	0.122654
64	0.143136
65	0.164274
66	0.134710
67	0.131856
68	0.118200
69	0.186358
70	0.196162
71	0.173849
72	0.147944
73	0.195302
74	0.185008
75	0.176425
76	0.165921
77	0.120020
78	0.165783
79	0.160730
80	0.186994
81	0.199391
82	0.170144
83	0.170943
84	0.126289
85	0.179048
86	0.152184
87	0.173653
88	0.158691
89	0.199390
90	0.180474
91	0.169821
92	0.176697
93	0.161927
94	0.137893
95	0.175379
96	0.155088
97	0.183827
98	0.120350
99	0.121908
100	0.185471
101	0.142462
102	0.199554
103	0.183416
104	0.173135
105	0.112968
106	0.102473
107	0.150614
108	0.177755
109	0.168889
110	0.120763
111	0.197854
112	0.140369
113	0.189849
114	0.134798
115	0.101652
116	0.109839
117	0.194147
118	0.155719
119	0.139184
120	0.101836
121	0.115170
122	0.130653
123	0.199621
124	0.109706
125	0.197450
126	0.109924
127	0.106750
128	0.172207
129	0.118331
130	0.170606
131	0.191038
132	0.179844
133	0.171251
134	0.112233
135	0.167586
136	0.152300
137	0.124399
138	0.116309
139	0.142148
140	0.126757
141	0.149724
142	0.183734
143	0.138723
144	0.191186
145	0.162841
146	0.189095
147	0.112082
148	0.143284
149	0.163830
150	0.146937
151	0.150462
152	0.149047
153	0.184009
154	0.149899
155	0.189889
156	0.130404
157	0.105885
158	0.100946
159	0.135354
160	0.163322
161	0.138800
162	0.129689
163	0.137909
164	0.101320
165	0.196727
166	0.191771
167	0.188268
168	0.151261
169	0.149159
170	0.188737
171	0.124501
172	0.114694
173	0.148589
174	0.153215
175	0.101386
176	0.152790
177	0.113945
178	0.155214
179	0.128240
180	0.187376
181	0.199559
182	0.151595
183	0.185951
184	0.174673
185	0.127433
186	0.172467
187	0.171137
188	0.148189
189	0.120607
190	0.168820
191	0.193102
192	0.145755
193	0.146330
194	0.168556
195	0.133237
196	0.161973
197	0.125522
198	0.178673
199	0.179907
200	0.183392
201	0.123307
202	0.172324
203	0.141863
204	0.155576
205	0.160181
206	0.153782
207	0.124439
208	0.113153
209	0.143124
210	0.103742
211	0.105851
212	0.152367
213	0.121143
214	0.183080
215	0.120627
216	0.130838
217	0.105393
218	0.169723
219	0.101492
220	0.146342
221	0.114269
222	0.184935
223	0.141009
224	0.184808
225	0.199701
226	0.174963
227	0.107449
228	0.139270
229	0.143347
230	0.124388
231	0.145341
232	0.188361
233	0.141728
234	0.106882
235	0.163292
236	0.138924
237	0.149320
238	0.157874
239	0.176743
240	0.101158
241	0.137751
242	0.175868
243	0.151262
244	0.157001
245	0.112867
246	0.140009
247	0.109008
248	0.178516
249	0.137005
250	0.105820
251	0.173865
252	0.124302
253	0.197302
254	0.180293
255	0.197895
256	0.105795
257	0.174068
258	0.104840
259	0.137142
260	0.155880
261	0.140116
262	0.191762
263	0.109623
264	0.153197
265	0.197934
266	0.133046
267	0.151319
268	0.189670
269	0.106104
270	0.187007
271	0.149832
272	0.149113
273	0.155506
274	0.119105
275	0.137349
276	0.198561
277	0.143700
278	0.148819
279	0.149936
280	0.145428
281	0.139919
282	0.189197
283	0.110167
284	0.185783
285	0.113307
286	0.141703
287	0.101997
288	0.130230
289	0.186123
290	0.176532
291	0.158349
292	0.137541
293	0.122239
294	0.159217
295	0.174652
296	0.139602
297	0.197150
298	0.143225
299	0.101216
300	0.188913
301	0.172756
302	0.126222
303	0.146912
304	0.150862
305	0.199960
306	0.179675
307	0.178126
308	0.199397
309	0.157287
310	0.190431
311	0.183434
312	0.168832
313	0.140915
314	0.195545
315	0.114108
316	0.164618
317	0.195646
318	0.122261
319	0.109322
320	0.179174
321	0.145955
322	0.113238
323	0.162502
324	0.132636
325	0.120940
326	0.171473
327	0.120033
328	0.185067
329	0.149865
330	0.132969
331	0.132053
332	0.139668
333	0.192993
334	0.138005
335	0.176938
336	0.181120
337	0.189671
338	0.153445
339	0.175898
340	0.125148
341	0.124850
342	0.155575
343	0.102303
344	0.155893
345	0.174430
346	0.168952
347	0.112270
348	0.177875
349	0.157937
350	0.183071
351	0.189973
352	0.133043
353	0.174673
354	0.172395
355	0.185938
356	0.148125
357	0.101359
358	0.151996
359	0.198501
360	0.115753
361	0.102062
362	0.107178
363	0.194670
364	0.133655
365	0.194343
366	0.185590
367	0.160264
368	0.108525
369	0.170335
370	0.156089
371	0.147098
372	0.148188
373	0.101631
374	0.118543
375	0.130548
376	0.104684
377	0.173153
378	0.198750
379	0.172244
380	0.103151
381	0.159675
382	0.149676
383	0.172059
384	0.118077
385	0.158458
386	0.114824
387	0.178410
388	0.146881
389	0.127395
390	0.168315
391	0.181112
392	0.102726
393	0.123870
394	0.149837
395	0.168218
396	0.148582
397	0.122387
398	0.115562
399	0.179597
400	0.133129
401	0.170378
402	0.104706
403	0.111917
404	0.167866
405	0.128211
406	0.179012
407	0.159024
408	0.153813
409	0.113302
410	0.183824
411	0.126397
412	0.151941
413	0.165741
414	0.150786
415	0.165757
416	0.112750
417	0.192092
418	0.143368
419	0.190030
420	0.100588
421	0.188070
422	0.111749
423	0.183871
424	0.193237
425	0.190405
426	0.173207
427	0.131273
428	0.122393
429	0.108529
430	0.101540
431	0.134238
432	0.100066
433	0.138293
434	0.152102
435	0.105708
436	0.129479
437	0.115604
438	0.118774
439	0.184815
440	0.189833
441	0.105782
442	0.181537
443	0.109582
444	0.125769
445	0.132014
446	0.101228
447	0.137656
448	0.188732
449	0.117005
450	0.125677
451	0.112531
452	0.153757
453	0.151149
454	0.104649
455	0.184338
456	0.174076
457	0.144839
458	0.112244
459	0.136464
460	0.187460
461	0.127062
462	0.186610
463	0.199557
464	0.134276
465	0.120205
466	0.104038
467	0.187431
468	0.165488
469	0.143335
470	0.128474
471	0.196430
472	0.139584
473	0.191663
474	0.134158
475	0.145203
476	0.191242
477	0.169735
478	0.185319
479	0.141479
480	0.151775
481	0.165724
482	0.122696
483	0.112269
484	0.115709
485	0.133949
486	0.188007
487	0.129454
488	0.113104
489	0.165735
490	0.146726
491	0.134787
492	0.100379
493	0.160031
494	0.146657
495	0.162067
496	0.199342
497	0.169781
498	0.131465
499	0.179348
500	0.114634
501	0.187821
502	0.178295
503	0.164045
504	0.133505
505	0.198171
506	0.123483
507	0.133772
508	0.193562
509	0.169512
510	0.198939
511	0.116273
512	0.148422
513	0.166723
514	0.171435
515	0.115940
516	0.126452
517	0.143443
518	0.173039
519	0.148557
520	0.188278
521	0.115306
522	0.199001
523	0.161004
524	0.197484
525	0.180820
526	0.105305
527	0.136819
528	0.136316
529	0.129676
530	0.135222
531	0.115577
532	0.159016
533	0.178167
534	0.184414
535	0.193310
536	0.101194
537	0.129689
538	0.159429
539	0.184542
540	0.172489
541	0.131435
542	0.113382
543	0.167371
544	0.133115
545	0.172459
546	0.140830
547	0.129595
548	0.109404
549	0.195374
550	0.183468
551	0.191257
552	0.185146
553	0.131570
554	0.137545
555	0.100280
556	0.151226
557	0.113674
558	0.170609
559	0.187940
560	0.152349
561	0.199298
562	0.165004
563	0.160474
564	0.127382
565	0.153781
566	0.198759
567	0.107601
568	0.127194
569	0.177459
570	0.136847
571	0.139555
572	0.126129
573	0.119460
574	0.112495
575	0.162635
576	0.155754
577	0.147198
578	0.158713
579	0.174662
580	0.139437
581	0.140922
582	0.131790
583	0.155665
584	0.159798
585	0.167075
586	0.112347
587	0.126268
588	0.174220
589	0.103208
590	0.150248
591	0.151101
592	0.135250
593	0.197739
594	0.132372
595	0.167148
596	0.140717
597	0.118436
598	0.132829
599	0.126736
600	0.166497
601	0.188209
602	0.159719
603	0.101936
604	0.106100
605	0.166947
606	0.157946
607	0.157966
608	0.118046
609	0.188329
610	0.116149
611	0.119226
612	0.100018
613	0.199928
614	0.129169
615	0.106569
616	0.126248
617	0.173049
618	0.166066
619	0.144095
620	0.104393
621	0.199438
622	0.174516
623	0.113105
624	0.170594
625	0.124518
626	0.190023
627	0.100973
628	0.122193
629	0.141753
630	0.187979
631	0.136876
632	0.101402
633	0.178665
634	0.135272
635	0.193428
636	0.120607
637	0.158458
638	0.164916
639	0.163419
640	0.172942
641	0.176692
642	0.190529
643	0.187713
644	0.191753
645	0.159010
646	0.187458
647	0.182934
648	0.136125
649	0.114798
650	0.177434
651	0.110096
652	0.182896
653	0.123765
654	0.105180
655	0.168749
656	0.156856
657	0.177167
658	0.179906
659	0.137343
660	0.146981
661	0.112744
662	0.142085
663	0.156110
664	0.182655
665	0.158095
666	0.110714
667	0.132076
668	0.104929
669	0.134181
670	0.177788
671	0.108161
672	0.192687
673	0.161895
674	0.182989
675	0.105082
676	0.176728
677	0.116549
678	0.105104
679	0.122471
680	0.131646
681	0.172917
682	0.102327
683	0.193336
684	0.101802
685	0.193062
686	0.114701
687	0.130867
688	0.101451
689	0.157369
690	0.175429
691	0.187555
692	0.106802
693	0.175875
694	0.176969
695	0.138685
696	0.125781
697	0.129694
698	0.175243
699	0.100345
700	0.159821
701	0.159013
702	0.178306
703	0.145053
704	0.137738
705	0.176152
706	0.143546
707	0.113386
708	0.180891
709	0.156726
710	0.163172
711	0.163951
712	0.116690
713	0.166894
714	0.192748
715	0.109046
716	0.108466
717	0.175063
718	0.142100
719	0.108289
720	0.142235
721	0.129537
722	0.117768
723	0.144289
724	0.133167
725	0.144431
726	0.115409
727	0.194804
728	0.152726
729	0.119721
730	0.187227
731	0.166229
732	0.152207
733	0.119347
734	0.190631
735	0.160680
736	0.124339
737	0.176078
738	0.170492
739	0.103634
740	0.185532
741	0.183650
742	0.133117
743	0.120680
744	0.119384
745	0.125441
746	0.144826
747	0.104406
748	0.113101
749	0.142381
750	0.135892
751	0.154336
752	0.150777
753	0.186805
754	0.129394
755	0.113452
756	0.145201
757	0.107593
758	0.169209
759	0.176522
760	0.139445
761	0.114839
762	0.151781
763	0.195942
764	0.154782
765	0.199856
766	0.130768
767	0.142481
768	0.143542
769	0.196278
770	0.193854
771	0.123639
772	0.120781
773	0.172659
774	0.185111
775	0.197584
776	0.146978
777	0.107336
778	0.136361
779	0.148646
780	0.172918
781	0.158092
782	0.193095
783	0.174146
784	0.155048
785	0.170441
786	0.136560
787	0.101040
788	0.178931
789	0.176803
790	0.170644
791	0.119289
792	0.170777
793	0.128387
794	0.127086
795	0.186265
796	0.117835
797	0.110213
798	0.145901
799	0.190927
800	0.154634
801	0.198774
802	0.123487
803	0.158848
804	0.158682
805	0.174189
806	0.113700
807	0.152138
808	0.183284
809	0.113791
810	0.199236
811	0.178226
812	0.150294
813	0.113705
814	0.144884
815	0.194405
816	0.137234
817	0.168151
818	0.160563
819	0.148430
820	0.118137
821	0.146105
822	0.120753
823	0.128588
824	0.152797
825	0.127574
826	0.182269
827	0.162322
828	0.124033
829	0.139727
830	0.176079
831	0.145456
832	0.112617
833	0.179760
834	0.173150
835	0.152196
836	0.199596
837	0.115668
838	0.128437
839	0.143414
840	0.108488
841	0.136171
842	0.158811
843	0.188993
844	0.187713
845	0.110886
846	0.151425
847	0.120908
848	0.182663
849	0.116160
850	0.170375
851	0.193961
852	0.143809
853	0.143875
854	0.152872
855	0.166926
856	0.120205
857	0.119501
858	0.143920
859	0.184507
860	0.110799
861	0.189171
862	0.153474
863	0.123170
864	0.197355
865	0.147492
866	0.191755
867	0.121582
868	0.159515
869	0.124381
870	0.127726
871	0.192258
872	0.114772
873	0.105050
874	0.174384
875	0.177471
876	0.189757
877	0.152458
878	0.127658
879	0.138333
880	0.160528
881	0.142092
882	0.178171
883	0.110162
884	0.157531
885	0.157717
886	0.153725
887	0.147684
888	0.168134
889	0.119483
890	0.177356
891	0.130475
892	0.135357
893	0.187935
894	0.125778
895	0.155411
896	0.185095
897	0.140906
898	0.117038
899	0.149020
900	0.130743
901	0.147639
902	0.146016
903	0.181200
904	0.156452
905	0.137861
906	0.155030
907	0.134776
908	0.192154
909	0.195836
910	0.137030
911	0.169538
912	0.146158
913	0.199380
914	0.144770
915	0.179483
916	0.172652
917	0.118181
918	0.152942
919	0.118958
920	0.184296
921	0.157394
922	0.169618
923	0.171885
924	0.192584
925	0.135008
926	0.193495
927	0.110520
928	0.126030
929	0.168684
930	0.145273
931	0.136347
932	0.127199
933	0.171615
934	0.119665
935	0.102518
936	0.167223
937	0.134019
938	0.128578
939	0.158945
940	0.133413
941	0.177335
942	0.163443
943	0.126425
944	0.159259
945	0.146400
946	0.103801
947	0.131211
948	0.133869
949	0.169017
950	0.107353
951	0.136593
952	0.112212
953	0.127947
954	0.146751
955	0.197492
956	0.135686
957	0.129732
958	0.143005
959	0.165077
960	0.120271
961	0.186529
962	0.179883
963	0.194504
964	0.113903
965	0.102077
966	0.197677
967	0.150644
968	0.179420
969	0.125322
970	0.183723
971	0.154622
972	0.157493
973	0.157664
974	0.115396
975	0.197943
976	0.128065
977	0.187040
978	0.136695
979	0.122863
980	0.176931
981	0.143252
982	0.149357
983	0.125356
984	0.197678
985	0.101047
986	0.126975
987	0.156629
988	0.163659
989	0.113720
990	0.177432
991	0.123271
992	0.170960
993	0.133694
994	0.125948
995	0.118348
996	0.146571
997	0.170828
998	0.158546
999	0.194931
1000	0.130459
;

param: b :=
1	38.044743
2	35.260933
3	90.087215
4	69.617539
5	4.240247
6	19.628097
7	40.139112
8	98.384819
9	16.677742
10	43.029745
11	26.241148
12	74.713397
13	84.239222
14	32.019387
15	21.211948
16	84.498589
17	19.807605
18	73.732335
19	53.910871
20	78.617144
21	0.603283
22	67.683510
23	17.874229
24	21.445780
25	90.256470
26	54.095312
27	19.813366
28	10.849780
29	70.991285
30	62.619608
31	3.854215
32	18.183671
33	85.216040
34	55.657961
35	7.828245
36	93.530366
37	51.894560
38	0.150433
39	16.407599
40	47.323431
41	73.702180
42	20.200650
43	81.140847
44	73.426463
45	99.422487
46	30.542827
47	46.434493
48	93.785462
49	6.057817
50	90.836040
51	29.288291
52	96.559455
53	3.921297
54	89.906910
55	93.011691
56	14.357794
57	90.346086
58	47.005748
59	61.713475
60	65.968373
61	81.721858
62	73.215823
63	78.684565
64	9.206126
65	61.613987
66	47.823887
67	63.240333
68	83.765927
69	11.496151
70	5.268630
71	7.209718
72	96.428255
73	75.587699
74	36.156497
75	81.291930
76	90.565372
77	75.314594
78	92.347683
79	66.801789
80	66.311217
81	31.046909
82	86.436012
83	70.695115
84	98.592830
85	18.115492
86	10.183401
87	98.567557
88	64.195870
89	91.475158
90	59.977632
91	28.474816
92	81.501588
93	93.877652
94	73.469187
95	99.334536
96	88.848505
97	42.388341
98	95.081521
99	75.651687
100	96.613776
101	65.436358
102	12.880822
103	9.279735
104	86.408552
105	9.478146
106	71.396939
107	73.450110
108	29.796738
109	46.615875
110	40.962084
111	87.509558
112	55.305808
113	93.698080
114	67.618086
115	60.530086
116	89.683308
117	80.025220
118	46.905081
119	61.053664
120	33.717245
121	24.132913
122	89.985617
123	5.742782
124	69.658503
125	6.361814
126	50.822253
127	73.284803
128	14.538287
129	82.948933
130	18.346707
131	18.698234
132	1.285822
133	81.244482
134	40.664691
135	37.268659
136	33.419064
137	70.099344
138	49.556248
139	38.337142
140	21.551610
141	65.891763
142	82.342420
143	60.723265
144	74.935034
145	60.990241
146	49.425385
147	8.339277
148	44.266800
149	72.620856
150	34.773956
151	34.767248
152	54.901878
153	33.298434
154	49.112031
155	24.314793
156	90.853044
157	34.552260
158	85.843445
159	94.156825
160	30.689721
161	47.046536
162	33.655357
163	35.604632
164	11.413169
165	76.881775
166	22.661030
167	73.531223
168	23.975155
169	18.406564
170	58.870219
171	9.687463
172	81.594575
173	61.663694
174	1.072543
175	78.656636
176	6.611226
177	63.104889
178	90.393863
179	18.185751
180	36.823648
181	71.165453
182	34.737068
183	50.758959
184	39.797404
185	88.297846
186	30.475852
187	5.054654
188	1.580020
189	87.734419
190	95.263348
191	94.198876
192	25.757265
193	96.332986
194	18.484712
195	30.897212
196	51.109346
197	35.695656
198	15.320200
199	14.996317
200	30.692072
201	39.429413
202	67.668875
203	7.170305
204	14.559025
205	69.761811
206	75.346538
207	49.384363
208	76.328640
209	51.117213
210	37.901258
211	57.886383
212	69.030323
213	68.570776
214	47.911392
215	34.076633
216	23.945224
217	6.250042
218	19.029612
219	49.797157
220	58.509650
221	37.777840
222	31.256734
223	97.354308
224	67.719947
225	17.485581
226	39.236051
227	98.908818
228	4.957800
229	82.320502
230	84.416423
231	62.501430
232	45.353495
233	12.976797
234	12.822433
235	10.491971
236	40.738176
237	44.157443
238	75.509297
239	11.827146
240	29.724025
241	59.242156
242	94.810568
243	84.263802
244	32.825975
245	65.794453
246	9.808890
247	52.586258
248	66.621337
249	25.035545
250	28.960863
251	48.670709
252	69.778330
253	71.765780
254	77.287157
255	6.770447
256	72.615844
257	29.135256
258	32.002851
259	47.577896
260	46.647486
261	19.089287
262	30.464170
263	27.121358
264	0.027226
265	93.925386
266	26.875238
267	14.660649
268	92.107096
269	49.517562
270	36.912996
271	0.371195
272	48.902215
273	91.801858
274	32.471320
275	66.377082
276	39.421278
277	57.861057
278	65.258962
279	37.349320
280	0.006795
281	47.688852
282	18.250338
283	46.110211
284	60.355036
285	5.418942
286	29.594063
287	60.256680
288	73.166513
289	11.374256
290	35.938426
291	7.266513
292	60.796996
293	13.629701
294	16.954757
295	21.174632
296	25.589840
297	39.857242
298	94.452844
299	78.709571
300	89.823172
301	19.497568
302	91.529860
303	21.568828
304	87.742350
305	81.521829
306	69.192204
307	86.624162
308	88.655238
309	0.068198
310	52.101502
311	16.939616
312	10.146545
313	59.266569
314	53.102034
315	86.923907
316	73.209209
317	28.518702
318	87.242258
319	81.663278
320	12.153907
321	7.767374
322	88.696900
323	92.644307
324	29.534222
325	92.210107
326	28.632992
327	86.555968
328	18.146592
329	35.846855
330	26.293771
331	27.499111
332	22.537494
333	10.230547
334	5.670585
335	59.407211
336	25.255439
337	41.930504
338	14.547323
339	5.728452
340	74.458706
341	79.017704
342	11.767607
343	92.318379
344	43.250656
345	61.450621
346	90.618687
347	5.875191
348	52.334614
349	95.249459
350	0.527522
351	4.228277
352	54.144362
353	73.896982
354	21.434964
355	29.732862
356	28.641500
357	49.377305
358	18.012999
359	12.144141
360	33.095165
361	9.819550
362	85.624868
363	92.273307
364	13.707508
365	61.898971
366	54.507390
367	77.211249
368	15.515917
369	67.017259
370	83.000492
371	94.544691
372	81.386812
373	68.862919
374	86.829680
375	5.016876
376	56.576987
377	34.306371
378	57.014049
379	6.717000
380	13.381315
381	4.270203
382	5.390656
383	54.514259
384	12.239447
385	85.167022
386	46.701866
387	31.881198
388	52.980188
389	76.199276
390	20.862508
391	35.418249
392	70.802379
393	98.689712
394	77.317255
395	13.750619
396	56.097562
397	16.640389
398	91.903177
399	25.648829
400	74.531426
401	72.512920
402	96.049542
403	34.072514
404	25.253970
405	24.033495
406	68.425099
407	70.223913
408	77.550355
409	60.150238
410	65.928483
411	99.854582
412	54.600555
413	98.088420
414	39.927993
415	82.130962
416	18.482250
417	62.369767
418	30.450430
419	20.638390
420	70.744171
421	59.699402
422	80.403314
423	42.962163
424	70.636413
425	71.589267
426	81.431378
427	11.036239
428	56.827530
429	4.381153
430	54.316646
431	53.832755
432	22.964881
433	52.165484
434	68.852530
435	56.722049
436	72.811611
437	84.463725
438	5.646095
439	34.554458
440	86.725298
441	8.015511
442	66.855889
443	33.679883
444	12.408041
445	75.319961
446	67.991239
447	60.056131
448	83.102628
449	38.186718
450	72.124823
451	31.274305
452	27.458382
453	89.572092
454	63.250700
455	7.188869
456	39.980983
457	90.359351
458	59.720155
459	52.437834
460	36.059042
461	56.841242
462	63.684253
463	61.970760
464	64.755441
465	17.456002
466	29.224635
467	12.964784
468	94.212111
469	89.028515
470	12.084610
471	64.742135
472	88.838761
473	71.676326
474	39.634968
475	7.014917
476	67.122850
477	63.811429
478	71.838567
479	75.023024
480	67.594685
481	87.910956
482	96.382456
483	80.395766
484	66.062426
485	78.396870
486	58.230366
487	48.606944
488	17.160022
489	20.514650
490	24.368593
491	35.187716
492	22.831817
493	35.270809
494	44.024380
495	86.453980
496	68.024744
497	58.161114
498	20.661628
499	86.369557
500	80.148001
501	95.801462
502	57.297575
503	58.588888
504	41.591055
505	3.653394
506	61.694161
507	26.016259
508	83.231429
509	50.045416
510	33.884170
511	75.597253
512	45.404152
513	43.940587
514	65.509436
515	91.515346
516	23.809048
517	10.281946
518	59.996861
519	76.485299
520	14.163306
521	40.027607
522	97.727714
523	27.247699
524	1.318930
525	44.914435
526	99.112286
527	0.485515
528	51.467841
529	76.768128
530	54.526659
531	54.888438
532	76.898388
533	41.285064
534	84.692451
535	59.100749
536	84.551702
537	58.570669
538	93.605331
539	11.030510
540	90.124178
541	37.018157
542	42.150008
543	22.523201
544	54.171853
545	59.406012
546	14.789156
547	15.413065
548	59.377936
549	18.925232
550	47.909342
551	56.653399
552	4.707322
553	67.272503
554	74.530357
555	87.540160
556	58.608007
557	76.345852
558	32.436005
559	36.102718
560	99.375136
561	79.334879
562	77.274061
563	14.634657
564	29.626655
565	91.055580
566	3.241664
567	32.341791
568	28.739309
569	28.621030
570	4.857034
571	0.117572
572	2.844714
573	77.665210
574	64.491550
575	55.623233
576	50.410346
577	40.284324
578	74.043403
579	54.676112
580	91.381083
581	99.717684
582	75.148144
583	93.778417
584	87.532503
585	27.764665
586	47.593203
587	94.327544
588	34.316746
589	6.239822
590	69.957076
591	41.659113
592	37.723794
593	25.659079
594	73.814091
595	88.818028
596	46.453552
597	83.592168
598	65.746006
599	20.800369
600	89.282965
601	94.471759
602	51.020770
603	88.363828
604	14.961477
605	22.070993
606	69.315100
607	72.575487
608	17.241852
609	3.310571
610	6.874358
611	36.436440
612	49.643453
613	58.270576
614	11.683540
615	58.849580
616	58.939722
617	62.816845
618	6.593768
619	59.251921
620	8.914677
621	68.936689
622	31.240039
623	60.703112
624	27.343422
625	77.949540
626	34.983576
627	76.986387
628	89.694224
629	9.544322
630	75.647347
631	99.892762
632	0.866331
633	70.267460
634	36.472092
635	99.815551
636	70.411176
637	44.884650
638	12.970111
639	34.083442
640	13.582338
641	80.282263
642	44.420755
643	20.155902
644	10.891224
645	8.921913
646	34.686357
647	30.747126
648	99.349400
649	78.258831
650	53.349095
651	74.098778
652	54.801336
653	23.638126
654	63.510157
655	84.576489
656	60.747206
657	1.354100
658	32.678052
659	98.323177
660	81.803933
661	56.035943
662	41.863975
663	51.957551
664	97.145458
665	2.233371
666	72.536584
667	34.599688
668	69.376931
669	88.697110
670	94.252031
671	86.967736
672	62.019604
673	11.945719
674	93.327185
675	52.317716
676	84.762949
677	66.971231
678	85.611497
679	52.693074
680	34.386553
681	41.208647
682	55.756189
683	59.498135
684	22.682082
685	27.342924
686	88.000232
687	92.268382
688	28.494365
689	81.254148
690	61.308318
691	97.048820
692	9.352313
693	38.872985
694	63.052486
695	83.722953
696	69.292925
697	57.668408
698	78.041128
699	24.602714
700	58.072594
701	83.606658
702	46.591695
703	15.882948
704	94.105608
705	91.479295
706	45.966546
707	41.004174
708	10.544402
709	64.974651
710	88.417808
711	17.086389
712	62.428025
713	76.329552
714	21.671617
715	83.669673
716	69.106932
717	11.339853
718	93.879634
719	40.953835
720	94.153378
721	24.335421
722	6.511272
723	91.700647
724	72.134473
725	81.554824
726	22.631922
727	97.323814
728	25.119841
729	96.793920
730	75.165522
731	28.856356
732	41.327676
733	0.433126
734	97.218231
735	36.211052
736	70.947132
737	54.920144
738	24.854835
739	63.639845
740	43.922678
741	39.887589
742	48.809818
743	84.794168
744	92.772532
745	78.881684
746	29.068162
747	34.294960
748	24.615986
749	48.565701
750	36.032274
751	87.666404
752	40.170266
753	71.742178
754	80.604922
755	1.436064
756	84.618388
757	5.351324
758	50.775057
759	30.187413
760	92.567336
761	92.766230
762	16.454878
763	17.502410
764	97.297390
765	56.434045
766	6.161610
767	60.417395
768	89.305989
769	50.320814
770	91.969448
771	13.305025
772	64.805674
773	11.614269
774	93.805078
775	85.817911
776	93.973463
777	11.028681
778	87.026232
779	53.969782
780	76.112338
781	77.951708
782	73.241931
783	84.933553
784	25.394768
785	97.242102
786	54.327052
787	16.550849
788	59.215144
789	6.848338
790	42.424925
791	82.194275
792	21.980479
793	76.674082
794	12.675286
795	22.605277
796	47.510263
797	94.086847
798	63.288874
799	66.977287
800	85.305614
801	17.003013
802	43.084943
803	53.804015
804	99.109974
805	7.989980
806	90.981726
807	29.306414
808	30.762693
809	35.576772
810	81.807408
811	3.001431
812	43.997651
813	58.276596
814	35.216689
815	40.325737
816	13.485771
817	22.750445
818	15.753145
819	79.894872
820	97.794087
821	71.048324
822	29.339721
823	51.248893
824	59.896290
825	91.384280
826	31.530210
827	84.453518
828	34.752788
829	69.092324
830	57.691506
831	46.343964
832	30.151168
833	31.019425
834	24.062237
835	24.278711
836	73.498609
837	1.646812
838	46.554933
839	58.585741
840	3.601832
841	35.846910
842	8.236844
843	84.680118
844	18.944450
845	43.903345
846	56.511580
847	90.976464
848	60.870306
849	74.727848
850	85.172516
851	3.579749
852	66.244798
853	10.683286
854	81.181043
855	50.018634
856	39.198905
857	20.579161
858	38.026645
859	31.219501
860	37.457671
861	54.911909
862	53.300819
863	41.877630
864	7.290972
865	25.200200
866	10.817640
867	59.916832
868	6.389661
869	61.109184
870	58.431053
871	77.574171
872	61.306502
873	35.440765
874	6.837853
875	87.283473
876	37.289604
877	57.922008
878	5.004745
879	32.329606
880	56.678739
881	21.239044
882	41.257452
883	80.386920
884	4.740980
885	27.641587
886	59.515606
887	12.244799
888	37.246848
889	61.701404
890	5.578656
891	35.565549
892	53.183590
893	46.300635
894	55.800205
895	57.408902
896	57.542991
897	87.963434
898	44.644397
899	2.510127
900	4.525347
901	7.689103
902	60.813935
903	29.313709
904	69.437637
905	58.079104
906	65.672284
907	84.751258
908	77.613794
909	18.059433
910	94.210393
911	64.143213
912	80.028631
913	38.656737
914	0.305781
915	77.310492
916	25.937143
917	71.632556
918	52.542742
919	84.405926
920	44.561810
921	27.144887
922	8.921811
923	2.653714
924	93.034860
925	37.113566
926	57.012764
927	58.687835
928	17.240646
929	71.027034
930	6.530088
931	7.029874
932	53.767424
933	42.494262
934	84.986427
935	50.482296
936	42.813032
937	77.062945
938	18.218714
939	46.793091
940	61.419317
941	43.385757
942	20.095902
943	65.098790
944	51.801483
945	94.925377
946	58.987557
947	2.741171
948	76.809597
949	5.312694
950	17.929775
951	25.101398
952	99.876704
953	89.419034
954	72.583965
955	42.340616
956	4.958574
957	97.150552
958	89.127045
959	31.341712
960	44.260856
961	9.951800
962	40.844756
963	16.084949
964	47.381468
965	93.509379
966	52.975399
967	9.738946
968	3.390254
969	60.150054
970	94.928761
971	54.441905
972	1.697623
973	43.798262
974	26.728147
975	74.092760
976	48.222849
977	29.733529
978	34.260469
979	39.977780
980	79.022797
981	20.219013
982	93.651457
983	14.838854
984	94.770950
985	37.436107
986	28.406808
987	42.388225
988	79.438437
989	43.227807
990	31.371405
991	26.824095
992	25.442419
993	47.669023
994	29.096272
995	48.916885
996	77.660568
997	22.136659
998	84.287986
999	85.769531
1000	6.158511
;

param: c :=
1	45.482715
2	33.734688
3	93.600681
4	54.957584
5	15.188545
6	14.987704
7	6.650117
8	33.880700
9	48.901328
10	66.986562
11	15.689076
12	98.425229
13	77.626872
14	4.229487
15	36.069914
16	2.061669
17	15.607694
18	46.952371
19	61.211431
20	45.817969
21	61.756241
22	47.044728
23	75.625400
24	48.338638
25	84.226209
26	61.472969
27	71.556944
28	29.149316
29	61.152707
30	54.153532
31	52.806405
32	31.181597
33	50.158936
34	47.932917
35	42.582645
36	78.628359
37	67.361285
38	15.724492
39	97.630363
40	36.111362
41	15.170293
42	3.680875
43	56.095578
44	27.174503
45	83.409755
46	25.416579
47	49.587286
48	48.809867
49	72.660847
50	36.472320
51	84.796531
52	1.962788
53	86.348048
54	41.531720
55	59.323844
56	62.297987
57	69.442174
58	70.638538
59	34.416998
60	91.755903
61	60.346952
62	55.205353
63	0.114303
64	72.198279
65	78.874596
66	98.368355
67	42.482341
68	30.406065
69	67.756382
70	34.346381
71	86.768757
72	95.599571
73	10.769152
74	34.725059
75	4.747126
76	81.786742
77	78.277093
78	87.092079
79	95.409388
80	76.886653
81	96.242019
82	98.145535
83	70.639906
84	60.781173
85	78.716701
86	55.993440
87	30.924491
88	78.262522
89	38.343912
90	78.035535
91	44.812550
92	6.573072
93	32.428920
94	69.617657
95	4.512606
96	98.075929
97	76.836687
98	91.171410
99	82.804207
100	43.863250
101	96.381569
102	62.502309
103	56.606766
104	58.961462
105	80.918944
106	62.100859
107	16.538871
108	92.097382
109	72.086900
110	81.719030
111	89.914137
112	78.428533
113	33.581162
114	34.800320
115	14.292618
116	67.328729
117	15.365773
118	30.096514
119	28.480805
120	74.842258
121	41.987997
122	92.553294
123	66.501222
124	51.134631
125	49.919911
126	11.034102
127	43.874705
128	51.845200
129	85.170966
130	51.927862
131	51.841351
132	15.101767
133	89.094592
134	60.020780
135	43.358873
136	35.332054
137	3.146859
138	50.311679
139	25.062611
140	60.137230
141	5.300520
142	53.759189
143	13.521664
144	88.246911
145	14.081088
146	63.388552
147	89.385060
148	43.002196
149	14.208988
150	79.352391
151	62.259634
152	85.115432
153	97.432672
154	94.729653
155	98.263791
156	72.658555
157	7.259247
158	22.404282
159	99.379683
160	64.618446
161	21.220533
162	97.004974
163	59.215046
164	64.234071
165	61.711198
166	18.992261
167	30.721410
168	98.544792
169	9.531706
170	27.247620
171	77.878418
172	68.807293
173	30.908704
174	87.096875
175	52.854355
176	80.513795
177	77.602824
178	47.303654
179	37.838375
180	55.857866
181	12.502073
182	50.183872
183	70.614929
184	8.034429
185	1.005512
186	4.476882
187	20.158219
188	46.721910
189	20.528444
190	49.511304
191	23.999463
192	98.018890
193	77.780567
194	15.580894
195	49.690968
196	10.926630
197	22.180539
198	70.386402
199	87.186558
200	69.557486
201	87.495913
202	65.901611
203	60.952684
204	52.482695
205	70.186799
206	7.001336
207	36.800506
208	64.721325
209	94.231888
210	84.397044
211	73.601120
212	13.338707
213	98.095197
214	69.626173
215	34.419554
216	16.449594
217	66.108558
218	17.285884
219	41.789574
220	13.286103
221	67.334884
222	44.500866
223	66.102931
224	88.151034
225	49.344726
226	46.146405
227	44.501886
228	58.255258
229	5.379156
230	72.274230
231	69.468281
232	30.497705
233	48.411581
234	79.480891
235	84.750248
236	67.067822
237	17.266798
238	12.735919
239	62.236702
240	49.366476
241	8.273589
242	9.284350
243	23.692285
244	19.686020
245	40.034506
246	80.057843
247	91.243098
248	97.505582
249	6.258467
250	10.290170
251	51.917381
252	1.927399
253	65.723801
254	47.800249
255	69.180271
256	19.168279
257	51.263960
258	3.743052
259	82.120751
260	63.440756
261	10.039018
262	69.589319
263	87.433419
264	54.475755
265	49.545434
266	78.930633
267	28.152226
268	79.942083
269	58.136815
270	0.881077
271	1.833231
272	40.724457
273	95.362796
274	73.457627
275	81.213839
276	78.972010
277	6.568383
278	50.674416
279	6.943859
280	69.003079
281	48.191663
282	5.480762
283	61.585192
284	95.260392
285	30.272384
286	13.357764
287	36.945850
288	78.147326
289	43.595450
290	96.776455
291	39.722173
292	5.858014
293	99.744338
294	40.200411
295	51.988504
296	26.737511
297	62.389512
298	32.153368
299	60.232347
300	86.919407
301	64.137561
302	36.144646
303	34.397277
304	36.700135
305	80.157334
306	24.800403
307	99.718840
308	14.380591
309	43.290901
310	75.261595
311	58.048838
312	84.147790
313	95.418352
314	78.123875
315	60.244894
316	59.249910
317	15.442061
318	70.449767
319	84.870499
320	17.613938
321	32.396581
322	43.373625
323	60.835689
324	23.039122
325	86.557747
326	28.277753
327	64.855543
328	2.778304
329	44.316370
330	0.077552
331	23.361876
332	49.480142
333	8.647131
334	62.605608
335	89.882380
336	89.778433
337	40.515029
338	12.882697
339	42.327389
340	94.514631
341	53.383869
342	36.420081
343	88.820088
344	77.127367
345	16.362961
346	27.933539
347	11.337277
348	65.594842
349	7.070557
350	49.656698
351	7.583070
352	64.579087
353	56.611400
354	13.251520
355	41.584071
356	3.276392
357	42.337373
358	45.207298
359	55.732181
360	10.482266
361	41.548743
362	28.766396
363	55.276427
364	4.703721
365	63.109859
366	5.744097
367	11.450387
368	60.545072
369	58.619999
370	17.719199
371	88.213719
372	4.681668
373	1.668437
374	81.630382
375	48.085254
376	52.024610
377	67.383003
378	40.442560
379	60.970391
380	66.400768
381	29.063956
382	39.246753
383	90.747937
384	50.847844
385	55.311827
386	69.069987
387	10.955267
388	33.927293
389	17.077669
390	42.567696
391	7.165705
392	5.083050
393	44.350551
394	30.757496
395	39.951803
396	16.578420
397	89.965825
398	35.178534
399	42.697232
400	59.040478
401	47.584519
402	66.234067
403	29.699619
404	37.488903
405	54.279928
406	68.445199
407	52.816723
408	7.041088
409	81.620297
410	14.147876
411	14.292960
412	51.454323
413	64.142879
414	20.447229
415	6.268511
416	38.230722
417	34.413605
418	55.860429
419	23.160933
420	35.229538
421	30.577552
422	6.337960
423	8.070387
424	63.063100
425	35.614490
426	24.525266
427	61.060840
428	83.300259
429	51.204679
430	38.195827
431	77.598607
432	38.356908
433	47.432174
434	51.357781
435	78.839906
436	80.050878
437	47.113675
438	22.611545
439	11.984194
440	43.278945
441	76.578904
442	45.045931
443	97.459631
444	54.993467
445	92.057455
446	29.215634
447	2.833820
448	45.387638
449	31.725897
450	8.836300
451	6.233106
452	2.648869
453	33.875327
454	86.159706
455	74.953361
456	57.717933
457	11.826258
458	74.256867
459	27.491745
460	11.444259
461	0.354824
462	28.022776
463	54.003547
464	81.642102
465	3.347410
466	19.872914
467	43.390725
468	96.205854
469	93.803384
470	63.545143
471	56.165333
472	60.684417
473	97.230877
474	22.181139
475	46.940576
476	27.259417
477	75.801790
478	9.526510
479	87.415769
480	65.729332
481	32.237576
482	17.233018
483	43.757510
484	28.196943
485	9.984804
486	90.373492
487	1.134282
488	27.999148
489	26.913389
490	9.051644
491	19.163389
492	98.953612
493	53.419100
494	42.095634
495	94.518873
496	12.076864
497	63.601136
498	41.689059
499	14.859953
500	75.819137
501	32.262322
502	44.659070
503	53.056898
504	75.189303
505	7.902657
506	26.351615
507	69.172373
508	20.170059
509	80.930146
510	82.335260
511	64.209519
512	18.871450
513	18.374736
514	97.446329
515	95.284897
516	37.091981
517	76.388775
518	0.725642
519	55.096975
520	5.874174
521	78.685157
522	18.385858
523	32.582294
524	71.245988
525	14.669218
526	50.782764
527	49.813902
528	39.312600
529	1.775203
530	24.014376
531	24.545866
532	9.729787
533	91.440075
534	87.357454
535	97.948959
536	22.526987
537	16.078595
538	66.928218
539	37.907659
540	33.788080
541	65.288109
542	64.538103
543	25.132284
544	31.649867
545	16.390705
546	7.631738
547	42.529232
548	16.104050
549	3.983291
550	11.861222
551	52.903458
552	42.619663
553	34.084349
554	4.781062
555	18.504629
556	29.493760
557	75.170569
558	86.063183
559	53.057134
560	18.348163
561	89.805669
562	73.953769
563	52.669902
564	58.351870
565	36.552637
566	94.829650
567	32.425995
568	17.586400
569	76.855078
570	90.817031
571	44.135054
572	69.757706
573	20.708743
574	23.204115
575	16.057115
576	57.546050
577	49.189006
578	4.732188
579	17.298354
580	98.651802
581	49.055095
582	75.370666
583	43.581380
584	43.942631
585	99.580546
586	92.761457
587	32.302390
588	98.628396
589	42.233295
590	42.265664
591	61.683246
592	27.778100
593	92.273029
594	12.091981
595	20.315570
596	35.006594
597	52.146120
598	8.213152
599	92.064888
600	34.969657
601	44.012857
602	29.480981
603	1.769776
604	34.633549
605	0.175400
606	72.214949
607	33.132858
608	45.827920
609	87.036705
610	74.247888
611	10.331898
612	31.651678
613	5.360282
614	30.773179
615	89.814170
616	66.001758
617	58.298974
618	96.455262
619	68.078263
620	56.929172
621	2.100329
622	24.884934
623	58.514151
624	31.615323
625	57.213528
626	37.503178
627	11.902271
628	52.019437
629	64.266959
630	16.428816
631	76.550080
632	72.219890
633	31.299884
634	38.971676
635	7.586616
636	43.652856
637	91.397931
638	43.248849
639	75.906724
640	7.206302
641	83.840529
642	8.049193
643	44.755142
644	70.391001
645	44.832863
646	24.305404
647	22.184996
648	73.717225
649	69.758640
650	65.772235
651	25.608902
652	5.739239
653	12.877405
654	88.021375
655	39.884904
656	74.905706
657	62.069825
658	4.063549
659	98.278544
660	27.032260
661	0.087497
662	55.120894
663	17.322857
664	80.859758
665	80.158896
666	30.680124
667	45.188102
668	13.870401
669	94.118578
670	13.436571
671	80.874022
672	65.446508
673	7.070371
674	38.645981
675	52.652338
676	89.353643
677	26.068874
678	40.212186
679	67.981473
680	38.005437
681	0.936375
682	32.138899
683	84.969642
684	92.182575
685	12.281989
686	78.174484
687	6.128024
688	68.173476
689	27.223417
690	52.904607
691	24.334649
692	29.021286
693	56.759456
694	45.846898
695	33.529351
696	3.254545
697	87.632052
698	73.468503
699	12.020278
700	95.097606
701	35.329327
702	25.567897
703	25.850441
704	20.296197
705	26.973762
706	42.914255
707	29.214695
708	63.347440
709	21.234791
710	94.488559
711	51.276194
712	17.527643
713	66.513461
714	20.753728
715	69.602189
716	26.189094
717	95.237763
718	56.952083
719	91.330718
720	33.130275
721	98.689265
722	85.568922
723	21.193075
724	91.991763
725	18.958264
726	13.002630
727	54.878047
728	6.555412
729	16.153149
730	68.649049
731	80.686591
732	81.914221
733	12.432213
734	17.268261
735	81.901093
736	70.151901
737	57.436629
738	74.380360
739	86.035733
740	29.245942
741	5.490671
742	22.795234
743	20.762305
744	3.691482
745	85.608903
746	92.495567
747	38.379494
748	4.727980
749	5.038133
750	91.086122
751	17.295800
752	99.781452
753	84.139969
754	41.310752
755	84.810796
756	97.556318
757	27.642078
758	42.517590
759	34.643637
760	70.685499
761	68.482925
762	46.781300
763	19.016833
764	1.871902
765	45.474368
766	17.196992
767	24.472453
768	30.744234
769	32.403646
770	14.121864
771	72.229395
772	95.556155
773	68.648984
774	77.215638
775	49.215137
776	83.211230
777	33.380727
778	31.945906
779	38.430893
780	1.089670
781	79.701134
782	28.259113
783	36.284887
784	68.834456
785	30.560441
786	35.003024
787	94.938678
788	16.763623
789	86.085548
790	78.524834
791	40.395984
792	46.277261
793	14.439084
794	19.696029
795	94.479006
796	93.439197
797	67.188905
798	62.125587
799	25.735749
800	44.904917
801	15.019208
802	61.725770
803	96.134972
804	74.662845
805	79.612732
806	52.383356
807	90.335791
808	0.255473
809	59.565841
810	0.571000
811	48.853751
812	94.372320
813	29.938861
814	20.213721
815	45.610483
816	74.314487
817	67.608278
818	67.108917
819	99.472195
820	3.099266
821	6.909223
822	55.855048
823	90.081807
824	39.018536
825	71.163767
826	86.205077
827	65.847606
828	41.063409
829	55.610622
830	84.542150
831	53.202593
832	54.021442
833	12.144057
834	5.324427
835	97.370118
836	12.820148
837	18.497793
838	21.862665
839	37.619454
840	47.429438
841	58.290666
842	66.426837
843	64.868704
844	69.306053
845	81.894522
846	37.498479
847	83.313731
848	53.780798
849	97.875617
850	21.473173
851	49.789277
852	21.461182
853	17.175350
854	87.675153
855	39.703009
856	86.033207
857	41.789436
858	55.489389
859	61.969116
860	82.506233
861	56.986945
862	16.972476
863	43.048680
864	63.300295
865	87.285803
866	17.065494
867	95.840018
868	50.013524
869	1.874627
870	12.043074
871	86.889133
872	76.295765
873	72.452366
874	16.590929
875	86.293430
876	68.367228
877	76.707895
878	97.478930
879	49.023896
880	6.074086
881	91.130173
882	1.155164
883	55.380006
884	17.131280
885	23.917869
886	40.314944
887	2.873066
888	44.890180
889	64.054782
890	97.806481
891	99.259210
892	93.074692
893	21.817527
894	64.788965
895	37.874348
896	47.371595
897	77.795283
898	67.907095
899	97.190023
900	83.295565
901	13.242944
902	45.867300
903	68.844792
904	14.995709
905	39.327980
906	21.755736
907	18.598280
908	51.347747
909	1.754678
910	53.356201
911	75.674857
912	73.267125
913	43.724593
914	98.172263
915	3.715934
916	8.785751
917	84.657660
918	20.921880
919	62.570243
920	22.956127
921	52.568021
922	91.893259
923	37.136948
924	79.608388
925	67.712634
926	23.001232
927	95.711194
928	36.459291
929	17.380314
930	66.677740
931	16.617298
932	70.731479
933	24.972290
934	7.798740
935	78.513852
936	66.872569
937	48.423826
938	63.601017
939	66.868358
940	66.423062
941	31.393219
942	28.763159
943	72.776540
944	99.768819
945	42.952862
946	64.700609
947	15.648710
948	50.674274
949	56.355710
950	49.555805
951	76.738998
952	39.897934
953	70.188693
954	48.681858
955	65.195608
956	20.152572
957	25.086909
958	53.831951
959	84.228172
960	33.627811
961	83.353507
962	62.985245
963	65.369234
964	8.027713
965	46.284281
966	37.668936
967	84.297642
968	4.880372
969	32.499040
970	62.469321
971	92.132213
972	64.399871
973	43.192898
974	60.055674
975	83.557195
976	15.954640
977	15.358874
978	72.129234
979	73.169960
980	97.161947
981	80.192424
982	98.575295
983	93.404743
984	2.580386
985	27.696577
986	55.150907
987	13.619679
988	10.740631
989	20.005796
990	68.616871
991	64.635885
992	5.040052
993	23.544321
994	74.822894
995	63.524319
996	60.061844
997	40.408930
998	93.184875
999	16.035065
1000	7.923090
;

param: d :=
1	-97.034482
2	-0.204093
3	-47.568976
4	-30.909486
5	-71.060184
6	-88.096097
7	-41.612262
8	-73.856170
9	-88.182169
10	-56.011886
11	-87.364698
12	-16.924764
13	-32.500969
14	-76.625614
15	-73.180673
16	-54.654200
17	-72.069439
18	-61.830023
19	-64.104088
20	-30.197670
21	-81.030942
22	-94.906903
23	-36.693555
24	-96.661419
25	-70.895868
26	-91.697290
27	-1.818845
28	-31.884130
29	-96.859454
30	-32.470381
31	-79.201547
32	-56.618589
33	-0.837489
34	-90.798513
35	-88.611435
36	-44.007489
37	-51.688464
38	-7.834044
39	-12.813975
40	-27.161092
41	-29.357682
42	-64.191247
43	-33.346196
44	-74.811257
45	-90.632369
46	-41.706302
47	-15.354418
48	-81.025305
49	-49.100042
50	-38.365379
51	-79.791020
52	-92.709059
53	-86.211475
54	-36.545104
55	-13.121994
56	-36.639015
57	-17.964068
58	-89.671864
59	-53.683202
60	-45.393750
61	-57.026010
62	-49.835265
63	-45.681280
64	-64.570720
65	-9.872194
66	-18.676707
67	-70.639347
68	-68.637052
69	-89.006485
70	-54.652850
71	-12.809751
72	-49.319601
73	-70.494678
74	-3.190946
75	-0.451035
76	-39.185897
77	-33.945904
78	-74.806699
79	-82.152120
80	-94.793335
81	-59.643554
82	-37.723283
83	-32.941974
84	-44.511568
85	-82.002759
86	-57.098862
87	-64.908800
88	-65.662656
89	-41.882668
90	-45.169038
91	-68.998576
92	-49.443291
93	-48.233247
94	-44.149670
95	-42.945474
96	-34.592085
97	-8.610678
98	-67.940665
99	-41.481255
100	-53.705335
101	-17.809197
102	-44.782238
103	-70.731987
104	-50.451400
105	-8.334617
106	-34.018840
107	-4.109475
108	-71.246531
109	-78.102967
110	-44.989987
111	-62.233009
112	-10.075292
113	-62.076885
114	-34.418945
115	-40.471271
116	-26.999111
117	-79.083755
118	-41.963756
119	-41.938888
120	-7.270417
121	-74.918932
122	-90.592121
123	-27.551655
124	-42.613202
125	-62.299142
126	-95.105686
127	-78.064930
128	-22.652004
129	-94.397627
130	-59.685221
131	-22.369829
132	-84.152592
133	-96.498155
134	-56.780876
135	-98.166478
136	-76.592582
137	-73.141868
138	-94.640730
139	-87.910168
140	-63.001930
141	-34.676596
142	-86.310568
143	-93.064044
144	-25.661965
145	-74.114325
146	-37.324374
147	-32.580033
148	-39.067788
149	-67.155010
150	-84.276624
151	-76.937804
152	-93.793379
153	-99.716506
154	-76.243322
155	-85.647276
156	-30.779349
157	-51.842938
158	-38.792958
159	-60.324598
160	-99.409654
161	-25.061796
162	-72.538791
163	-55.498629
164	-4.392430
165	-27.290422
166	-0.549688
167	-59.194683
168	-59.271558
169	-13.575626
170	-87.851637
171	-68.768884
172	-60.878190
173	-91.270323
174	-76.171645
175	-67.595266
176	-38.130102
177	-18.130933
178	-69.200406
179	-29.130142
180	-3.065760
181	-2.545153
182	-3.351847
183	-52.004809
184	-10.710678
185	-8.737853
186	-48.329932
187	-72.735149
188	-48.852778
189	-46.588079
190	-76.312734
191	-76.892141
192	-88.972728
193	-55.453305
194	-72.725449
195	-29.437043
196	-36.622136
197	-99.980452
198	-36.065690
199	-2.267954
200	-94.903199
201	-81.096479
202	-42.912428
203	-23.521658
204	-36.254367
205	-82.709578
206	-92.581064
207	-38.269824
208	-67.025262
209	-98.026736
210	-27.528524
211	-49.822904
212	-18.585436
213	-24.273409
214	-68.349000
215	-3.623247
216	-32.597192
217	-8.954890
218	-3.372061
219	-81.112971
220	-8.328815
221	-67.607971
222	-92.874196
223	-76.832271
224	-83.477048
225	-91.139086
226	-74.989448
227	-96.201501
228	-65.410442
229	-45.571499
230	-53.296125
231	-7.012007
232	-16.355392
233	-38.089951
234	-27.724430
235	-60.097900
236	-22.718418
237	-89.641691
238	-78.745467
239	-62.044899
240	-33.497250
241	-17.705199
242	-41.769223
243	-23.401423
244	-37.379185
245	-91.018229
246	-6.543092
247	-7.703716
248	-27.202718
249	-82.060954
250	-96.673677
251	-21.461375
252	-10.303150
253	-40.517488
254	-74.123142
255	-17.502404
256	-27.462563
257	-38.178745
258	-37.386842
259	-77.212636
260	-35.714913
261	-5.119820
262	-57.063093
263	-29.343692
264	-31.182038
265	-79.945919
266	-61.802424
267	-37.382577
268	-54.459727
269	-27.899821
270	-29.575737
271	-73.799041
272	-98.640066
273	-54.335520
274	-94.023755
275	-40.320185
276	-11.130816
277	-1.297479
278	-29.767832
279	-3.309071
280	-36.709049
281	-20.911320
282	-47.506238
283	-86.903909
284	-12.219546
285	-93.405719
286	-3.432488
287	-82.213625
288	-70.257914
289	-30.452665
290	-74.377961
291	-57.021783
292	-39.279146
293	-86.832237
294	-91.560854
295	-92.132354
296	-23.835476
297	-29.483592
298	-99.786232
299	-90.403881
300	-91.995796
301	-60.168048
302	-42.108221
303	-67.978084
304	-56.652197
305	-51.489178
306	-94.131837
307	-61.146797
308	-21.275751
309	-84.208286
310	-43.729745
311	-68.770135
312	-5.703114
313	-38.373877
314	-33.869972
315	-58.173319
316	-87.883643
317	-77.521528
318	-18.533619
319	-19.961071
320	-14.611771
321	-76.384606
322	-82.087762
323	-78.910171
324	-34.210796
325	-54.815161
326	-82.920306
327	-39.258488
328	-18.218919
329	-95.103301
330	-34.002903
331	-29.703620
332	-17.997095
333	-33.107901
334	-13.332627
335	-22.120780
336	-42.731710
337	-11.889655
338	-12.798406
339	-33.499684
340	-59.757882
341	-46.258432
342	-91.650335
343	-47.308604
344	-78.965233
345	-49.066718
346	-74.765781
347	-56.496540
348	-91.797562
349	-65.034096
350	-51.902157
351	-46.164106
352	-62.490972
353	-0.132703
354	-9.043201
355	-38.088063
356	-83.275190
357	-82.910470
358	-46.339238
359	-53.487618
360	-47.589028
361	-12.601366
362	-15.602755
363	-32.614266
364	-77.313161
365	-78.103282
366	-52.862298
367	-92.354506
368	-53.033155
369	-98.067119
370	-58.261152
371	-30.730433
372	-2.296096
373	-60.486876
374	-19.347019
375	-93.695772
376	-89.203066
377	-11.065948
378	-57.920629
379	-81.218294
380	-70.213863
381	-10.739394
382	-25.683350
383	-50.851328
384	-4.416593
385	-58.383040
386	-20.465467
387	-40.651141
388	-79.507673
389	-60.052693
390	-21.933552
391	-86.395981
392	-26.454502
393	-14.055621
394	-73.282039
395	-89.047488
396	-69.720739
397	-12.017892
398	-26.674123
399	-40.130535
400	-65.475929
401	-57.157490
402	-80.691745
403	-84.065740
404	-33.075309
405	-80.847149
406	-25.744280
407	-31.591950
408	-86.169458
409	-63.617872
410	-72.898403
411	-62.539090
412	-70.254506
413	-62.538814
414	-77.383311
415	-87.725378
416	-92.119938
417	-47.315911
418	-32.679729
419	-73.078917
420	-40.116743
421	-46.024796
422	-82.761264
423	-75.512344
424	-75.385632
425	-45.559324
426	-8.124131
427	-37.978218
428	-2.217903
429	-94.248309
430	-7.249282
431	-18.845334
432	-64.366597
433	-62.886548
434	-34.375379
435	-37.162954
436	-2.760219
437	-74.551432
438	-77.909221
439	-45.938954
440	-32.922822
441	-20.457941
442	-0.231989
443	-95.315031
444	-73.469717
445	-49.773507
446	-62.397650
447	-94.154935
448	-79.824492
449	-93.686360
450	-63.691769
451	-79.149728
452	-46.537433
453	-92.033097
454	-15.572013
455	-96.224737
456	-97.887803
457	-66.961493
458	-68.629196
459	-4.084194
460	-12.280642
461	-1.056089
462	-28.036548
463	-76.939820
464	-88.250663
465	-5.927846
466	-23.568274
467	-99.332480
468	-26.342333
469	-82.273339
470	-40.294901
471	-92.557971
472	-59.644193
473	-92.883254
474	-49.230849
475	-61.124691
476	-97.983388
477	-66.878466
478	-42.491780
479	-55.932038
480	-76.609292
481	-35.582260
482	-10.864723
483	-67.097579
484	-19.928879
485	-54.480503
486	-22.160659
487	-63.035548
488	-92.989227
489	-64.404214
490	-16.382345
491	-26.285318
492	-57.945244
493	-94.171329
494	-60.628167
495	-61.434715
496	-83.769298
497	-84.501653
498	-4.780133
499	-50.535349
500	-13.595903
501	-21.767563
502	-82.442978
503	-81.816341
504	-2.283462
505	-91.760603
506	-19.029933
507	-67.479999
508	-89.221021
509	-38.851889
510	-60.810638
511	-99.831013
512	-95.581984
513	-77.016526
514	-34.591143
515	-42.530317
516	-2.969450
517	-71.036287
518	-62.698417
519	-16.535865
520	-57.617822
521	-65.867615
522	-68.614480
523	-88.444171
524	-60.773090
525	-44.855514
526	-88.603171
527	-0.801679
528	-6.384237
529	-44.800076
530	-60.924280
531	-92.287509
532	-12.605911
533	-31.017885
534	-61.175035
535	-4.374681
536	-30.563097
537	-14.845236
538	-92.632992
539	-26.296073
540	-59.552534
541	-99.739609
542	-63.111846
543	-11.321889
544	-61.327042
545	-49.834243
546	-22.636738
547	-66.260841
548	-45.469503
549	-46.745427
550	-16.223020
551	-26.849423
552	-84.680930
553	-58.046262
554	-74.047585
555	-23.942970
556	-90.829938
557	-14.845009
558	-51.418472
559	-89.235734
560	-37.697583
561	-2.260652
562	-41.960560
563	-30.815959
564	-26.805099
565	-93.529198
566	-75.915333
567	-38.392097
568	-21.697828
569	-75.449492
570	-34.970512
571	-66.934650
572	-92.341928
573	-70.572142
574	-70.409411
575	-11.278256
576	-37.392638
577	-20.353763
578	-80.514557
579	-55.549470
580	-35.334303
581	-22.563535
582	-64.057036
583	-56.404692
584	-67.062762
585	-70.733056
586	-56.471618
587	-71.398784
588	-44.661010
589	-79.571709
590	-68.631217
591	-28.643194
592	-64.358939
593	-3.636016
594	-33.046727
595	-41.291253
596	-30.392439
597	-33.519397
598	-64.919509
599	-86.011756
600	-81.081190
601	-51.491656
602	-28.588357
603	-89.786223
604	-35.007489
605	-59.313014
606	-27.866703
607	-22.201468
608	-24.185126
609	-89.241542
610	-78.117075
611	-49.019680
612	-89.365588
613	-73.549111
614	-91.158790
615	-62.041417
616	-22.673983
617	-26.871422
618	-83.557128
619	-52.763581
620	-30.652932
621	-76.422523
622	-30.927609
623	-45.022524
624	-78.379681
625	-35.302127
626	-58.610807
627	-78.798026
628	-47.335519
629	-5.665886
630	-54.672130
631	-29.600110
632	-60.677145
633	-57.527181
634	-46.577443
635	-51.777459
636	-8.714958
637	-8.799694
638	-46.753377
639	-93.063516
640	-34.889180
641	-21.976228
642	-14.050647
643	-52.771552
644	-92.641450
645	-79.219395
646	-74.414129
647	-92.929093
648	-3.750050
649	-32.920615
650	-91.431370
651	-8.537350
652	-77.964550
653	-64.259848
654	-57.592560
655	-7.619634
656	-92.166417
657	-54.651101
658	-12.759027
659	-30.813904
660	-17.515400
661	-24.799962
662	-14.687690
663	-64.946920
664	-84.026142
665	-40.982654
666	-78.052817
667	-26.428590
668	-81.052683
669	-27.731360
670	-43.518478
671	-7.540985
672	-48.950359
673	-40.567163
674	-1.054056
675	-3.165104
676	-43.603321
677	-3.428638
678	-74.108047
679	-96.016564
680	-65.751770
681	-94.117879
682	-72.409510
683	-40.155668
684	-82.675707
685	-75.211845
686	-75.065092
687	-32.375234
688	-31.898854
689	-56.883886
690	-82.854629
691	-3.507173
692	-79.650967
693	-57.095861
694	-16.241753
695	-7.158875
696	-35.693348
697	-3.111669
698	-33.291259
699	-52.131939
700	-11.573933
701	-14.512223
702	-2.725457
703	-52.092678
704	-88.718746
705	-37.239044
706	-10.360286
707	-83.082591
708	-84.887869
709	-18.595519
710	-59.744790
711	-52.318080
712	-68.012878
713	-92.838373
714	-99.912469
715	-85.350492
716	-29.151280
717	-2.537349
718	-7.379435
719	-71.897633
720	-46.888076
721	-40.130907
722	-43.516639
723	-47.457076
724	-70.851812
725	-84.303509
726	-40.605635
727	-65.604039
728	-99.454421
729	-59.742717
730	-56.356083
731	-21.408011
732	-57.942895
733	-85.851433
734	-73.427326
735	-30.597532
736	-71.490468
737	-51.432428
738	-71.150232
739	-80.127961
740	-62.105087
741	-58.519449
742	-79.713470
743	-72.731425
744	-46.199589
745	-61.101645
746	-36.879887
747	-89.680227
748	-22.749020
749	-85.420155
750	-53.017962
751	-32.392118
752	-69.514913
753	-44.073888
754	-57.942584
755	-93.936594
756	-28.708706
757	-61.385404
758	-65.705007
759	-31.913195
760	-32.819316
761	-9.411434
762	-62.477977
763	-82.956664
764	-20.475131
765	-50.739298
766	-95.624288
767	-68.895302
768	-67.308566
769	-73.159037
770	-20.435349
771	-26.350518
772	-43.361536
773	-30.210596
774	-30.956523
775	-90.993619
776	-30.462808
777	-86.079803
778	-13.529197
779	-44.643298
780	-58.186819
781	-99.997270
782	-12.388703
783	-18.556678
784	-67.965461
785	-55.804662
786	-30.390090
787	-9.194704
788	-66.030569
789	-37.494551
790	-17.773637
791	-52.569658
792	-32.363782
793	-90.938078
794	-32.599140
795	-26.311326
796	-34.608110
797	-93.800962
798	-90.267662
799	-43.008598
800	-36.783238
801	-20.569542
802	-69.058460
803	-24.735452
804	-35.327598
805	-91.937878
806	-56.563756
807	-10.133727
808	-28.578985
809	-62.202099
810	-32.446225
811	-44.362874
812	-34.018452
813	-73.447810
814	-35.120577
815	-1.988900
816	-25.643229
817	-36.501298
818	-92.997068
819	-40.709121
820	-76.949178
821	-89.882665
822	-72.332066
823	-37.439477
824	-5.490955
825	-28.281128
826	-89.529977
827	-4.119756
828	-86.296362
829	-62.975989
830	-83.851880
831	-74.077038
832	-66.846035
833	-93.826109
834	-97.363155
835	-28.938433
836	-23.997787
837	-86.642894
838	-48.651436
839	-59.419849
840	-2.912759
841	-43.222277
842	-31.524192
843	-30.216634
844	-93.275427
845	-25.789657
846	-13.710242
847	-34.233548
848	-80.286966
849	-38.959229
850	-16.091170
851	-45.840470
852	-94.328720
853	-80.809220
854	-8.357911
855	-61.355536
856	-78.272867
857	-45.576461
858	-63.905578
859	-53.994240
860	-22.411009
861	-2.692818
862	-1.314865
863	-46.351787
864	-96.638583
865	-41.534547
866	-67.979087
867	-89.345580
868	-9.164056
869	-8.520520
870	-11.957271
871	-38.927787
872	-13.895853
873	-22.845393
874	-43.728802
875	-69.201851
876	-54.156284
877	-86.588712
878	-34.369598
879	-83.626437
880	-66.886610
881	-23.089703
882	-52.196556
883	-99.422133
884	-68.061891
885	-68.329446
886	-8.626627
887	-59.817331
888	-30.848988
889	-47.322430
890	-49.842555
891	-21.340402
892	-76.416665
893	-48.901158
894	-43.581499
895	-6.861459
896	-32.584098
897	-28.729103
898	-46.912733
899	-45.450941
900	-88.285502
901	-90.051614
902	-4.335567
903	-85.858787
904	-32.408258
905	-74.849899
906	-85.540788
907	-51.547414
908	-46.678041
909	-90.935200
910	-50.278499
911	-5.171274
912	-9.520211
913	-66.194011
914	-77.078239
915	-18.773940
916	-42.404998
917	-83.114345
918	-29.889860
919	-57.146529
920	-17.194747
921	-85.546621
922	-2.609169
923	-42.702933
924	-33.347876
925	-72.952491
926	-86.699146
927	-38.682422
928	-26.541702
929	-49.395779
930	-48.448399
931	-58.948179
932	-93.427396
933	-80.340757
934	-86.850047
935	-35.038058
936	-26.348491
937	-72.896164
938	-55.932810
939	-17.272122
940	-42.796337
941	-69.892409
942	-83.709921
943	-24.200842
944	-27.640359
945	-46.795263
946	-27.009087
947	-33.739344
948	-47.261484
949	-71.725046
950	-87.455730
951	-35.415781
952	-43.063609
953	-66.758715
954	-6.285137
955	-29.741610
956	-13.564652
957	-26.465120
958	-84.262864
959	-44.425453
960	-60.673958
961	-53.690600
962	-61.753558
963	-80.952810
964	-65.617171
965	-37.419566
966	-60.796705
967	-38.878640
968	-47.623999
969	-49.562587
970	-1.450582
971	-77.906176
972	-76.605821
973	-52.431458
974	-71.446579
975	-53.274720
976	-24.676574
977	-27.348200
978	-34.519949
979	-35.575225
980	-17.660774
981	-5.591604
982	-72.844934
983	-13.745392
984	-20.804886
985	-19.776953
986	-15.273368
987	-53.410821
988	-62.201254
989	-20.958440
990	-53.360293
991	-29.285382
992	-91.237546
993	-59.663641
994	-72.772520
995	-76.537149
996	-3.544302
997	-43.338309
998	-21.611897
999	-98.857407
1000	-37.238690
;

param: weight :=
1	4.000000
2	60.000000
3	77.000000
4	38.000000
5	50.000000
6	21.000000
7	44.000000
8	27.000000
9	16.000000
10	52.000000
11	33.000000
12	47.000000
13	92.000000
14	46.000000
15	48.000000
16	62.000000
17	46.000000
18	3.000000
19	85.000000
20	10.000000
21	19.000000
22	26.000000
23	23.000000
24	51.000000
25	55.000000
26	79.000000
27	35.000000
28	47.000000
29	36.000000
30	32.000000
31	19.000000
32	33.000000
33	69.000000
34	29.000000
35	44.000000
36	69.000000
37	95.000000
38	79.000000
39	71.000000
40	3.000000
41	93.000000
42	53.000000
43	29.000000
44	58.000000
45	84.000000
46	22.000000
47	26.000000
48	71.000000
49	31.000000
50	1.000000
51	89.000000
52	76.000000
53	86.000000
54	10.000000
55	25.000000
56	54.000000
57	47.000000
58	68.000000
59	68.000000
60	87.000000
61	55.000000
62	32.000000
63	84.000000
64	20.000000
65	40.000000
66	54.000000
67	100.000000
68	78.000000
69	27.000000
70	77.000000
71	51.000000
72	35.000000
73	65.000000
74	60.000000
75	97.000000
76	15.000000
77	70.000000
78	27.000000
79	93.000000
80	44.000000
81	17.000000
82	22.000000
83	21.000000
84	93.000000
85	28.000000
86	80.000000
87	76.000000
88	96.000000
89	61.000000
90	39.000000
91	23.000000
92	64.000000
93	56.000000
94	46.000000
95	87.000000
96	56.000000
97	58.000000
98	8.000000
99	6.000000
100	82.000000
101	73.000000
102	75.000000
103	77.000000
104	14.000000
105	44.000000
106	95.000000
107	1.000000
108	79.000000
109	23.000000
110	13.000000
111	36.000000
112	50.000000
113	92.000000
114	89.000000
115	25.000000
116	66.000000
117	40.000000
118	15.000000
119	91.000000
120	70.000000
121	26.000000
122	16.000000
123	29.000000
124	78.000000
125	29.000000
126	24.000000
127	27.000000
128	66.000000
129	46.000000
130	50.000000
131	31.000000
132	43.000000
133	47.000000
134	78.000000
135	95.000000
136	52.000000
137	38.000000
138	36.000000
139	2.000000
140	14.000000
141	87.000000
142	10.000000
143	81.000000
144	80.000000
145	43.000000
146	60.000000
147	64.000000
148	23.000000
149	66.000000
150	20.000000
151	44.000000
152	10.000000
153	89.000000
154	2.000000
155	37.000000
156	35.000000
157	67.000000
158	49.000000
159	23.000000
160	93.000000
161	16.000000
162	11.000000
163	65.000000
164	63.000000
165	82.000000
166	44.000000
167	70.000000
168	76.000000
169	62.000000
170	15.000000
171	89.000000
172	83.000000
173	75.000000
174	1.000000
175	39.000000
176	17.000000
177	49.000000
178	42.000000
179	68.000000
180	61.000000
181	49.000000
182	1.000000
183	46.000000
184	95.000000
185	32.000000
186	94.000000
187	71.000000
188	72.000000
189	83.000000
190	8.000000
191	21.000000
192	88.000000
193	28.000000
194	32.000000
195	27.000000
196	71.000000
197	11.000000
198	15.000000
199	44.000000
200	7.000000
201	78.000000
202	35.000000
203	22.000000
204	18.000000
205	55.000000
206	60.000000
207	64.000000
208	72.000000
209	30.000000
210	64.000000
211	59.000000
212	23.000000
213	15.000000
214	30.000000
215	27.000000
216	30.000000
217	57.000000
218	17.000000
219	67.000000
220	68.000000
221	71.000000
222	22.000000
223	31.000000
224	22.000000
225	29.000000
226	45.000000
227	31.000000
228	93.000000
229	26.000000
230	9.000000
231	2.000000
232	53.000000
233	96.000000
234	10.000000
235	40.000000
236	20.000000
237	90.000000
238	13.000000
239	45.000000
240	90.000000
241	3.000000
242	45.000000
243	8.000000
244	92.000000
245	100.000000
246	99.000000
247	24.000000
248	19.000000
249	26.000000
250	6.000000
251	93.000000
252	14.000000
253	59.000000
254	87.000000
255	7.000000
256	15.000000
257	56.000000
258	96.000000
259	37.000000
260	33.000000
261	49.000000
262	73.000000
263	11.000000
264	100.000000
265	29.000000
266	92.000000
267	48.000000
268	9.000000
269	70.000000
270	13.000000
271	4.000000
272	100.000000
273	80.000000
274	36.000000
275	98.000000
276	34.000000
277	99.000000
278	30.000000
279	3.000000
280	28.000000
281	89.000000
282	62.000000
283	30.000000
284	28.000000
285	94.000000
286	79.000000
287	26.000000
288	97.000000
289	88.000000
290	44.000000
291	17.000000
292	49.000000
293	12.000000
294	90.000000
295	40.000000
296	92.000000
297	43.000000
298	18.000000
299	16.000000
300	4.000000
301	69.000000
302	85.000000
303	46.000000
304	10.000000
305	5.000000
306	21.000000
307	3.000000
308	91.000000
309	78.000000
310	29.000000
311	58.000000
312	57.000000
313	24.000000
314	18.000000
315	56.000000
316	80.000000
317	97.000000
318	98.000000
319	16.000000
320	84.000000
321	26.000000
322	29.000000
323	44.000000
324	83.000000
325	98.000000
326	60.000000
327	63.000000
328	19.000000
329	30.000000
330	58.000000
331	98.000000
332	17.000000
333	96.000000
334	50.000000
335	43.000000
336	50.000000
337	35.000000
338	63.000000
339	21.000000
340	78.000000
341	28.000000
342	67.000000
343	30.000000
344	7.000000
345	23.000000
346	8.000000
347	12.000000
348	97.000000
349	52.000000
350	11.000000
351	74.000000
352	86.000000
353	61.000000
354	84.000000
355	34.000000
356	95.000000
357	63.000000
358	44.000000
359	24.000000
360	28.000000
361	33.000000
362	28.000000
363	31.000000
364	12.000000
365	33.000000
366	54.000000
367	31.000000
368	77.000000
369	33.000000
370	42.000000
371	55.000000
372	93.000000
373	8.000000
374	92.000000
375	48.000000
376	11.000000
377	93.000000
378	43.000000
379	62.000000
380	21.000000
381	36.000000
382	7.000000
383	5.000000
384	27.000000
385	7.000000
386	19.000000
387	23.000000
388	24.000000
389	15.000000
390	9.000000
391	69.000000
392	30.000000
393	38.000000
394	67.000000
395	65.000000
396	23.000000
397	93.000000
398	93.000000
399	38.000000
400	85.000000
401	31.000000
402	44.000000
403	98.000000
404	37.000000
405	35.000000
406	80.000000
407	51.000000
408	91.000000
409	24.000000
410	52.000000
411	21.000000
412	22.000000
413	29.000000
414	20.000000
415	1.000000
416	46.000000
417	40.000000
418	67.000000
419	53.000000
420	27.000000
421	9.000000
422	34.000000
423	33.000000
424	69.000000
425	49.000000
426	53.000000
427	1.000000
428	24.000000
429	73.000000
430	66.000000
431	39.000000
432	43.000000
433	71.000000
434	53.000000
435	12.000000
436	8.000000
437	90.000000
438	23.000000
439	35.000000
440	69.000000
441	46.000000
442	44.000000
443	91.000000
444	18.000000
445	34.000000
446	8.000000
447	47.000000
448	22.000000
449	9.000000
450	60.000000
451	3.000000
452	3.000000
453	90.000000
454	91.000000
455	60.000000
456	71.000000
457	83.000000
458	28.000000
459	87.000000
460	87.000000
461	88.000000
462	58.000000
463	87.000000
464	87.000000
465	23.000000
466	12.000000
467	93.000000
468	32.000000
469	10.000000
470	24.000000
471	24.000000
472	58.000000
473	66.000000
474	98.000000
475	66.000000
476	30.000000
477	50.000000
478	73.000000
479	97.000000
480	6.000000
481	22.000000
482	27.000000
483	64.000000
484	8.000000
485	86.000000
486	25.000000
487	33.000000
488	34.000000
489	20.000000
490	97.000000
491	12.000000
492	38.000000
493	39.000000
494	10.000000
495	28.000000
496	28.000000
497	68.000000
498	39.000000
499	52.000000
500	46.000000
501	46.000000
502	62.000000
503	62.000000
504	15.000000
505	28.000000
506	9.000000
507	15.000000
508	38.000000
509	10.000000
510	69.000000
511	39.000000
512	26.000000
513	9.000000
514	4.000000
515	86.000000
516	25.000000
517	4.000000
518	72.000000
519	15.000000
520	61.000000
521	68.000000
522	26.000000
523	84.000000
524	21.000000
525	49.000000
526	26.000000
527	30.000000
528	71.000000
529	29.000000
530	76.000000
531	34.000000
532	71.000000
533	70.000000
534	15.000000
535	88.000000
536	24.000000
537	30.000000
538	89.000000
539	78.000000
540	95.000000
541	15.000000
542	55.000000
543	24.000000
544	44.000000
545	30.000000
546	100.000000
547	57.000000
548	70.000000
549	80.000000
550	85.000000
551	83.000000
552	77.000000
553	21.000000
554	21.000000
555	97.000000
556	29.000000
557	67.000000
558	23.000000
559	13.000000
560	73.000000
561	15.000000
562	4.000000
563	14.000000
564	45.000000
565	96.000000
566	7.000000
567	29.000000
568	90.000000
569	40.000000
570	82.000000
571	96.000000
572	96.000000
573	15.000000
574	92.000000
575	84.000000
576	17.000000
577	23.000000
578	60.000000
579	64.000000
580	80.000000
581	47.000000
582	26.000000
583	10.000000
584	54.000000
585	61.000000
586	100.000000
587	81.000000
588	32.000000
589	73.000000
590	43.000000
591	6.000000
592	95.000000
593	28.000000
594	83.000000
595	70.000000
596	13.000000
597	5.000000
598	75.000000
599	50.000000
600	63.000000
601	92.000000
602	85.000000
603	92.000000
604	47.000000
605	3.000000
606	15.000000
607	53.000000
608	3.000000
609	75.000000
610	39.000000
611	82.000000
612	48.000000
613	20.000000
614	71.000000
615	71.000000
616	53.000000
617	97.000000
618	9.000000
619	56.000000
620	57.000000
621	92.000000
622	1.000000
623	62.000000
624	14.000000
625	76.000000
626	78.000000
627	39.000000
628	11.000000
629	52.000000
630	17.000000
631	87.000000
632	91.000000
633	99.000000
634	90.000000
635	72.000000
636	6.000000
637	49.000000
638	82.000000
639	19.000000
640	21.000000
641	16.000000
642	96.000000
643	95.000000
644	50.000000
645	26.000000
646	63.000000
647	49.000000
648	62.000000
649	29.000000
650	38.000000
651	49.000000
652	85.000000
653	44.000000
654	90.000000
655	97.000000
656	39.000000
657	46.000000
658	62.000000
659	27.000000
660	100.000000
661	13.000000
662	69.000000
663	12.000000
664	86.000000
665	100.000000
666	87.000000
667	81.000000
668	72.000000
669	90.000000
670	6.000000
671	61.000000
672	42.000000
673	16.000000
674	6.000000
675	55.000000
676	93.000000
677	62.000000
678	79.000000
679	80.000000
680	23.000000
681	63.000000
682	19.000000
683	21.000000
684	49.000000
685	84.000000
686	74.000000
687	64.000000
688	43.000000
689	8.000000
690	69.000000
691	84.000000
692	43.000000
693	88.000000
694	73.000000
695	55.000000
696	6.000000
697	91.000000
698	96.000000
699	13.000000
700	6.000000
701	87.000000
702	38.000000
703	42.000000
704	8.000000
705	80.000000
706	46.000000
707	25.000000
708	43.000000
709	97.000000
710	55.000000
711	20.000000
712	2.000000
713	16.000000
714	73.000000
715	50.000000
716	5.000000
717	79.000000
718	17.000000
719	42.000000
720	83.000000
721	31.000000
722	72.000000
723	1.000000
724	100.000000
725	34.000000
726	96.000000
727	5.000000
728	77.000000
729	18.000000
730	62.000000
731	11.000000
732	40.000000
733	50.000000
734	5.000000
735	38.000000
736	53.000000
737	14.000000
738	58.000000
739	91.000000
740	19.000000
741	47.000000
742	51.000000
743	14.000000
744	85.000000
745	95.000000
746	46.000000
747	17.000000
748	5.000000
749	76.000000
750	3.000000
751	69.000000
752	24.000000
753	49.000000
754	45.000000
755	18.000000
756	57.000000
757	56.000000
758	98.000000
759	46.000000
760	13.000000
761	81.000000
762	3.000000
763	51.000000
764	54.000000
765	47.000000
766	37.000000
767	50.000000
768	37.000000
769	13.000000
770	5.000000
771	5.000000
772	60.000000
773	84.000000
774	81.000000
775	2.000000
776	15.000000
777	34.000000
778	21.000000
779	17.000000
780	84.000000
781	15.000000
782	35.000000
783	45.000000
784	81.000000
785	4.000000
786	41.000000
787	56.000000
788	24.000000
789	34.000000
790	43.000000
791	26.000000
792	20.000000
793	56.000000
794	45.000000
795	19.000000
796	14.000000
797	4.000000
798	52.000000
799	1.000000
800	20.000000
801	97.000000
802	11.000000
803	7.000000
804	41.000000
805	33.000000
806	98.000000
807	59.000000
808	9.000000
809	65.000000
810	89.000000
811	25.000000
812	34.000000
813	72.000000
814	32.000000
815	34.000000
816	37.000000
817	41.000000
818	35.000000
819	82.000000
820	90.000000
821	29.000000
822	47.000000
823	80.000000
824	56.000000
825	73.000000
826	75.000000
827	53.000000
828	51.000000
829	56.000000
830	39.000000
831	85.000000
832	51.000000
833	64.000000
834	15.000000
835	56.000000
836	29.000000
837	36.000000
838	15.000000
839	24.000000
840	85.000000
841	2.000000
842	87.000000
843	39.000000
844	50.000000
845	32.000000
846	75.000000
847	51.000000
848	97.000000
849	56.000000
850	48.000000
851	82.000000
852	26.000000
853	10.000000
854	29.000000
855	99.000000
856	13.000000
857	3.000000
858	19.000000
859	3.000000
860	91.000000
861	38.000000
862	18.000000
863	23.000000
864	75.000000
865	78.000000
866	30.000000
867	11.000000
868	40.000000
869	65.000000
870	14.000000
871	11.000000
872	76.000000
873	8.000000
874	65.000000
875	98.000000
876	91.000000
877	2.000000
878	56.000000
879	23.000000
880	36.000000
881	48.000000
882	82.000000
883	30.000000
884	70.000000
885	56.000000
886	64.000000
887	86.000000
888	78.000000
889	98.000000
890	86.000000
891	6.000000
892	38.000000
893	85.000000
894	89.000000
895	14.000000
896	65.000000
897	56.000000
898	18.000000
899	86.000000
900	100.000000
901	94.000000
902	27.000000
903	51.000000
904	98.000000
905	41.000000
906	45.000000
907	27.000000
908	47.000000
909	62.000000
910	42.000000
911	43.000000
912	17.000000
913	98.000000
914	30.000000
915	17.000000
916	42.000000
917	82.000000
918	21.000000
919	51.000000
920	27.000000
921	50.000000
922	22.000000
923	37.000000
924	34.000000
925	91.000000
926	61.000000
927	3.000000
928	100.000000
929	77.000000
930	16.000000
931	97.000000
932	5.000000
933	35.000000
934	78.000000
935	34.000000
936	32.000000
937	87.000000
938	60.000000
939	23.000000
940	61.000000
941	96.000000
942	100.000000
943	24.000000
944	100.000000
945	90.000000
946	74.000000
947	50.000000
948	5.000000
949	92.000000
950	88.000000
951	20.000000
952	51.000000
953	13.000000
954	87.000000
955	56.000000
956	60.000000
957	28.000000
958	86.000000
959	61.000000
960	39.000000
961	27.000000
962	71.000000
963	16.000000
964	96.000000
965	94.000000
966	29.000000
967	34.000000
968	82.000000
969	86.000000
970	88.000000
971	55.000000
972	70.000000
973	29.000000
974	92.000000
975	1.000000
976	26.000000
977	45.000000
978	62.000000
979	39.000000
980	26.000000
981	26.000000
982	68.000000
983	49.000000
984	12.000000
985	98.000000
986	29.000000
987	51.000000
988	48.000000
989	50.000000
990	90.000000
991	91.000000
992	69.000000
993	9.000000
994	59.000000
995	7.000000
996	16.000000
997	81.000000
998	59.000000
999	100.000000
1000	88.000000
;

param: U :=
1	100.000000
2	100.000000
3	100.000000
4	100.000000
5	100.000000
6	100.000000
7	100.000000
8	100.000000
9	100.000000
10	100.000000
11	100.000000
12	100.000000
13	100.000000
14	100.000000
15	100.000000
16	100.000000
17	100.000000
18	100.000000
19	100.000000
20	100.000000
21	100.000000
22	100.000000
23	100.000000
24	100.000000
25	100.000000
26	100.000000
27	100.000000
28	100.000000
29	100.000000
30	100.000000
31	100.000000
32	100.000000
33	100.000000
34	100.000000
35	100.000000
36	100.000000
37	100.000000
38	100.000000
39	100.000000
40	100.000000
41	100.000000
42	100.000000
43	100.000000
44	100.000000
45	100.000000
46	100.000000
47	100.000000
48	100.000000
49	100.000000
50	100.000000
51	100.000000
52	100.000000
53	100.000000
54	100.000000
55	100.000000
56	100.000000
57	100.000000
58	100.000000
59	100.000000
60	100.000000
61	100.000000
62	100.000000
63	100.000000
64	100.000000
65	100.000000
66	100.000000
67	100.000000
68	100.000000
69	100.000000
70	100.000000
71	100.000000
72	100.000000
73	100.000000
74	100.000000
75	100.000000
76	100.000000
77	100.000000
78	100.000000
79	100.000000
80	100.000000
81	100.000000
82	100.000000
83	100.000000
84	100.000000
85	100.000000
86	100.000000
87	100.000000
88	100.000000
89	100.000000
90	100.000000
91	100.000000
92	100.000000
93	100.000000
94	100.000000
95	100.000000
96	100.000000
97	100.000000
98	100.000000
99	100.000000
100	100.000000
101	100.000000
102	100.000000
103	100.000000
104	100.000000
105	100.000000
106	100.000000
107	100.000000
108	100.000000
109	100.000000
110	100.000000
111	100.000000
112	100.000000
113	100.000000
114	100.000000
115	100.000000
116	100.000000
117	100.000000
118	100.000000
119	100.000000
120	100.000000
121	100.000000
122	100.000000
123	100.000000
124	100.000000
125	100.000000
126	100.000000
127	100.000000
128	100.000000
129	100.000000
130	100.000000
131	100.000000
132	100.000000
133	100.000000
134	100.000000
135	100.000000
136	100.000000
137	100.000000
138	100.000000
139	100.000000
140	100.000000
141	100.000000
142	100.000000
143	100.000000
144	100.000000
145	100.000000
146	100.000000
147	100.000000
148	100.000000
149	100.000000
150	100.000000
151	100.000000
152	100.000000
153	100.000000
154	100.000000
155	100.000000
156	100.000000
157	100.000000
158	100.000000
159	100.000000
160	100.000000
161	100.000000
162	100.000000
163	100.000000
164	100.000000
165	100.000000
166	100.000000
167	100.000000
168	100.000000
169	100.000000
170	100.000000
171	100.000000
172	100.000000
173	100.000000
174	100.000000
175	100.000000
176	100.000000
177	100.000000
178	100.000000
179	100.000000
180	100.000000
181	100.000000
182	100.000000
183	100.000000
184	100.000000
185	100.000000
186	100.000000
187	100.000000
188	100.000000
189	100.000000
190	100.000000
191	100.000000
192	100.000000
193	100.000000
194	100.000000
195	100.000000
196	100.000000
197	100.000000
198	100.000000
199	100.000000
200	100.000000
201	100.000000
202	100.000000
203	100.000000
204	100.000000
205	100.000000
206	100.000000
207	100.000000
208	100.000000
209	100.000000
210	100.000000
211	100.000000
212	100.000000
213	100.000000
214	100.000000
215	100.000000
216	100.000000
217	100.000000
218	100.000000
219	100.000000
220	100.000000
221	100.000000
222	100.000000
223	100.000000
224	100.000000
225	100.000000
226	100.000000
227	100.000000
228	100.000000
229	100.000000
230	100.000000
231	100.000000
232	100.000000
233	100.000000
234	100.000000
235	100.000000
236	100.000000
237	100.000000
238	100.000000
239	100.000000
240	100.000000
241	100.000000
242	100.000000
243	100.000000
244	100.000000
245	100.000000
246	100.000000
247	100.000000
248	100.000000
249	100.000000
250	100.000000
251	100.000000
252	100.000000
253	100.000000
254	100.000000
255	100.000000
256	100.000000
257	100.000000
258	100.000000
259	100.000000
260	100.000000
261	100.000000
262	100.000000
263	100.000000
264	100.000000
265	100.000000
266	100.000000
267	100.000000
268	100.000000
269	100.000000
270	100.000000
271	100.000000
272	100.000000
273	100.000000
274	100.000000
275	100.000000
276	100.000000
277	100.000000
278	100.000000
279	100.000000
280	100.000000
281	100.000000
282	100.000000
283	100.000000
284	100.000000
285	100.000000
286	100.000000
287	100.000000
288	100.000000
289	100.000000
290	100.000000
291	100.000000
292	100.000000
293	100.000000
294	100.000000
295	100.000000
296	100.000000
297	100.000000
298	100.000000
299	100.000000
300	100.000000
301	100.000000
302	100.000000
303	100.000000
304	100.000000
305	100.000000
306	100.000000
307	100.000000
308	100.000000
309	100.000000
310	100.000000
311	100.000000
312	100.000000
313	100.000000
314	100.000000
315	100.000000
316	100.000000
317	100.000000
318	100.000000
319	100.000000
320	100.000000
321	100.000000
322	100.000000
323	100.000000
324	100.000000
325	100.000000
326	100.000000
327	100.000000
328	100.000000
329	100.000000
330	100.000000
331	100.000000
332	100.000000
333	100.000000
334	100.000000
335	100.000000
336	100.000000
337	100.000000
338	100.000000
339	100.000000
340	100.000000
341	100.000000
342	100.000000
343	100.000000
344	100.000000
345	100.000000
346	100.000000
347	100.000000
348	100.000000
349	100.000000
350	100.000000
351	100.000000
352	100.000000
353	100.000000
354	100.000000
355	100.000000
356	100.000000
357	100.000000
358	100.000000
359	100.000000
360	100.000000
361	100.000000
362	100.000000
363	100.000000
364	100.000000
365	100.000000
366	100.000000
367	100.000000
368	100.000000
369	100.000000
370	100.000000
371	100.000000
372	100.000000
373	100.000000
374	100.000000
375	100.000000
376	100.000000
377	100.000000
378	100.000000
379	100.000000
380	100.000000
381	100.000000
382	100.000000
383	100.000000
384	100.000000
385	100.000000
386	100.000000
387	100.000000
388	100.000000
389	100.000000
390	100.000000
391	100.000000
392	100.000000
393	100.000000
394	100.000000
395	100.000000
396	100.000000
397	100.000000
398	100.000000
399	100.000000
400	100.000000
401	100.000000
402	100.000000
403	100.000000
404	100.000000
405	100.000000
406	100.000000
407	100.000000
408	100.000000
409	100.000000
410	100.000000
411	100.000000
412	100.000000
413	100.000000
414	100.000000
415	100.000000
416	100.000000
417	100.000000
418	100.000000
419	100.000000
420	100.000000
421	100.000000
422	100.000000
423	100.000000
424	100.000000
425	100.000000
426	100.000000
427	100.000000
428	100.000000
429	100.000000
430	100.000000
431	100.000000
432	100.000000
433	100.000000
434	100.000000
435	100.000000
436	100.000000
437	100.000000
438	100.000000
439	100.000000
440	100.000000
441	100.000000
442	100.000000
443	100.000000
444	100.000000
445	100.000000
446	100.000000
447	100.000000
448	100.000000
449	100.000000
450	100.000000
451	100.000000
452	100.000000
453	100.000000
454	100.000000
455	100.000000
456	100.000000
457	100.000000
458	100.000000
459	100.000000
460	100.000000
461	100.000000
462	100.000000
463	100.000000
464	100.000000
465	100.000000
466	100.000000
467	100.000000
468	100.000000
469	100.000000
470	100.000000
471	100.000000
472	100.000000
473	100.000000
474	100.000000
475	100.000000
476	100.000000
477	100.000000
478	100.000000
479	100.000000
480	100.000000
481	100.000000
482	100.000000
483	100.000000
484	100.000000
485	100.000000
486	100.000000
487	100.000000
488	100.000000
489	100.000000
490	100.000000
491	100.000000
492	100.000000
493	100.000000
494	100.000000
495	100.000000
496	100.000000
497	100.000000
498	100.000000
499	100.000000
500	100.000000
501	100.000000
502	100.000000
503	100.000000
504	100.000000
505	100.000000
506	100.000000
507	100.000000
508	100.000000
509	100.000000
510	100.000000
511	100.000000
512	100.000000
513	100.000000
514	100.000000
515	100.000000
516	100.000000
517	100.000000
518	100.000000
519	100.000000
520	100.000000
521	100.000000
522	100.000000
523	100.000000
524	100.000000
525	100.000000
526	100.000000
527	100.000000
528	100.000000
529	100.000000
530	100.000000
531	100.000000
532	100.000000
533	100.000000
534	100.000000
535	100.000000
536	100.000000
537	100.000000
538	100.000000
539	100.000000
540	100.000000
541	100.000000
542	100.000000
543	100.000000
544	100.000000
545	100.000000
546	100.000000
547	100.000000
548	100.000000
549	100.000000
550	100.000000
551	100.000000
552	100.000000
553	100.000000
554	100.000000
555	100.000000
556	100.000000
557	100.000000
558	100.000000
559	100.000000
560	100.000000
561	100.000000
562	100.000000
563	100.000000
564	100.000000
565	100.000000
566	100.000000
567	100.000000
568	100.000000
569	100.000000
570	100.000000
571	100.000000
572	100.000000
573	100.000000
574	100.000000
575	100.000000
576	100.000000
577	100.000000
578	100.000000
579	100.000000
580	100.000000
581	100.000000
582	100.000000
583	100.000000
584	100.000000
585	100.000000
586	100.000000
587	100.000000
588	100.000000
589	100.000000
590	100.000000
591	100.000000
592	100.000000
593	100.000000
594	100.000000
595	100.000000
596	100.000000
597	100.000000
598	100.000000
599	100.000000
600	100.000000
601	100.000000
602	100.000000
603	100.000000
604	100.000000
605	100.000000
606	100.000000
607	100.000000
608	100.000000
609	100.000000
610	100.000000
611	100.000000
612	100.000000
613	100.000000
614	100.000000
615	100.000000
616	100.000000
617	100.000000
618	100.000000
619	100.000000
620	100.000000
621	100.000000
622	100.000000
623	100.000000
624	100.000000
625	100.000000
626	100.000000
627	100.000000
628	100.000000
629	100.000000
630	100.000000
631	100.000000
632	100.000000
633	100.000000
634	100.000000
635	100.000000
636	100.000000
637	100.000000
638	100.000000
639	100.000000
640	100.000000
641	100.000000
642	100.000000
643	100.000000
644	100.000000
645	100.000000
646	100.000000
647	100.000000
648	100.000000
649	100.000000
650	100.000000
651	100.000000
652	100.000000
653	100.000000
654	100.000000
655	100.000000
656	100.000000
657	100.000000
658	100.000000
659	100.000000
660	100.000000
661	100.000000
662	100.000000
663	100.000000
664	100.000000
665	100.000000
666	100.000000
667	100.000000
668	100.000000
669	100.000000
670	100.000000
671	100.000000
672	100.000000
673	100.000000
674	100.000000
675	100.000000
676	100.000000
677	100.000000
678	100.000000
679	100.000000
680	100.000000
681	100.000000
682	100.000000
683	100.000000
684	100.000000
685	100.000000
686	100.000000
687	100.000000
688	100.000000
689	100.000000
690	100.000000
691	100.000000
692	100.000000
693	100.000000
694	100.000000
695	100.000000
696	100.000000
697	100.000000
698	100.000000
699	100.000000
700	100.000000
701	100.000000
702	100.000000
703	100.000000
704	100.000000
705	100.000000
706	100.000000
707	100.000000
708	100.000000
709	100.000000
710	100.000000
711	100.000000
712	100.000000
713	100.000000
714	100.000000
715	100.000000
716	100.000000
717	100.000000
718	100.000000
719	100.000000
720	100.000000
721	100.000000
722	100.000000
723	100.000000
724	100.000000
725	100.000000
726	100.000000
727	100.000000
728	100.000000
729	100.000000
730	100.000000
731	100.000000
732	100.000000
733	100.000000
734	100.000000
735	100.000000
736	100.000000
737	100.000000
738	100.000000
739	100.000000
740	100.000000
741	100.000000
742	100.000000
743	100.000000
744	100.000000
745	100.000000
746	100.000000
747	100.000000
748	100.000000
749	100.000000
750	100.000000
751	100.000000
752	100.000000
753	100.000000
754	100.000000
755	100.000000
756	100.000000
757	100.000000
758	100.000000
759	100.000000
760	100.000000
761	100.000000
762	100.000000
763	100.000000
764	100.000000
765	100.000000
766	100.000000
767	100.000000
768	100.000000
769	100.000000
770	100.000000
771	100.000000
772	100.000000
773	100.000000
774	100.000000
775	100.000000
776	100.000000
777	100.000000
778	100.000000
779	100.000000
780	100.000000
781	100.000000
782	100.000000
783	100.000000
784	100.000000
785	100.000000
786	100.000000
787	100.000000
788	100.000000
789	100.000000
790	100.000000
791	100.000000
792	100.000000
793	100.000000
794	100.000000
795	100.000000
796	100.000000
797	100.000000
798	100.000000
799	100.000000
800	100.000000
801	100.000000
802	100.000000
803	100.000000
804	100.000000
805	100.000000
806	100.000000
807	100.000000
808	100.000000
809	100.000000
810	100.000000
811	100.000000
812	100.000000
813	100.000000
814	100.000000
815	100.000000
816	100.000000
817	100.000000
818	100.000000
819	100.000000
820	100.000000
821	100.000000
822	100.000000
823	100.000000
824	100.000000
825	100.000000
826	100.000000
827	100.000000
828	100.000000
829	100.000000
830	100.000000
831	100.000000
832	100.000000
833	100.000000
834	100.000000
835	100.000000
836	100.000000
837	100.000000
838	100.000000
839	100.000000
840	100.000000
841	100.000000
842	100.000000
843	100.000000
844	100.000000
845	100.000000
846	100.000000
847	100.000000
848	100.000000
849	100.000000
850	100.000000
851	100.000000
852	100.000000
853	100.000000
854	100.000000
855	100.000000
856	100.000000
857	100.000000
858	100.000000
859	100.000000
860	100.000000
861	100.000000
862	100.000000
863	100.000000
864	100.000000
865	100.000000
866	100.000000
867	100.000000
868	100.000000
869	100.000000
870	100.000000
871	100.000000
872	100.000000
873	100.000000
874	100.000000
875	100.000000
876	100.000000
877	100.000000
878	100.000000
879	100.000000
880	100.000000
881	100.000000
882	100.000000
883	100.000000
884	100.000000
885	100.000000
886	100.000000
887	100.000000
888	100.000000
889	100.000000
890	100.000000
891	100.000000
892	100.000000
893	100.000000
894	100.000000
895	100.000000
896	100.000000
897	100.000000
898	100.000000
899	100.000000
900	100.000000
901	100.000000
902	100.000000
903	100.000000
904	100.000000
905	100.000000
906	100.000000
907	100.000000
908	100.000000
909	100.000000
910	100.000000
911	100.000000
912	100.000000
913	100.000000
914	100.000000
915	100.000000
916	100.000000
917	100.000000
918	100.000000
919	100.000000
920	100.000000
921	100.000000
922	100.000000
923	100.000000
924	100.000000
925	100.000000
926	100.000000
927	100.000000
928	100.000000
929	100.000000
930	100.000000
931	100.000000
932	100.000000
933	100.000000
934	100.000000
935	100.000000
936	100.000000
937	100.000000
938	100.000000
939	100.000000
940	100.000000
941	100.000000
942	100.000000
943	100.000000
944	100.000000
945	100.000000
946	100.000000
947	100.000000
948	100.000000
949	100.000000
950	100.000000
951	100.000000
952	100.000000
953	100.000000
954	100.000000
955	100.000000
956	100.000000
957	100.000000
958	100.000000
959	100.000000
960	100.000000
961	100.000000
962	100.000000
963	100.000000
964	100.000000
965	100.000000
966	100.000000
967	100.000000
968	100.000000
969	100.000000
970	100.000000
971	100.000000
972	100.000000
973	100.000000
974	100.000000
975	100.000000
976	100.000000
977	100.000000
978	100.000000
979	100.000000
980	100.000000
981	100.000000
982	100.000000
983	100.000000
984	100.000000
985	100.000000
986	100.000000
987	100.000000
988	100.000000
989	100.000000
990	100.000000
991	100.000000
992	100.000000
993	100.000000
994	100.000000
995	100.000000
996	100.000000
997	100.000000
998	100.000000
999	100.000000
1000	100.000000
;
