# seed = 9

param N := 500;

param M := 1;

param Umax := 100.000000;

param: C :=
1	1265600.000000
;

param: a :=
1	0.187235
2	0.129189
3	0.158899
4	0.159682
5	0.164209
6	0.193847
7	0.195839
8	0.181944
9	0.108619
10	0.137895
11	0.134177
12	0.110357
13	0.100811
14	0.199854
15	0.179816
16	0.143340
17	0.106524
18	0.185495
19	0.106842
20	0.158666
21	0.143400
22	0.101205
23	0.113032
24	0.198713
25	0.173834
26	0.149687
27	0.122987
28	0.145939
29	0.170793
30	0.158270
31	0.104898
32	0.171097
33	0.146373
34	0.183138
35	0.182935
36	0.122581
37	0.125037
38	0.192275
39	0.118741
40	0.170757
41	0.133288
42	0.182365
43	0.115661
44	0.113068
45	0.122541
46	0.124040
47	0.130483
48	0.159594
49	0.142237
50	0.166888
51	0.114814
52	0.185079
53	0.192063
54	0.168157
55	0.196972
56	0.118882
57	0.131617
58	0.139520
59	0.179248
60	0.139500
61	0.136468
62	0.103180
63	0.167757
64	0.136010
65	0.134819
66	0.150444
67	0.116257
68	0.167530
69	0.198771
70	0.103074
71	0.185932
72	0.172279
73	0.144167
74	0.158965
75	0.171258
76	0.111688
77	0.195135
78	0.184309
79	0.140877
80	0.101554
81	0.170135
82	0.187351
83	0.114829
84	0.117370
85	0.147840
86	0.135675
87	0.160122
88	0.154643
89	0.102631
90	0.120777
91	0.118231
92	0.104828
93	0.186406
94	0.121293
95	0.112598
96	0.160685
97	0.193836
98	0.136548
99	0.143172
100	0.119429
101	0.125813
102	0.181622
103	0.170466
104	0.131331
105	0.189039
106	0.102164
107	0.167621
108	0.120142
109	0.166130
110	0.140686
111	0.130292
112	0.139094
113	0.106691
114	0.197584
115	0.193958
116	0.173886
117	0.111002
118	0.192460
119	0.187950
120	0.106885
121	0.126690
122	0.154401
123	0.154617
124	0.139097
125	0.107469
126	0.178545
127	0.179162
128	0.194391
129	0.134550
130	0.142933
131	0.105343
132	0.172705
133	0.108705
134	0.195981
135	0.131502
136	0.129625
137	0.124970
138	0.143937
139	0.135021
140	0.175459
141	0.151367
142	0.159371
143	0.108859
144	0.113779
145	0.133707
146	0.180767
147	0.153088
148	0.118932
149	0.182905
150	0.136311
151	0.189250
152	0.104201
153	0.183157
154	0.130940
155	0.131731
156	0.163647
157	0.192083
158	0.157508
159	0.155939
160	0.145207
161	0.188957
162	0.107681
163	0.114321
164	0.147451
165	0.134099
166	0.190144
167	0.191789
168	0.113045
169	0.127487
170	0.134501
171	0.162554
172	0.108940
173	0.192377
174	0.147146
175	0.171546
176	0.175555
177	0.119397
178	0.161127
179	0.185122
180	0.112723
181	0.163875
182	0.147461
183	0.190127
184	0.101006
185	0.179928
186	0.124940
187	0.196332
188	0.126410
189	0.152588
190	0.140788
191	0.191273
192	0.126353
193	0.122339
194	0.182095
195	0.127790
196	0.114857
197	0.146074
198	0.140525
199	0.119014
200	0.183754
201	0.185679
202	0.166029
203	0.108705
204	0.165728
205	0.124347
206	0.137063
207	0.175516
208	0.139737
209	0.100098
210	0.196739
211	0.142620
212	0.182599
213	0.127995
214	0.191682
215	0.134569
216	0.158588
217	0.183609
218	0.134971
219	0.121534
220	0.144878
221	0.126791
222	0.185936
223	0.162339
224	0.151455
225	0.139936
226	0.175075
227	0.194092
228	0.145165
229	0.144301
230	0.124460
231	0.184388
232	0.103744
233	0.189639
234	0.192095
235	0.109166
236	0.124983
237	0.151255
238	0.119005
239	0.106781
240	0.159963
241	0.136385
242	0.125009
243	0.192244
244	0.155613
245	0.118026
246	0.133661
247	0.193769
248	0.139676
249	0.190897
250	0.161891
251	0.145377
252	0.167769
253	0.167959
254	0.171804
255	0.184531
256	0.186124
257	0.111796
258	0.130997
259	0.132601
260	0.155911
261	0.168316
262	0.146583
263	0.154800
264	0.161773
265	0.171934
266	0.107066
267	0.185593
268	0.118295
269	0.119687
270	0.154316
271	0.191914
272	0.109598
273	0.120066
274	0.106963
275	0.142297
276	0.146084
277	0.159463
278	0.131586
279	0.114399
280	0.129083
281	0.189265
282	0.116384
283	0.137032
284	0.160361
285	0.199152
286	0.119272
287	0.196530
288	0.122155
289	0.177325
290	0.177550
291	0.130673
292	0.145359
293	0.162773
294	0.154864
295	0.196976
296	0.169810
297	0.194964
298	0.141129
299	0.118445
300	0.192578
301	0.111902
302	0.185983
303	0.194499
304	0.107104
305	0.170518
306	0.172402
307	0.111311
308	0.145576
309	0.109689
310	0.179181
311	0.111344
312	0.133785
313	0.108292
314	0.169123
315	0.106145
316	0.123858
317	0.116808
318	0.124712
319	0.154934
320	0.197837
321	0.187783
322	0.110782
323	0.129043
324	0.162323
325	0.150339
326	0.172976
327	0.170732
328	0.114323
329	0.128658
330	0.148554
331	0.112237
332	0.179185
333	0.192565
334	0.194687
335	0.122996
336	0.145253
337	0.140497
338	0.156403
339	0.141340
340	0.115919
341	0.195791
342	0.190100
343	0.162657
344	0.163434
345	0.116685
346	0.125067
347	0.146182
348	0.128415
349	0.114696
350	0.124350
351	0.173528
352	0.143358
353	0.138817
354	0.158167
355	0.175944
356	0.100502
357	0.133389
358	0.124836
359	0.110493
360	0.126109
361	0.198895
362	0.166466
363	0.105574
364	0.172006
365	0.181758
366	0.193045
367	0.146889
368	0.141638
369	0.120662
370	0.112419
371	0.109099
372	0.126370
373	0.153141
374	0.190543
375	0.147629
376	0.151874
377	0.110201
378	0.189838
379	0.156854
380	0.199901
381	0.143245
382	0.110206
383	0.199673
384	0.145913
385	0.119127
386	0.138826
387	0.140244
388	0.172028
389	0.159328
390	0.128534
391	0.165332
392	0.134152
393	0.185632
394	0.187981
395	0.121398
396	0.167493
397	0.163547
398	0.179622
399	0.183986
400	0.182122
401	0.147980
402	0.184916
403	0.183647
404	0.197705
405	0.174161
406	0.148305
407	0.165072
408	0.143935
409	0.194737
410	0.178624
411	0.150616
412	0.161663
413	0.131504
414	0.149961
415	0.121707
416	0.167039
417	0.120008
418	0.118157
419	0.137505
420	0.165768
421	0.107932
422	0.106413
423	0.137589
424	0.107557
425	0.130805
426	0.179221
427	0.112171
428	0.120653
429	0.186133
430	0.175825
431	0.165438
432	0.168351
433	0.190385
434	0.127430
435	0.109070
436	0.142344
437	0.174463
438	0.123587
439	0.169750
440	0.159660
441	0.105046
442	0.174473
443	0.109698
444	0.147073
445	0.159928
446	0.154216
447	0.124237
448	0.106494
449	0.130061
450	0.135232
451	0.170094
452	0.168204
453	0.111086
454	0.182824
455	0.149393
456	0.139677
457	0.109400
458	0.127375
459	0.131247
460	0.140745
461	0.137374
462	0.189688
463	0.175535
464	0.145465
465	0.187595
466	0.169610
467	0.173324
468	0.184673
469	0.188607
470	0.187835
471	0.157886
472	0.111869
473	0.162583
474	0.175734
475	0.198408
476	0.190365
477	0.174147
478	0.108893
479	0.192701
480	0.135665
481	0.191921
482	0.182696
483	0.188596
484	0.133042
485	0.171210
486	0.175343
487	0.179180
488	0.153479
489	0.165239
490	0.119932
491	0.152974
492	0.121176
493	0.188219
494	0.178901
495	0.129232
496	0.186870
497	0.164243
498	0.102939
499	0.126918
500	0.149519
;

param: b :=
1	82.861023
2	44.925924
3	48.107200
4	77.262305
5	49.125229
6	26.496007
7	40.987780
8	75.651445
9	24.306261
10	23.480103
11	24.635546
12	64.201007
13	61.554184
14	80.364935
15	56.633011
16	36.123653
17	78.166484
18	30.474565
19	1.977471
20	77.668026
21	34.092857
22	18.349877
23	11.771432
24	33.882428
25	67.602054
26	99.544853
27	97.255417
28	64.202671
29	56.564182
30	78.195164
31	88.119421
32	60.467090
33	54.218957
34	74.524932
35	50.838655
36	44.758314
37	39.346176
38	93.607818
39	69.109103
40	1.124749
41	8.881226
42	24.598896
43	81.643292
44	68.597791
45	5.918603
46	88.157774
47	57.717080
48	80.930998
49	20.143715
50	52.855646
51	73.913519
52	55.756253
53	50.372384
54	77.320104
55	57.580554
56	57.818067
57	46.849900
58	69.534687
59	69.626670
60	17.802968
61	31.681338
62	76.824235
63	18.900442
64	70.620634
65	86.571824
66	68.865021
67	59.127674
68	82.266852
69	20.022561
70	54.518014
71	52.278517
72	56.861285
73	67.346187
74	17.757843
75	79.763151
76	50.689242
77	36.131354
78	92.530170
79	96.824149
80	35.231235
81	33.048002
82	57.051491
83	78.647567
84	31.536088
85	64.413866
86	95.720081
87	9.735220
88	77.503255
89	36.627105
90	96.979304
91	45.023849
92	62.491445
93	51.352125
94	76.596428
95	46.425178
96	90.340563
97	21.828817
98	38.472047
99	84.019762
100	75.104423
101	33.120280
102	12.466170
103	55.088596
104	20.429913
105	48.481027
106	87.588546
107	32.106393
108	26.579454
109	67.261008
110	39.327755
111	87.343725
112	76.343725
113	72.560497
114	82.718190
115	40.442662
116	70.483978
117	31.906865
118	47.798102
119	7.307619
120	94.674544
121	98.740911
122	4.694115
123	32.068691
124	28.762613
125	9.706787
126	6.250863
127	51.322825
128	85.452920
129	15.788688
130	58.517534
131	27.113204
132	41.056171
133	35.526145
134	67.739035
135	65.834480
136	80.892570
137	97.067713
138	24.433119
139	31.694064
140	19.464500
141	35.254856
142	48.551365
143	88.811758
144	6.574979
145	94.831193
146	82.402238
147	8.184995
148	26.536375
149	73.145146
150	83.499926
151	6.384342
152	0.479069
153	15.902610
154	4.316500
155	79.586466
156	22.085271
157	78.857295
158	14.047469
159	82.382516
160	63.391258
161	50.445999
162	57.916666
163	42.004215
164	20.577905
165	74.814578
166	99.094069
167	53.088500
168	60.164299
169	33.777489
170	66.606576
171	39.456128
172	61.219541
173	29.167228
174	8.849411
175	8.629394
176	26.385383
177	2.022429
178	43.060840
179	76.132769
180	54.074265
181	19.297631
182	70.410276
183	24.124471
184	15.027180
185	88.971814
186	59.720682
187	40.754114
188	43.215479
189	36.050441
190	64.223253
191	32.255000
192	92.484744
193	66.116745
194	27.043214
195	20.273120
196	17.037654
197	94.589325
198	90.725792
199	28.276081
200	3.679506
201	1.313461
202	51.619584
203	7.278343
204	43.468251
205	62.517323
206	36.860628
207	95.516496
208	83.246341
209	28.909359
210	68.736907
211	25.111154
212	54.249676
213	43.806282
214	35.370514
215	49.911976
216	35.192328
217	94.029249
218	75.453591
219	6.719643
220	86.464052
221	17.075429
222	89.887249
223	98.162648
224	6.456680
225	5.357602
226	42.457075
227	9.205711
228	92.645954
229	24.021556
230	35.106994
231	86.109471
232	59.237867
233	1.958653
234	87.979853
235	19.793655
236	43.787518
237	72.888498
238	29.496153
239	82.992836
240	65.851597
241	38.852870
242	48.881279
243	38.620801
244	5.844961
245	93.683637
246	50.243646
247	11.130928
248	3.802958
249	73.539782
250	9.414168
251	27.839748
252	34.503194
253	40.355705
254	65.026873
255	0.090569
256	87.938468
257	23.293187
258	86.120600
259	19.773452
260	68.858029
261	31.390724
262	82.410329
263	6.034964
264	59.581084
265	83.602036
266	4.385333
267	18.837735
268	96.353421
269	37.047280
270	78.389593
271	87.614296
272	57.746189
273	87.788784
274	59.833961
275	61.219239
276	56.965334
277	9.346397
278	8.668328
279	93.641486
280	49.526921
281	41.597600
282	97.428434
283	61.802960
284	19.865213
285	62.184506
286	23.788727
287	85.561558
288	35.749473
289	16.866412
290	56.740218
291	81.858482
292	22.449791
293	48.517967
294	79.644545
295	54.156447
296	56.785215
297	83.370634
298	10.456579
299	14.198289
300	22.128904
301	37.837479
302	6.378723
303	82.170917
304	40.461865
305	2.842661
306	46.428715
307	84.037235
308	73.787240
309	87.475576
310	75.795718
311	58.343140
312	42.935852
313	3.002729
314	44.316490
315	39.319032
316	30.704854
317	57.935595
318	66.017403
319	31.642615
320	66.838459
321	90.312426
322	40.880692
323	87.075818
324	5.233624
325	75.890042
326	18.108802
327	26.967885
328	17.521228
329	36.567068
330	74.743297
331	91.161885
332	92.873682
333	63.109737
334	46.289635
335	12.052898
336	26.792163
337	91.043302
338	63.275432
339	66.506704
340	79.412388
341	58.771399
342	91.902650
343	72.297636
344	23.820426
345	96.559540
346	85.199983
347	30.392163
348	11.862396
349	74.585630
350	74.229372
351	78.810514
352	22.588728
353	95.013424
354	23.359580
355	58.152162
356	73.036788
357	63.676290
358	32.905372
359	43.323689
360	3.302083
361	94.378395
362	45.677848
363	7.298534
364	56.080478
365	7.583323
366	64.412206
367	28.829045
368	20.616606
369	16.663179
370	62.363640
371	8.276131
372	67.330859
373	48.833918
374	59.427282
375	92.581251
376	35.572863
377	82.010828
378	23.134301
379	70.447084
380	51.618636
381	78.074792
382	3.703698
383	31.573622
384	89.166285
385	23.724345
386	57.471089
387	72.871846
388	21.688204
389	87.891518
390	62.295810
391	72.290463
392	31.179012
393	27.635909
394	24.329907
395	19.838550
396	38.581479
397	44.489204
398	17.647672
399	86.361431
400	72.877967
401	18.545642
402	16.919497
403	46.032972
404	25.920297
405	75.821807
406	92.860757
407	98.895692
408	24.583015
409	14.965381
410	41.310392
411	18.936038
412	62.061643
413	49.558797
414	92.161240
415	44.970553
416	93.511217
417	69.174640
418	26.441767
419	4.640441
420	39.233610
421	70.180858
422	66.188696
423	56.679085
424	5.429291
425	61.856083
426	90.065202
427	91.222502
428	28.946310
429	18.311619
430	33.270818
431	87.506485
432	1.392429
433	28.696645
434	86.391166
435	59.267542
436	37.989153
437	79.326720
438	16.387702
439	7.375882
440	76.350619
441	68.768659
442	94.235285
443	58.313458
444	84.392394
445	86.619680
446	67.199121
447	28.715270
448	9.778894
449	79.954394
450	0.334808
451	10.605730
452	79.077684
453	56.148437
454	47.827033
455	73.933900
456	50.331379
457	95.905310
458	78.615261
459	7.970531
460	54.006086
461	31.989137
462	59.862725
463	29.872872
464	54.185842
465	98.215548
466	88.713618
467	30.845365
468	71.823371
469	93.192414
470	75.774614
471	95.586307
472	89.654042
473	68.667547
474	36.563168
475	64.010266
476	1.384552
477	57.842334
478	82.323017
479	64.407108
480	87.886129
481	87.531840
482	67.057114
483	12.265645
484	9.636294
485	84.210610
486	84.735238
487	37.336920
488	45.679243
489	79.029602
490	84.841669
491	8.303644
492	75.232996
493	68.458400
494	24.540591
495	30.492364
496	59.163772
497	88.794124
498	1.544214
499	1.069812
500	21.627651
;

param: c :=
1	81.343993
2	3.460341
3	83.505920
4	78.392532
5	55.465259
6	25.590251
7	60.135859
8	46.287903
9	25.870065
10	92.402282
11	50.018068
12	19.415019
13	33.265825
14	13.085022
15	2.138920
16	77.145013
17	47.954237
18	26.293904
19	7.066517
20	64.719399
21	49.789127
22	89.626651
23	14.437716
24	6.502005
25	20.371468
26	43.961439
27	68.812974
28	52.028042
29	96.771774
30	89.719754
31	50.418940
32	68.234645
33	7.826801
34	99.731468
35	40.970586
36	17.122021
37	33.879813
38	30.913723
39	64.069364
40	7.358448
41	15.060099
42	44.536095
43	1.731406
44	75.755692
45	1.108458
46	39.552035
47	87.897040
48	93.774280
49	20.838957
50	69.867585
51	25.523387
52	82.302896
53	53.512560
54	95.271098
55	84.952633
56	5.652831
57	40.172875
58	89.895403
59	69.367094
60	75.051649
61	3.619835
62	96.103636
63	9.700637
64	68.857057
65	12.648614
66	65.178132
67	23.223039
68	56.430897
69	90.545908
70	29.332806
71	10.382229
72	58.567391
73	52.542358
74	51.984336
75	24.084095
76	42.292746
77	59.444166
78	55.064014
79	54.593839
80	89.498844
81	52.180254
82	8.726655
83	60.162304
84	68.892430
85	24.654204
86	20.785670
87	35.115614
88	26.412525
89	75.151509
90	13.972437
91	68.735246
92	30.567641
93	55.470658
94	31.452813
95	1.511184
96	6.193225
97	25.050360
98	80.640694
99	22.788999
100	30.945783
101	68.918294
102	16.527724
103	90.722413
104	14.348063
105	47.706271
106	98.569476
107	69.210980
108	78.746447
109	58.316868
110	68.411110
111	48.314254
112	90.385290
113	95.497980
114	79.442695
115	54.828764
116	87.341346
117	6.637075
118	21.216459
119	24.121323
120	4.160239
121	47.532633
122	54.032454
123	40.905477
124	70.289621
125	28.298275
126	46.538984
127	26.825920
128	7.418682
129	60.467352
130	86.930492
131	16.845265
132	69.731958
133	95.118856
134	95.549962
135	40.998971
136	73.666798
137	10.489078
138	73.005087
139	60.545364
140	88.308249
141	35.741374
142	18.261250
143	48.850765
144	71.341435
145	92.757402
146	52.699386
147	0.135723
148	16.398470
149	85.439402
150	85.765184
151	84.405536
152	15.181889
153	85.056996
154	33.533961
155	79.214774
156	78.703047
157	98.704094
158	1.031948
159	65.123520
160	70.169872
161	3.776807
162	43.815260
163	4.169539
164	45.540358
165	11.654379
166	93.176923
167	17.704496
168	90.846289
169	64.827422
170	31.983863
171	12.093154
172	44.783707
173	83.887486
174	21.781137
175	32.940893
176	13.243746
177	0.784188
178	74.403440
179	42.098169
180	35.328005
181	98.370903
182	85.686718
183	4.476267
184	97.436172
185	73.262420
186	39.984574
187	46.515216
188	99.521888
189	55.782752
190	16.166693
191	57.167320
192	20.244604
193	1.272422
194	72.697662
195	81.481998
196	36.131655
197	98.892568
198	80.920568
199	53.134346
200	13.421308
201	39.892169
202	37.835417
203	60.812586
204	60.613081
205	50.875253
206	95.768641
207	22.509661
208	35.121861
209	76.366421
210	65.771277
211	18.446525
212	75.330479
213	26.675929
214	43.527107
215	33.317240
216	47.263391
217	83.364707
218	43.924026
219	59.321957
220	75.994906
221	44.010159
222	3.894609
223	73.073614
224	45.003374
225	98.097175
226	15.596297
227	80.517526
228	3.021664
229	86.213130
230	27.823108
231	59.024379
232	32.370005
233	82.161793
234	73.864990
235	60.684368
236	62.330837
237	38.688201
238	56.613480
239	58.540028
240	1.207440
241	42.061733
242	11.787704
243	7.882246
244	35.278814
245	8.274196
246	32.118750
247	40.565023
248	5.008556
249	13.809560
250	51.216082
251	27.469947
252	83.122053
253	82.882838
254	59.115860
255	69.484392
256	98.999820
257	63.116936
258	64.405383
259	28.788056
260	22.937442
261	73.972715
262	19.667942
263	80.673682
264	63.619707
265	68.639217
266	76.284962
267	42.537711
268	55.499654
269	29.157249
270	56.872997
271	71.512491
272	77.635335
273	42.332606
274	57.956828
275	63.282625
276	95.635260
277	66.789298
278	0.271634
279	31.527181
280	65.745505
281	1.836969
282	25.097122
283	42.998928
284	4.120341
285	7.880228
286	93.652471
287	7.188707
288	83.039810
289	7.001325
290	14.378632
291	81.391007
292	44.114465
293	92.626067
294	14.442413
295	5.337028
296	38.248331
297	55.803629
298	1.169515
299	49.300553
300	94.774585
301	35.787323
302	52.650911
303	27.666326
304	90.026264
305	77.473516
306	34.402556
307	46.671589
308	9.763888
309	41.156452
310	36.792561
311	81.181610
312	75.103487
313	0.358418
314	55.508508
315	49.391846
316	46.213894
317	64.796161
318	83.831426
319	17.086496
320	84.076619
321	31.890005
322	11.293819
323	9.268783
324	66.188801
325	13.390407
326	6.340547
327	51.440696
328	3.612803
329	14.859937
330	56.480321
331	79.630868
332	90.936246
333	22.101258
334	91.241651
335	52.081646
336	41.096356
337	43.448778
338	58.522498
339	12.102321
340	49.261519
341	15.196364
342	92.996804
343	90.397862
344	47.483447
345	92.569053
346	54.642495
347	7.092326
348	55.291664
349	65.075766
350	66.783544
351	24.950555
352	78.836136
353	58.658061
354	12.173419
355	33.174882
356	9.870915
357	26.177611
358	54.742029
359	3.604946
360	91.516269
361	14.556702
362	65.273571
363	35.075653
364	42.503262
365	16.486406
366	81.277579
367	84.158764
368	11.735805
369	38.019763
370	63.744917
371	41.461203
372	71.346955
373	98.163995
374	85.337012
375	20.313137
376	22.501307
377	29.405324
378	22.814334
379	54.539759
380	63.934576
381	37.987100
382	47.311811
383	42.689027
384	31.176077
385	13.048778
386	12.713691
387	22.723788
388	35.324981
389	65.730606
390	12.294546
391	60.217400
392	30.113103
393	19.816321
394	78.707197
395	89.564625
396	70.108459
397	66.264522
398	80.217443
399	97.105665
400	28.086366
401	76.878242
402	51.302707
403	34.746742
404	95.617413
405	27.571967
406	72.600769
407	51.878594
408	16.668577
409	53.921302
410	91.117738
411	59.800750
412	59.486840
413	50.814490
414	26.376929
415	34.678023
416	8.572609
417	62.548468
418	65.857726
419	15.120107
420	43.328672
421	95.325370
422	29.476698
423	73.694859
424	33.041283
425	31.301682
426	96.642951
427	22.497629
428	29.590580
429	97.156612
430	88.523088
431	81.341847
432	76.389566
433	93.706829
434	23.857085
435	76.823550
436	83.892891
437	26.692161
438	96.651545
439	35.176647
440	93.942409
441	51.803480
442	18.455561
443	18.276561
444	94.634973
445	57.524707
446	5.403507
447	30.955908
448	14.947670
449	29.085754
450	28.097162
451	65.987766
452	16.787414
453	75.281995
454	75.593772
455	97.335245
456	25.893924
457	28.745211
458	49.634307
459	88.858455
460	77.957736
461	75.195299
462	50.974980
463	36.810158
464	0.089271
465	55.542454
466	88.539112
467	21.640867
468	88.686191
469	46.381595
470	92.915934
471	71.636769
472	85.709585
473	77.485513
474	83.538603
475	76.930653
476	38.681492
477	11.258638
478	9.827982
479	95.151487
480	88.909810
481	68.022313
482	70.309089
483	60.747664
484	95.388292
485	96.339994
486	66.818542
487	99.721781
488	32.400948
489	76.233765
490	73.528125
491	25.309351
492	58.867111
493	5.172998
494	29.985511
495	9.168268
496	38.936231
497	65.658396
498	59.395191
499	54.273176
500	43.865443
;

param: d :=
1	-75.720356
2	-12.092363
3	-16.723513
4	-33.441364
5	-35.951812
6	-16.957953
7	-57.920129
8	-77.587958
9	-28.672124
10	-74.009086
11	-80.456265
12	-88.388865
13	-35.497900
14	-33.455821
15	-77.144605
16	-61.080083
17	-59.480632
18	-9.385650
19	-61.980738
20	-61.208055
21	-6.192761
22	-90.495764
23	-52.860547
24	-13.873948
25	-35.590755
26	-64.063411
27	-21.032849
28	-29.163023
29	-42.350803
30	-3.080331
31	-61.736348
32	-77.809319
33	-7.637616
34	-10.319504
35	-36.460748
36	-16.844753
37	-1.376746
38	-16.957994
39	-50.665585
40	-81.458741
41	-40.115443
42	-44.222203
43	-49.338654
44	-74.998913
45	-89.896381
46	-25.279049
47	-16.088269
48	-34.074904
49	-55.451671
50	-1.344940
51	-26.165908
52	-27.750929
53	-32.265506
54	-47.778171
55	-95.195240
56	-58.348196
57	-25.894757
58	-89.924405
59	-51.445805
60	-19.481540
61	-21.370913
62	-81.078465
63	-83.345902
64	-53.332274
65	-40.384303
66	-14.597867
67	-65.461347
68	-23.200807
69	-82.038784
70	-57.970235
71	-34.238892
72	-84.850655
73	-80.905877
74	-27.313334
75	-29.024307
76	-47.525405
77	-53.273670
78	-24.516557
79	-7.745936
80	-81.830195
81	-85.401187
82	-47.266840
83	-31.388984
84	-39.841730
85	-27.680644
86	-26.824224
87	-92.234799
88	-44.775995
89	-62.398402
90	-18.528576
91	-28.703260
92	-6.643310
93	-90.976872
94	-85.297859
95	-6.688218
96	-45.117523
97	-55.886462
98	-48.332496
99	-28.888499
100	-76.960313
101	-87.561148
102	-92.036906
103	-84.202650
104	-41.463357
105	-30.873531
106	-17.033106
107	-20.731153
108	-61.416128
109	-80.267307
110	-15.612892
111	-30.974631
112	-84.242948
113	-72.079100
114	-86.096485
115	-70.985314
116	-62.359476
117	-86.040538
118	-37.445508
119	-99.822643
120	-20.962061
121	-20.536738
122	-73.670796
123	-25.606849
124	-96.842750
125	-62.574943
126	-89.699317
127	-60.039035
128	-27.379921
129	-49.952250
130	-17.850355
131	-25.408283
132	-28.470106
133	-33.555249
134	-39.126750
135	-17.030844
136	-82.852845
137	-31.396285
138	-55.285984
139	-61.119999
140	-57.085315
141	-2.345239
142	-37.239709
143	-60.192811
144	-50.693443
145	-87.145052
146	-60.713298
147	-70.436787
148	-77.758357
149	-89.463359
150	-12.603969
151	-19.053335
152	-34.887419
153	-78.132703
154	-73.283730
155	-91.376579
156	-93.678555
157	-31.905479
158	-1.768637
159	-64.116041
160	-34.709015
161	-72.437564
162	-21.165295
163	-9.570352
164	-44.195054
165	-89.983727
166	-94.069321
167	-73.599680
168	-40.834427
169	-22.015719
170	-27.276626
171	-72.692883
172	-59.496730
173	-25.453543
174	-26.060496
175	-50.894052
176	-42.064938
177	-48.143923
178	-78.154304
179	-28.186552
180	-88.330050
181	-7.949818
182	-92.318271
183	-80.201995
184	-9.768188
185	-61.027847
186	-8.926056
187	-41.321896
188	-62.530126
189	-32.409523
190	-65.799440
191	-34.943068
192	-68.806628
193	-85.392675
194	-2.993593
195	-37.450213
196	-5.385876
197	-19.093605
198	-15.486053
199	-41.525358
200	-65.515312
201	-11.687375
202	-27.565917
203	-21.413671
204	-83.666555
205	-21.739484
206	-11.583813
207	-4.224771
208	-51.733331
209	-7.062546
210	-16.280901
211	-45.661484
212	-71.045346
213	-22.277556
214	-94.718255
215	-61.919545
216	-74.314462
217	-50.723561
218	-65.139474
219	-12.267670
220	-79.791309
221	-37.842257
222	-94.186197
223	-99.032277
224	-36.496360
225	-64.057579
226	-17.193254
227	-43.919601
228	-22.875069
229	-63.663171
230	-78.421314
231	-18.392110
232	-76.916556
233	-29.737834
234	-74.577730
235	-47.662878
236	-93.607650
237	-17.987078
238	-2.592393
239	-70.184396
240	-36.129033
241	-90.204705
242	-52.145064
243	-10.265570
244	-12.798058
245	-92.100992
246	-0.094729
247	-65.203188
248	-67.880140
249	-66.130354
250	-78.452791
251	-11.305433
252	-69.178060
253	-23.776084
254	-88.252121
255	-31.460395
256	-52.154315
257	-49.613838
258	-38.798850
259	-84.309166
260	-6.644240
261	-8.013559
262	-90.882470
263	-49.919070
264	-41.351197
265	-56.776461
266	-86.017742
267	-72.147107
268	-21.058791
269	-63.324551
270	-35.161920
271	-11.453298
272	-78.267761
273	-77.268286
274	-97.611353
275	-92.951641
276	-92.264789
277	-40.867795
278	-5.945788
279	-20.472899
280	-51.157431
281	-81.360275
282	-70.709967
283	-26.429968
284	-90.542140
285	-61.114917
286	-27.552142
287	-36.129952
288	-72.957190
289	-50.697840
290	-69.147179
291	-29.636483
292	-62.755708
293	-88.137482
294	-87.653394
295	-38.767813
296	-46.168254
297	-93.228961
298	-4.273936
299	-25.779643
300	-67.303117
301	-33.175346
302	-82.748418
303	-10.234925
304	-50.310932
305	-37.851125
306	-31.205371
307	-75.202540
308	-81.186363
309	-35.551613
310	-40.178546
311	-49.459322
312	-33.474385
313	-39.812609
314	-23.424121
315	-67.745854
316	-23.036123
317	-60.297922
318	-0.953943
319	-20.189196
320	-6.778725
321	-21.258875
322	-80.793866
323	-55.315370
324	-37.862648
325	-63.494330
326	-80.801227
327	-50.684455
328	-10.953682
329	-32.405786
330	-66.881047
331	-86.532962
332	-11.726854
333	-31.034105
334	-54.280462
335	-31.105777
336	-76.266128
337	-42.149753
338	-24.765559
339	-15.801988
340	-39.592945
341	-0.034525
342	-34.904872
343	-34.221183
344	-85.439848
345	-56.041695
346	-27.398532
347	-49.551789
348	-32.469135
349	-0.615187
350	-24.783523
351	-86.759200
352	-57.970046
353	-64.216185
354	-59.069572
355	-96.895133
356	-87.752015
357	-22.882703
358	-35.716720
359	-93.608099
360	-82.395888
361	-36.849672
362	-41.570292
363	-63.073639
364	-29.235939
365	-49.777762
366	-56.568491
367	-47.475892
368	-94.320286
369	-51.155479
370	-71.054978
371	-35.259062
372	-9.678239
373	-87.085309
374	-99.541363
375	-38.928932
376	-18.368358
377	-62.553875
378	-30.760604
379	-22.945161
380	-1.026872
381	-86.790839
382	-71.484524
383	-58.751125
384	-97.972040
385	-4.566133
386	-82.303303
387	-94.213166
388	-65.101925
389	-96.240563
390	-90.602028
391	-80.922745
392	-91.204685
393	-70.966351
394	-51.203390
395	-61.519808
396	-52.187810
397	-26.435535
398	-77.454248
399	-36.450799
400	-54.028144
401	-82.953550
402	-25.315276
403	-39.648404
404	-14.582228
405	-12.159500
406	-92.587139
407	-4.307305
408	-35.825346
409	-57.691358
410	-82.038085
411	-98.916475
412	-56.718731
413	-7.464875
414	-96.553308
415	-48.196165
416	-19.120916
417	-83.086073
418	-50.515367
419	-3.950716
420	-5.831201
421	-97.965026
422	-69.113964
423	-25.013098
424	-91.632638
425	-42.394787
426	-24.738688
427	-41.778193
428	-13.925087
429	-87.410209
430	-87.848670
431	-31.272765
432	-70.454134
433	-14.133259
434	-15.838318
435	-2.368291
436	-5.980199
437	-37.964441
438	-40.055339
439	-51.258950
440	-82.617511
441	-86.840108
442	-92.766557
443	-65.988087
444	-66.166654
445	-25.938898
446	-9.846665
447	-97.143784
448	-91.048366
449	-93.652824
450	-83.398886
451	-89.584281
452	-72.635860
453	-16.698067
454	-58.777527
455	-77.984690
456	-12.508006
457	-10.275199
458	-98.118631
459	-68.353071
460	-21.020708
461	-96.833331
462	-82.870919
463	-21.488518
464	-64.238622
465	-82.266250
466	-8.520899
467	-78.472654
468	-62.879603
469	-70.936707
470	-96.865143
471	-37.959163
472	-8.081476
473	-67.218594
474	-18.411734
475	-78.638636
476	-80.667736
477	-51.828630
478	-92.024614
479	-38.391606
480	-71.891124
481	-16.823323
482	-18.587699
483	-6.693376
484	-5.050096
485	-25.574415
486	-38.349052
487	-52.893293
488	-76.638906
489	-39.513298
490	-86.683749
491	-84.518242
492	-95.133678
493	-99.421571
494	-99.556743
495	-0.473909
496	-62.986249
497	-55.732459
498	-96.299079
499	-68.307876
500	-65.430565
;

param: weight :=
1	84.000000
2	8.000000
3	100.000000
4	27.000000
5	62.000000
6	89.000000
7	6.000000
8	68.000000
9	100.000000
10	78.000000
11	87.000000
12	25.000000
13	87.000000
14	58.000000
15	53.000000
16	7.000000
17	76.000000
18	44.000000
19	27.000000
20	73.000000
21	31.000000
22	16.000000
23	13.000000
24	20.000000
25	88.000000
26	28.000000
27	2.000000
28	35.000000
29	56.000000
30	28.000000
31	18.000000
32	69.000000
33	71.000000
34	6.000000
35	55.000000
36	51.000000
37	6.000000
38	31.000000
39	68.000000
40	20.000000
41	72.000000
42	30.000000
43	30.000000
44	64.000000
45	73.000000
46	39.000000
47	75.000000
48	77.000000
49	66.000000
50	58.000000
51	11.000000
52	82.000000
53	57.000000
54	85.000000
55	58.000000
56	48.000000
57	53.000000
58	25.000000
59	100.000000
60	63.000000
61	14.000000
62	86.000000
63	2.000000
64	9.000000
65	29.000000
66	78.000000
67	41.000000
68	69.000000
69	41.000000
70	90.000000
71	2.000000
72	23.000000
73	18.000000
74	44.000000
75	82.000000
76	67.000000
77	20.000000
78	3.000000
79	48.000000
80	4.000000
81	51.000000
82	56.000000
83	44.000000
84	66.000000
85	66.000000
86	16.000000
87	98.000000
88	23.000000
89	70.000000
90	61.000000
91	7.000000
92	73.000000
93	48.000000
94	52.000000
95	52.000000
96	10.000000
97	74.000000
98	25.000000
99	94.000000
100	94.000000
101	18.000000
102	96.000000
103	65.000000
104	36.000000
105	94.000000
106	93.000000
107	18.000000
108	39.000000
109	15.000000
110	92.000000
111	16.000000
112	44.000000
113	50.000000
114	69.000000
115	71.000000
116	47.000000
117	96.000000
118	90.000000
119	16.000000
120	84.000000
121	70.000000
122	84.000000
123	22.000000
124	31.000000
125	15.000000
126	27.000000
127	21.000000
128	17.000000
129	93.000000
130	11.000000
131	74.000000
132	49.000000
133	48.000000
134	40.000000
135	74.000000
136	89.000000
137	97.000000
138	12.000000
139	88.000000
140	10.000000
141	58.000000
142	48.000000
143	11.000000
144	92.000000
145	100.000000
146	94.000000
147	51.000000
148	17.000000
149	42.000000
150	95.000000
151	26.000000
152	50.000000
153	52.000000
154	1.000000
155	30.000000
156	11.000000
157	4.000000
158	51.000000
159	11.000000
160	88.000000
161	72.000000
162	93.000000
163	68.000000
164	76.000000
165	36.000000
166	91.000000
167	63.000000
168	35.000000
169	71.000000
170	40.000000
171	67.000000
172	4.000000
173	51.000000
174	100.000000
175	73.000000
176	93.000000
177	37.000000
178	2.000000
179	88.000000
180	83.000000
181	2.000000
182	99.000000
183	18.000000
184	72.000000
185	50.000000
186	60.000000
187	32.000000
188	10.000000
189	17.000000
190	97.000000
191	52.000000
192	78.000000
193	48.000000
194	14.000000
195	41.000000
196	67.000000
197	75.000000
198	38.000000
199	13.000000
200	65.000000
201	18.000000
202	94.000000
203	98.000000
204	59.000000
205	42.000000
206	3.000000
207	83.000000
208	63.000000
209	87.000000
210	41.000000
211	10.000000
212	71.000000
213	20.000000
214	92.000000
215	3.000000
216	95.000000
217	41.000000
218	7.000000
219	7.000000
220	39.000000
221	31.000000
222	25.000000
223	63.000000
224	33.000000
225	69.000000
226	22.000000
227	65.000000
228	45.000000
229	45.000000
230	24.000000
231	59.000000
232	87.000000
233	98.000000
234	83.000000
235	76.000000
236	79.000000
237	83.000000
238	97.000000
239	74.000000
240	64.000000
241	59.000000
242	2.000000
243	80.000000
244	98.000000
245	24.000000
246	48.000000
247	93.000000
248	89.000000
249	23.000000
250	34.000000
251	20.000000
252	39.000000
253	11.000000
254	29.000000
255	52.000000
256	70.000000
257	13.000000
258	81.000000
259	73.000000
260	45.000000
261	6.000000
262	81.000000
263	95.000000
264	34.000000
265	76.000000
266	36.000000
267	77.000000
268	85.000000
269	30.000000
270	40.000000
271	51.000000
272	60.000000
273	75.000000
274	24.000000
275	24.000000
276	14.000000
277	63.000000
278	21.000000
279	96.000000
280	6.000000
281	33.000000
282	56.000000
283	61.000000
284	19.000000
285	54.000000
286	75.000000
287	50.000000
288	1.000000
289	19.000000
290	36.000000
291	80.000000
292	48.000000
293	69.000000
294	13.000000
295	61.000000
296	94.000000
297	12.000000
298	38.000000
299	47.000000
300	95.000000
301	48.000000
302	89.000000
303	40.000000
304	11.000000
305	82.000000
306	30.000000
307	3.000000
308	73.000000
309	18.000000
310	71.000000
311	11.000000
312	71.000000
313	57.000000
314	49.000000
315	60.000000
316	40.000000
317	62.000000
318	96.000000
319	21.000000
320	52.000000
321	56.000000
322	8.000000
323	6.000000
324	67.000000
325	63.000000
326	20.000000
327	34.000000
328	3.000000
329	72.000000
330	32.000000
331	85.000000
332	67.000000
333	45.000000
334	93.000000
335	13.000000
336	3.000000
337	99.000000
338	95.000000
339	45.000000
340	53.000000
341	83.000000
342	6.000000
343	26.000000
344	100.000000
345	30.000000
346	64.000000
347	95.000000
348	34.000000
349	94.000000
350	67.000000
351	94.000000
352	20.000000
353	12.000000
354	2.000000
355	13.000000
356	75.000000
357	98.000000
358	9.000000
359	25.000000
360	24.000000
361	60.000000
362	36.000000
363	16.000000
364	100.000000
365	68.000000
366	22.000000
367	47.000000
368	25.000000
369	29.000000
370	13.000000
371	73.000000
372	5.000000
373	11.000000
374	27.000000
375	95.000000
376	52.000000
377	43.000000
378	31.000000
379	45.000000
380	79.000000
381	77.000000
382	67.000000
383	97.000000
384	48.000000
385	46.000000
386	51.000000
387	2.000000
388	47.000000
389	43.000000
390	50.000000
391	1.000000
392	40.000000
393	71.000000
394	28.000000
395	57.000000
396	36.000000
397	46.000000
398	92.000000
399	67.000000
400	36.000000
401	7.000000
402	33.000000
403	27.000000
404	11.000000
405	83.000000
406	34.000000
407	15.000000
408	58.000000
409	65.000000
410	95.000000
411	2.000000
412	38.000000
413	48.000000
414	87.000000
415	6.000000
416	47.000000
417	100.000000
418	79.000000
419	19.000000
420	83.000000
421	97.000000
422	41.000000
423	77.000000
424	98.000000
425	18.000000
426	40.000000
427	45.000000
428	5.000000
429	21.000000
430	48.000000
431	76.000000
432	65.000000
433	60.000000
434	23.000000
435	73.000000
436	16.000000
437	89.000000
438	2.000000
439	13.000000
440	20.000000
441	84.000000
442	67.000000
443	66.000000
444	46.000000
445	84.000000
446	4.000000
447	15.000000
448	56.000000
449	93.000000
450	70.000000
451	73.000000
452	64.000000
453	86.000000
454	79.000000
455	100.000000
456	53.000000
457	7.000000
458	22.000000
459	79.000000
460	57.000000
461	6.000000
462	93.000000
463	41.000000
464	28.000000
465	53.000000
466	80.000000
467	52.000000
468	54.000000
469	21.000000
470	96.000000
471	69.000000
472	2.000000
473	34.000000
474	26.000000
475	31.000000
476	18.000000
477	82.000000
478	15.000000
479	76.000000
480	60.000000
481	37.000000
482	55.000000
483	94.000000
484	43.000000
485	43.000000
486	50.000000
487	39.000000
488	76.000000
489	81.000000
490	91.000000
491	82.000000
492	70.000000
493	75.000000
494	62.000000
495	6.000000
496	62.000000
497	35.000000
498	79.000000
499	97.000000
500	72.000000
;

param: U :=
1	100.000000
2	100.000000
3	100.000000
4	100.000000
5	100.000000
6	100.000000
7	100.000000
8	100.000000
9	100.000000
10	100.000000
11	100.000000
12	100.000000
13	100.000000
14	100.000000
15	100.000000
16	100.000000
17	100.000000
18	100.000000
19	100.000000
20	100.000000
21	100.000000
22	100.000000
23	100.000000
24	100.000000
25	100.000000
26	100.000000
27	100.000000
28	100.000000
29	100.000000
30	100.000000
31	100.000000
32	100.000000
33	100.000000
34	100.000000
35	100.000000
36	100.000000
37	100.000000
38	100.000000
39	100.000000
40	100.000000
41	100.000000
42	100.000000
43	100.000000
44	100.000000
45	100.000000
46	100.000000
47	100.000000
48	100.000000
49	100.000000
50	100.000000
51	100.000000
52	100.000000
53	100.000000
54	100.000000
55	100.000000
56	100.000000
57	100.000000
58	100.000000
59	100.000000
60	100.000000
61	100.000000
62	100.000000
63	100.000000
64	100.000000
65	100.000000
66	100.000000
67	100.000000
68	100.000000
69	100.000000
70	100.000000
71	100.000000
72	100.000000
73	100.000000
74	100.000000
75	100.000000
76	100.000000
77	100.000000
78	100.000000
79	100.000000
80	100.000000
81	100.000000
82	100.000000
83	100.000000
84	100.000000
85	100.000000
86	100.000000
87	100.000000
88	100.000000
89	100.000000
90	100.000000
91	100.000000
92	100.000000
93	100.000000
94	100.000000
95	100.000000
96	100.000000
97	100.000000
98	100.000000
99	100.000000
100	100.000000
101	100.000000
102	100.000000
103	100.000000
104	100.000000
105	100.000000
106	100.000000
107	100.000000
108	100.000000
109	100.000000
110	100.000000
111	100.000000
112	100.000000
113	100.000000
114	100.000000
115	100.000000
116	100.000000
117	100.000000
118	100.000000
119	100.000000
120	100.000000
121	100.000000
122	100.000000
123	100.000000
124	100.000000
125	100.000000
126	100.000000
127	100.000000
128	100.000000
129	100.000000
130	100.000000
131	100.000000
132	100.000000
133	100.000000
134	100.000000
135	100.000000
136	100.000000
137	100.000000
138	100.000000
139	100.000000
140	100.000000
141	100.000000
142	100.000000
143	100.000000
144	100.000000
145	100.000000
146	100.000000
147	100.000000
148	100.000000
149	100.000000
150	100.000000
151	100.000000
152	100.000000
153	100.000000
154	100.000000
155	100.000000
156	100.000000
157	100.000000
158	100.000000
159	100.000000
160	100.000000
161	100.000000
162	100.000000
163	100.000000
164	100.000000
165	100.000000
166	100.000000
167	100.000000
168	100.000000
169	100.000000
170	100.000000
171	100.000000
172	100.000000
173	100.000000
174	100.000000
175	100.000000
176	100.000000
177	100.000000
178	100.000000
179	100.000000
180	100.000000
181	100.000000
182	100.000000
183	100.000000
184	100.000000
185	100.000000
186	100.000000
187	100.000000
188	100.000000
189	100.000000
190	100.000000
191	100.000000
192	100.000000
193	100.000000
194	100.000000
195	100.000000
196	100.000000
197	100.000000
198	100.000000
199	100.000000
200	100.000000
201	100.000000
202	100.000000
203	100.000000
204	100.000000
205	100.000000
206	100.000000
207	100.000000
208	100.000000
209	100.000000
210	100.000000
211	100.000000
212	100.000000
213	100.000000
214	100.000000
215	100.000000
216	100.000000
217	100.000000
218	100.000000
219	100.000000
220	100.000000
221	100.000000
222	100.000000
223	100.000000
224	100.000000
225	100.000000
226	100.000000
227	100.000000
228	100.000000
229	100.000000
230	100.000000
231	100.000000
232	100.000000
233	100.000000
234	100.000000
235	100.000000
236	100.000000
237	100.000000
238	100.000000
239	100.000000
240	100.000000
241	100.000000
242	100.000000
243	100.000000
244	100.000000
245	100.000000
246	100.000000
247	100.000000
248	100.000000
249	100.000000
250	100.000000
251	100.000000
252	100.000000
253	100.000000
254	100.000000
255	100.000000
256	100.000000
257	100.000000
258	100.000000
259	100.000000
260	100.000000
261	100.000000
262	100.000000
263	100.000000
264	100.000000
265	100.000000
266	100.000000
267	100.000000
268	100.000000
269	100.000000
270	100.000000
271	100.000000
272	100.000000
273	100.000000
274	100.000000
275	100.000000
276	100.000000
277	100.000000
278	100.000000
279	100.000000
280	100.000000
281	100.000000
282	100.000000
283	100.000000
284	100.000000
285	100.000000
286	100.000000
287	100.000000
288	100.000000
289	100.000000
290	100.000000
291	100.000000
292	100.000000
293	100.000000
294	100.000000
295	100.000000
296	100.000000
297	100.000000
298	100.000000
299	100.000000
300	100.000000
301	100.000000
302	100.000000
303	100.000000
304	100.000000
305	100.000000
306	100.000000
307	100.000000
308	100.000000
309	100.000000
310	100.000000
311	100.000000
312	100.000000
313	100.000000
314	100.000000
315	100.000000
316	100.000000
317	100.000000
318	100.000000
319	100.000000
320	100.000000
321	100.000000
322	100.000000
323	100.000000
324	100.000000
325	100.000000
326	100.000000
327	100.000000
328	100.000000
329	100.000000
330	100.000000
331	100.000000
332	100.000000
333	100.000000
334	100.000000
335	100.000000
336	100.000000
337	100.000000
338	100.000000
339	100.000000
340	100.000000
341	100.000000
342	100.000000
343	100.000000
344	100.000000
345	100.000000
346	100.000000
347	100.000000
348	100.000000
349	100.000000
350	100.000000
351	100.000000
352	100.000000
353	100.000000
354	100.000000
355	100.000000
356	100.000000
357	100.000000
358	100.000000
359	100.000000
360	100.000000
361	100.000000
362	100.000000
363	100.000000
364	100.000000
365	100.000000
366	100.000000
367	100.000000
368	100.000000
369	100.000000
370	100.000000
371	100.000000
372	100.000000
373	100.000000
374	100.000000
375	100.000000
376	100.000000
377	100.000000
378	100.000000
379	100.000000
380	100.000000
381	100.000000
382	100.000000
383	100.000000
384	100.000000
385	100.000000
386	100.000000
387	100.000000
388	100.000000
389	100.000000
390	100.000000
391	100.000000
392	100.000000
393	100.000000
394	100.000000
395	100.000000
396	100.000000
397	100.000000
398	100.000000
399	100.000000
400	100.000000
401	100.000000
402	100.000000
403	100.000000
404	100.000000
405	100.000000
406	100.000000
407	100.000000
408	100.000000
409	100.000000
410	100.000000
411	100.000000
412	100.000000
413	100.000000
414	100.000000
415	100.000000
416	100.000000
417	100.000000
418	100.000000
419	100.000000
420	100.000000
421	100.000000
422	100.000000
423	100.000000
424	100.000000
425	100.000000
426	100.000000
427	100.000000
428	100.000000
429	100.000000
430	100.000000
431	100.000000
432	100.000000
433	100.000000
434	100.000000
435	100.000000
436	100.000000
437	100.000000
438	100.000000
439	100.000000
440	100.000000
441	100.000000
442	100.000000
443	100.000000
444	100.000000
445	100.000000
446	100.000000
447	100.000000
448	100.000000
449	100.000000
450	100.000000
451	100.000000
452	100.000000
453	100.000000
454	100.000000
455	100.000000
456	100.000000
457	100.000000
458	100.000000
459	100.000000
460	100.000000
461	100.000000
462	100.000000
463	100.000000
464	100.000000
465	100.000000
466	100.000000
467	100.000000
468	100.000000
469	100.000000
470	100.000000
471	100.000000
472	100.000000
473	100.000000
474	100.000000
475	100.000000
476	100.000000
477	100.000000
478	100.000000
479	100.000000
480	100.000000
481	100.000000
482	100.000000
483	100.000000
484	100.000000
485	100.000000
486	100.000000
487	100.000000
488	100.000000
489	100.000000
490	100.000000
491	100.000000
492	100.000000
493	100.000000
494	100.000000
495	100.000000
496	100.000000
497	100.000000
498	100.000000
499	100.000000
500	100.000000
;
