# seed = 1254829604

param N := 500;

param M := 10;

param Umax := 100.000000;

param: C :=
1	138119.228486
2	125004.996435
3	136174.162468
4	105502.544663
5	141723.830599
6	124952.612414
7	108076.108077
8	119779.728047
9	115293.448531
10	107366.082574
;

param: a :=
1	0.122847
2	0.125110
3	0.137782
4	0.105537
5	0.137322
6	0.189356
7	0.182407
8	0.196091
9	0.156410
10	0.137281
11	0.117835
12	0.131324
13	0.130750
14	0.199446
15	0.180502
16	0.185637
17	0.134926
18	0.123087
19	0.192325
20	0.198078
21	0.149127
22	0.117803
23	0.198800
24	0.111914
25	0.119466
26	0.118650
27	0.175016
28	0.173702
29	0.199104
30	0.164982
31	0.125061
32	0.143144
33	0.177812
34	0.101726
35	0.112775
36	0.177640
37	0.146172
38	0.117423
39	0.192285
40	0.193380
41	0.112272
42	0.114273
43	0.113486
44	0.156525
45	0.160298
46	0.170163
47	0.112220
48	0.125999
49	0.142809
50	0.106768
51	0.178622
52	0.135988
53	0.192964
54	0.189597
55	0.180363
56	0.109858
57	0.104919
58	0.190711
59	0.127486
60	0.145062
61	0.150508
62	0.114578
63	0.123862
64	0.170722
65	0.120840
66	0.155009
67	0.133779
68	0.194140
69	0.174264
70	0.123551
71	0.160383
72	0.177581
73	0.167334
74	0.101457
75	0.175891
76	0.117642
77	0.196554
78	0.110064
79	0.120600
80	0.196159
81	0.124203
82	0.177828
83	0.129357
84	0.107288
85	0.138096
86	0.196712
87	0.127432
88	0.103265
89	0.196644
90	0.126824
91	0.145432
92	0.186595
93	0.112676
94	0.173866
95	0.183614
96	0.196622
97	0.148535
98	0.141989
99	0.101479
100	0.192935
101	0.145245
102	0.114409
103	0.122705
104	0.122848
105	0.191520
106	0.171923
107	0.117215
108	0.170818
109	0.191321
110	0.152538
111	0.190448
112	0.137162
113	0.152639
114	0.105641
115	0.102570
116	0.158350
117	0.173199
118	0.150290
119	0.173468
120	0.141727
121	0.194399
122	0.103709
123	0.103862
124	0.151067
125	0.129380
126	0.102121
127	0.143233
128	0.199402
129	0.107856
130	0.129249
131	0.163100
132	0.175774
133	0.199195
134	0.168404
135	0.133332
136	0.107037
137	0.134942
138	0.143693
139	0.103963
140	0.121300
141	0.189216
142	0.175713
143	0.171369
144	0.192540
145	0.134934
146	0.188378
147	0.112725
148	0.181293
149	0.119930
150	0.139469
151	0.198327
152	0.196842
153	0.124349
154	0.190158
155	0.190098
156	0.117034
157	0.154631
158	0.105346
159	0.149963
160	0.110322
161	0.162805
162	0.163506
163	0.133930
164	0.138809
165	0.189277
166	0.115741
167	0.146454
168	0.126320
169	0.158632
170	0.141103
171	0.144004
172	0.191709
173	0.114811
174	0.108102
175	0.134052
176	0.150998
177	0.183687
178	0.198674
179	0.131012
180	0.194432
181	0.143798
182	0.163013
183	0.167045
184	0.143156
185	0.130151
186	0.124566
187	0.155764
188	0.127200
189	0.103892
190	0.139226
191	0.166118
192	0.137538
193	0.125647
194	0.141869
195	0.170230
196	0.186152
197	0.192849
198	0.163569
199	0.165893
200	0.117990
201	0.168909
202	0.138701
203	0.156983
204	0.145071
205	0.198740
206	0.137115
207	0.134877
208	0.123530
209	0.111096
210	0.123643
211	0.120720
212	0.109713
213	0.170306
214	0.117883
215	0.120758
216	0.103018
217	0.123284
218	0.188435
219	0.119392
220	0.150124
221	0.196842
222	0.130405
223	0.109665
224	0.141182
225	0.137258
226	0.173602
227	0.113711
228	0.184519
229	0.136472
230	0.148048
231	0.193008
232	0.108251
233	0.123659
234	0.102211
235	0.173904
236	0.193317
237	0.127592
238	0.135307
239	0.149900
240	0.148499
241	0.199838
242	0.164030
243	0.167970
244	0.101771
245	0.161129
246	0.183560
247	0.165340
248	0.196428
249	0.137770
250	0.142844
251	0.162942
252	0.192963
253	0.121390
254	0.189595
255	0.180995
256	0.180640
257	0.160901
258	0.114572
259	0.197667
260	0.188885
261	0.151708
262	0.127501
263	0.116333
264	0.193274
265	0.199031
266	0.170047
267	0.122902
268	0.176024
269	0.167094
270	0.114811
271	0.179051
272	0.121637
273	0.118421
274	0.155799
275	0.175424
276	0.141336
277	0.141202
278	0.109969
279	0.183255
280	0.101670
281	0.125039
282	0.160666
283	0.145805
284	0.148363
285	0.164459
286	0.168748
287	0.124277
288	0.110831
289	0.115193
290	0.131283
291	0.178587
292	0.124995
293	0.189430
294	0.163853
295	0.142981
296	0.171642
297	0.151685
298	0.144591
299	0.184344
300	0.165138
301	0.160704
302	0.158629
303	0.158095
304	0.130272
305	0.197828
306	0.103621
307	0.112595
308	0.179627
309	0.175320
310	0.147420
311	0.194726
312	0.173439
313	0.122915
314	0.162154
315	0.177924
316	0.175985
317	0.158862
318	0.128439
319	0.178549
320	0.104228
321	0.172432
322	0.144505
323	0.155943
324	0.115416
325	0.169868
326	0.155690
327	0.190573
328	0.132310
329	0.142365
330	0.191755
331	0.119355
332	0.172894
333	0.120863
334	0.118060
335	0.178558
336	0.159956
337	0.110589
338	0.199269
339	0.114812
340	0.103245
341	0.112557
342	0.111666
343	0.128249
344	0.132029
345	0.191235
346	0.106832
347	0.172376
348	0.159109
349	0.197837
350	0.162197
351	0.100927
352	0.104475
353	0.179098
354	0.153814
355	0.140100
356	0.185760
357	0.158835
358	0.197829
359	0.156865
360	0.185454
361	0.180621
362	0.134474
363	0.169830
364	0.134917
365	0.169084
366	0.133024
367	0.148268
368	0.107440
369	0.164198
370	0.129626
371	0.148983
372	0.135665
373	0.113982
374	0.145461
375	0.181406
376	0.191570
377	0.147870
378	0.147336
379	0.160716
380	0.165373
381	0.116644
382	0.109941
383	0.125009
384	0.198509
385	0.181430
386	0.171698
387	0.115156
388	0.174159
389	0.110601
390	0.161076
391	0.121337
392	0.187351
393	0.129566
394	0.132879
395	0.147750
396	0.194494
397	0.111456
398	0.108550
399	0.167109
400	0.188188
401	0.156802
402	0.133491
403	0.167984
404	0.149938
405	0.172986
406	0.139969
407	0.141449
408	0.100550
409	0.143781
410	0.126899
411	0.148594
412	0.145665
413	0.142711
414	0.157456
415	0.118876
416	0.166814
417	0.197750
418	0.133453
419	0.183789
420	0.143923
421	0.110834
422	0.111311
423	0.160144
424	0.117441
425	0.161265
426	0.188714
427	0.118158
428	0.186711
429	0.185504
430	0.130572
431	0.142885
432	0.148454
433	0.189998
434	0.108611
435	0.145735
436	0.197256
437	0.163305
438	0.146366
439	0.155805
440	0.140145
441	0.156808
442	0.174975
443	0.167344
444	0.100225
445	0.191226
446	0.168040
447	0.189119
448	0.118376
449	0.171813
450	0.164306
451	0.130850
452	0.162795
453	0.132469
454	0.115235
455	0.100705
456	0.122337
457	0.164139
458	0.196523
459	0.103499
460	0.109215
461	0.181320
462	0.181627
463	0.182725
464	0.137252
465	0.124911
466	0.173417
467	0.128179
468	0.137816
469	0.138066
470	0.112813
471	0.174197
472	0.198631
473	0.158419
474	0.115227
475	0.147883
476	0.152349
477	0.159858
478	0.125622
479	0.108797
480	0.165719
481	0.171104
482	0.106113
483	0.131993
484	0.136301
485	0.113790
486	0.152901
487	0.178761
488	0.145938
489	0.166686
490	0.112113
491	0.143227
492	0.173497
493	0.191285
494	0.145976
495	0.135120
496	0.105850
497	0.134328
498	0.192816
499	0.124307
500	0.133686
;

param: b :=
1	90.604562
2	51.732322
3	23.578556
4	40.224181
5	22.395882
6	33.229010
7	24.614392
8	66.350275
9	99.739323
10	21.566224
11	33.050854
12	0.963534
13	44.318584
14	90.613794
15	79.688875
16	69.954229
17	77.022533
18	6.288547
19	11.419239
20	19.117011
21	30.489220
22	87.073900
23	70.013253
24	20.620159
25	93.832058
26	30.062660
27	64.332052
28	14.903732
29	5.617881
30	34.301772
31	35.714687
32	56.419432
33	50.779439
34	62.052645
35	53.673373
36	97.760246
37	26.471854
38	18.956916
39	92.997257
40	29.968599
41	68.938998
42	64.400739
43	70.807858
44	80.632248
45	69.470965
46	99.178512
47	25.835985
48	64.703358
49	38.963278
50	91.618191
51	32.644242
52	37.600024
53	75.889912
54	43.245041
55	9.403807
56	47.278050
57	71.285331
58	79.181637
59	21.295549
60	94.083259
61	16.449757
62	68.051829
63	55.612679
64	66.840657
65	74.531251
66	84.643793
67	87.303853
68	18.438434
69	22.239744
70	76.986913
71	22.378612
72	31.859773
73	84.460202
74	98.654218
75	89.270434
76	24.186733
77	43.234736
78	72.697237
79	24.002117
80	78.016147
81	78.808607
82	61.116168
83	46.902906
84	87.525244
85	79.833758
86	42.093905
87	48.084965
88	87.551995
89	36.252239
90	91.135038
91	79.635967
92	10.338796
93	48.436392
94	39.761207
95	23.185121
96	95.242145
97	43.292412
98	65.332951
99	22.329943
100	57.650965
101	22.261797
102	24.775784
103	61.111534
104	81.112562
105	91.586044
106	19.228681
107	15.755043
108	39.001213
109	79.445630
110	80.098139
111	49.239783
112	75.466761
113	87.399353
114	3.595077
115	65.646137
116	67.796844
117	48.479940
118	72.152018
119	97.691158
120	40.841199
121	95.289887
122	92.530660
123	79.901376
124	28.909414
125	52.025374
126	0.843354
127	30.582736
128	27.754470
129	81.609962
130	57.965680
131	45.672406
132	36.874618
133	47.074332
134	87.450147
135	33.554160
136	76.939607
137	59.275706
138	99.264476
139	48.519621
140	76.008108
141	53.506625
142	43.059948
143	9.074072
144	53.966045
145	27.406647
146	6.414249
147	1.611729
148	23.697928
149	30.797429
150	10.981154
151	6.231869
152	38.515644
153	20.585590
154	85.737616
155	90.783440
156	36.470967
157	10.398337
158	13.305186
159	27.456027
160	92.645163
161	92.688458
162	55.803654
163	38.342755
164	53.276970
165	87.823705
166	41.350795
167	96.184792
168	64.242429
169	86.412396
170	75.714366
171	98.490239
172	43.584005
173	21.118657
174	77.760575
175	57.492278
176	61.451222
177	82.621652
178	76.794362
179	84.354319
180	12.263064
181	14.580943
182	11.451040
183	16.811924
184	34.873837
185	28.216940
186	97.160456
187	81.919272
188	87.391984
189	90.626464
190	79.738758
191	48.068577
192	79.455699
193	37.942431
194	45.118325
195	99.584231
196	46.785676
197	13.970624
198	35.547512
199	37.173271
200	7.257875
201	37.933951
202	14.387457
203	47.456824
204	33.323875
205	59.279645
206	72.398816
207	6.233080
208	76.111825
209	72.791314
210	32.377802
211	3.396570
212	39.857989
213	76.516441
214	71.872327
215	77.834512
216	22.576626
217	99.608729
218	18.041017
219	88.945540
220	20.690540
221	60.921102
222	60.332322
223	51.207808
224	28.729513
225	2.784236
226	23.579326
227	79.604527
228	9.380122
229	76.615476
230	16.483052
231	62.882120
232	2.924695
233	48.244392
234	32.841085
235	35.932818
236	10.463685
237	31.964848
238	38.502341
239	18.882739
240	17.402273
241	59.002713
242	69.562115
243	19.339613
244	2.248178
245	15.882156
246	30.907790
247	83.443924
248	82.166340
249	96.280795
250	80.024279
251	92.066649
252	62.856481
253	6.778747
254	92.826967
255	56.616189
256	17.092749
257	9.051158
258	15.752894
259	41.345062
260	17.168659
261	76.961381
262	49.765995
263	3.295693
264	71.002760
265	42.145276
266	51.886718
267	52.326593
268	43.034361
269	60.659705
270	65.295098
271	55.679571
272	81.401528
273	31.426888
274	19.259676
275	94.112644
276	78.959316
277	8.479791
278	14.758436
279	98.957098
280	73.401189
281	67.088961
282	90.620655
283	33.296380
284	47.062143
285	32.854217
286	20.839189
287	55.238764
288	79.474543
289	66.833471
290	92.086055
291	36.917286
292	73.891058
293	73.129081
294	79.853730
295	74.190912
296	79.128974
297	1.218519
298	51.218865
299	10.945709
300	7.527337
301	79.532082
302	0.061284
303	20.313701
304	91.190269
305	94.868849
306	36.166073
307	24.146779
308	11.939886
309	44.229791
310	29.502895
311	43.003904
312	21.998642
313	32.104480
314	54.791060
315	90.101101
316	26.226631
317	52.730550
318	67.198586
319	1.551059
320	50.291124
321	79.506471
322	33.572601
323	22.202163
324	98.788226
325	87.072288
326	92.908405
327	59.627798
328	90.251934
329	72.792781
330	2.089258
331	44.783013
332	54.021290
333	88.967606
334	27.171093
335	11.213551
336	46.106936
337	21.242201
338	81.168062
339	46.503910
340	33.717429
341	6.768654
342	89.327182
343	22.230119
344	93.322881
345	20.435693
346	63.009558
347	87.924528
348	97.821143
349	94.586097
350	42.322502
351	65.103172
352	73.226527
353	46.660714
354	36.196397
355	58.273305
356	33.989311
357	68.649693
358	31.692081
359	64.804896
360	47.197747
361	56.190624
362	63.500381
363	4.198071
364	40.620645
365	0.052572
366	7.175594
367	91.734047
368	48.650032
369	39.243332
370	98.988325
371	61.818219
372	73.139691
373	24.567102
374	0.879424
375	42.634708
376	9.243308
377	63.208867
378	25.763721
379	52.033513
380	82.163652
381	34.171892
382	17.750464
383	63.505347
384	36.140241
385	35.689651
386	73.432769
387	34.694238
388	28.331144
389	22.200853
390	4.295790
391	21.874234
392	19.260247
393	57.062684
394	64.095613
395	22.104404
396	16.297711
397	62.976675
398	13.765656
399	41.482760
400	71.992432
401	39.723119
402	34.783308
403	77.133093
404	55.149945
405	46.847339
406	73.909500
407	92.285116
408	80.540384
409	79.777369
410	33.118543
411	17.197779
412	97.112785
413	45.067859
414	48.866223
415	68.595148
416	69.124892
417	96.935565
418	3.118794
419	52.992433
420	66.125925
421	35.455799
422	18.084629
423	93.954624
424	24.131838
425	52.421992
426	56.992295
427	49.722829
428	89.004029
429	93.661406
430	66.306560
431	46.363550
432	19.005879
433	93.829452
434	85.737113
435	13.193117
436	55.470054
437	48.612828
438	99.120995
439	52.789661
440	72.033740
441	46.406944
442	66.980031
443	66.644913
444	0.642821
445	53.939791
446	99.992299
447	62.401583
448	77.009643
449	12.496081
450	93.358314
451	71.965111
452	15.114294
453	41.310600
454	97.915951
455	86.154204
456	12.005374
457	20.602758
458	72.367561
459	60.796455
460	1.843550
461	30.275336
462	59.220167
463	18.412021
464	43.957214
465	23.542539
466	99.995943
467	92.989300
468	12.144138
469	10.520488
470	44.893584
471	38.075788
472	80.695779
473	38.804059
474	56.077095
475	42.385935
476	45.524644
477	28.457905
478	46.968134
479	12.892940
480	9.379383
481	95.067429
482	17.845965
483	60.891276
484	54.380190
485	61.530338
486	75.906442
487	11.235739
488	40.959688
489	51.234370
490	3.551544
491	82.100287
492	17.875355
493	17.320315
494	55.381665
495	7.241087
496	50.117674
497	83.450405
498	25.639797
499	52.295459
500	39.526358
;

param: c :=
1	58.833390
2	65.865916
3	59.619178
4	58.447663
5	93.772218
6	30.587543
7	63.772294
8	23.832816
9	52.171222
10	73.550513
11	40.038273
12	57.582287
13	27.345817
14	51.909432
15	52.310515
16	17.284025
17	98.733655
18	89.593458
19	12.518533
20	96.555345
21	22.085012
22	33.116769
23	23.283792
24	51.266487
25	12.708618
26	32.619769
27	10.539003
28	52.843005
29	20.003823
30	23.771266
31	29.641005
32	97.762317
33	35.956999
34	62.784090
35	74.488837
36	10.363201
37	49.723184
38	20.660549
39	45.499888
40	43.401004
41	38.211081
42	99.477727
43	92.283802
44	65.577928
45	88.814663
46	27.682060
47	24.281847
48	76.997521
49	60.146927
50	82.804934
51	38.274624
52	37.621018
53	77.000035
54	91.024118
55	7.685373
56	36.115269
57	52.268158
58	76.322357
59	18.741692
60	81.786304
61	70.081403
62	4.237920
63	32.000152
64	77.987868
65	16.467888
66	73.100952
67	37.180120
68	13.549453
69	24.744864
70	65.210394
71	98.563007
72	46.603746
73	55.959081
74	6.758588
75	19.271871
76	72.521774
77	48.104309
78	51.945132
79	7.839091
80	27.170563
81	82.292740
82	3.630977
83	87.202907
84	14.716680
85	68.195368
86	34.409347
87	23.820346
88	52.675694
89	84.804276
90	1.238464
91	30.202193
92	67.664533
93	82.306038
94	45.712780
95	82.909012
96	98.166931
97	16.418511
98	67.258292
99	34.774081
100	98.587767
101	7.377343
102	85.922369
103	65.928893
104	5.182043
105	13.096176
106	33.022411
107	80.138124
108	68.684378
109	12.688914
110	99.681615
111	61.790863
112	94.762278
113	61.732307
114	50.992543
115	39.781424
116	2.994027
117	74.756677
118	27.490726
119	29.736092
120	34.062965
121	80.812616
122	78.345569
123	99.042692
124	87.043103
125	71.653125
126	28.066872
127	88.853206
128	57.293579
129	14.358377
130	89.138515
131	88.548438
132	5.631693
133	3.641331
134	98.874768
135	46.807608
136	98.418864
137	38.904578
138	30.903931
139	50.179790
140	24.017985
141	35.260097
142	78.136378
143	98.510878
144	31.828914
145	51.810275
146	11.018613
147	80.095730
148	80.694915
149	6.904145
150	95.036602
151	61.831923
152	97.760279
153	52.523471
154	92.268166
155	75.963923
156	20.205559
157	14.000333
158	99.051512
159	41.751817
160	17.638758
161	54.281957
162	26.161809
163	78.273071
164	68.110698
165	83.839639
166	82.955594
167	36.629472
168	90.757620
169	86.297104
170	87.619972
171	1.398522
172	70.869775
173	73.148336
174	86.097153
175	16.655093
176	70.112070
177	69.154775
178	54.048880
179	72.577565
180	13.555155
181	68.615264
182	96.380770
183	32.690759
184	78.691695
185	88.771685
186	44.640765
187	92.270840
188	53.823257
189	37.328946
190	61.700382
191	5.160213
192	47.957201
193	99.496391
194	49.713430
195	59.325947
196	15.906113
197	12.772228
198	48.315757
199	55.668622
200	0.209534
201	2.533971
202	92.279025
203	76.210955
204	81.013934
205	82.023320
206	31.926786
207	78.036265
208	48.855502
209	78.176088
210	75.870092
211	85.044216
212	30.204133
213	83.415133
214	90.038764
215	60.472279
216	97.519103
217	30.629641
218	42.210178
219	36.197371
220	9.160581
221	65.263731
222	82.431843
223	38.829639
224	77.576714
225	36.314146
226	26.282140
227	24.663503
228	97.250676
229	88.512064
230	45.639544
231	2.659294
232	59.916462
233	65.292203
234	36.599604
235	76.407124
236	27.717095
237	98.970280
238	64.211838
239	21.279766
240	0.046189
241	52.796323
242	31.882322
243	40.483662
244	88.093401
245	16.354794
246	48.476145
247	75.009355
248	29.250999
249	93.253414
250	65.469735
251	61.889078
252	5.382979
253	29.906492
254	7.081061
255	17.418076
256	14.893942
257	40.097272
258	51.204223
259	63.970738
260	30.571006
261	92.631223
262	68.302404
263	4.926522
264	41.838530
265	32.303263
266	86.887218
267	24.814618
268	71.218950
269	88.724883
270	88.092764
271	51.918859
272	70.567547
273	34.346427
274	89.994724
275	24.246060
276	31.428577
277	91.287936
278	1.235546
279	54.709960
280	61.452177
281	94.532165
282	10.197075
283	28.529273
284	41.175835
285	26.555555
286	23.857214
287	79.593197
288	95.144010
289	4.865144
290	50.988992
291	74.539109
292	76.925341
293	59.330055
294	71.412523
295	67.715231
296	9.999732
297	88.504638
298	80.252581
299	73.200292
300	59.822213
301	40.715670
302	6.507487
303	23.910875
304	97.756298
305	23.652110
306	46.070113
307	52.248950
308	52.627268
309	0.882664
310	82.019539
311	34.896722
312	50.197778
313	9.588226
314	97.354906
315	85.155802
316	18.834494
317	14.406929
318	93.107241
319	18.812676
320	31.505716
321	55.173703
322	84.539636
323	44.307760
324	83.159837
325	78.975698
326	25.500327
327	73.997477
328	50.787928
329	75.793892
330	41.930599
331	97.685146
332	26.372126
333	0.845158
334	24.966171
335	16.813992
336	99.975709
337	65.804930
338	73.594425
339	68.530344
340	68.535613
341	13.779393
342	7.227384
343	12.456346
344	11.671894
345	65.467569
346	69.810066
347	97.988966
348	6.622528
349	31.692814
350	81.963208
351	68.382103
352	87.877707
353	36.518758
354	30.637157
355	97.119291
356	10.888827
357	72.961022
358	8.270656
359	52.637600
360	78.088277
361	65.907683
362	61.972601
363	99.872900
364	63.107492
365	91.132418
366	40.633963
367	79.456989
368	32.975190
369	98.210937
370	22.655451
371	42.228582
372	90.715792
373	75.986313
374	87.393158
375	9.535636
376	5.694330
377	63.795367
378	76.463950
379	26.629584
380	46.352083
381	3.234672
382	23.032161
383	95.185224
384	79.367992
385	26.225111
386	54.555832
387	60.370530
388	78.624725
389	7.471497
390	47.145769
391	14.958876
392	3.367062
393	72.004337
394	3.784295
395	83.488010
396	32.186500
397	78.615705
398	29.799399
399	12.735228
400	95.514603
401	5.600158
402	11.242772
403	39.399291
404	17.313349
405	8.549764
406	57.953605
407	5.605293
408	67.358194
409	23.350844
410	81.527262
411	59.703723
412	76.828401
413	24.881258
414	72.657759
415	40.436719
416	84.893791
417	30.534557
418	51.192381
419	51.805154
420	50.174524
421	59.535410
422	46.807046
423	63.361493
424	54.527316
425	87.406129
426	27.217698
427	9.028383
428	19.078052
429	79.163101
430	8.471623
431	87.362022
432	16.425610
433	7.617664
434	60.526852
435	12.916100
436	28.365150
437	86.932543
438	97.910156
439	68.621940
440	37.553350
441	12.915995
442	26.775428
443	21.320369
444	16.433110
445	16.223951
446	89.396185
447	47.070858
448	99.105760
449	46.994291
450	67.415866
451	45.432907
452	31.804947
453	83.109416
454	20.355301
455	55.563693
456	72.646187
457	64.710000
458	82.791158
459	65.869698
460	38.252125
461	2.338658
462	89.979679
463	69.575527
464	0.351791
465	33.081264
466	11.994494
467	59.841936
468	89.092897
469	84.828877
470	1.912269
471	88.479672
472	28.852317
473	85.354643
474	81.465803
475	94.393503
476	94.920713
477	96.765331
478	16.432026
479	96.397303
480	87.230889
481	56.085588
482	73.303610
483	0.564697
484	56.196928
485	21.747153
486	65.061731
487	18.158642
488	94.579111
489	2.884394
490	34.373043
491	17.814851
492	68.194204
493	69.242928
494	93.126974
495	25.857252
496	78.043232
497	0.528077
498	66.300168
499	81.519043
500	17.121182
;

param: d :=
1	-52.513898
2	-37.757610
3	-66.412992
4	-3.923834
5	-8.697576
6	-98.232108
7	-58.759428
8	-38.042602
9	-83.971074
10	-4.271427
11	-88.392608
12	-38.088598
13	-5.477688
14	-76.720873
15	-67.326681
16	-40.812640
17	-25.035312
18	-19.330780
19	-80.329300
20	-50.012878
21	-98.562947
22	-64.913162
23	-2.466774
24	-98.492825
25	-68.015030
26	-84.794485
27	-2.899081
28	-93.181689
29	-77.611944
30	-83.751749
31	-62.230737
32	-24.236467
33	-11.648898
34	-45.430891
35	-67.221517
36	-98.588791
37	-24.186847
38	-84.814843
39	-71.757505
40	-43.835663
41	-13.239204
42	-75.364290
43	-36.790592
44	-22.814531
45	-94.201735
46	-86.435974
47	-49.569151
48	-74.522946
49	-64.906728
50	-27.654135
51	-32.562998
52	-36.329856
53	-82.754286
54	-33.405663
55	-59.489887
56	-7.337008
57	-56.806448
58	-71.668318
59	-95.513557
60	-63.913430
61	-41.806229
62	-49.306249
63	-23.870007
64	-52.955157
65	-60.418659
66	-63.204545
67	-96.140047
68	-1.622091
69	-93.735573
70	-98.461036
71	-23.149378
72	-49.318348
73	-95.485771
74	-84.993841
75	-99.364363
76	-17.147997
77	-4.883463
78	-43.331992
79	-23.440558
80	-97.082167
81	-56.525440
82	-49.650625
83	-22.539018
84	-40.766602
85	-54.065340
86	-76.117724
87	-90.275607
88	-93.104434
89	-16.153228
90	-58.459602
91	-86.372917
92	-78.995261
93	-63.503383
94	-73.458743
95	-31.581573
96	-2.139303
97	-21.262441
98	-90.346329
99	-16.214598
100	-61.352353
101	-71.846449
102	-87.423832
103	-60.876576
104	-9.893320
105	-73.706186
106	-29.489497
107	-75.408024
108	-43.259283
109	-42.750249
110	-42.279950
111	-96.455975
112	-29.815280
113	-67.223270
114	-25.674721
115	-84.741163
116	-41.967908
117	-65.010291
118	-54.947447
119	-64.799702
120	-7.280036
121	-65.819817
122	-93.297469
123	-21.380860
124	-21.442617
125	-40.884067
126	-63.816023
127	-75.954034
128	-22.252501
129	-93.100977
130	-83.707435
131	-65.246393
132	-96.159018
133	-11.951783
134	-74.302171
135	-52.309854
136	-3.824776
137	-76.509634
138	-50.675390
139	-92.396143
140	-79.825144
141	-63.976761
142	-25.867855
143	-89.726872
144	-76.555879
145	-14.885839
146	-87.603902
147	-52.015353
148	-40.571121
149	-81.559036
150	-28.702503
151	-49.862469
152	-92.138959
153	-95.554885
154	-29.146646
155	-2.997616
156	-87.928919
157	-83.537242
158	-96.893358
159	-97.513275
160	-97.409781
161	-61.230825
162	-16.288080
163	-52.069393
164	-62.139549
165	-68.971259
166	-66.620461
167	-99.263933
168	-47.517878
169	-63.094574
170	-90.786686
171	-72.156776
172	-25.335454
173	-48.559739
174	-1.140077
175	-79.651395
176	-61.381933
177	-14.914591
178	-30.456470
179	-95.839239
180	-19.470559
181	-39.547055
182	-66.874962
183	-63.799918
184	-2.795485
185	-97.271832
186	-61.878580
187	-75.620984
188	-76.418842
189	-63.416876
190	-82.082026
191	-45.110566
192	-17.821321
193	-82.082062
194	-4.308134
195	-92.440603
196	-52.147125
197	-1.990402
198	-88.473827
199	-34.610733
200	-32.296501
201	-71.765036
202	-45.392561
203	-30.245097
204	-6.613231
205	-45.591253
206	-62.675937
207	-62.589502
208	-84.191362
209	-12.693211
210	-95.343555
211	-97.256540
212	-58.360086
213	-51.657286
214	-33.261321
215	-1.065885
216	-21.111412
217	-91.672111
218	-81.360908
219	-97.192637
220	-59.836926
221	-42.686174
222	-72.075866
223	-59.705445
224	-16.607994
225	-26.544984
226	-17.237019
227	-21.024910
228	-33.049437
229	-24.698776
230	-74.375525
231	-70.677705
232	-65.466966
233	-51.677635
234	-0.538768
235	-37.584076
236	-61.043301
237	-69.748553
238	-4.776123
239	-84.808284
240	-14.901147
241	-23.755039
242	-8.252539
243	-33.059238
244	-34.017357
245	-17.591459
246	-16.393913
247	-81.864026
248	-71.689687
249	-21.746525
250	-69.062126
251	-20.703417
252	-58.560903
253	-3.601024
254	-81.153624
255	-25.751725
256	-53.890632
257	-77.210057
258	-80.044559
259	-72.426717
260	-4.033480
261	-30.873638
262	-57.605172
263	-43.569701
264	-55.521515
265	-36.998741
266	-99.381693
267	-84.466525
268	-55.673322
269	-27.979165
270	-43.350951
271	-88.645773
272	-91.475365
273	-56.764597
274	-72.981669
275	-35.851203
276	-70.571173
277	-6.878981
278	-19.463687
279	-82.398193
280	-8.334953
281	-50.715409
282	-7.905779
283	-62.906623
284	-50.401163
285	-80.831133
286	-69.799767
287	-81.191101
288	-78.971970
289	-56.277236
290	-27.541622
291	-94.856997
292	-51.147653
293	-30.977226
294	-41.002579
295	-52.153569
296	-77.368929
297	-73.776268
298	-78.483868
299	-56.326073
300	-63.449205
301	-71.580795
302	-31.370922
303	-53.400521
304	-89.475022
305	-28.972199
306	-36.557194
307	-46.689460
308	-13.865049
309	-0.769502
310	-54.823605
311	-81.621951
312	-80.490390
313	-24.836403
314	-85.218522
315	-21.193466
316	-41.995390
317	-6.240911
318	-21.363587
319	-11.863085
320	-98.417398
321	-42.412471
322	-36.660204
323	-29.650408
324	-91.476400
325	-11.319291
326	-12.803929
327	-54.253368
328	-83.149881
329	-13.327101
330	-25.085020
331	-1.669065
332	-1.605324
333	-5.139390
334	-31.151587
335	-45.648207
336	-98.113037
337	-91.726287
338	-74.359222
339	-84.343056
340	-71.789247
341	-70.629183
342	-88.358448
343	-5.945770
344	-94.376092
345	-40.235023
346	-24.632297
347	-13.844700
348	-33.663203
349	-89.706980
350	-26.131461
351	-33.605563
352	-25.715194
353	-22.913016
354	-39.563369
355	-28.207334
356	-32.277174
357	-72.782660
358	-14.293122
359	-6.616356
360	-83.909229
361	-22.259237
362	-54.637166
363	-57.208526
364	-56.812314
365	-78.278021
366	-88.887425
367	-85.823976
368	-30.587120
369	-35.928704
370	-7.266160
371	-59.884608
372	-23.701239
373	-6.560855
374	-21.563688
375	-20.383040
376	-85.774107
377	-9.901077
378	-61.948643
379	-63.297471
380	-47.234131
381	-73.819978
382	-84.364994
383	-11.195324
384	-25.026566
385	-91.939941
386	-81.950148
387	-81.609533
388	-2.808456
389	-94.213694
390	-59.556240
391	-52.437523
392	-58.093112
393	-10.063770
394	-88.496678
395	-44.778057
396	-58.360692
397	-73.585400
398	-88.082940
399	-60.886166
400	-8.027326
401	-59.710231
402	-34.322632
403	-53.400053
404	-20.262158
405	-14.278879
406	-64.516643
407	-52.950484
408	-88.206873
409	-16.819900
410	-55.788114
411	-42.855969
412	-96.381499
413	-51.684132
414	-75.185662
415	-57.773645
416	-51.658702
417	-42.546102
418	-89.718142
419	-91.330219
420	-83.419711
421	-48.729407
422	-3.795551
423	-9.321620
424	-31.366531
425	-86.930235
426	-61.111045
427	-22.306629
428	-66.482418
429	-51.134528
430	-14.901061
431	-69.708552
432	-24.328508
433	-0.973424
434	-72.310862
435	-75.101569
436	-94.272491
437	-49.332799
438	-37.208532
439	-36.577346
440	-99.328385
441	-30.275855
442	-96.660266
443	-45.723037
444	-1.865199
445	-40.152463
446	-94.406462
447	-97.964942
448	-54.848340
449	-6.866331
450	-19.260486
451	-52.925894
452	-47.808463
453	-20.460281
454	-85.659096
455	-52.301031
456	-10.247397
457	-90.427791
458	-71.672406
459	-13.391594
460	-70.429343
461	-63.116570
462	-45.727281
463	-52.565433
464	-79.956451
465	-9.219413
466	-88.330437
467	-69.482394
468	-72.204080
469	-92.358806
470	-86.835101
471	-92.721659
472	-89.374890
473	-81.739147
474	-95.679731
475	-67.288464
476	-45.739173
477	-51.662482
478	-45.525977
479	-5.847989
480	-52.815230
481	-34.502593
482	-98.966570
483	-71.241516
484	-47.267030
485	-89.812526
486	-59.868165
487	-65.153029
488	-80.758783
489	-32.749399
490	-31.689884
491	-35.025592
492	-61.441069
493	-90.555942
494	-59.444816
495	-61.995514
496	-59.776851
497	-47.857402
498	-38.989958
499	-6.449715
500	-73.186697
;

param: weight :=
1	32.995997
2	33.251163
3	85.258591
4	44.841814
5	91.372731
6	73.436054
7	72.379489
8	29.306739
9	33.993068
10	18.465966
11	25.109745
12	3.704111
13	85.703565
14	53.045480
15	95.760623
16	66.025974
17	88.743625
18	68.517950
19	6.882136
20	42.972176
21	63.530914
22	46.798647
23	45.528161
24	2.276485
25	14.367731
26	80.249285
27	66.111414
28	50.490664
29	4.119596
30	36.450858
31	68.022660
32	71.908698
33	48.401555
34	69.182246
35	76.300814
36	14.868412
37	64.598706
38	94.773244
39	81.534876
40	84.692331
41	2.700306
42	66.153829
43	47.154801
44	95.859232
45	97.736326
46	55.789420
47	13.470814
48	89.445678
49	3.150959
50	69.115623
51	39.058081
52	51.652409
53	27.057553
54	69.034874
55	45.052107
56	20.427677
57	39.335110
58	43.423263
59	39.155850
60	61.070821
61	57.390271
62	61.107673
63	98.818169
64	95.220616
65	79.227516
66	21.523059
67	46.042648
68	69.440863
69	98.386040
70	24.791439
71	62.340353
72	68.968676
73	88.436953
74	97.061805
75	95.579512
76	26.468439
77	20.884505
78	24.145101
79	29.231182
80	93.092084
81	79.649801
82	44.528489
83	42.599248
84	44.751319
85	56.829267
86	45.561621
87	91.643930
88	38.522357
89	14.576089
90	50.864751
91	26.314921
92	34.878862
93	58.579177
94	47.190205
95	7.961574
96	37.414718
97	57.350301
98	86.474313
99	59.238295
100	84.350300
101	90.773421
102	23.410116
103	40.450602
104	90.858571
105	75.617732
106	58.297564
107	44.469508
108	52.061607
109	19.383362
110	70.502771
111	75.778261
112	46.517492
113	12.871416
114	60.732436
115	23.666929
116	26.261725
117	52.503725
118	42.913371
119	31.163209
120	16.014814
121	11.443237
122	51.057124
123	15.742174
124	74.222347
125	87.353416
126	93.627685
127	65.115290
128	35.112431
129	60.626810
130	37.157833
131	5.740455
132	73.328009
133	71.409095
134	65.545670
135	41.048652
136	93.299850
137	94.089019
138	4.074403
139	37.202159
140	2.688878
141	2.184803
142	39.842820
143	33.238794
144	4.257748
145	35.660400
146	27.323214
147	38.258618
148	97.851772
149	41.659851
150	35.081023
151	91.432570
152	51.402625
153	68.884535
154	45.714829
155	10.132160
156	8.690780
157	60.930509
158	21.954564
159	32.582131
160	63.863532
161	89.793933
162	68.195987
163	55.257457
164	56.819776
165	90.407326
166	44.501604
167	35.604427
168	48.474806
169	34.999572
170	14.439069
171	30.223790
172	77.193909
173	22.636177
174	30.940270
175	94.453727
176	70.957891
177	11.360226
178	51.944319
179	36.436634
180	12.011757
181	35.580253
182	50.568416
183	2.878360
184	5.373193
185	33.053924
186	77.912998
187	42.948495
188	21.311851
189	27.558280
190	77.173840
191	51.288777
192	18.401348
193	62.698232
194	69.012488
195	36.805681
196	65.056614
197	69.171457
198	18.548929
199	55.540297
200	3.920243
201	46.038415
202	62.617929
203	46.011758
204	45.401548
205	25.422222
206	40.701291
207	35.123364
208	31.412071
209	43.120754
210	26.506925
211	58.227265
212	77.410232
213	14.787670
214	87.804156
215	65.489888
216	27.960740
217	3.328667
218	60.084121
219	37.915371
220	87.554927
221	60.256665
222	39.828701
223	59.940340
224	47.894919
225	6.535684
226	64.104977
227	37.549170
228	37.931214
229	17.740930
230	99.876307
231	36.973764
232	85.830799
233	27.947287
234	99.793731
235	12.121702
236	36.727279
237	61.674272
238	73.305020
239	67.533053
240	17.694870
241	22.204450
242	9.433625
243	50.095149
244	97.497334
245	31.763134
246	16.846576
247	60.091995
248	74.174663
249	63.589342
250	46.546853
251	74.730438
252	46.997943
253	25.665574
254	21.925908
255	35.520966
256	48.550317
257	88.464264
258	57.620071
259	38.366598
260	36.654884
261	51.697559
262	95.916610
263	26.824780
264	91.048619
265	70.021373
266	48.374705
267	22.238425
268	85.574898
269	17.919104
270	10.675847
271	19.494021
272	82.199636
273	47.490759
274	63.950491
275	66.472144
276	36.252282
277	20.635678
278	24.050241
279	42.770576
280	1.415325
281	31.925381
282	20.848987
283	27.153225
284	28.322472
285	50.951464
286	13.379194
287	5.478122
288	71.853076
289	4.887580
290	42.268043
291	56.525291
292	5.050378
293	92.018600
294	1.872943
295	18.734540
296	52.071479
297	7.297907
298	1.070499
299	80.168798
300	66.859510
301	28.104728
302	23.465432
303	47.072058
304	13.579337
305	39.157348
306	72.989700
307	53.040324
308	80.763274
309	90.920977
310	40.627594
311	14.891388
312	85.587033
313	85.560870
314	41.516751
315	89.438283
316	71.688996
317	71.397513
318	86.841114
319	76.947510
320	65.421876
321	58.729875
322	91.661439
323	16.801639
324	77.650392
325	75.457111
326	94.546096
327	18.043174
328	54.055812
329	43.710949
330	11.506730
331	34.129085
332	41.805187
333	35.367095
334	44.580999
335	97.907586
336	21.811697
337	20.377405
338	79.767111
339	41.950875
340	3.540183
341	61.509243
342	91.302004
343	31.198793
344	19.774022
345	36.731711
346	91.308108
347	18.122392
348	10.368068
349	88.753924
350	48.466946
351	25.619467
352	49.108288
353	33.487854
354	3.507862
355	68.880661
356	8.779272
357	35.693688
358	6.917118
359	42.472961
360	8.558035
361	28.703457
362	31.910975
363	32.101257
364	27.064247
365	93.501853
366	24.033701
367	69.780061
368	94.072737
369	82.214458
370	42.754251
371	83.704796
372	84.409744
373	39.355695
374	70.589381
375	7.638944
376	2.957377
377	4.291017
378	3.041857
379	46.017932
380	60.993964
381	14.650964
382	32.656594
383	54.068228
384	74.449681
385	72.668259
386	26.936652
387	61.265518
388	44.526489
389	11.895473
390	79.476532
391	30.634950
392	37.936998
393	75.698620
394	61.674285
395	28.611803
396	57.174056
397	11.433761
398	56.115819
399	32.104800
400	83.660796
401	94.995611
402	76.658390
403	4.512216
404	67.396335
405	86.101561
406	66.223352
407	33.249137
408	46.755574
409	27.113544
410	13.727821
411	3.889712
412	33.270180
413	92.196202
414	61.052756
415	52.257495
416	14.203410
417	54.538800
418	7.669922
419	2.295218
420	91.030860
421	77.905333
422	66.761668
423	51.894437
424	35.069559
425	61.480855
426	73.836858
427	1.983488
428	85.356393
429	84.496388
430	35.590629
431	59.838982
432	58.315886
433	71.807595
434	20.062148
435	62.438003
436	41.163303
437	79.115234
438	75.044562
439	52.298075
440	99.725649
441	71.592321
442	72.980465
443	18.138993
444	63.799946
445	18.188821
446	1.657275
447	32.804471
448	80.545883
449	67.105314
450	91.578184
451	32.494521
452	21.500754
453	43.912202
454	43.636936
455	79.494994
456	92.817439
457	68.000095
458	25.313507
459	40.932812
460	17.022609
461	78.194562
462	49.483042
463	28.704388
464	72.561960
465	11.049435
466	30.270934
467	30.574003
468	66.752688
469	58.375504
470	65.287762
471	29.567811
472	92.441689
473	69.628448
474	84.034285
475	50.526858
476	59.102648
477	36.378884
478	58.017312
479	31.842256
480	14.562656
481	28.501176
482	72.385725
483	10.136506
484	9.765670
485	56.125525
486	23.860300
487	76.965814
488	42.573187
489	80.192925
490	56.721669
491	92.364884
492	58.427117
493	52.645613
494	74.876654
495	74.746771
496	19.243512
497	48.940565
498	64.556741
499	62.122121
500	80.280727
;

param: U :=
1	100.000000
2	100.000000
3	100.000000
4	100.000000
5	100.000000
6	100.000000
7	100.000000
8	100.000000
9	100.000000
10	100.000000
11	100.000000
12	100.000000
13	100.000000
14	100.000000
15	100.000000
16	100.000000
17	100.000000
18	100.000000
19	100.000000
20	100.000000
21	100.000000
22	100.000000
23	100.000000
24	100.000000
25	100.000000
26	100.000000
27	100.000000
28	100.000000
29	100.000000
30	100.000000
31	100.000000
32	100.000000
33	100.000000
34	100.000000
35	100.000000
36	100.000000
37	100.000000
38	100.000000
39	100.000000
40	100.000000
41	100.000000
42	100.000000
43	100.000000
44	100.000000
45	100.000000
46	100.000000
47	100.000000
48	100.000000
49	100.000000
50	100.000000
51	100.000000
52	100.000000
53	100.000000
54	100.000000
55	100.000000
56	100.000000
57	100.000000
58	100.000000
59	100.000000
60	100.000000
61	100.000000
62	100.000000
63	100.000000
64	100.000000
65	100.000000
66	100.000000
67	100.000000
68	100.000000
69	100.000000
70	100.000000
71	100.000000
72	100.000000
73	100.000000
74	100.000000
75	100.000000
76	100.000000
77	100.000000
78	100.000000
79	100.000000
80	100.000000
81	100.000000
82	100.000000
83	100.000000
84	100.000000
85	100.000000
86	100.000000
87	100.000000
88	100.000000
89	100.000000
90	100.000000
91	100.000000
92	100.000000
93	100.000000
94	100.000000
95	100.000000
96	100.000000
97	100.000000
98	100.000000
99	100.000000
100	100.000000
101	100.000000
102	100.000000
103	100.000000
104	100.000000
105	100.000000
106	100.000000
107	100.000000
108	100.000000
109	100.000000
110	100.000000
111	100.000000
112	100.000000
113	100.000000
114	100.000000
115	100.000000
116	100.000000
117	100.000000
118	100.000000
119	100.000000
120	100.000000
121	100.000000
122	100.000000
123	100.000000
124	100.000000
125	100.000000
126	100.000000
127	100.000000
128	100.000000
129	100.000000
130	100.000000
131	100.000000
132	100.000000
133	100.000000
134	100.000000
135	100.000000
136	100.000000
137	100.000000
138	100.000000
139	100.000000
140	100.000000
141	100.000000
142	100.000000
143	100.000000
144	100.000000
145	100.000000
146	100.000000
147	100.000000
148	100.000000
149	100.000000
150	100.000000
151	100.000000
152	100.000000
153	100.000000
154	100.000000
155	100.000000
156	100.000000
157	100.000000
158	100.000000
159	100.000000
160	100.000000
161	100.000000
162	100.000000
163	100.000000
164	100.000000
165	100.000000
166	100.000000
167	100.000000
168	100.000000
169	100.000000
170	100.000000
171	100.000000
172	100.000000
173	100.000000
174	100.000000
175	100.000000
176	100.000000
177	100.000000
178	100.000000
179	100.000000
180	100.000000
181	100.000000
182	100.000000
183	100.000000
184	100.000000
185	100.000000
186	100.000000
187	100.000000
188	100.000000
189	100.000000
190	100.000000
191	100.000000
192	100.000000
193	100.000000
194	100.000000
195	100.000000
196	100.000000
197	100.000000
198	100.000000
199	100.000000
200	100.000000
201	100.000000
202	100.000000
203	100.000000
204	100.000000
205	100.000000
206	100.000000
207	100.000000
208	100.000000
209	100.000000
210	100.000000
211	100.000000
212	100.000000
213	100.000000
214	100.000000
215	100.000000
216	100.000000
217	100.000000
218	100.000000
219	100.000000
220	100.000000
221	100.000000
222	100.000000
223	100.000000
224	100.000000
225	100.000000
226	100.000000
227	100.000000
228	100.000000
229	100.000000
230	100.000000
231	100.000000
232	100.000000
233	100.000000
234	100.000000
235	100.000000
236	100.000000
237	100.000000
238	100.000000
239	100.000000
240	100.000000
241	100.000000
242	100.000000
243	100.000000
244	100.000000
245	100.000000
246	100.000000
247	100.000000
248	100.000000
249	100.000000
250	100.000000
251	100.000000
252	100.000000
253	100.000000
254	100.000000
255	100.000000
256	100.000000
257	100.000000
258	100.000000
259	100.000000
260	100.000000
261	100.000000
262	100.000000
263	100.000000
264	100.000000
265	100.000000
266	100.000000
267	100.000000
268	100.000000
269	100.000000
270	100.000000
271	100.000000
272	100.000000
273	100.000000
274	100.000000
275	100.000000
276	100.000000
277	100.000000
278	100.000000
279	100.000000
280	100.000000
281	100.000000
282	100.000000
283	100.000000
284	100.000000
285	100.000000
286	100.000000
287	100.000000
288	100.000000
289	100.000000
290	100.000000
291	100.000000
292	100.000000
293	100.000000
294	100.000000
295	100.000000
296	100.000000
297	100.000000
298	100.000000
299	100.000000
300	100.000000
301	100.000000
302	100.000000
303	100.000000
304	100.000000
305	100.000000
306	100.000000
307	100.000000
308	100.000000
309	100.000000
310	100.000000
311	100.000000
312	100.000000
313	100.000000
314	100.000000
315	100.000000
316	100.000000
317	100.000000
318	100.000000
319	100.000000
320	100.000000
321	100.000000
322	100.000000
323	100.000000
324	100.000000
325	100.000000
326	100.000000
327	100.000000
328	100.000000
329	100.000000
330	100.000000
331	100.000000
332	100.000000
333	100.000000
334	100.000000
335	100.000000
336	100.000000
337	100.000000
338	100.000000
339	100.000000
340	100.000000
341	100.000000
342	100.000000
343	100.000000
344	100.000000
345	100.000000
346	100.000000
347	100.000000
348	100.000000
349	100.000000
350	100.000000
351	100.000000
352	100.000000
353	100.000000
354	100.000000
355	100.000000
356	100.000000
357	100.000000
358	100.000000
359	100.000000
360	100.000000
361	100.000000
362	100.000000
363	100.000000
364	100.000000
365	100.000000
366	100.000000
367	100.000000
368	100.000000
369	100.000000
370	100.000000
371	100.000000
372	100.000000
373	100.000000
374	100.000000
375	100.000000
376	100.000000
377	100.000000
378	100.000000
379	100.000000
380	100.000000
381	100.000000
382	100.000000
383	100.000000
384	100.000000
385	100.000000
386	100.000000
387	100.000000
388	100.000000
389	100.000000
390	100.000000
391	100.000000
392	100.000000
393	100.000000
394	100.000000
395	100.000000
396	100.000000
397	100.000000
398	100.000000
399	100.000000
400	100.000000
401	100.000000
402	100.000000
403	100.000000
404	100.000000
405	100.000000
406	100.000000
407	100.000000
408	100.000000
409	100.000000
410	100.000000
411	100.000000
412	100.000000
413	100.000000
414	100.000000
415	100.000000
416	100.000000
417	100.000000
418	100.000000
419	100.000000
420	100.000000
421	100.000000
422	100.000000
423	100.000000
424	100.000000
425	100.000000
426	100.000000
427	100.000000
428	100.000000
429	100.000000
430	100.000000
431	100.000000
432	100.000000
433	100.000000
434	100.000000
435	100.000000
436	100.000000
437	100.000000
438	100.000000
439	100.000000
440	100.000000
441	100.000000
442	100.000000
443	100.000000
444	100.000000
445	100.000000
446	100.000000
447	100.000000
448	100.000000
449	100.000000
450	100.000000
451	100.000000
452	100.000000
453	100.000000
454	100.000000
455	100.000000
456	100.000000
457	100.000000
458	100.000000
459	100.000000
460	100.000000
461	100.000000
462	100.000000
463	100.000000
464	100.000000
465	100.000000
466	100.000000
467	100.000000
468	100.000000
469	100.000000
470	100.000000
471	100.000000
472	100.000000
473	100.000000
474	100.000000
475	100.000000
476	100.000000
477	100.000000
478	100.000000
479	100.000000
480	100.000000
481	100.000000
482	100.000000
483	100.000000
484	100.000000
485	100.000000
486	100.000000
487	100.000000
488	100.000000
489	100.000000
490	100.000000
491	100.000000
492	100.000000
493	100.000000
494	100.000000
495	100.000000
496	100.000000
497	100.000000
498	100.000000
499	100.000000
500	100.000000
;

