# seed = 1254829604

param N := 1000;

param M := 10;

param Umax := 100.000000;

param: C :=
1	1351937.539326
2	94116.222787
3	337010.564206
4	213475.675352
5	306318.563561
6	263970.151286
7	9878.854576
8	2036.053081
9	3531.359239
10	32736.033792
;

param: a :=
1	0.197474
2	0.193101
3	0.116796
4	0.135388
5	0.105962
6	0.118495
7	0.147754
8	0.120325
9	0.107138
10	0.149715
11	0.142654
12	0.193019
13	0.187940
14	0.160970
15	0.130554
16	0.166819
17	0.136247
18	0.124679
19	0.155050
20	0.132784
21	0.148163
22	0.135069
23	0.172979
24	0.102605
25	0.103093
26	0.105668
27	0.105496
28	0.129198
29	0.171163
30	0.117243
31	0.114445
32	0.156914
33	0.189729
34	0.100396
35	0.195127
36	0.106574
37	0.187731
38	0.144560
39	0.127463
40	0.106919
41	0.188907
42	0.127911
43	0.161784
44	0.181939
45	0.112106
46	0.163782
47	0.188052
48	0.158581
49	0.165864
50	0.121315
51	0.123088
52	0.161034
53	0.151508
54	0.159514
55	0.143455
56	0.156430
57	0.104192
58	0.116055
59	0.119981
60	0.120786
61	0.183744
62	0.161313
63	0.101548
64	0.171063
65	0.187842
66	0.134490
67	0.175113
68	0.196775
69	0.179920
70	0.130104
71	0.191707
72	0.124051
73	0.101156
74	0.144664
75	0.188121
76	0.104873
77	0.163365
78	0.165904
79	0.194443
80	0.125050
81	0.176871
82	0.140453
83	0.177207
84	0.111281
85	0.137050
86	0.155959
87	0.163244
88	0.107099
89	0.180731
90	0.102319
91	0.143440
92	0.193091
93	0.174135
94	0.109134
95	0.182640
96	0.183507
97	0.103683
98	0.154601
99	0.177276
100	0.165278
101	0.190872
102	0.118307
103	0.114125
104	0.126764
105	0.146842
106	0.145924
107	0.163682
108	0.149796
109	0.183724
110	0.168075
111	0.118475
112	0.180790
113	0.169129
114	0.179662
115	0.102017
116	0.125785
117	0.188056
118	0.139847
119	0.154877
120	0.191146
121	0.136791
122	0.115246
123	0.134697
124	0.132227
125	0.168609
126	0.162217
127	0.188432
128	0.138108
129	0.129701
130	0.182218
131	0.176108
132	0.156098
133	0.199304
134	0.185274
135	0.101248
136	0.110174
137	0.140839
138	0.119066
139	0.151595
140	0.147210
141	0.174203
142	0.144943
143	0.145331
144	0.174743
145	0.109290
146	0.139199
147	0.184873
148	0.139640
149	0.100929
150	0.168664
151	0.152770
152	0.169411
153	0.166412
154	0.154476
155	0.150718
156	0.159876
157	0.195050
158	0.128919
159	0.157831
160	0.196168
161	0.141399
162	0.110962
163	0.149174
164	0.103935
165	0.118541
166	0.127077
167	0.175642
168	0.193810
169	0.152517
170	0.157301
171	0.131484
172	0.135548
173	0.175788
174	0.119191
175	0.143315
176	0.199997
177	0.140653
178	0.107398
179	0.132439
180	0.197533
181	0.124052
182	0.143754
183	0.170025
184	0.147867
185	0.179234
186	0.136674
187	0.165895
188	0.178526
189	0.185836
190	0.145759
191	0.161809
192	0.128765
193	0.140557
194	0.114611
195	0.180947
196	0.101851
197	0.110203
198	0.181554
199	0.188074
200	0.136024
201	0.134267
202	0.121791
203	0.105103
204	0.128354
205	0.135825
206	0.158972
207	0.141774
208	0.161334
209	0.146962
210	0.134186
211	0.192154
212	0.153154
213	0.137188
214	0.128376
215	0.118849
216	0.148609
217	0.141630
218	0.134801
219	0.182765
220	0.102106
221	0.173174
222	0.121262
223	0.196044
224	0.117546
225	0.109789
226	0.136938
227	0.175099
228	0.124766
229	0.127406
230	0.177628
231	0.115015
232	0.163228
233	0.158895
234	0.170675
235	0.173383
236	0.198770
237	0.154409
238	0.152243
239	0.119867
240	0.193007
241	0.104734
242	0.102426
243	0.101217
244	0.110845
245	0.118990
246	0.175755
247	0.112164
248	0.192570
249	0.128075
250	0.179105
251	0.161975
252	0.154809
253	0.160352
254	0.160463
255	0.145304
256	0.139077
257	0.192001
258	0.110877
259	0.152493
260	0.154273
261	0.153116
262	0.110199
263	0.139544
264	0.117270
265	0.114924
266	0.169074
267	0.180821
268	0.167217
269	0.182277
270	0.111689
271	0.112331
272	0.135826
273	0.160100
274	0.124498
275	0.101774
276	0.112897
277	0.197991
278	0.147004
279	0.112496
280	0.109303
281	0.162696
282	0.108348
283	0.131427
284	0.149192
285	0.137895
286	0.112251
287	0.173237
288	0.185281
289	0.101097
290	0.157421
291	0.131709
292	0.162652
293	0.103612
294	0.145991
295	0.187846
296	0.102078
297	0.166509
298	0.145248
299	0.189096
300	0.128231
301	0.101404
302	0.136864
303	0.190390
304	0.130439
305	0.107165
306	0.136465
307	0.118768
308	0.185540
309	0.100880
310	0.148125
311	0.173035
312	0.161249
313	0.133455
314	0.193809
315	0.188596
316	0.151004
317	0.162653
318	0.138285
319	0.183789
320	0.163832
321	0.190685
322	0.188940
323	0.110091
324	0.114494
325	0.154441
326	0.156638
327	0.104562
328	0.183090
329	0.110329
330	0.151625
331	0.153200
332	0.103152
333	0.179851
334	0.180201
335	0.101104
336	0.152921
337	0.140786
338	0.150199
339	0.187649
340	0.180238
341	0.113031
342	0.113338
343	0.105130
344	0.177091
345	0.126836
346	0.143978
347	0.167348
348	0.196201
349	0.112024
350	0.121756
351	0.136678
352	0.126412
353	0.146069
354	0.131816
355	0.144335
356	0.107164
357	0.134030
358	0.191855
359	0.193537
360	0.113158
361	0.154827
362	0.165937
363	0.146761
364	0.153890
365	0.148349
366	0.137485
367	0.133575
368	0.176597
369	0.197640
370	0.121063
371	0.149915
372	0.147805
373	0.141935
374	0.116607
375	0.122458
376	0.185558
377	0.118236
378	0.136868
379	0.118759
380	0.137159
381	0.151283
382	0.126673
383	0.181177
384	0.174717
385	0.188694
386	0.119528
387	0.158712
388	0.120809
389	0.195587
390	0.176793
391	0.124189
392	0.117798
393	0.171995
394	0.125004
395	0.198613
396	0.130272
397	0.114012
398	0.159624
399	0.125453
400	0.194202
401	0.144709
402	0.178324
403	0.119039
404	0.158953
405	0.153979
406	0.199596
407	0.196794
408	0.136291
409	0.111372
410	0.177233
411	0.166765
412	0.184684
413	0.144812
414	0.169468
415	0.134993
416	0.110152
417	0.140621
418	0.149766
419	0.162765
420	0.143601
421	0.132073
422	0.191157
423	0.122532
424	0.188651
425	0.142686
426	0.194036
427	0.180086
428	0.149673
429	0.164783
430	0.164427
431	0.105366
432	0.166569
433	0.174190
434	0.154951
435	0.181737
436	0.189192
437	0.121717
438	0.114098
439	0.122496
440	0.166366
441	0.110644
442	0.187933
443	0.181872
444	0.128249
445	0.198830
446	0.158305
447	0.125637
448	0.179968
449	0.107251
450	0.136650
451	0.103419
452	0.193050
453	0.153791
454	0.170694
455	0.149551
456	0.105677
457	0.142230
458	0.107041
459	0.163970
460	0.100449
461	0.140265
462	0.159062
463	0.198024
464	0.159936
465	0.190410
466	0.183922
467	0.122447
468	0.162125
469	0.127734
470	0.151402
471	0.153818
472	0.157905
473	0.193630
474	0.156627
475	0.193699
476	0.193205
477	0.153280
478	0.128400
479	0.161872
480	0.162291
481	0.143824
482	0.187095
483	0.180847
484	0.132726
485	0.113713
486	0.140546
487	0.130899
488	0.135893
489	0.132729
490	0.196742
491	0.182575
492	0.145984
493	0.135827
494	0.102447
495	0.195891
496	0.109937
497	0.113644
498	0.170617
499	0.187667
500	0.125794
501	0.180620
502	0.117367
503	0.146868
504	0.136810
505	0.172133
506	0.172787
507	0.180586
508	0.133838
509	0.153970
510	0.197512
511	0.183557
512	0.120178
513	0.174239
514	0.131438
515	0.142669
516	0.191484
517	0.125884
518	0.121794
519	0.109101
520	0.162434
521	0.158921
522	0.118715
523	0.109324
524	0.169956
525	0.151473
526	0.185378
527	0.182584
528	0.190631
529	0.108021
530	0.193247
531	0.172012
532	0.183923
533	0.180147
534	0.140376
535	0.127228
536	0.152055
537	0.103047
538	0.131412
539	0.172845
540	0.189550
541	0.182817
542	0.198389
543	0.112101
544	0.177392
545	0.164674
546	0.112568
547	0.134985
548	0.174450
549	0.108720
550	0.151265
551	0.154452
552	0.118826
553	0.141104
554	0.140697
555	0.155650
556	0.125334
557	0.156636
558	0.117930
559	0.151061
560	0.133713
561	0.188948
562	0.170161
563	0.152212
564	0.168023
565	0.187850
566	0.174612
567	0.178870
568	0.137717
569	0.177435
570	0.185702
571	0.177977
572	0.155672
573	0.191910
574	0.107882
575	0.178221
576	0.106226
577	0.147740
578	0.180970
579	0.143624
580	0.129171
581	0.180369
582	0.124662
583	0.167616
584	0.142490
585	0.182420
586	0.187669
587	0.125353
588	0.176017
589	0.138574
590	0.138427
591	0.152663
592	0.158091
593	0.166543
594	0.145063
595	0.176191
596	0.172560
597	0.124996
598	0.159300
599	0.111933
600	0.119655
601	0.157803
602	0.108099
603	0.148421
604	0.175824
605	0.131417
606	0.155855
607	0.167030
608	0.158389
609	0.188637
610	0.176128
611	0.126160
612	0.107789
613	0.156149
614	0.162067
615	0.125926
616	0.172615
617	0.172040
618	0.189005
619	0.158712
620	0.184713
621	0.100120
622	0.164894
623	0.153075
624	0.160542
625	0.109104
626	0.155035
627	0.136994
628	0.187293
629	0.178012
630	0.133599
631	0.117348
632	0.132082
633	0.110783
634	0.141546
635	0.117344
636	0.144041
637	0.190168
638	0.197889
639	0.164349
640	0.124181
641	0.164399
642	0.188296
643	0.186681
644	0.127494
645	0.161612
646	0.155969
647	0.129583
648	0.141275
649	0.187171
650	0.180617
651	0.148836
652	0.146508
653	0.174476
654	0.103749
655	0.196447
656	0.123356
657	0.132113
658	0.144587
659	0.134676
660	0.190579
661	0.156937
662	0.106627
663	0.107982
664	0.128682
665	0.141276
666	0.120640
667	0.164847
668	0.166577
669	0.119994
670	0.122895
671	0.153604
672	0.101181
673	0.170469
674	0.128168
675	0.186044
676	0.104877
677	0.127517
678	0.136482
679	0.117371
680	0.144831
681	0.102329
682	0.107016
683	0.136032
684	0.169210
685	0.154257
686	0.167236
687	0.120262
688	0.140745
689	0.147853
690	0.127603
691	0.193893
692	0.137697
693	0.129668
694	0.149701
695	0.102770
696	0.154827
697	0.155656
698	0.176918
699	0.127046
700	0.165447
701	0.151876
702	0.168422
703	0.118495
704	0.165943
705	0.163355
706	0.137468
707	0.154558
708	0.131957
709	0.107461
710	0.192317
711	0.153849
712	0.174736
713	0.143340
714	0.136602
715	0.158845
716	0.149853
717	0.170858
718	0.157464
719	0.147187
720	0.165182
721	0.161551
722	0.161395
723	0.158686
724	0.109731
725	0.139067
726	0.165477
727	0.183501
728	0.114856
729	0.199412
730	0.171814
731	0.161051
732	0.135877
733	0.161481
734	0.114683
735	0.126302
736	0.192542
737	0.197865
738	0.135265
739	0.157137
740	0.102216
741	0.109263
742	0.181461
743	0.167530
744	0.120568
745	0.186773
746	0.110103
747	0.129519
748	0.100219
749	0.176595
750	0.173338
751	0.179376
752	0.126669
753	0.179678
754	0.134892
755	0.191299
756	0.157490
757	0.186182
758	0.175357
759	0.119737
760	0.166535
761	0.146654
762	0.138219
763	0.125599
764	0.192463
765	0.117158
766	0.127079
767	0.158149
768	0.104197
769	0.183064
770	0.137292
771	0.111196
772	0.153328
773	0.137220
774	0.147391
775	0.155738
776	0.172973
777	0.135126
778	0.157507
779	0.164563
780	0.169106
781	0.137930
782	0.196211
783	0.160926
784	0.138454
785	0.173372
786	0.125859
787	0.155713
788	0.183777
789	0.155737
790	0.132137
791	0.142474
792	0.117474
793	0.182749
794	0.187023
795	0.169558
796	0.123422
797	0.185054
798	0.155253
799	0.169286
800	0.134053
801	0.125175
802	0.194280
803	0.195855
804	0.191875
805	0.154311
806	0.141605
807	0.146392
808	0.107494
809	0.142097
810	0.107622
811	0.132143
812	0.185833
813	0.145657
814	0.126970
815	0.127644
816	0.135777
817	0.122692
818	0.193024
819	0.188294
820	0.139552
821	0.190915
822	0.176107
823	0.133358
824	0.113263
825	0.105752
826	0.196320
827	0.113005
828	0.126787
829	0.185031
830	0.176283
831	0.192752
832	0.117989
833	0.197080
834	0.124781
835	0.155422
836	0.152118
837	0.157854
838	0.111986
839	0.104973
840	0.154923
841	0.138945
842	0.186174
843	0.199280
844	0.108953
845	0.192361
846	0.172254
847	0.193499
848	0.166777
849	0.120592
850	0.101931
851	0.162655
852	0.181135
853	0.114455
854	0.152007
855	0.192759
856	0.150488
857	0.196052
858	0.177221
859	0.151819
860	0.154250
861	0.159662
862	0.107568
863	0.145689
864	0.122458
865	0.118282
866	0.159490
867	0.193704
868	0.111184
869	0.122229
870	0.116775
871	0.180654
872	0.132555
873	0.165611
874	0.175693
875	0.147867
876	0.142336
877	0.171379
878	0.116651
879	0.109831
880	0.123265
881	0.102556
882	0.162096
883	0.127607
884	0.131960
885	0.133774
886	0.131673
887	0.110072
888	0.185481
889	0.133351
890	0.129269
891	0.161021
892	0.101969
893	0.122029
894	0.177856
895	0.185269
896	0.105753
897	0.163901
898	0.194187
899	0.180409
900	0.146336
901	0.148513
902	0.117100
903	0.151580
904	0.147994
905	0.122143
906	0.180528
907	0.181653
908	0.151545
909	0.168508
910	0.196486
911	0.103646
912	0.113078
913	0.100975
914	0.176460
915	0.138802
916	0.150376
917	0.190644
918	0.142020
919	0.156728
920	0.197654
921	0.133888
922	0.142588
923	0.176066
924	0.126025
925	0.139058
926	0.176307
927	0.197714
928	0.185242
929	0.191814
930	0.144285
931	0.122005
932	0.154091
933	0.144945
934	0.124560
935	0.103595
936	0.173625
937	0.194283
938	0.101962
939	0.116729
940	0.121817
941	0.149384
942	0.102244
943	0.174297
944	0.128510
945	0.120576
946	0.147638
947	0.185331
948	0.138279
949	0.104703
950	0.124694
951	0.117228
952	0.164788
953	0.179242
954	0.178404
955	0.128686
956	0.181177
957	0.120780
958	0.152746
959	0.190751
960	0.163190
961	0.184636
962	0.128293
963	0.184178
964	0.121607
965	0.180697
966	0.147712
967	0.141007
968	0.134359
969	0.178739
970	0.103103
971	0.140791
972	0.189913
973	0.124781
974	0.176826
975	0.164923
976	0.138041
977	0.126195
978	0.169253
979	0.118836
980	0.185494
981	0.189649
982	0.113889
983	0.190411
984	0.163054
985	0.172830
986	0.189269
987	0.122540
988	0.145693
989	0.180466
990	0.113710
991	0.107206
992	0.174549
993	0.133624
994	0.185974
995	0.178301
996	0.194843
997	0.151284
998	0.152010
999	0.111575
1000	0.115466
;

param: b :=
1	22.503582
2	5.019906
3	98.467699
4	23.330043
5	16.624283
6	58.520896
7	99.090814
8	32.011671
9	69.557114
10	18.576501
11	56.425714
12	78.941550
13	38.568008
14	42.199221
15	54.449621
16	99.800449
17	35.104352
18	25.922627
19	89.128607
20	95.669185
21	72.828092
22	79.499403
23	27.530241
24	4.348097
25	32.147491
26	91.181982
27	7.033392
28	37.995423
29	24.890951
30	80.822317
31	6.692327
32	14.778052
33	24.925603
34	25.210395
35	70.772068
36	69.178205
37	29.926529
38	34.711922
39	90.561418
40	8.540862
41	67.893549
42	97.493858
43	45.454338
44	85.814214
45	63.215987
46	98.091583
47	64.473726
48	94.884988
49	9.372981
50	90.704272
51	91.385473
52	64.079233
53	28.987916
54	48.841375
55	78.265254
56	62.832038
57	15.959334
58	54.899939
59	48.212740
60	83.615081
61	55.086779
62	45.976847
63	43.240761
64	51.099937
65	71.380076
66	33.452104
67	5.548714
68	10.708279
69	57.758110
70	5.791034
71	9.952641
72	22.215041
73	78.260679
74	98.101393
75	65.657060
76	11.221867
77	40.483208
78	15.986338
79	23.130580
80	88.674967
81	51.535399
82	93.813568
83	9.994671
84	86.395853
85	56.146190
86	59.495010
87	55.387754
88	43.765657
89	28.181279
90	75.084375
91	57.285784
92	30.900218
93	45.167006
94	55.678593
95	28.006767
96	85.348722
97	62.016354
98	89.708307
99	79.960972
100	51.214325
101	40.162658
102	9.212971
103	88.885076
104	31.595866
105	71.897222
106	28.918703
107	21.015557
108	8.485888
109	72.461940
110	0.292758
111	90.127771
112	81.781529
113	9.664062
114	45.529244
115	19.320017
116	52.665071
117	25.313283
118	35.657675
119	91.663095
120	67.479987
121	1.491801
122	38.904796
123	96.444084
124	60.623017
125	30.057445
126	51.059534
127	31.933430
128	26.073822
129	11.552203
130	32.984796
131	37.796937
132	13.145417
133	29.884928
134	89.438687
135	98.932415
136	14.371676
137	79.233487
138	35.159178
139	67.139920
140	77.089665
141	15.245683
142	62.222141
143	18.457251
144	85.752814
145	69.645906
146	62.997797
147	21.310921
148	75.069589
149	46.742267
150	20.252154
151	10.631721
152	12.697735
153	92.834804
154	98.293201
155	90.986058
156	90.526450
157	11.828135
158	72.409788
159	84.747860
160	93.423614
161	44.916552
162	47.722135
163	62.760091
164	80.592335
165	59.790172
166	87.915467
167	10.169317
168	61.072018
169	0.289656
170	75.060587
171	14.011078
172	42.236314
173	3.351655
174	96.628426
175	17.446386
176	92.158104
177	64.036177
178	13.011097
179	76.860419
180	72.806600
181	55.381616
182	72.082547
183	48.039195
184	79.062328
185	1.738203
186	20.839014
187	37.032998
188	64.831264
189	30.947399
190	2.374477
191	63.506338
192	55.477682
193	22.820623
194	7.369578
195	81.647743
196	46.963091
197	45.333678
198	12.380459
199	29.761867
200	8.176733
201	25.700484
202	35.357830
203	70.524148
204	81.399283
205	36.043056
206	63.975945
207	59.214612
208	49.201614
209	40.304916
210	39.532571
211	36.531246
212	51.492283
213	32.714063
214	32.952584
215	3.416821
216	33.081072
217	62.312591
218	18.327953
219	0.448293
220	46.794469
221	30.280813
222	30.242128
223	17.019110
224	1.163029
225	6.636078
226	53.876935
227	15.130505
228	3.026204
229	83.066819
230	7.665970
231	87.938254
232	16.823911
233	10.176530
234	79.251139
235	25.086361
236	46.446155
237	64.376320
238	55.811211
239	4.723709
240	64.453314
241	61.357453
242	52.844742
243	79.707251
244	65.993557
245	91.798481
246	13.062782
247	18.948869
248	1.809445
249	70.408771
250	5.502474
251	26.196226
252	54.275912
253	17.003577
254	15.316507
255	14.406997
256	31.223135
257	51.205080
258	16.042277
259	30.544374
260	0.395804
261	17.773357
262	47.109018
263	16.767069
264	15.046689
265	53.765118
266	7.082700
267	90.797247
268	92.155438
269	7.876370
270	87.091445
271	20.655482
272	97.189135
273	10.740793
274	24.643018
275	52.714017
276	47.151811
277	52.321094
278	75.945701
279	87.652166
280	62.661776
281	95.929333
282	76.445331
283	15.965001
284	51.969375
285	39.312984
286	63.804467
287	44.668426
288	67.397032
289	95.252463
290	19.044922
291	27.346346
292	11.133524
293	76.027741
294	42.782417
295	31.748993
296	46.603024
297	85.974305
298	14.335771
299	94.512528
300	72.860422
301	18.551080
302	5.342407
303	24.019134
304	99.038724
305	15.524568
306	28.550711
307	32.665258
308	90.892736
309	30.266935
310	76.900982
311	45.329038
312	93.952526
313	95.271260
314	96.802998
315	35.960223
316	9.143594
317	7.135756
318	42.756400
319	45.939375
320	35.477137
321	92.621302
322	8.635383
323	10.916689
324	41.012208
325	56.859212
326	32.803983
327	1.327099
328	0.020318
329	55.964238
330	74.695325
331	41.246185
332	9.273236
333	41.719474
334	92.391745
335	58.124370
336	11.929081
337	5.824685
338	48.562311
339	73.072657
340	89.093292
341	34.162257
342	60.181609
343	47.144293
344	95.309849
345	32.474210
346	34.513441
347	31.775454
348	75.698276
349	7.726530
350	7.746298
351	89.708428
352	42.260363
353	24.219191
354	44.003605
355	43.057887
356	95.291244
357	91.989484
358	45.487527
359	16.420907
360	18.132810
361	19.770187
362	16.317769
363	81.426973
364	86.488021
365	79.958750
366	88.084933
367	0.539665
368	91.736922
369	11.954399
370	15.148585
371	15.402710
372	60.661297
373	65.787995
374	1.822605
375	40.258316
376	64.081677
377	28.548147
378	47.570444
379	57.218168
380	42.279486
381	42.941327
382	15.811615
383	61.574353
384	64.582451
385	5.862436
386	71.424433
387	55.077557
388	10.540928
389	52.026976
390	93.297272
391	74.397718
392	80.800258
393	50.324648
394	27.653490
395	21.734140
396	90.859798
397	98.785560
398	18.072343
399	11.707475
400	90.129034
401	37.548803
402	25.512517
403	25.947387
404	29.624378
405	25.264209
406	8.190658
407	90.510881
408	13.128222
409	97.804108
410	69.219430
411	75.506362
412	47.404702
413	61.997257
414	65.778023
415	92.104143
416	63.237740
417	74.344886
418	19.599893
419	92.263769
420	15.949780
421	88.524562
422	84.572143
423	3.367903
424	32.569720
425	20.973574
426	33.087796
427	13.638478
428	60.028747
429	9.971651
430	19.931098
431	64.996763
432	71.687898
433	30.060381
434	99.005942
435	92.365382
436	72.307838
437	19.903457
438	87.399619
439	75.858858
440	44.339448
441	7.064687
442	96.253186
443	53.226549
444	55.584953
445	19.987985
446	32.630692
447	93.146693
448	77.857024
449	49.093211
450	66.193674
451	96.937647
452	94.836831
453	72.402983
454	98.782443
455	74.405945
456	48.794423
457	55.261060
458	18.952718
459	56.664863
460	5.150331
461	90.183852
462	61.039896
463	79.836327
464	48.904582
465	10.535291
466	28.980216
467	98.448950
468	28.220132
469	11.271210
470	55.812591
471	66.504806
472	46.183119
473	30.493890
474	15.551695
475	99.212304
476	90.764170
477	49.061343
478	24.098408
479	46.046307
480	21.314901
481	83.862193
482	77.098476
483	91.276204
484	42.610058
485	52.103232
486	38.643639
487	99.394491
488	10.000315
489	30.728171
490	86.858449
491	92.023707
492	64.193848
493	14.989007
494	84.389193
495	95.563263
496	31.906895
497	80.060551
498	88.820616
499	13.463756
500	9.273454
501	69.579815
502	55.555379
503	67.565131
504	19.726715
505	92.379068
506	85.825548
507	99.755629
508	65.623994
509	17.357509
510	23.881586
511	68.867629
512	67.172058
513	9.242671
514	37.170652
515	86.337155
516	27.291527
517	61.235413
518	67.034918
519	10.757730
520	26.602019
521	28.226693
522	75.422244
523	41.889573
524	24.011482
525	1.848794
526	18.840782
527	95.560287
528	46.605214
529	85.252501
530	92.312329
531	0.501122
532	28.678376
533	90.121772
534	3.403627
535	3.317746
536	24.974776
537	35.549089
538	73.878991
539	87.308289
540	74.099914
541	81.395511
542	99.456557
543	19.422351
544	18.017674
545	57.764535
546	25.763325
547	98.868780
548	6.088249
549	24.649678
550	84.654744
551	99.196981
552	79.506181
553	19.399230
554	76.880731
555	95.144352
556	48.801025
557	9.058269
558	2.801032
559	20.207769
560	86.185578
561	22.550755
562	28.360936
563	13.859434
564	52.662559
565	74.586816
566	28.178487
567	63.079839
568	16.785557
569	58.816379
570	37.484155
571	74.187797
572	4.563532
573	40.802685
574	47.256361
575	79.785083
576	51.792169
577	30.414378
578	39.008721
579	69.711842
580	93.280910
581	11.604671
582	99.272524
583	59.133280
584	60.903734
585	51.042803
586	53.334659
587	94.545774
588	25.431034
589	73.119891
590	63.188051
591	2.326616
592	48.748526
593	13.167554
594	40.882697
595	70.502577
596	10.575940
597	39.179306
598	4.736688
599	5.667871
600	14.467188
601	35.213781
602	49.868606
603	87.483858
604	40.529248
605	36.764127
606	56.790148
607	25.074256
608	92.027327
609	24.747474
610	40.025661
611	46.410965
612	67.337739
613	95.454761
614	65.563889
615	2.955787
616	44.053485
617	45.282158
618	81.450504
619	85.490083
620	80.462027
621	82.048990
622	39.373512
623	44.117793
624	47.538791
625	43.355693
626	99.146691
627	13.384588
628	99.624071
629	34.395755
630	42.330806
631	41.932742
632	34.753905
633	11.288015
634	35.395007
635	39.073651
636	66.761463
637	1.857887
638	92.580406
639	64.185956
640	67.297825
641	87.166498
642	59.550731
643	41.657852
644	26.092284
645	8.173580
646	63.955743
647	68.050584
648	85.313117
649	15.046050
650	60.583757
651	36.966433
652	48.486239
653	77.314293
654	36.695432
655	34.031606
656	55.524833
657	41.533789
658	91.202879
659	59.759786
660	58.613660
661	46.670737
662	60.399934
663	66.444378
664	20.415084
665	45.895081
666	48.103891
667	69.452635
668	10.979295
669	51.662147
670	43.307208
671	66.513406
672	39.702994
673	25.401640
674	82.044395
675	15.058127
676	20.693583
677	6.386292
678	29.120152
679	79.093183
680	67.210490
681	71.608581
682	84.592326
683	7.523400
684	84.957818
685	51.734190
686	14.163963
687	46.170542
688	4.611062
689	66.877662
690	60.823418
691	46.442481
692	33.803404
693	15.946751
694	41.749578
695	8.032829
696	22.514143
697	49.030872
698	40.273504
699	36.525657
700	0.562751
701	86.369780
702	46.175265
703	84.546981
704	56.554538
705	42.391043
706	80.706386
707	68.624295
708	91.755233
709	54.246150
710	23.748165
711	83.068149
712	91.255702
713	23.109459
714	25.972376
715	50.211324
716	56.354717
717	94.139775
718	27.077903
719	79.838452
720	60.417426
721	62.224781
722	27.373559
723	64.018272
724	75.285861
725	96.100523
726	22.987913
727	26.854140
728	98.275142
729	56.158907
730	70.946467
731	54.318770
732	18.150248
733	99.711476
734	64.929222
735	45.843283
736	53.569587
737	2.859447
738	49.702528
739	31.858235
740	82.127538
741	63.383779
742	20.367029
743	57.331989
744	25.935020
745	51.387877
746	54.613332
747	66.227019
748	85.381755
749	66.458062
750	62.197848
751	80.971770
752	17.649114
753	57.148480
754	34.975594
755	25.905216
756	66.817726
757	19.928913
758	20.687981
759	43.018374
760	95.468486
761	4.285625
762	4.505422
763	54.134053
764	42.944579
765	57.324779
766	89.159642
767	86.484006
768	67.052734
769	94.378926
770	40.513916
771	23.290440
772	87.577470
773	24.847271
774	47.848765
775	68.459628
776	82.169082
777	89.079619
778	23.880121
779	29.801247
780	25.845061
781	45.577994
782	21.911468
783	88.361892
784	30.024081
785	40.172506
786	57.904066
787	85.091863
788	31.624862
789	17.327424
790	83.065674
791	88.303413
792	20.739689
793	17.658927
794	59.847764
795	98.700925
796	74.917478
797	85.764933
798	1.375828
799	73.007606
800	9.301618
801	88.308690
802	82.173986
803	5.712082
804	29.260417
805	62.545856
806	69.345483
807	75.706349
808	91.638192
809	9.356445
810	45.202187
811	52.922801
812	66.274554
813	26.351025
814	29.555558
815	85.700311
816	53.274899
817	80.543933
818	9.532389
819	96.241180
820	7.775872
821	82.544146
822	79.104610
823	83.028050
824	31.191570
825	73.044806
826	61.146046
827	35.092740
828	26.190651
829	41.617095
830	6.343059
831	98.294463
832	67.089534
833	92.620436
834	22.457500
835	67.336701
836	1.259796
837	55.846305
838	39.982377
839	90.100528
840	76.114123
841	79.239999
842	63.396301
843	10.787477
844	3.362318
845	7.631056
846	59.501848
847	19.427356
848	5.429109
849	71.533213
850	11.881569
851	67.054246
852	21.391588
853	9.712075
854	43.791530
855	66.701445
856	63.839807
857	79.415228
858	99.357310
859	22.810931
860	25.127043
861	81.406288
862	97.729105
863	85.131645
864	28.496992
865	24.220686
866	97.815272
867	62.769090
868	39.209433
869	64.028123
870	38.591286
871	37.768331
872	99.807734
873	48.726234
874	44.663604
875	5.661030
876	78.062678
877	66.791028
878	39.148244
879	61.409799
880	51.208361
881	90.708146
882	71.922680
883	93.861526
884	79.575265
885	48.708018
886	99.935363
887	73.782084
888	12.470201
889	43.146794
890	90.161554
891	2.646097
892	29.478399
893	87.472557
894	40.995286
895	86.499213
896	43.351881
897	52.420850
898	43.616167
899	95.468610
900	32.751389
901	81.921246
902	53.947339
903	15.862960
904	60.637370
905	8.107188
906	76.967611
907	21.019526
908	71.151228
909	42.481490
910	14.270270
911	19.755224
912	13.719535
913	90.485837
914	8.061032
915	68.129125
916	74.264795
917	23.590695
918	53.798500
919	70.349172
920	40.432794
921	52.145377
922	25.707880
923	81.908168
924	9.718032
925	53.254313
926	89.829065
927	45.120933
928	48.484760
929	65.496092
930	87.082413
931	59.769486
932	47.753357
933	9.465289
934	85.504654
935	62.534790
936	69.537115
937	38.542885
938	85.237949
939	88.681098
940	45.395823
941	89.258464
942	63.440051
943	7.201374
944	26.277308
945	2.982290
946	48.846689
947	71.470864
948	66.226051
949	96.623084
950	51.734712
951	68.855459
952	23.560490
953	19.333159
954	41.289393
955	7.833095
956	39.724597
957	45.620414
958	26.539039
959	76.720100
960	86.273275
961	41.417502
962	26.051969
963	31.865667
964	93.783076
965	57.461143
966	23.761448
967	53.367656
968	66.535876
969	14.709895
970	0.410671
971	3.955228
972	56.484239
973	82.522808
974	37.051353
975	79.859671
976	77.512815
977	28.362899
978	40.689601
979	82.322245
980	74.245456
981	37.717737
982	9.983947
983	99.157652
984	64.391111
985	75.509030
986	23.052795
987	0.983700
988	91.655078
989	25.744591
990	69.438031
991	77.164618
992	0.728872
993	44.262432
994	12.882945
995	49.350183
996	55.787225
997	87.322900
998	27.453143
999	23.410170
1000	10.595654
;

param: c :=
1	91.156987
2	32.436543
3	76.050553
4	0.749430
5	17.792528
6	97.795209
7	33.934310
8	86.341376
9	19.531562
10	25.631481
11	96.656521
12	76.509485
13	79.648748
14	9.490296
15	64.517576
16	56.214702
17	6.690320
18	74.492286
19	55.305012
20	53.202351
21	97.430400
22	22.714262
23	7.054250
24	86.356328
25	94.665098
26	62.515643
27	6.284007
28	99.213184
29	56.808966
30	8.908236
31	90.067080
32	56.272653
33	80.682022
34	65.847847
35	2.013428
36	29.811716
37	79.469526
38	53.814406
39	79.066705
40	11.784387
41	78.921917
42	89.007293
43	42.902190
44	57.964645
45	77.208482
46	79.901907
47	38.752109
48	52.887877
49	98.062359
50	36.441213
51	89.673209
52	80.649509
53	4.119821
54	90.846577
55	5.802846
56	77.735254
57	33.497237
58	80.335326
59	24.824016
60	87.314292
61	74.282051
62	59.435773
63	54.807237
64	92.006385
65	96.017348
66	79.096399
67	0.171064
68	41.072563
69	92.997326
70	43.902820
71	28.569766
72	56.071245
73	49.568313
74	38.364205
75	12.070076
76	6.175799
77	43.284664
78	50.423025
79	97.394500
80	22.558567
81	40.068620
82	43.875361
83	83.072556
84	17.916264
85	31.501482
86	88.832094
87	74.445040
88	38.141931
89	0.389510
90	35.069179
91	92.934131
92	51.225379
93	64.805194
94	92.244937
95	34.833766
96	66.894977
97	62.870205
98	67.858135
99	16.798666
100	84.219624
101	26.496579
102	8.540666
103	89.805597
104	75.210432
105	17.382790
106	65.192315
107	26.604242
108	55.934405
109	82.573122
110	81.053098
111	66.811629
112	82.687231
113	32.940530
114	8.328657
115	76.328036
116	93.142021
117	86.078521
118	42.952518
119	91.303671
120	32.925396
121	22.396374
122	38.746697
123	71.056445
124	86.969814
125	74.820391
126	85.355455
127	52.026433
128	83.957754
129	30.905562
130	92.951187
131	38.222194
132	48.769564
133	40.220786
134	66.786935
135	77.845646
136	32.674573
137	21.356129
138	43.307779
139	6.497222
140	7.909236
141	45.253579
142	61.771334
143	44.580631
144	32.677945
145	20.728457
146	38.551491
147	92.240749
148	35.581386
149	71.144769
150	99.181734
151	7.948831
152	89.416979
153	81.116897
154	98.030627
155	46.447208
156	56.747373
157	2.499652
158	98.024599
159	73.206741
160	41.693855
161	74.467199
162	57.305916
163	18.608134
164	38.169009
165	83.676010
166	92.161258
167	27.030426
168	45.737457
169	91.541901
170	32.555491
171	36.810355
172	93.674233
173	21.176151
174	14.533272
175	48.033890
176	63.632561
177	1.639313
178	21.432141
179	44.072008
180	76.307377
181	55.181916
182	82.396701
183	68.671260
184	38.513390
185	56.995058
186	28.159929
187	88.287164
188	81.201047
189	20.256910
190	81.673976
191	73.411907
192	7.651103
193	5.492066
194	8.729262
195	99.239440
196	38.529610
197	94.742023
198	19.615032
199	92.126247
200	65.975261
201	85.636089
202	73.867462
203	64.216572
204	66.519829
205	0.366366
206	37.785956
207	34.429935
208	28.079184
209	80.046594
210	21.549369
211	23.544582
212	28.458892
213	35.654206
214	9.326068
215	8.459268
216	54.128041
217	70.318112
218	6.325108
219	41.981777
220	5.019155
221	6.666034
222	62.256993
223	62.713443
224	0.521212
225	64.871272
226	71.849454
227	95.590047
228	27.005408
229	95.434857
230	50.591818
231	38.173423
232	93.585892
233	73.911414
234	94.967435
235	49.340918
236	22.872033
237	12.533736
238	61.086299
239	1.065605
240	38.460020
241	87.219776
242	76.621646
243	66.582586
244	28.101265
245	16.545850
246	50.030416
247	62.394505
248	25.868647
249	6.814568
250	50.153192
251	69.232228
252	59.314952
253	87.439531
254	18.196628
255	54.916921
256	14.566971
257	64.625246
258	84.002174
259	37.885600
260	68.607391
261	1.134883
262	1.115005
263	87.543846
264	94.042293
265	15.783431
266	94.093289
267	97.325469
268	45.938727
269	33.688858
270	27.092331
271	42.128844
272	80.548098
273	25.668088
274	84.852290
275	0.851732
276	9.626801
277	73.538459
278	77.625049
279	16.606112
280	69.720861
281	85.812318
282	78.544081
283	68.756130
284	32.030073
285	67.173497
286	40.138739
287	53.889054
288	84.661712
289	1.336507
290	52.187355
291	85.174999
292	45.652317
293	37.774151
294	2.474131
295	1.860284
296	20.646794
297	63.400324
298	95.990012
299	93.154213
300	94.796037
301	35.261660
302	54.336249
303	45.582331
304	90.038714
305	84.451742
306	15.254878
307	77.807235
308	41.271807
309	72.422195
310	83.096209
311	18.854380
312	74.199149
313	57.879183
314	40.193201
315	66.946640
316	59.323369
317	92.636485
318	58.575446
319	14.531376
320	54.004912
321	6.517751
322	62.783353
323	49.871474
324	35.180652
325	99.435655
326	34.004902
327	29.450326
328	67.593740
329	59.200515
330	99.703731
331	4.624377
332	43.022310
333	21.242816
334	52.819973
335	94.229420
336	93.020626
337	39.980685
338	67.733587
339	27.438830
340	74.766063
341	95.012574
342	6.395652
343	18.630968
344	41.116771
345	61.603829
346	30.459622
347	1.734155
348	99.217729
349	29.201069
350	48.147216
351	85.045414
352	78.496825
353	92.780027
354	62.277868
355	54.326513
356	81.459165
357	47.871973
358	32.532064
359	26.578083
360	8.227392
361	92.224573
362	88.597145
363	63.618348
364	45.990282
365	73.261111
366	84.408224
367	83.290663
368	26.011323
369	20.560498
370	93.075084
371	81.529448
372	78.414901
373	6.913252
374	83.324400
375	78.970713
376	16.665436
377	46.537922
378	12.385842
379	45.571524
380	84.266813
381	25.155930
382	50.041426
383	22.992620
384	8.910378
385	37.083410
386	73.814601
387	34.849162
388	1.143012
389	15.453498
390	44.323988
391	86.262715
392	80.087582
393	39.672246
394	44.733721
395	50.530804
396	33.611517
397	50.961327
398	40.858457
399	60.009423
400	46.205544
401	38.009827
402	42.474966
403	98.894406
404	44.294243
405	81.043912
406	80.518634
407	84.675399
408	11.263573
409	51.011200
410	97.428388
411	94.294701
412	97.685462
413	83.717093
414	9.929629
415	42.347664
416	71.590398
417	60.271445
418	69.558324
419	46.800086
420	87.529249
421	88.785646
422	37.766943
423	66.497090
424	57.883389
425	72.285200
426	83.404983
427	75.143479
428	72.631090
429	26.143662
430	25.344842
431	99.113708
432	87.570863
433	66.892050
434	58.961260
435	96.417218
436	43.576865
437	59.615148
438	69.242829
439	67.433894
440	24.198060
441	64.286918
442	87.253206
443	30.693826
444	61.456876
445	33.112889
446	53.715884
447	65.023046
448	96.460724
449	62.593123
450	46.164903
451	83.673243
452	95.832623
453	70.486591
454	40.184346
455	15.097274
456	78.544538
457	43.839327
458	86.629714
459	38.121264
460	74.261335
461	46.711130
462	51.122318
463	68.143083
464	24.692085
465	8.443325
466	50.141825
467	59.797000
468	14.851519
469	45.662990
470	2.039116
471	12.913562
472	24.016653
473	2.815621
474	27.872161
475	40.070116
476	50.901519
477	33.363417
478	57.505365
479	62.639179
480	15.024803
481	92.005967
482	13.988176
483	21.403585
484	81.567964
485	41.072871
486	38.105789
487	12.669201
488	60.386792
489	39.272934
490	87.548433
491	29.192876
492	7.019777
493	19.159120
494	47.894741
495	64.998747
496	36.554330
497	2.241056
498	67.902267
499	87.899177
500	46.348934
501	67.670946
502	36.651116
503	33.101484
504	99.222598
505	10.827442
506	8.478539
507	29.093708
508	0.929265
509	87.110281
510	86.193746
511	20.972826
512	14.725123
513	86.063805
514	23.123833
515	25.017206
516	97.290424
517	92.894017
518	22.792345
519	4.934039
520	51.261106
521	45.306131
522	85.297485
523	14.335639
524	55.781498
525	71.287926
526	23.615140
527	32.625185
528	54.920539
529	4.500179
530	11.481873
531	86.909395
532	75.748808
533	60.878148
534	64.617233
535	64.584755
536	17.986479
537	74.504155
538	7.527461
539	71.538420
540	3.484401
541	72.714642
542	38.098305
543	98.542667
544	83.257818
545	12.486951
546	65.587919
547	61.326507
548	45.726749
549	41.885871
550	29.272844
551	27.338491
552	61.173192
553	94.427087
554	33.186936
555	14.078749
556	87.062088
557	82.520522
558	55.502908
559	6.614676
560	99.519197
561	67.753956
562	68.888107
563	92.025969
564	0.635001
565	51.973909
566	6.260695
567	17.629541
568	94.467793
569	87.868379
570	46.211109
571	35.596574
572	96.831409
573	41.774942
574	4.212497
575	12.677471
576	86.730698
577	12.317316
578	64.929067
579	41.743791
580	26.507940
581	75.415583
582	29.486661
583	82.124031
584	81.479031
585	8.417223
586	29.722825
587	98.322558
588	86.864802
589	95.957138
590	13.957120
591	21.649488
592	79.825202
593	57.471043
594	39.367495
595	19.506298
596	54.389113
597	32.809036
598	49.007556
599	5.718470
600	11.416215
601	16.897886
602	17.938213
603	75.564718
604	38.865830
605	85.321901
606	20.635182
607	51.026356
608	52.251784
609	41.999245
610	46.506391
611	1.621092
612	40.336329
613	59.683630
614	71.410466
615	66.638204
616	7.183361
617	5.458667
618	24.102218
619	5.329533
620	58.229232
621	97.736406
622	94.027573
623	3.777407
624	99.229714
625	62.370052
626	42.212941
627	37.318819
628	19.516265
629	15.819331
630	40.468489
631	70.330602
632	55.513453
633	61.403119
634	45.642051
635	51.111242
636	63.193379
637	41.522461
638	16.330302
639	78.162877
640	47.683063
641	67.433613
642	87.090881
643	45.918047
644	94.737148
645	43.680915
646	1.223357
647	20.945149
648	43.111107
649	78.460534
650	69.341394
651	12.582084
652	40.697063
653	20.188857
654	59.644342
655	80.106931
656	27.704675
657	67.845690
658	82.537296
659	16.248146
660	91.876081
661	39.505605
662	77.103128
663	94.631159
664	2.342520
665	65.458942
666	59.373167
667	44.998341
668	66.896463
669	11.754872
670	47.905305
671	0.421800
672	72.141816
673	21.671303
674	40.733706
675	77.386304
676	72.990326
677	12.444021
678	65.152689
679	15.076265
680	76.605339
681	77.332910
682	90.101235
683	43.760449
684	64.582397
685	72.674764
686	57.987339
687	71.336925
688	10.478668
689	92.140817
690	0.311352
691	46.920441
692	29.939731
693	23.814992
694	18.152847
695	39.473053
696	60.469522
697	61.142082
698	49.401974
699	51.904884
700	79.280236
701	68.775583
702	3.795003
703	50.344076
704	27.396699
705	99.937776
706	93.815210
707	50.675681
708	6.148239
709	5.193421
710	90.437375
711	81.483826
712	79.034251
713	76.628667
714	38.198238
715	15.970070
716	31.765008
717	59.136182
718	39.182746
719	18.738858
720	99.826662
721	53.378630
722	82.617598
723	61.803616
724	43.437793
725	91.622611
726	80.333733
727	88.592796
728	31.748352
729	55.453894
730	49.266581
731	15.960395
732	35.112733
733	10.307947
734	34.866286
735	18.561405
736	78.005558
737	23.139934
738	73.683046
739	65.624440
740	46.861001
741	74.401911
742	98.709168
743	65.035182
744	20.860343
745	28.170741
746	0.960213
747	55.078981
748	14.418952
749	2.180304
750	83.063347
751	7.836750
752	87.982849
753	40.839654
754	46.450989
755	0.361385
756	29.732932
757	41.987958
758	45.124621
759	5.466100
760	12.751000
761	70.684230
762	64.582958
763	64.987395
764	68.840589
765	49.303276
766	13.370175
767	6.431589
768	38.005136
769	89.139034
770	4.910609
771	35.426218
772	35.074391
773	13.891159
774	20.733425
775	11.007470
776	57.024557
777	11.591753
778	37.155876
779	15.425473
780	21.301955
781	79.700699
782	72.624515
783	88.875195
784	82.794227
785	52.406220
786	44.471754
787	93.321648
788	55.941300
789	73.222651
790	19.869085
791	98.847657
792	35.005381
793	52.992917
794	84.697312
795	33.576784
796	26.378671
797	78.151875
798	1.384900
799	80.980857
800	8.926053
801	50.966592
802	6.006890
803	11.229792
804	90.989388
805	92.526594
806	94.126344
807	76.404792
808	16.632533
809	18.008534
810	12.624088
811	1.007946
812	57.560460
813	92.511839
814	15.347819
815	52.413097
816	84.229682
817	4.809182
818	71.488157
819	15.842429
820	47.858093
821	37.079101
822	81.471849
823	8.049399
824	16.260156
825	78.017368
826	61.626164
827	98.590066
828	57.525191
829	69.554979
830	10.976076
831	64.139025
832	81.034497
833	46.360270
834	68.895143
835	72.333459
836	66.759817
837	92.097161
838	93.705471
839	12.218293
840	8.228512
841	25.756867
842	5.476845
843	82.336648
844	72.762913
845	86.482956
846	35.078450
847	62.559774
848	94.101993
849	69.150027
850	66.272236
851	22.170681
852	31.135158
853	21.301424
854	34.396668
855	87.578411
856	81.511997
857	5.587530
858	49.944436
859	25.282843
860	43.617167
861	37.937597
862	7.155339
863	93.904898
864	2.711257
865	59.663920
866	22.467657
867	67.868629
868	7.738972
869	13.421101
870	43.801267
871	35.214154
872	79.148472
873	65.683549
874	19.577073
875	27.031228
876	60.385855
877	35.317314
878	6.916938
879	42.896903
880	39.552845
881	40.301779
882	30.058454
883	24.850479
884	39.603247
885	36.784049
886	75.431325
887	33.485126
888	75.291941
889	28.813931
890	85.646809
891	77.746194
892	79.252278
893	74.486618
894	50.316612
895	99.681436
896	34.862639
897	14.870159
898	79.704358
899	8.489207
900	91.978279
901	72.398423
902	39.356074
903	97.767979
904	1.126136
905	29.545332
906	95.754087
907	55.541086
908	23.161223
909	38.976334
910	69.569156
911	50.075754
912	27.354828
913	7.245666
914	15.688785
915	41.443875
916	48.675726
917	91.632458
918	70.501439
919	53.116877
920	34.925957
921	8.182692
922	4.188664
923	69.243391
924	76.426715
925	49.441707
926	57.660352
927	55.317660
928	46.161031
929	21.656803
930	42.912481
931	36.863461
932	41.773182
933	4.106880
934	63.846660
935	40.430939
936	10.674321
937	50.018333
938	57.742966
939	6.454608
940	74.448877
941	78.651676
942	84.047676
943	18.520803
944	23.586253
945	58.694039
946	69.213906
947	23.768322
948	24.725578
949	86.345330
950	47.215248
951	40.970380
952	44.732329
953	17.118493
954	49.541677
955	60.239037
956	82.792107
957	56.859944
958	45.103132
959	79.874566
960	21.020002
961	97.235968
962	96.173063
963	0.064609
964	20.155282
965	67.981089
966	51.603671
967	77.910820
968	24.294617
969	9.487013
970	49.530463
971	24.582195
972	88.287931
973	78.583595
974	87.301198
975	82.293596
976	59.073761
977	4.726582
978	93.619679
979	64.728673
980	22.065667
981	55.225986
982	89.640109
983	25.918293
984	90.624262
985	4.254352
986	47.173700
987	33.565724
988	82.910611
989	63.775568
990	85.273747
991	1.620473
992	37.776214
993	13.046904
994	13.683512
995	73.960664
996	25.172512
997	37.286335
998	99.511978
999	93.437992
1000	3.483042
;

param: d :=
1	-17.769344
2	-10.947808
3	-67.255676
4	-38.544264
5	-38.437125
6	-98.383616
7	-61.089383
8	-47.238759
9	-16.811420
10	-49.535843
11	-39.553615
12	-9.185623
13	-78.125477
14	-52.688406
15	-49.914279
16	-7.549505
17	-67.096541
18	-98.811606
19	-65.301033
20	-57.726067
21	-87.319611
22	-8.716698
23	-20.330812
24	-22.902728
25	-41.601655
26	-41.129421
27	-97.073178
28	-48.087918
29	-21.782669
30	-96.401006
31	-90.890175
32	-80.570819
33	-3.987425
34	-0.391013
35	-48.064462
36	-84.518197
37	-22.201615
38	-99.167150
39	-91.854941
40	-27.233023
41	-9.079708
42	-42.276967
43	-58.745983
44	-64.247050
45	-8.827547
46	-24.433138
47	-33.026328
48	-52.411510
49	-91.234272
50	-20.720274
51	-99.703241
52	-59.063839
53	-9.739822
54	-87.598284
55	-58.483043
56	-7.128943
57	-6.134315
58	-3.295329
59	-75.898758
60	-88.367819
61	-10.452998
62	-60.951714
63	-64.955226
64	-48.601344
65	-87.333500
66	-78.195442
67	-50.604753
68	-43.789427
69	-65.272296
70	-77.889844
71	-12.275224
72	-96.852517
73	-98.673406
74	-14.263407
75	-18.881905
76	-51.224220
77	-8.064746
78	-78.024951
79	-55.989063
80	-36.585370
81	-11.059391
82	-53.370818
83	-79.507952
84	-38.296434
85	-65.555415
86	-21.482778
87	-96.687727
88	-49.026105
89	-36.196165
90	-79.764301
91	-25.058437
92	-18.076648
93	-51.419941
94	-52.724512
95	-16.970714
96	-81.423728
97	-3.382951
98	-94.174047
99	-57.919232
100	-42.477118
101	-74.294122
102	-14.797842
103	-23.004708
104	-5.378352
105	-36.359242
106	-69.856555
107	-9.821293
108	-41.663147
109	-26.470755
110	-56.714321
111	-64.142293
112	-54.018066
113	-4.266943
114	-64.403630
115	-15.410175
116	-93.161634
117	-45.131945
118	-77.465720
119	-12.181978
120	-0.524902
121	-86.880472
122	-91.612343
123	-79.224032
124	-24.820047
125	-40.086907
126	-4.858061
127	-89.171815
128	-23.145244
129	-99.242638
130	-30.812485
131	-49.071126
132	-58.546884
133	-48.669371
134	-30.768501
135	-67.846025
136	-96.874996
137	-20.938483
138	-32.164276
139	-8.184079
140	-86.002731
141	-47.951676
142	-22.382071
143	-33.313346
144	-81.949229
145	-84.212538
146	-52.891758
147	-69.873766
148	-98.588259
149	-54.490839
150	-98.658519
151	-26.501271
152	-92.037851
153	-41.347206
154	-9.942472
155	-78.137086
156	-40.942136
157	-97.000870
158	-81.664185
159	-61.052528
160	-5.801593
161	-12.153994
162	-32.290208
163	-48.326500
164	-98.040404
165	-8.252312
166	-31.229480
167	-49.890401
168	-48.884191
169	-28.874411
170	-4.529869
171	-84.840350
172	-72.290744
173	-97.181467
174	-35.071070
175	-65.143018
176	-67.447464
177	-22.536901
178	-98.927689
179	-46.384874
180	-87.933466
181	-27.914498
182	-92.613549
183	-28.335751
184	-30.700772
185	-76.694248
186	-87.018613
187	-78.922626
188	-39.077537
189	-45.492610
190	-15.727406
191	-81.196328
192	-43.074835
193	-71.156184
194	-4.188387
195	-98.796113
196	-16.474936
197	-16.384778
198	-10.794784
199	-6.433833
200	-55.246493
201	-66.493258
202	-39.679167
203	-0.154829
204	-52.031045
205	-72.048300
206	-75.052689
207	-72.589609
208	-64.798232
209	-88.821351
210	-99.294207
211	-7.479766
212	-9.060239
213	-28.381722
214	-43.545256
215	-1.104892
216	-29.841277
217	-34.825852
218	-36.740050
219	-81.581092
220	-88.567701
221	-18.367225
222	-24.610456
223	-33.638030
224	-76.128624
225	-48.229297
226	-58.043002
227	-18.235299
228	-12.977040
229	-9.880297
230	-21.850672
231	-20.113932
232	-64.922137
233	-45.514828
234	-2.319899
235	-31.181961
236	-50.638476
237	-7.417198
238	-54.171416
239	-6.221379
240	-12.025729
241	-45.924964
242	-74.702128
243	-86.249136
244	-28.068727
245	-79.944055
246	-85.785250
247	-0.616394
248	-30.808357
249	-5.342500
250	-92.794114
251	-21.478818
252	-95.160254
253	-77.253490
254	-13.667917
255	-47.881487
256	-10.770252
257	-38.767053
258	-29.807631
259	-60.067632
260	-27.530588
261	-91.967538
262	-75.233649
263	-95.830728
264	-98.727719
265	-47.190084
266	-62.318294
267	-18.043941
268	-31.667655
269	-30.178662
270	-94.268834
271	-71.885180
272	-70.080382
273	-42.574322
274	-29.563476
275	-64.537063
276	-60.010294
277	-59.880629
278	-72.448044
279	-61.836021
280	-5.844746
281	-36.452044
282	-82.025526
283	-95.034483
284	-73.182907
285	-45.498496
286	-18.027798
287	-40.950642
288	-36.174595
289	-30.147122
290	-10.549046
291	-1.117817
292	-97.209299
293	-42.498908
294	-69.347755
295	-10.817856
296	-45.734381
297	-48.316191
298	-9.099510
299	-73.130111
300	-69.294557
301	-96.735857
302	-42.489675
303	-46.209450
304	-73.571170
305	-99.680601
306	-68.738601
307	-45.970795
308	-60.123292
309	-53.537836
310	-61.836148
311	-42.512836
312	-23.496284
313	-88.737461
314	-64.919610
315	-38.981544
316	-65.899666
317	-18.492437
318	-87.515928
319	-58.331446
320	-95.974959
321	-42.368742
322	-51.736493
323	-97.272715
324	-26.930160
325	-31.027858
326	-89.357519
327	-88.919820
328	-54.126562
329	-39.799069
330	-13.194581
331	-47.364334
332	-62.842955
333	-90.698340
334	-52.205088
335	-39.695686
336	-47.375326
337	-54.589832
338	-6.778677
339	-91.107880
340	-66.941542
341	-92.739334
342	-93.641499
343	-54.889163
344	-55.175094
345	-45.725044
346	-81.255791
347	-37.639599
348	-97.403622
349	-69.345021
350	-37.127699
351	-1.717783
352	-43.128635
353	-52.197121
354	-68.966125
355	-26.464286
356	-44.688904
357	-80.924217
358	-29.647817
359	-13.683336
360	-24.564457
361	-90.846111
362	-52.603396
363	-5.367337
364	-13.577887
365	-25.072742
366	-54.287710
367	-74.200517
368	-34.806291
369	-38.741464
370	-32.946464
371	-76.823601
372	-67.786915
373	-74.773960
374	-57.381871
375	-56.981577
376	-21.367141
377	-0.234418
378	-84.717209
379	-74.327320
380	-79.516598
381	-69.746160
382	-56.661782
383	-72.285439
384	-12.896992
385	-65.734569
386	-96.205569
387	-16.131854
388	-29.149662
389	-81.419894
390	-14.296189
391	-38.727360
392	-8.387568
393	-93.155421
394	-73.853346
395	-85.933635
396	-25.403671
397	-99.725488
398	-60.287942
399	-34.874608
400	-61.064063
401	-4.759825
402	-88.064410
403	-30.000098
404	-0.188937
405	-86.011558
406	-54.198490
407	-65.195851
408	-21.234467
409	-89.733175
410	-78.472657
411	-52.191264
412	-34.797065
413	-70.512544
414	-19.268276
415	-13.995359
416	-92.419938
417	-65.084408
418	-52.548289
419	-53.518370
420	-46.468879
421	-25.579531
422	-37.252988
423	-17.196529
424	-41.790963
425	-10.513696
426	-18.434326
427	-31.127867
428	-12.560375
429	-68.719615
430	-77.689454
431	-22.348527
432	-50.026106
433	-50.666740
434	-72.417912
435	-92.119319
436	-85.462817
437	-79.169292
438	-98.330922
439	-10.611549
440	-74.672332
441	-92.939155
442	-68.490450
443	-58.513262
444	-2.508416
445	-33.735716
446	-17.496933
447	-10.075661
448	-32.778380
449	-62.055082
450	-1.892743
451	-63.468177
452	-53.234437
453	-81.185971
454	-32.845147
455	-87.855957
456	-48.157874
457	-74.096961
458	-97.126120
459	-65.543798
460	-59.367068
461	-44.637327
462	-62.393469
463	-58.136676
464	-53.434320
465	-71.468370
466	-41.816448
467	-30.841861
468	-86.752788
469	-4.123376
470	-23.905559
471	-37.739097
472	-91.953119
473	-46.573199
474	-28.521237
475	-60.638186
476	-4.756234
477	-33.806648
478	-47.583494
479	-35.312343
480	-9.836631
481	-16.106174
482	-62.003585
483	-85.789796
484	-9.768804
485	-23.647569
486	-44.429218
487	-77.094581
488	-50.118617
489	-45.867382
490	-21.689546
491	-76.352132
492	-15.910446
493	-51.504014
494	-37.165771
495	-64.835595
496	-2.514446
497	-57.163149
498	-22.363029
499	-93.173983
500	-26.311656
501	-54.381743
502	-46.078844
503	-50.890479
504	-95.287829
505	-39.968055
506	-80.863882
507	-51.742833
508	-29.510956
509	-12.928317
510	-3.265139
511	-5.615126
512	-71.343550
513	-96.667276
514	-67.633043
515	-70.220736
516	-22.322018
517	-53.142993
518	-63.481286
519	-4.835673
520	-14.442290
521	-16.061992
522	-83.994609
523	-97.782110
524	-7.251728
525	-43.593096
526	-63.360515
527	-72.109754
528	-24.071372
529	-77.643597
530	-50.971743
531	-56.700004
532	-92.462344
533	-87.227515
534	-4.703018
535	-68.271983
536	-36.462980
537	-10.043525
538	-92.839011
539	-66.276530
540	-45.832328
541	-52.598589
542	-83.624729
543	-13.394507
544	-15.080787
545	-63.787114
546	-83.947875
547	-92.300543
548	-87.451660
549	-92.737008
550	-65.477484
551	-33.061543
552	-15.585585
553	-97.569304
554	-13.575974
555	-2.463673
556	-45.393237
557	-16.025464
558	-20.896419
559	-54.511700
560	-33.099701
561	-96.972983
562	-42.776611
563	-65.267830
564	-76.474398
565	-5.534876
566	-25.868429
567	-53.375744
568	-93.395269
569	-30.538539
570	-13.662651
571	-70.048842
572	-38.067615
573	-90.460263
574	-97.650410
575	-33.910179
576	-47.562871
577	-16.662970
578	-22.198353
579	-14.600888
580	-66.616772
581	-6.953497
582	-88.607176
583	-20.066504
584	-92.581367
585	-75.836073
586	-85.823258
587	-99.231092
588	-94.496289
589	-79.301515
590	-80.093521
591	-38.920276
592	-12.185772
593	-35.134353
594	-68.071878
595	-27.851508
596	-13.483195
597	-53.354715
598	-60.875218
599	-30.596133
600	-40.977573
601	-22.691079
602	-37.511939
603	-18.770331
604	-75.168697
605	-62.864783
606	-32.728366
607	-16.071622
608	-23.673159
609	-35.798087
610	-85.005782
611	-88.517679
612	-71.575731
613	-92.824740
614	-85.681409
615	-32.074902
616	-80.878263
617	-26.338583
618	-70.658822
619	-81.604780
620	-43.876862
621	-33.241835
622	-27.922533
623	-41.466057
624	-15.355897
625	-85.565981
626	-86.735374
627	-65.270035
628	-18.679520
629	-18.211079
630	-67.171744
631	-20.281490
632	-25.705544
633	-51.897900
634	-38.937863
635	-66.837079
636	-15.490571
637	-39.501110
638	-46.597325
639	-74.248047
640	-30.177092
641	-84.490209
642	-48.510436
643	-71.796939
644	-56.175253
645	-60.225114
646	-96.347966
647	-2.983068
648	-71.634551
649	-66.910687
650	-24.645576
651	-7.482732
652	-52.269026
653	-4.579136
654	-53.139660
655	-25.092443
656	-7.302564
657	-55.304737
658	-14.715928
659	-45.135573
660	-49.776287
661	-62.956107
662	-65.668801
663	-24.171925
664	-88.780489
665	-42.475480
666	-87.484327
667	-95.647229
668	-56.320238
669	-85.375008
670	-74.762968
671	-80.936597
672	-39.445526
673	-84.532239
674	-4.935706
675	-2.200929
676	-47.218169
677	-72.061155
678	-91.376237
679	-60.957341
680	-14.435618
681	-20.284200
682	-19.993645
683	-51.524128
684	-65.637167
685	-30.666713
686	-56.158954
687	-2.404967
688	-69.154188
689	-8.386725
690	-7.814541
691	-33.432303
692	-4.315371
693	-98.994999
694	-39.819997
695	-5.088919
696	-44.862061
697	-97.423786
698	-93.142419
699	-49.138584
700	-16.400484
701	-8.651321
702	-71.108792
703	-20.363313
704	-84.655381
705	-84.740283
706	-83.251331
707	-76.666453
708	-64.248455
709	-42.194481
710	-80.286684
711	-46.212731
712	-31.448505
713	-5.984166
714	-57.250120
715	-35.961900
716	-59.709718
717	-47.658382
718	-63.501701
719	-76.184215
720	-96.619898
721	-22.479348
722	-6.839519
723	-82.178187
724	-51.086595
725	-42.193950
726	-34.696442
727	-63.120331
728	-2.526724
729	-38.784192
730	-84.748422
731	-47.326649
732	-83.789564
733	-49.926456
734	-53.568909
735	-18.244198
736	-58.191294
737	-86.174175
738	-29.622514
739	-32.555201
740	-62.918130
741	-72.175096
742	-40.533440
743	-9.329734
744	-5.748975
745	-47.602253
746	-43.036479
747	-96.079247
748	-1.072270
749	-58.370131
750	-5.801538
751	-92.453406
752	-72.370361
753	-65.242968
754	-50.689471
755	-6.520393
756	-59.446940
757	-5.981444
758	-36.659677
759	-39.423091
760	-87.013678
761	-52.984291
762	-32.047753
763	-32.412896
764	-62.412476
765	-77.375691
766	-60.170317
767	-71.166580
768	-31.220221
769	-51.948987
770	-93.867769
771	-39.501213
772	-33.301919
773	-56.348056
774	-14.603990
775	-55.122560
776	-22.115892
777	-29.447786
778	-7.419108
779	-21.545813
780	-10.160412
781	-51.062031
782	-46.764104
783	-27.482420
784	-24.390523
785	-11.202098
786	-52.838635
787	-64.586477
788	-43.598404
789	-55.387928
790	-85.069016
791	-5.119721
792	-38.053897
793	-23.929317
794	-57.035951
795	-57.219279
796	-56.709126
797	-16.098522
798	-9.741429
799	-77.721130
800	-81.249381
801	-41.247803
802	-79.341740
803	-25.992773
804	-6.740097
805	-64.707824
806	-49.469064
807	-2.641398
808	-86.498907
809	-46.672816
810	-1.388518
811	-75.330329
812	-20.040985
813	-77.938645
814	-56.397081
815	-54.347196
816	-51.599143
817	-76.300282
818	-49.415382
819	-19.194514
820	-45.100125
821	-56.672159
822	-39.663722
823	-61.832589
824	-15.248841
825	-78.406011
826	-55.822004
827	-49.915944
828	-91.741135
829	-6.919943
830	-7.457098
831	-29.230368
832	-20.384519
833	-4.329516
834	-17.693957
835	-75.022950
836	-36.905959
837	-78.006940
838	-6.979890
839	-48.666729
840	-76.182073
841	-88.721664
842	-47.066559
843	-8.623295
844	-97.341944
845	-95.420936
846	-19.517520
847	-80.744516
848	-27.746331
849	-97.071016
850	-25.306524
851	-50.862380
852	-83.786542
853	-22.985293
854	-53.890891
855	-38.090756
856	-83.239436
857	-81.777698
858	-91.644002
859	-26.880072
860	-11.352930
861	-52.759223
862	-10.919977
863	-48.723848
864	-27.597818
865	-56.435131
866	-96.893276
867	-68.358593
868	-81.660499
869	-83.866460
870	-80.513695
871	-59.681823
872	-44.977575
873	-66.520558
874	-16.567612
875	-38.712370
876	-13.863229
877	-93.406523
878	-4.201014
879	-24.485054
880	-57.158383
881	-70.412823
882	-77.517797
883	-37.075249
884	-61.123379
885	-23.329181
886	-28.773865
887	-49.626147
888	-84.460643
889	-41.798129
890	-31.127819
891	-2.194891
892	-22.599517
893	-44.485616
894	-46.852179
895	-85.917053
896	-8.600210
897	-58.352991
898	-26.560648
899	-45.104490
900	-3.347771
901	-51.805642
902	-48.037854
903	-33.549704
904	-72.301704
905	-69.368007
906	-27.493395
907	-45.948280
908	-9.098647
909	-33.723668
910	-2.387561
911	-66.808790
912	-91.167460
913	-43.484246
914	-0.379227
915	-22.221508
916	-80.055183
917	-59.279953
918	-30.625496
919	-36.026756
920	-86.656782
921	-24.667781
922	-8.736125
923	-32.301643
924	-3.473266
925	-7.825369
926	-88.767410
927	-94.103389
928	-10.569807
929	-38.942882
930	-79.288268
931	-28.553276
932	-88.248630
933	-99.736875
934	-29.278938
935	-74.747903
936	-83.462132
937	-68.853070
938	-56.264367
939	-79.164208
940	-14.336831
941	-10.185337
942	-87.082095
943	-75.685143
944	-13.746622
945	-72.969820
946	-77.912861
947	-36.017533
948	-77.673440
949	-76.775700
950	-51.720112
951	-24.077772
952	-65.997632
953	-96.989491
954	-96.870401
955	-84.969037
956	-71.607775
957	-38.249423
958	-2.522087
959	-92.130746
960	-87.268130
961	-55.125008
962	-88.914530
963	-58.962508
964	-33.289618
965	-39.428745
966	-31.268300
967	-61.757487
968	-69.467652
969	-21.196580
970	-76.741461
971	-91.227459
972	-58.483736
973	-97.307932
974	-98.879141
975	-25.590442
976	-12.428553
977	-49.222991
978	-42.459003
979	-2.580786
980	-27.204808
981	-28.057036
982	-27.037162
983	-4.861955
984	-43.326588
985	-62.441199
986	-88.665668
987	-22.233998
988	-64.666872
989	-93.615702
990	-95.665509
991	-88.539794
992	-78.277584
993	-32.810074
994	-31.115822
995	-57.923004
996	-19.882954
997	-47.095573
998	-10.214032
999	-75.377913
1000	-70.850063
;

param: weight :=
1	86.526484
2	21.588684
3	30.881334
4	17.852152
5	96.399021
6	12.316421
7	81.508255
8	21.853224
9	3.278424
10	80.231915
11	18.808703
12	80.752354
13	77.703839
14	95.010858
15	38.261819
16	50.761960
17	95.595229
18	17.569634
19	11.893099
20	43.550971
21	23.684675
22	72.230399
23	60.829363
24	6.481126
25	67.177994
26	34.121356
27	20.516643
28	29.985938
29	5.514537
30	58.340393
31	65.439764
32	73.912144
33	28.573900
34	77.351252
35	49.499506
36	73.049427
37	39.645990
38	54.599692
39	86.708253
40	9.068350
41	20.630797
42	13.845904
43	24.020195
44	86.780593
45	71.647435
46	71.149974
47	55.840078
48	53.081941
49	51.120729
50	27.192650
51	82.732347
52	40.249634
53	96.001972
54	96.465566
55	87.160672
56	42.690646
57	17.093532
58	95.877739
59	39.088188
60	96.056629
61	96.637698
62	39.459425
63	37.735382
64	48.326562
65	95.526505
66	45.633442
67	95.144759
68	50.258999
69	92.874855
70	57.617793
71	23.392949
72	44.579403
73	28.379366
74	54.768846
75	1.380917
76	33.998703
77	28.925904
78	19.942483
79	25.212602
80	74.667444
81	33.326959
82	43.163454
83	2.910626
84	9.287193
85	1.155556
86	23.680544
87	44.885079
88	90.490891
89	49.186594
90	37.420062
91	91.813065
92	10.323265
93	48.994487
94	7.585963
95	91.892496
96	6.528577
97	37.588338
98	71.915343
99	29.255621
100	98.504915
101	23.960025
102	28.511351
103	85.647104
104	38.047600
105	14.838210
106	86.577169
107	47.254220
108	93.751165
109	49.962660
110	94.965262
111	54.230843
112	12.805724
113	99.844342
114	4.827435
115	92.920770
116	95.991243
117	61.559280
118	81.823213
119	87.522191
120	4.045593
121	86.220810
122	46.285731
123	51.799018
124	83.325723
125	18.696713
126	51.029285
127	45.602429
128	35.116864
129	33.004889
130	9.083102
131	97.732930
132	9.204482
133	41.305982
134	66.630508
135	99.692879
136	83.723599
137	30.860738
138	76.846172
139	19.285843
140	46.857952
141	47.925661
142	65.693673
143	97.543580
144	54.052652
145	61.847208
146	77.225115
147	73.625653
148	53.160643
149	14.294632
150	38.919896
151	27.154991
152	60.207917
153	23.731428
154	99.707892
155	37.130267
156	91.949252
157	85.473596
158	80.568218
159	43.966648
160	83.646330
161	67.111672
162	7.712198
163	66.101629
164	98.938868
165	98.750267
166	82.292735
167	98.035169
168	29.493991
169	52.443524
170	77.249981
171	6.701178
172	11.896766
173	53.926642
174	48.266792
175	88.686255
176	87.751953
177	79.403868
178	41.313149
179	79.882162
180	38.358175
181	90.336212
182	5.588733
183	26.247271
184	80.333293
185	55.799796
186	33.576493
187	10.027315
188	72.495538
189	3.585532
190	71.956968
191	86.943968
192	68.774478
193	44.459018
194	68.609120
195	36.793582
196	31.923329
197	64.495977
198	69.612568
199	59.019627
200	4.948462
201	27.635327
202	19.694064
203	54.597977
204	70.898454
205	30.313131
206	9.642157
207	92.794141
208	10.427222
209	40.748586
210	87.626511
211	64.838117
212	76.675198
213	60.523210
214	68.472808
215	15.449515
216	34.448997
217	55.284497
218	10.175037
219	72.345905
220	4.216721
221	29.884162
222	1.396843
223	82.371326
224	64.778749
225	25.804436
226	65.656141
227	96.795647
228	78.631590
229	49.934501
230	32.221972
231	40.311867
232	59.193100
233	92.021819
234	66.611358
235	16.054002
236	25.349527
237	44.819764
238	90.980184
239	59.616792
240	62.512081
241	30.873737
242	3.184204
243	72.567153
244	12.703919
245	85.721331
246	2.026682
247	73.293666
248	27.836244
249	84.318039
250	77.659410
251	46.789649
252	68.805756
253	17.223311
254	84.663068
255	9.973851
256	39.044730
257	30.428999
258	21.673203
259	53.757975
260	86.860608
261	70.192952
262	36.975378
263	78.220016
264	85.386667
265	93.760510
266	79.756590
267	98.841412
268	17.752571
269	12.925186
270	88.480089
271	73.730745
272	35.522133
273	92.769883
274	93.045608
275	23.310002
276	53.354147
277	80.631555
278	6.806665
279	45.627065
280	33.767318
281	32.078347
282	17.270686
283	56.523529
284	79.726118
285	77.702193
286	58.380124
287	9.134218
288	85.517791
289	1.215800
290	46.403395
291	82.029371
292	93.174669
293	35.726328
294	7.541743
295	2.585853
296	36.693438
297	85.007923
298	17.955207
299	52.493484
300	4.477540
301	8.655892
302	60.011945
303	75.945914
304	90.039821
305	42.970512
306	59.663593
307	36.570106
308	48.919030
309	84.216910
310	4.296514
311	46.191953
312	25.961786
313	49.807460
314	37.312909
315	82.598163
316	47.834372
317	64.976691
318	20.067514
319	57.629895
320	70.851952
321	54.103361
322	43.308360
323	92.500009
324	53.961317
325	98.542488
326	37.460734
327	59.368773
328	48.800987
329	59.104608
330	48.287514
331	11.116144
332	20.716560
333	53.271658
334	38.882531
335	19.142048
336	98.747155
337	58.875748
338	85.862162
339	82.550574
340	37.519322
341	94.521905
342	13.678220
343	92.628916
344	88.645860
345	41.952666
346	67.896180
347	39.645759
348	82.236209
349	53.308993
350	53.045492
351	44.543551
352	61.394527
353	86.713796
354	47.133984
355	73.975738
356	58.581910
357	90.368984
358	3.335303
359	64.581549
360	49.675019
361	93.372842
362	71.912576
363	1.497728
364	57.271802
365	66.612659
366	63.885271
367	10.596619
368	39.742190
369	7.521192
370	2.554991
371	90.426668
372	7.309850
373	91.671603
374	67.346151
375	2.501683
376	31.823860
377	52.207300
378	79.985694
379	82.619766
380	85.048638
381	86.100152
382	94.500029
383	61.726535
384	80.066590
385	32.219764
386	91.988756
387	85.478083
388	54.340354
389	79.944122
390	80.596277
391	9.576518
392	84.748742
393	34.850865
394	98.518789
395	40.911103
396	76.797973
397	60.457618
398	10.587928
399	19.366533
400	17.112931
401	52.099017
402	1.107758
403	26.959681
404	69.643072
405	90.485704
406	47.655329
407	85.893546
408	25.813174
409	68.125970
410	69.340188
411	89.599856
412	93.274150
413	96.833392
414	45.098121
415	3.347258
416	84.917432
417	22.932086
418	84.954801
419	22.533713
420	96.714688
421	74.783911
422	92.230682
423	38.900660
424	80.221217
425	67.780651
426	86.752728
427	88.178358
428	23.548001
429	92.847371
430	78.358733
431	54.938236
432	53.721036
433	98.943188
434	86.581111
435	24.409309
436	94.672201
437	97.579381
438	37.999779
439	25.940197
440	72.202321
441	15.795914
442	11.682465
443	74.316685
444	57.681491
445	10.282671
446	58.378776
447	1.205463
448	10.272908
449	90.674150
450	64.048406
451	63.569912
452	77.566499
453	62.704049
454	66.344023
455	13.227355
456	47.432663
457	91.874955
458	66.061098
459	75.724103
460	72.582132
461	3.304615
462	13.753202
463	6.681973
464	52.260677
465	45.541579
466	69.917017
467	54.273506
468	66.168396
469	53.603189
470	3.354488
471	95.086072
472	5.323004
473	99.655509
474	29.510918
475	95.138039
476	67.190025
477	12.209023
478	32.823836
479	99.478377
480	92.865726
481	23.991766
482	72.618819
483	57.894861
484	95.076299
485	17.622980
486	29.518938
487	83.455433
488	48.516762
489	45.488991
490	77.318748
491	68.692377
492	20.566983
493	38.515482
494	34.927870
495	50.198922
496	11.115176
497	4.671335
498	73.181069
499	62.340144
500	72.386606
501	5.696778
502	53.510524
503	11.297962
504	97.390049
505	99.213034
506	59.918754
507	45.920147
508	20.349699
509	66.802360
510	29.307820
511	29.610579
512	86.445095
513	57.924840
514	8.583099
515	73.674749
516	24.786124
517	56.064085
518	95.734454
519	14.949549
520	59.379286
521	58.425898
522	53.569223
523	88.859114
524	60.924894
525	97.042990
526	5.354507
527	79.703312
528	62.984500
529	87.595687
530	85.209995
531	57.338946
532	65.664682
533	18.831899
534	79.538932
535	26.417408
536	74.263003
537	79.060594
538	81.602481
539	1.079966
540	69.702927
541	13.992293
542	63.363641
543	10.285038
544	25.926876
545	91.573125
546	80.131687
547	46.807489
548	23.238885
549	12.142618
550	69.878217
551	36.055768
552	95.602723
553	27.827700
554	89.534781
555	3.383271
556	83.490305
557	76.236759
558	87.343292
559	23.412080
560	72.883508
561	20.886211
562	83.138022
563	97.855630
564	32.448479
565	20.874366
566	95.127999
567	66.445788
568	74.268856
569	93.613064
570	61.399660
571	68.966392
572	78.908152
573	87.552671
574	54.322481
575	49.754078
576	38.748223
577	60.761880
578	1.931695
579	79.459064
580	95.674195
581	77.917547
582	52.192556
583	43.045607
584	39.318327
585	37.077496
586	86.850708
587	87.716355
588	37.455620
589	53.522853
590	70.900618
591	27.225638
592	63.296016
593	14.797097
594	46.922544
595	91.289051
596	31.177596
597	1.256439
598	92.625407
599	70.828183
600	46.931357
601	8.288650
602	37.021558
603	34.787851
604	79.857489
605	7.106315
606	16.654449
607	3.359346
608	54.970233
609	6.917371
610	65.208395
611	83.710719
612	35.263279
613	79.589308
614	42.471823
615	67.486123
616	59.457226
617	57.196833
618	10.776024
619	92.738690
620	94.832812
621	50.474347
622	58.910297
623	18.601418
624	77.111170
625	62.133404
626	55.717130
627	80.341326
628	71.984523
629	93.000401
630	27.705160
631	56.803094
632	48.538346
633	46.557800
634	17.548332
635	21.653947
636	99.593822
637	81.760633
638	67.206113
639	13.165176
640	29.076362
641	21.126124
642	44.619558
643	3.135175
644	79.700009
645	34.586278
646	34.440865
647	83.724772
648	37.434655
649	43.816620
650	5.364418
651	76.973906
652	52.616891
653	74.587913
654	65.410272
655	67.449709
656	31.570465
657	34.710546
658	39.544515
659	55.628843
660	6.419259
661	22.362511
662	53.566396
663	12.028244
664	6.642164
665	1.751912
666	98.344328
667	7.431563
668	45.857389
669	28.215319
670	54.981452
671	24.797546
672	52.696481
673	30.456867
674	26.466916
675	30.386287
676	46.471309
677	26.195198
678	89.777879
679	94.615334
680	62.652036
681	69.713575
682	38.000415
683	36.107623
684	93.645765
685	90.869080
686	99.731061
687	26.627479
688	84.771243
689	16.199999
690	95.234389
691	16.618010
692	77.868006
693	14.406367
694	72.869436
695	99.649642
696	15.552606
697	16.442584
698	36.598552
699	38.155351
700	61.135327
701	81.468052
702	2.300072
703	87.251963
704	63.777998
705	93.319934
706	64.662843
707	60.373244
708	21.439976
709	34.544009
710	39.701856
711	98.344587
712	8.924328
713	46.978576
714	62.106681
715	8.936675
716	76.307353
717	48.447773
718	95.673105
719	74.115743
720	4.135633
721	27.000252
722	67.987202
723	17.196291
724	12.666318
725	20.717144
726	27.104335
727	5.331045
728	91.521266
729	74.240913
730	20.661274
731	13.003571
732	83.619268
733	37.225233
734	62.778473
735	7.988500
736	69.132953
737	55.977470
738	66.253835
739	82.112461
740	29.273042
741	45.688185
742	62.553978
743	71.446237
744	96.349381
745	19.644349
746	91.778250
747	94.111404
748	45.399831
749	57.557044
750	56.884384
751	34.035822
752	74.866508
753	61.458541
754	34.564290
755	67.859733
756	61.406026
757	28.200752
758	48.834443
759	77.997652
760	45.331225
761	97.787580
762	45.607897
763	48.671082
764	7.222053
765	18.722672
766	3.124504
767	34.164718
768	35.654931
769	62.346370
770	78.320425
771	46.455601
772	28.133081
773	54.143884
774	17.462259
775	17.345535
776	88.418300
777	50.082622
778	90.672420
779	73.718658
780	12.128660
781	90.550879
782	99.797621
783	59.324965
784	23.378924
785	19.440426
786	48.266217
787	34.689534
788	85.012151
789	89.946554
790	59.088399
791	77.330302
792	68.222043
793	53.541725
794	17.086867
795	43.879867
796	89.949977
797	80.838759
798	63.688711
799	49.587506
800	52.743010
801	31.778517
802	26.210211
803	89.717425
804	20.323798
805	84.976478
806	88.215141
807	35.113961
808	13.173487
809	83.530035
810	39.077469
811	88.332827
812	17.637435
813	24.472531
814	43.626085
815	39.637220
816	52.367517
817	6.161467
818	89.596490
819	19.119509
820	51.865003
821	28.914981
822	28.230412
823	7.660490
824	81.958426
825	54.311789
826	16.885461
827	78.636376
828	86.661660
829	79.986661
830	91.183276
831	20.689567
832	12.154855
833	43.277446
834	31.409201
835	60.812590
836	93.864672
837	27.349777
838	20.401879
839	85.913302
840	58.835965
841	5.174879
842	27.225439
843	33.452731
844	96.418604
845	59.374684
846	83.486577
847	31.398635
848	58.778925
849	63.280818
850	15.394228
851	71.916977
852	2.855327
853	29.677883
854	16.884746
855	69.934125
856	39.147950
857	29.267320
858	16.415061
859	99.827381
860	71.523791
861	43.882377
862	15.344773
863	4.320408
864	37.484460
865	97.367208
866	86.597718
867	10.909768
868	29.006561
869	16.151233
870	11.883533
871	81.519868
872	3.885314
873	80.563964
874	63.373073
875	22.576624
876	97.573493
877	8.038112
878	94.228962
879	94.940349
880	35.294342
881	52.475819
882	58.478857
883	1.450453
884	75.620508
885	24.980734
886	43.349210
887	4.335569
888	35.602881
889	7.010829
890	29.747794
891	79.523746
892	1.697489
893	38.467946
894	56.969296
895	45.254074
896	13.101822
897	50.723699
898	21.806483
899	51.473163
900	86.040218
901	96.044151
902	45.893658
903	57.934869
904	34.735955
905	63.372671
906	73.883642
907	69.521745
908	23.882240
909	9.842468
910	42.548881
911	50.883345
912	86.363878
913	45.092182
914	98.972762
915	35.061402
916	72.158462
917	57.214085
918	63.004729
919	27.596276
920	40.653031
921	30.624630
922	46.196169
923	23.401933
924	79.301611
925	18.055282
926	4.140560
927	21.248620
928	40.351148
929	33.862504
930	83.773056
931	52.424676
932	59.396087
933	16.208281
934	75.185499
935	24.355989
936	90.346359
937	10.889713
938	97.019426
939	89.054781
940	16.955717
941	15.365456
942	80.178139
943	38.964821
944	70.312811
945	24.579902
946	35.164760
947	61.672672
948	79.352516
949	21.728561
950	38.608209
951	95.926783
952	46.191153
953	83.482470
954	63.979794
955	31.746821
956	88.124440
957	22.327215
958	60.935993
959	79.933303
960	89.508845
961	56.883981
962	54.899753
963	93.680081
964	91.348379
965	65.677093
966	37.128384
967	98.260221
968	77.845133
969	56.189913
970	67.449842
971	64.881219
972	25.963780
973	21.557668
974	67.907864
975	59.076460
976	1.763640
977	37.764085
978	82.383806
979	85.164170
980	75.612652
981	13.006021
982	97.579840
983	50.435314
984	22.712786
985	73.198961
986	95.889508
987	73.197397
988	64.971737
989	21.673810
990	26.850328
991	15.576185
992	12.942572
993	22.808149
994	48.733912
995	56.177136
996	60.520499
997	98.795275
998	49.683804
999	90.694096
1000	79.685034
;

param: U :=
1	100.000000
2	100.000000
3	100.000000
4	100.000000
5	100.000000
6	100.000000
7	100.000000
8	100.000000
9	100.000000
10	100.000000
11	100.000000
12	100.000000
13	100.000000
14	100.000000
15	100.000000
16	100.000000
17	100.000000
18	100.000000
19	100.000000
20	100.000000
21	100.000000
22	100.000000
23	100.000000
24	100.000000
25	100.000000
26	100.000000
27	100.000000
28	100.000000
29	100.000000
30	100.000000
31	100.000000
32	100.000000
33	100.000000
34	100.000000
35	100.000000
36	100.000000
37	100.000000
38	100.000000
39	100.000000
40	100.000000
41	100.000000
42	100.000000
43	100.000000
44	100.000000
45	100.000000
46	100.000000
47	100.000000
48	100.000000
49	100.000000
50	100.000000
51	100.000000
52	100.000000
53	100.000000
54	100.000000
55	100.000000
56	100.000000
57	100.000000
58	100.000000
59	100.000000
60	100.000000
61	100.000000
62	100.000000
63	100.000000
64	100.000000
65	100.000000
66	100.000000
67	100.000000
68	100.000000
69	100.000000
70	100.000000
71	100.000000
72	100.000000
73	100.000000
74	100.000000
75	100.000000
76	100.000000
77	100.000000
78	100.000000
79	100.000000
80	100.000000
81	100.000000
82	100.000000
83	100.000000
84	100.000000
85	100.000000
86	100.000000
87	100.000000
88	100.000000
89	100.000000
90	100.000000
91	100.000000
92	100.000000
93	100.000000
94	100.000000
95	100.000000
96	100.000000
97	100.000000
98	100.000000
99	100.000000
100	100.000000
101	100.000000
102	100.000000
103	100.000000
104	100.000000
105	100.000000
106	100.000000
107	100.000000
108	100.000000
109	100.000000
110	100.000000
111	100.000000
112	100.000000
113	100.000000
114	100.000000
115	100.000000
116	100.000000
117	100.000000
118	100.000000
119	100.000000
120	100.000000
121	100.000000
122	100.000000
123	100.000000
124	100.000000
125	100.000000
126	100.000000
127	100.000000
128	100.000000
129	100.000000
130	100.000000
131	100.000000
132	100.000000
133	100.000000
134	100.000000
135	100.000000
136	100.000000
137	100.000000
138	100.000000
139	100.000000
140	100.000000
141	100.000000
142	100.000000
143	100.000000
144	100.000000
145	100.000000
146	100.000000
147	100.000000
148	100.000000
149	100.000000
150	100.000000
151	100.000000
152	100.000000
153	100.000000
154	100.000000
155	100.000000
156	100.000000
157	100.000000
158	100.000000
159	100.000000
160	100.000000
161	100.000000
162	100.000000
163	100.000000
164	100.000000
165	100.000000
166	100.000000
167	100.000000
168	100.000000
169	100.000000
170	100.000000
171	100.000000
172	100.000000
173	100.000000
174	100.000000
175	100.000000
176	100.000000
177	100.000000
178	100.000000
179	100.000000
180	100.000000
181	100.000000
182	100.000000
183	100.000000
184	100.000000
185	100.000000
186	100.000000
187	100.000000
188	100.000000
189	100.000000
190	100.000000
191	100.000000
192	100.000000
193	100.000000
194	100.000000
195	100.000000
196	100.000000
197	100.000000
198	100.000000
199	100.000000
200	100.000000
201	100.000000
202	100.000000
203	100.000000
204	100.000000
205	100.000000
206	100.000000
207	100.000000
208	100.000000
209	100.000000
210	100.000000
211	100.000000
212	100.000000
213	100.000000
214	100.000000
215	100.000000
216	100.000000
217	100.000000
218	100.000000
219	100.000000
220	100.000000
221	100.000000
222	100.000000
223	100.000000
224	100.000000
225	100.000000
226	100.000000
227	100.000000
228	100.000000
229	100.000000
230	100.000000
231	100.000000
232	100.000000
233	100.000000
234	100.000000
235	100.000000
236	100.000000
237	100.000000
238	100.000000
239	100.000000
240	100.000000
241	100.000000
242	100.000000
243	100.000000
244	100.000000
245	100.000000
246	100.000000
247	100.000000
248	100.000000
249	100.000000
250	100.000000
251	100.000000
252	100.000000
253	100.000000
254	100.000000
255	100.000000
256	100.000000
257	100.000000
258	100.000000
259	100.000000
260	100.000000
261	100.000000
262	100.000000
263	100.000000
264	100.000000
265	100.000000
266	100.000000
267	100.000000
268	100.000000
269	100.000000
270	100.000000
271	100.000000
272	100.000000
273	100.000000
274	100.000000
275	100.000000
276	100.000000
277	100.000000
278	100.000000
279	100.000000
280	100.000000
281	100.000000
282	100.000000
283	100.000000
284	100.000000
285	100.000000
286	100.000000
287	100.000000
288	100.000000
289	100.000000
290	100.000000
291	100.000000
292	100.000000
293	100.000000
294	100.000000
295	100.000000
296	100.000000
297	100.000000
298	100.000000
299	100.000000
300	100.000000
301	100.000000
302	100.000000
303	100.000000
304	100.000000
305	100.000000
306	100.000000
307	100.000000
308	100.000000
309	100.000000
310	100.000000
311	100.000000
312	100.000000
313	100.000000
314	100.000000
315	100.000000
316	100.000000
317	100.000000
318	100.000000
319	100.000000
320	100.000000
321	100.000000
322	100.000000
323	100.000000
324	100.000000
325	100.000000
326	100.000000
327	100.000000
328	100.000000
329	100.000000
330	100.000000
331	100.000000
332	100.000000
333	100.000000
334	100.000000
335	100.000000
336	100.000000
337	100.000000
338	100.000000
339	100.000000
340	100.000000
341	100.000000
342	100.000000
343	100.000000
344	100.000000
345	100.000000
346	100.000000
347	100.000000
348	100.000000
349	100.000000
350	100.000000
351	100.000000
352	100.000000
353	100.000000
354	100.000000
355	100.000000
356	100.000000
357	100.000000
358	100.000000
359	100.000000
360	100.000000
361	100.000000
362	100.000000
363	100.000000
364	100.000000
365	100.000000
366	100.000000
367	100.000000
368	100.000000
369	100.000000
370	100.000000
371	100.000000
372	100.000000
373	100.000000
374	100.000000
375	100.000000
376	100.000000
377	100.000000
378	100.000000
379	100.000000
380	100.000000
381	100.000000
382	100.000000
383	100.000000
384	100.000000
385	100.000000
386	100.000000
387	100.000000
388	100.000000
389	100.000000
390	100.000000
391	100.000000
392	100.000000
393	100.000000
394	100.000000
395	100.000000
396	100.000000
397	100.000000
398	100.000000
399	100.000000
400	100.000000
401	100.000000
402	100.000000
403	100.000000
404	100.000000
405	100.000000
406	100.000000
407	100.000000
408	100.000000
409	100.000000
410	100.000000
411	100.000000
412	100.000000
413	100.000000
414	100.000000
415	100.000000
416	100.000000
417	100.000000
418	100.000000
419	100.000000
420	100.000000
421	100.000000
422	100.000000
423	100.000000
424	100.000000
425	100.000000
426	100.000000
427	100.000000
428	100.000000
429	100.000000
430	100.000000
431	100.000000
432	100.000000
433	100.000000
434	100.000000
435	100.000000
436	100.000000
437	100.000000
438	100.000000
439	100.000000
440	100.000000
441	100.000000
442	100.000000
443	100.000000
444	100.000000
445	100.000000
446	100.000000
447	100.000000
448	100.000000
449	100.000000
450	100.000000
451	100.000000
452	100.000000
453	100.000000
454	100.000000
455	100.000000
456	100.000000
457	100.000000
458	100.000000
459	100.000000
460	100.000000
461	100.000000
462	100.000000
463	100.000000
464	100.000000
465	100.000000
466	100.000000
467	100.000000
468	100.000000
469	100.000000
470	100.000000
471	100.000000
472	100.000000
473	100.000000
474	100.000000
475	100.000000
476	100.000000
477	100.000000
478	100.000000
479	100.000000
480	100.000000
481	100.000000
482	100.000000
483	100.000000
484	100.000000
485	100.000000
486	100.000000
487	100.000000
488	100.000000
489	100.000000
490	100.000000
491	100.000000
492	100.000000
493	100.000000
494	100.000000
495	100.000000
496	100.000000
497	100.000000
498	100.000000
499	100.000000
500	100.000000
501	100.000000
502	100.000000
503	100.000000
504	100.000000
505	100.000000
506	100.000000
507	100.000000
508	100.000000
509	100.000000
510	100.000000
511	100.000000
512	100.000000
513	100.000000
514	100.000000
515	100.000000
516	100.000000
517	100.000000
518	100.000000
519	100.000000
520	100.000000
521	100.000000
522	100.000000
523	100.000000
524	100.000000
525	100.000000
526	100.000000
527	100.000000
528	100.000000
529	100.000000
530	100.000000
531	100.000000
532	100.000000
533	100.000000
534	100.000000
535	100.000000
536	100.000000
537	100.000000
538	100.000000
539	100.000000
540	100.000000
541	100.000000
542	100.000000
543	100.000000
544	100.000000
545	100.000000
546	100.000000
547	100.000000
548	100.000000
549	100.000000
550	100.000000
551	100.000000
552	100.000000
553	100.000000
554	100.000000
555	100.000000
556	100.000000
557	100.000000
558	100.000000
559	100.000000
560	100.000000
561	100.000000
562	100.000000
563	100.000000
564	100.000000
565	100.000000
566	100.000000
567	100.000000
568	100.000000
569	100.000000
570	100.000000
571	100.000000
572	100.000000
573	100.000000
574	100.000000
575	100.000000
576	100.000000
577	100.000000
578	100.000000
579	100.000000
580	100.000000
581	100.000000
582	100.000000
583	100.000000
584	100.000000
585	100.000000
586	100.000000
587	100.000000
588	100.000000
589	100.000000
590	100.000000
591	100.000000
592	100.000000
593	100.000000
594	100.000000
595	100.000000
596	100.000000
597	100.000000
598	100.000000
599	100.000000
600	100.000000
601	100.000000
602	100.000000
603	100.000000
604	100.000000
605	100.000000
606	100.000000
607	100.000000
608	100.000000
609	100.000000
610	100.000000
611	100.000000
612	100.000000
613	100.000000
614	100.000000
615	100.000000
616	100.000000
617	100.000000
618	100.000000
619	100.000000
620	100.000000
621	100.000000
622	100.000000
623	100.000000
624	100.000000
625	100.000000
626	100.000000
627	100.000000
628	100.000000
629	100.000000
630	100.000000
631	100.000000
632	100.000000
633	100.000000
634	100.000000
635	100.000000
636	100.000000
637	100.000000
638	100.000000
639	100.000000
640	100.000000
641	100.000000
642	100.000000
643	100.000000
644	100.000000
645	100.000000
646	100.000000
647	100.000000
648	100.000000
649	100.000000
650	100.000000
651	100.000000
652	100.000000
653	100.000000
654	100.000000
655	100.000000
656	100.000000
657	100.000000
658	100.000000
659	100.000000
660	100.000000
661	100.000000
662	100.000000
663	100.000000
664	100.000000
665	100.000000
666	100.000000
667	100.000000
668	100.000000
669	100.000000
670	100.000000
671	100.000000
672	100.000000
673	100.000000
674	100.000000
675	100.000000
676	100.000000
677	100.000000
678	100.000000
679	100.000000
680	100.000000
681	100.000000
682	100.000000
683	100.000000
684	100.000000
685	100.000000
686	100.000000
687	100.000000
688	100.000000
689	100.000000
690	100.000000
691	100.000000
692	100.000000
693	100.000000
694	100.000000
695	100.000000
696	100.000000
697	100.000000
698	100.000000
699	100.000000
700	100.000000
701	100.000000
702	100.000000
703	100.000000
704	100.000000
705	100.000000
706	100.000000
707	100.000000
708	100.000000
709	100.000000
710	100.000000
711	100.000000
712	100.000000
713	100.000000
714	100.000000
715	100.000000
716	100.000000
717	100.000000
718	100.000000
719	100.000000
720	100.000000
721	100.000000
722	100.000000
723	100.000000
724	100.000000
725	100.000000
726	100.000000
727	100.000000
728	100.000000
729	100.000000
730	100.000000
731	100.000000
732	100.000000
733	100.000000
734	100.000000
735	100.000000
736	100.000000
737	100.000000
738	100.000000
739	100.000000
740	100.000000
741	100.000000
742	100.000000
743	100.000000
744	100.000000
745	100.000000
746	100.000000
747	100.000000
748	100.000000
749	100.000000
750	100.000000
751	100.000000
752	100.000000
753	100.000000
754	100.000000
755	100.000000
756	100.000000
757	100.000000
758	100.000000
759	100.000000
760	100.000000
761	100.000000
762	100.000000
763	100.000000
764	100.000000
765	100.000000
766	100.000000
767	100.000000
768	100.000000
769	100.000000
770	100.000000
771	100.000000
772	100.000000
773	100.000000
774	100.000000
775	100.000000
776	100.000000
777	100.000000
778	100.000000
779	100.000000
780	100.000000
781	100.000000
782	100.000000
783	100.000000
784	100.000000
785	100.000000
786	100.000000
787	100.000000
788	100.000000
789	100.000000
790	100.000000
791	100.000000
792	100.000000
793	100.000000
794	100.000000
795	100.000000
796	100.000000
797	100.000000
798	100.000000
799	100.000000
800	100.000000
801	100.000000
802	100.000000
803	100.000000
804	100.000000
805	100.000000
806	100.000000
807	100.000000
808	100.000000
809	100.000000
810	100.000000
811	100.000000
812	100.000000
813	100.000000
814	100.000000
815	100.000000
816	100.000000
817	100.000000
818	100.000000
819	100.000000
820	100.000000
821	100.000000
822	100.000000
823	100.000000
824	100.000000
825	100.000000
826	100.000000
827	100.000000
828	100.000000
829	100.000000
830	100.000000
831	100.000000
832	100.000000
833	100.000000
834	100.000000
835	100.000000
836	100.000000
837	100.000000
838	100.000000
839	100.000000
840	100.000000
841	100.000000
842	100.000000
843	100.000000
844	100.000000
845	100.000000
846	100.000000
847	100.000000
848	100.000000
849	100.000000
850	100.000000
851	100.000000
852	100.000000
853	100.000000
854	100.000000
855	100.000000
856	100.000000
857	100.000000
858	100.000000
859	100.000000
860	100.000000
861	100.000000
862	100.000000
863	100.000000
864	100.000000
865	100.000000
866	100.000000
867	100.000000
868	100.000000
869	100.000000
870	100.000000
871	100.000000
872	100.000000
873	100.000000
874	100.000000
875	100.000000
876	100.000000
877	100.000000
878	100.000000
879	100.000000
880	100.000000
881	100.000000
882	100.000000
883	100.000000
884	100.000000
885	100.000000
886	100.000000
887	100.000000
888	100.000000
889	100.000000
890	100.000000
891	100.000000
892	100.000000
893	100.000000
894	100.000000
895	100.000000
896	100.000000
897	100.000000
898	100.000000
899	100.000000
900	100.000000
901	100.000000
902	100.000000
903	100.000000
904	100.000000
905	100.000000
906	100.000000
907	100.000000
908	100.000000
909	100.000000
910	100.000000
911	100.000000
912	100.000000
913	100.000000
914	100.000000
915	100.000000
916	100.000000
917	100.000000
918	100.000000
919	100.000000
920	100.000000
921	100.000000
922	100.000000
923	100.000000
924	100.000000
925	100.000000
926	100.000000
927	100.000000
928	100.000000
929	100.000000
930	100.000000
931	100.000000
932	100.000000
933	100.000000
934	100.000000
935	100.000000
936	100.000000
937	100.000000
938	100.000000
939	100.000000
940	100.000000
941	100.000000
942	100.000000
943	100.000000
944	100.000000
945	100.000000
946	100.000000
947	100.000000
948	100.000000
949	100.000000
950	100.000000
951	100.000000
952	100.000000
953	100.000000
954	100.000000
955	100.000000
956	100.000000
957	100.000000
958	100.000000
959	100.000000
960	100.000000
961	100.000000
962	100.000000
963	100.000000
964	100.000000
965	100.000000
966	100.000000
967	100.000000
968	100.000000
969	100.000000
970	100.000000
971	100.000000
972	100.000000
973	100.000000
974	100.000000
975	100.000000
976	100.000000
977	100.000000
978	100.000000
979	100.000000
980	100.000000
981	100.000000
982	100.000000
983	100.000000
984	100.000000
985	100.000000
986	100.000000
987	100.000000
988	100.000000
989	100.000000
990	100.000000
991	100.000000
992	100.000000
993	100.000000
994	100.000000
995	100.000000
996	100.000000
997	100.000000
998	100.000000
999	100.000000
1000	100.000000
;

