# seed = 1254829604

param N := 1000;

param M := 10;

param Umax := 100.000000;

param: C :=
1	1995613.910715
2	217067.396002
3	270675.905263
4	8780.815200
5	3392.442365
6	1106.768597
7	277.836219
8	574.228987
9	34.888437
10	144.131834
;

param: a :=
1	0.197633
2	0.136652
3	0.155964
4	0.184224
5	0.188531
6	0.119886
7	0.106257
8	0.109331
9	0.107363
10	0.124373
11	0.156707
12	0.120775
13	0.180294
14	0.168492
15	0.114935
16	0.149404
17	0.141515
18	0.199020
19	0.135778
20	0.199665
21	0.180090
22	0.122723
23	0.140790
24	0.116666
25	0.197233
26	0.178483
27	0.117891
28	0.180641
29	0.108255
30	0.134071
31	0.133161
32	0.168110
33	0.155215
34	0.181990
35	0.155403
36	0.150899
37	0.126485
38	0.118181
39	0.118451
40	0.163852
41	0.121832
42	0.126384
43	0.131999
44	0.122429
45	0.167853
46	0.113912
47	0.174035
48	0.105646
49	0.176586
50	0.174159
51	0.156212
52	0.161073
53	0.155407
54	0.175720
55	0.179833
56	0.140869
57	0.149279
58	0.107783
59	0.172132
60	0.133075
61	0.147122
62	0.166825
63	0.171147
64	0.187746
65	0.100575
66	0.142503
67	0.177906
68	0.191600
69	0.100642
70	0.176876
71	0.150102
72	0.121863
73	0.171509
74	0.130229
75	0.167947
76	0.153092
77	0.186080
78	0.129239
79	0.121762
80	0.161510
81	0.118939
82	0.132329
83	0.146700
84	0.190316
85	0.147762
86	0.130273
87	0.191137
88	0.144324
89	0.198214
90	0.155311
91	0.157095
92	0.105724
93	0.168494
94	0.174302
95	0.110800
96	0.124189
97	0.159455
98	0.104072
99	0.152627
100	0.144404
101	0.145040
102	0.165312
103	0.196826
104	0.122968
105	0.121435
106	0.127604
107	0.110708
108	0.183537
109	0.102989
110	0.156306
111	0.149536
112	0.199904
113	0.117830
114	0.159458
115	0.170322
116	0.167406
117	0.119515
118	0.150164
119	0.197433
120	0.170791
121	0.112312
122	0.166763
123	0.109656
124	0.165518
125	0.138160
126	0.160428
127	0.174162
128	0.103181
129	0.163090
130	0.158176
131	0.146686
132	0.122882
133	0.168242
134	0.107210
135	0.150473
136	0.153861
137	0.177854
138	0.142857
139	0.172966
140	0.166062
141	0.156279
142	0.174004
143	0.109208
144	0.176843
145	0.137143
146	0.135028
147	0.145133
148	0.139331
149	0.135893
150	0.101854
151	0.170450
152	0.197250
153	0.184640
154	0.136640
155	0.158451
156	0.165497
157	0.160744
158	0.127598
159	0.196069
160	0.135747
161	0.105628
162	0.105416
163	0.160154
164	0.153607
165	0.102595
166	0.171815
167	0.171010
168	0.151436
169	0.170299
170	0.174777
171	0.156257
172	0.174956
173	0.140491
174	0.152681
175	0.133930
176	0.135586
177	0.107239
178	0.165925
179	0.115275
180	0.172963
181	0.127417
182	0.100627
183	0.113747
184	0.171269
185	0.148240
186	0.104281
187	0.176550
188	0.143446
189	0.146889
190	0.111945
191	0.177557
192	0.185238
193	0.123375
194	0.196197
195	0.124728
196	0.111940
197	0.158799
198	0.196666
199	0.172562
200	0.138036
201	0.105549
202	0.144247
203	0.196360
204	0.193521
205	0.117115
206	0.130492
207	0.172901
208	0.138175
209	0.183861
210	0.103407
211	0.176265
212	0.141693
213	0.179789
214	0.170217
215	0.198703
216	0.100701
217	0.161405
218	0.177862
219	0.177930
220	0.181263
221	0.179624
222	0.125872
223	0.177051
224	0.187826
225	0.137558
226	0.190030
227	0.140496
228	0.196187
229	0.188318
230	0.149447
231	0.108785
232	0.122643
233	0.187802
234	0.153414
235	0.148009
236	0.171106
237	0.164625
238	0.155935
239	0.103355
240	0.164185
241	0.179288
242	0.188279
243	0.193156
244	0.158529
245	0.194837
246	0.110543
247	0.143073
248	0.117213
249	0.140374
250	0.185520
251	0.143929
252	0.129416
253	0.106504
254	0.170134
255	0.174000
256	0.195903
257	0.154677
258	0.116283
259	0.164450
260	0.105441
261	0.184313
262	0.125773
263	0.125687
264	0.171275
265	0.199651
266	0.187631
267	0.115303
268	0.161480
269	0.144644
270	0.120904
271	0.135514
272	0.102560
273	0.134642
274	0.188387
275	0.166465
276	0.165314
277	0.178526
278	0.112315
279	0.198250
280	0.108213
281	0.178445
282	0.107333
283	0.174473
284	0.189089
285	0.182899
286	0.183256
287	0.118176
288	0.110963
289	0.118334
290	0.111924
291	0.150342
292	0.139345
293	0.193256
294	0.184535
295	0.138166
296	0.120086
297	0.109284
298	0.127582
299	0.149556
300	0.141534
301	0.169582
302	0.199418
303	0.194543
304	0.156363
305	0.130950
306	0.165200
307	0.192132
308	0.107978
309	0.125855
310	0.133890
311	0.126817
312	0.133894
313	0.103644
314	0.175199
315	0.180731
316	0.199147
317	0.169548
318	0.123106
319	0.170192
320	0.118011
321	0.193141
322	0.125808
323	0.130458
324	0.116213
325	0.127553
326	0.102374
327	0.163258
328	0.130544
329	0.191395
330	0.189593
331	0.139898
332	0.193003
333	0.116829
334	0.112017
335	0.194697
336	0.152791
337	0.115256
338	0.172559
339	0.172129
340	0.122417
341	0.143313
342	0.116006
343	0.177764
344	0.110399
345	0.132499
346	0.105433
347	0.130276
348	0.187620
349	0.109056
350	0.156777
351	0.157246
352	0.114834
353	0.157169
354	0.131431
355	0.162456
356	0.111642
357	0.131078
358	0.172096
359	0.155578
360	0.148020
361	0.185635
362	0.197912
363	0.137186
364	0.146906
365	0.139489
366	0.178208
367	0.134745
368	0.107122
369	0.137156
370	0.151826
371	0.175948
372	0.192890
373	0.105378
374	0.172931
375	0.166575
376	0.159417
377	0.198674
378	0.153428
379	0.117817
380	0.145904
381	0.172703
382	0.125499
383	0.152742
384	0.106696
385	0.114747
386	0.109225
387	0.172080
388	0.108220
389	0.141921
390	0.148522
391	0.187089
392	0.150125
393	0.149688
394	0.133916
395	0.184925
396	0.193986
397	0.155212
398	0.136016
399	0.182677
400	0.103392
401	0.177382
402	0.137810
403	0.163519
404	0.188132
405	0.137425
406	0.158615
407	0.130515
408	0.177684
409	0.168882
410	0.113441
411	0.121262
412	0.195634
413	0.143025
414	0.153991
415	0.143958
416	0.163786
417	0.148290
418	0.170369
419	0.171394
420	0.120960
421	0.122433
422	0.172848
423	0.158082
424	0.197363
425	0.126384
426	0.109977
427	0.118274
428	0.106187
429	0.177089
430	0.106638
431	0.151835
432	0.198258
433	0.181172
434	0.177407
435	0.142000
436	0.139943
437	0.108282
438	0.137629
439	0.126689
440	0.159827
441	0.187866
442	0.120431
443	0.198655
444	0.189781
445	0.107124
446	0.136619
447	0.174045
448	0.164552
449	0.146034
450	0.189006
451	0.166934
452	0.150816
453	0.196610
454	0.147445
455	0.120559
456	0.139031
457	0.136497
458	0.119482
459	0.162986
460	0.137890
461	0.131934
462	0.182215
463	0.183971
464	0.142931
465	0.196188
466	0.106433
467	0.135027
468	0.196716
469	0.198886
470	0.155277
471	0.173810
472	0.116337
473	0.146099
474	0.164299
475	0.192327
476	0.156658
477	0.110004
478	0.123697
479	0.122426
480	0.112857
481	0.126774
482	0.105284
483	0.101692
484	0.175726
485	0.184435
486	0.171230
487	0.148383
488	0.146849
489	0.107875
490	0.187808
491	0.111686
492	0.130571
493	0.156483
494	0.185681
495	0.141834
496	0.195377
497	0.110120
498	0.138077
499	0.106677
500	0.103774
501	0.110014
502	0.148267
503	0.168323
504	0.191431
505	0.116020
506	0.133450
507	0.109878
508	0.154067
509	0.184106
510	0.124239
511	0.198924
512	0.101420
513	0.128497
514	0.117937
515	0.167871
516	0.124879
517	0.166856
518	0.117551
519	0.133597
520	0.131221
521	0.118177
522	0.155502
523	0.122342
524	0.193675
525	0.182565
526	0.194416
527	0.146724
528	0.188145
529	0.147774
530	0.165191
531	0.191385
532	0.194147
533	0.182392
534	0.122672
535	0.196709
536	0.150845
537	0.163364
538	0.145371
539	0.133919
540	0.151829
541	0.122293
542	0.185071
543	0.162753
544	0.161942
545	0.190565
546	0.169437
547	0.169775
548	0.100112
549	0.152678
550	0.145548
551	0.171951
552	0.150157
553	0.113018
554	0.152944
555	0.118064
556	0.109903
557	0.120458
558	0.145353
559	0.104993
560	0.167890
561	0.176191
562	0.124485
563	0.180097
564	0.167857
565	0.100230
566	0.168658
567	0.108385
568	0.193363
569	0.144502
570	0.167019
571	0.172439
572	0.131044
573	0.192690
574	0.159438
575	0.157338
576	0.150555
577	0.190668
578	0.163355
579	0.156151
580	0.140490
581	0.139172
582	0.147798
583	0.112431
584	0.167158
585	0.109299
586	0.110724
587	0.155005
588	0.118896
589	0.104714
590	0.152329
591	0.165717
592	0.197452
593	0.125758
594	0.195295
595	0.179328
596	0.182619
597	0.123314
598	0.195854
599	0.158186
600	0.130104
601	0.186140
602	0.130667
603	0.119431
604	0.120511
605	0.193938
606	0.184827
607	0.138469
608	0.131764
609	0.191979
610	0.164529
611	0.148677
612	0.124636
613	0.132537
614	0.115943
615	0.137477
616	0.197813
617	0.189117
618	0.184817
619	0.184229
620	0.109358
621	0.158653
622	0.189555
623	0.116840
624	0.116861
625	0.153617
626	0.182936
627	0.100340
628	0.111106
629	0.161122
630	0.151887
631	0.149492
632	0.152713
633	0.197429
634	0.176871
635	0.122697
636	0.131098
637	0.151614
638	0.188687
639	0.125003
640	0.108859
641	0.195893
642	0.163646
643	0.106416
644	0.131377
645	0.101226
646	0.174472
647	0.138563
648	0.148125
649	0.194240
650	0.199093
651	0.132995
652	0.134796
653	0.139075
654	0.101660
655	0.162704
656	0.165398
657	0.112683
658	0.164641
659	0.113841
660	0.140603
661	0.152531
662	0.142832
663	0.102301
664	0.141923
665	0.157100
666	0.143580
667	0.150523
668	0.125247
669	0.121909
670	0.153101
671	0.168817
672	0.196619
673	0.105260
674	0.155785
675	0.194773
676	0.144226
677	0.149416
678	0.184340
679	0.154335
680	0.179367
681	0.135969
682	0.175801
683	0.153534
684	0.140259
685	0.107638
686	0.164238
687	0.156258
688	0.191022
689	0.129854
690	0.196185
691	0.120995
692	0.155355
693	0.174045
694	0.124329
695	0.157574
696	0.153921
697	0.118477
698	0.127213
699	0.105333
700	0.198454
701	0.105647
702	0.145066
703	0.163870
704	0.185486
705	0.170011
706	0.164934
707	0.178021
708	0.199567
709	0.147115
710	0.150070
711	0.134351
712	0.137178
713	0.168192
714	0.140789
715	0.192872
716	0.193015
717	0.168033
718	0.149532
719	0.180460
720	0.173882
721	0.184512
722	0.140977
723	0.143944
724	0.195387
725	0.191363
726	0.190139
727	0.155557
728	0.143607
729	0.104986
730	0.105942
731	0.109443
732	0.189871
733	0.177233
734	0.146566
735	0.158026
736	0.185001
737	0.113367
738	0.122572
739	0.182480
740	0.187620
741	0.176843
742	0.174595
743	0.144636
744	0.117258
745	0.131576
746	0.136533
747	0.155503
748	0.127838
749	0.195287
750	0.175777
751	0.137759
752	0.178485
753	0.112734
754	0.148584
755	0.124364
756	0.166466
757	0.101445
758	0.116685
759	0.181535
760	0.176373
761	0.125486
762	0.110332
763	0.166946
764	0.123845
765	0.156550
766	0.172064
767	0.159441
768	0.173599
769	0.154395
770	0.100805
771	0.179371
772	0.158138
773	0.140012
774	0.111757
775	0.124258
776	0.174311
777	0.139489
778	0.166535
779	0.159327
780	0.122670
781	0.110364
782	0.127846
783	0.126472
784	0.191510
785	0.164567
786	0.183568
787	0.113396
788	0.100654
789	0.123629
790	0.131610
791	0.142059
792	0.103297
793	0.178128
794	0.178667
795	0.133356
796	0.170307
797	0.126425
798	0.173685
799	0.172043
800	0.164289
801	0.168403
802	0.162896
803	0.147258
804	0.170247
805	0.123265
806	0.130582
807	0.198111
808	0.150978
809	0.190668
810	0.104042
811	0.178363
812	0.112485
813	0.169655
814	0.199758
815	0.109031
816	0.125405
817	0.187902
818	0.158959
819	0.170784
820	0.164512
821	0.193736
822	0.164972
823	0.133172
824	0.190706
825	0.145575
826	0.109600
827	0.113724
828	0.139714
829	0.178990
830	0.150140
831	0.164660
832	0.154842
833	0.163469
834	0.128595
835	0.118572
836	0.151162
837	0.107654
838	0.195256
839	0.173437
840	0.141152
841	0.115208
842	0.189722
843	0.197197
844	0.163971
845	0.101958
846	0.199849
847	0.199535
848	0.188479
849	0.190660
850	0.157196
851	0.115255
852	0.171436
853	0.137718
854	0.123714
855	0.108423
856	0.111673
857	0.106472
858	0.117918
859	0.126906
860	0.140315
861	0.199042
862	0.163438
863	0.123251
864	0.197149
865	0.181573
866	0.119998
867	0.101414
868	0.132916
869	0.168830
870	0.124398
871	0.179908
872	0.104313
873	0.123558
874	0.172307
875	0.192541
876	0.106347
877	0.102050
878	0.121928
879	0.194359
880	0.121342
881	0.161493
882	0.115297
883	0.177471
884	0.130487
885	0.170827
886	0.113328
887	0.175487
888	0.146714
889	0.170446
890	0.189130
891	0.184028
892	0.193716
893	0.113413
894	0.181383
895	0.144785
896	0.115913
897	0.106048
898	0.145981
899	0.135606
900	0.120894
901	0.171016
902	0.174661
903	0.194782
904	0.194277
905	0.145788
906	0.184293
907	0.185569
908	0.176234
909	0.140864
910	0.183471
911	0.101389
912	0.151774
913	0.132177
914	0.155404
915	0.183409
916	0.158083
917	0.144440
918	0.105191
919	0.133204
920	0.101600
921	0.136376
922	0.198573
923	0.129717
924	0.147146
925	0.161024
926	0.161341
927	0.106098
928	0.192117
929	0.179614
930	0.156767
931	0.187549
932	0.152380
933	0.144546
934	0.170916
935	0.170013
936	0.199502
937	0.189007
938	0.144537
939	0.120187
940	0.122261
941	0.111320
942	0.174226
943	0.107938
944	0.178750
945	0.136561
946	0.136758
947	0.192348
948	0.142374
949	0.196057
950	0.141716
951	0.106346
952	0.127116
953	0.134403
954	0.176451
955	0.107129
956	0.146985
957	0.111824
958	0.104616
959	0.154621
960	0.188754
961	0.145265
962	0.104707
963	0.185360
964	0.156467
965	0.170322
966	0.150464
967	0.111325
968	0.138746
969	0.156252
970	0.114166
971	0.110885
972	0.123008
973	0.183774
974	0.197468
975	0.181917
976	0.140865
977	0.197818
978	0.196706
979	0.189985
980	0.165542
981	0.151024
982	0.164929
983	0.173072
984	0.144178
985	0.145512
986	0.182604
987	0.128425
988	0.194630
989	0.146663
990	0.196784
991	0.132273
992	0.162739
993	0.156760
994	0.185770
995	0.185980
996	0.165589
997	0.190437
998	0.108783
999	0.178719
1000	0.102513
;

param: b :=
1	74.392178
2	21.956303
3	11.024585
4	60.462619
5	20.279514
6	30.326749
7	66.263058
8	31.201997
9	66.530929
10	31.432327
11	9.512981
12	25.256119
13	57.360277
14	27.614518
15	6.152891
16	82.155883
17	11.265725
18	39.291032
19	96.010781
20	64.418700
21	97.713425
22	34.206296
23	49.031357
24	52.460672
25	94.336031
26	44.653144
27	0.481834
28	9.975796
29	59.082873
30	24.952712
31	38.142672
32	75.832316
33	40.682668
34	61.000098
35	9.735582
36	55.997949
37	49.044572
38	72.442356
39	1.179027
40	97.146250
41	57.167004
42	11.106866
43	95.843842
44	85.230391
45	63.105824
46	67.621854
47	78.281900
48	8.780713
49	72.737653
50	75.049873
51	14.630403
52	2.498166
53	10.516538
54	87.606049
55	1.902669
56	27.975345
57	22.099410
58	93.162984
59	49.212426
60	85.082611
61	14.601954
62	89.073606
63	45.677637
64	68.313365
65	73.061584
66	73.810832
67	8.403690
68	57.032559
69	59.139686
70	65.447798
71	48.381916
72	3.935646
73	67.275639
74	86.289689
75	76.552519
76	43.932442
77	91.176796
78	47.381325
79	63.676896
80	25.611132
81	43.972187
82	5.454173
83	38.110880
84	16.060515
85	68.622431
86	13.298370
87	93.868786
88	1.540095
89	45.984496
90	26.236058
91	14.083734
92	59.273504
93	86.477480
94	46.114155
95	24.201668
96	57.793943
97	30.150040
98	6.897803
99	51.737025
100	55.001178
101	12.433478
102	60.612197
103	11.125450
104	39.097506
105	94.019606
106	54.554386
107	72.285851
108	81.210629
109	53.072818
110	89.773930
111	96.938029
112	51.217663
113	40.332023
114	69.988228
115	31.768414
116	70.634849
117	44.138218
118	44.604881
119	29.637016
120	7.640281
121	78.554194
122	59.025979
123	74.625507
124	2.896062
125	81.919537
126	23.511693
127	58.816226
128	9.113054
129	76.354711
130	26.374234
131	60.266171
132	51.453580
133	34.785523
134	81.721058
135	79.762110
136	47.497934
137	32.529309
138	93.516819
139	47.597883
140	36.951158
141	2.783637
142	34.914757
143	18.850544
144	81.936184
145	24.817431
146	92.130671
147	99.165735
148	52.521989
149	88.143406
150	66.023084
151	21.999089
152	14.367935
153	33.892008
154	71.196135
155	87.666456
156	72.674214
157	45.105779
158	0.685260
159	52.436068
160	89.128837
161	59.129481
162	9.399945
163	9.030119
164	67.281519
165	88.489573
166	61.678571
167	32.940471
168	4.995348
169	14.213863
170	53.066974
171	90.523402
172	15.585436
173	76.073781
174	13.414202
175	9.223699
176	71.018548
177	13.021781
178	16.172169
179	84.550402
180	43.794721
181	87.540898
182	44.689816
183	69.616023
184	29.142658
185	58.922035
186	18.512226
187	91.639895
188	69.119914
189	11.994716
190	32.633947
191	87.189708
192	39.589497
193	55.617673
194	26.485446
195	88.519569
196	37.786927
197	93.850887
198	79.239952
199	71.291943
200	64.211705
201	55.994861
202	54.216157
203	85.564720
204	56.951814
205	34.832278
206	69.076546
207	16.857307
208	11.510429
209	54.157653
210	41.742928
211	79.328512
212	82.917338
213	81.652660
214	74.301569
215	67.427312
216	25.950442
217	48.361129
218	41.943236
219	37.095645
220	59.229066
221	40.392628
222	66.581460
223	44.669764
224	22.405068
225	49.459237
226	51.168811
227	17.178065
228	76.592016
229	62.124109
230	63.182953
231	73.868720
232	15.622535
233	60.840625
234	17.240631
235	91.371974
236	1.981804
237	8.963063
238	71.440228
239	38.679886
240	27.123716
241	0.346365
242	14.832098
243	82.815688
244	61.251646
245	12.061660
246	11.647268
247	66.804673
248	52.901241
249	65.231351
250	22.876125
251	83.409888
252	5.281638
253	85.384467
254	88.047821
255	35.870561
256	13.428349
257	71.631618
258	27.737552
259	65.306150
260	94.187282
261	82.349045
262	5.570731
263	3.543247
264	27.380860
265	7.377643
266	60.525315
267	96.132519
268	66.629922
269	10.852517
270	20.824150
271	50.157630
272	74.633932
273	43.480872
274	47.345121
275	44.401829
276	6.408374
277	50.159272
278	52.215462
279	12.724344
280	69.222879
281	25.645553
282	87.122420
283	0.634411
284	93.860040
285	99.136261
286	14.986642
287	7.635713
288	38.891419
289	2.993828
290	59.350325
291	97.328067
292	18.264793
293	6.716757
294	4.032289
295	19.436317
296	11.723551
297	48.826946
298	8.001768
299	39.927017
300	89.181988
301	56.866800
302	25.215231
303	57.749132
304	45.605761
305	8.019044
306	75.743588
307	71.810663
308	1.269843
309	70.910804
310	54.745891
311	99.247224
312	24.220249
313	27.873469
314	62.933574
315	3.209758
316	22.104606
317	60.503045
318	24.670142
319	35.950082
320	43.651430
321	29.737028
322	2.500041
323	51.694467
324	43.212935
325	30.148798
326	33.848840
327	49.354763
328	13.281683
329	1.058779
330	4.297209
331	84.286715
332	53.740661
333	98.513578
334	59.965185
335	58.620443
336	31.413370
337	57.067341
338	2.661138
339	23.360985
340	43.455269
341	16.383333
342	27.728027
343	82.263775
344	22.757225
345	44.701613
346	91.347110
347	61.492679
348	15.583218
349	55.000766
350	21.419601
351	83.859209
352	15.328842
353	64.704054
354	74.205891
355	4.645304
356	84.087817
357	96.844687
358	84.606139
359	73.401098
360	82.011067
361	90.339710
362	3.721099
363	66.076255
364	28.588418
365	24.553927
366	71.247664
367	98.036732
368	14.903124
369	46.046434
370	24.226647
371	11.770365
372	72.377347
373	84.779643
374	1.971009
375	3.923728
376	34.378151
377	66.492377
378	9.319276
379	65.051516
380	73.563538
381	29.152709
382	88.997936
383	29.644253
384	24.599342
385	57.552447
386	4.784151
387	43.799781
388	41.833461
389	7.044588
390	94.652448
391	18.662174
392	45.638587
393	53.953471
394	54.422728
395	38.215594
396	35.895969
397	83.890043
398	97.276801
399	68.030716
400	77.128319
401	0.438110
402	87.137661
403	13.845874
404	58.008469
405	36.751821
406	73.920964
407	4.653839
408	79.963763
409	64.910639
410	24.843875
411	9.140674
412	24.259273
413	83.242513
414	10.580298
415	7.816117
416	9.843141
417	29.959988
418	59.594380
419	66.984793
420	81.570141
421	70.278206
422	63.101653
423	90.508689
424	19.150753
425	88.620689
426	42.908748
427	42.872178
428	19.442023
429	40.792285
430	76.211099
431	47.085687
432	71.908124
433	14.302911
434	26.866333
435	59.785745
436	0.808294
437	0.502488
438	88.598527
439	30.744234
440	39.314635
441	82.167073
442	78.177998
443	43.558131
444	4.879496
445	50.811357
446	65.881437
447	2.775470
448	76.273246
449	40.352656
450	63.162694
451	18.626674
452	88.749512
453	76.894306
454	49.377914
455	12.667608
456	64.671878
457	18.447422
458	25.410037
459	6.654454
460	16.864617
461	67.458895
462	2.392990
463	67.924249
464	98.254567
465	65.243991
466	39.231709
467	79.224702
468	13.407603
469	88.484104
470	14.170997
471	19.393671
472	95.196283
473	2.892036
474	96.404823
475	8.164243
476	60.362653
477	95.979612
478	8.014655
479	29.762796
480	8.437193
481	52.675543
482	72.834104
483	8.862906
484	28.351464
485	78.091491
486	76.063969
487	23.861438
488	79.546093
489	66.664982
490	74.584471
491	80.798515
492	24.695176
493	9.620880
494	92.420324
495	6.427452
496	16.909864
497	6.734263
498	49.031963
499	14.629890
500	38.001436
501	9.037823
502	29.450092
503	38.257333
504	0.471756
505	83.002112
506	39.685790
507	96.085478
508	1.126163
509	77.438879
510	6.770052
511	46.009834
512	5.622650
513	84.621898
514	98.490804
515	61.651964
516	59.630866
517	64.107948
518	34.374222
519	67.655078
520	39.313567
521	37.698996
522	28.102010
523	6.118823
524	75.523379
525	69.175321
526	7.526875
527	23.162654
528	80.737238
529	43.208150
530	98.842332
531	21.203900
532	68.138258
533	70.736861
534	85.590588
535	24.933333
536	88.019277
537	18.934020
538	61.107075
539	32.799311
540	52.877461
541	25.247620
542	22.802833
543	77.378439
544	55.985399
545	56.655031
546	98.250082
547	7.565759
548	9.816952
549	98.958788
550	83.905106
551	41.558087
552	80.581337
553	59.669576
554	65.165421
555	7.947675
556	64.821850
557	47.413234
558	33.911009
559	44.599932
560	31.356861
561	80.185981
562	86.424878
563	58.759020
564	82.822525
565	11.988317
566	51.595277
567	19.668570
568	27.445013
569	37.741506
570	21.658438
571	43.672619
572	0.101415
573	61.187157
574	79.957347
575	86.554052
576	48.862351
577	81.027585
578	62.353585
579	35.018785
580	78.836297
581	89.419540
582	65.071135
583	0.480087
584	11.763966
585	35.881558
586	26.131472
587	51.466476
588	10.246538
589	51.451935
590	26.560009
591	55.771758
592	65.551669
593	86.574160
594	92.285835
595	31.062250
596	52.195601
597	59.960613
598	62.938651
599	89.156764
600	82.792846
601	68.700581
602	51.518232
603	71.005553
604	69.724535
605	59.036990
606	5.123661
607	25.799881
608	9.340052
609	71.958157
610	18.212889
611	57.897370
612	55.784192
613	92.433202
614	27.498669
615	54.138719
616	30.042786
617	62.043601
618	91.854591
619	55.394480
620	21.415899
621	27.280872
622	8.450370
623	48.725611
624	53.555813
625	89.875170
626	1.226828
627	20.217159
628	27.608873
629	50.783770
630	61.843778
631	13.302729
632	64.235815
633	69.817351
634	26.846782
635	77.297992
636	10.526758
637	53.668356
638	61.692613
639	92.514596
640	47.891383
641	67.036623
642	38.564725
643	99.384427
644	78.617260
645	55.584251
646	11.072968
647	5.466938
648	43.574729
649	90.744464
650	22.026825
651	70.375827
652	73.684616
653	47.855366
654	9.649389
655	47.398743
656	52.526313
657	57.684837
658	55.671284
659	87.379158
660	4.226375
661	74.665535
662	2.651152
663	15.590029
664	58.993585
665	86.345198
666	10.521271
667	54.663080
668	98.139143
669	8.173124
670	48.857621
671	2.337092
672	7.073463
673	40.280211
674	27.655547
675	72.261881
676	64.510324
677	74.562062
678	53.742915
679	72.376867
680	73.989239
681	67.866510
682	21.896052
683	53.271366
684	49.958954
685	39.723066
686	70.785740
687	2.647339
688	28.663503
689	88.341193
690	72.317066
691	67.961286
692	74.685833
693	43.529742
694	76.812568
695	56.396374
696	39.549287
697	78.834574
698	71.260115
699	31.423560
700	73.673560
701	81.083959
702	59.529455
703	24.314223
704	58.917034
705	54.787036
706	70.525385
707	64.607998
708	79.698765
709	27.434529
710	28.805007
711	31.559691
712	47.004014
713	93.004036
714	42.877774
715	17.650232
716	52.792040
717	45.421334
718	38.257787
719	91.880921
720	91.822588
721	74.088857
722	11.403724
723	98.784618
724	39.377255
725	50.343033
726	11.490108
727	52.720017
728	76.541707
729	17.154711
730	68.268868
731	35.427292
732	54.529547
733	38.626426
734	87.636341
735	34.065286
736	70.045084
737	40.821553
738	91.732787
739	84.330846
740	4.503900
741	96.378456
742	39.845797
743	63.178685
744	16.744371
745	59.479070
746	32.624982
747	29.372350
748	97.746334
749	3.000470
750	24.590021
751	64.126282
752	82.465415
753	55.908595
754	7.928089
755	67.933406
756	10.876720
757	18.142404
758	40.998877
759	71.174746
760	94.485940
761	77.542388
762	61.244833
763	11.632624
764	91.183825
765	51.920268
766	30.235270
767	56.743084
768	4.838554
769	64.063597
770	38.010112
771	72.499962
772	72.234910
773	9.886953
774	74.566936
775	78.918865
776	51.721914
777	83.429028
778	57.943118
779	63.144407
780	31.319467
781	56.160675
782	20.423354
783	98.429768
784	33.178649
785	6.671131
786	5.513528
787	32.612086
788	76.005195
789	85.925352
790	23.048743
791	52.355562
792	45.083020
793	74.246566
794	72.359204
795	1.444048
796	98.341647
797	98.114477
798	6.786501
799	92.525653
800	50.653603
801	96.055416
802	56.448393
803	45.352470
804	59.428416
805	47.002811
806	29.436668
807	35.574612
808	90.920094
809	59.365105
810	71.533369
811	82.934416
812	75.296123
813	80.238792
814	8.824604
815	68.589798
816	68.272742
817	8.305736
818	93.882783
819	6.133354
820	48.584762
821	72.725955
822	99.437459
823	94.283613
824	3.008309
825	89.805956
826	66.335534
827	76.139745
828	73.793232
829	78.115519
830	7.381372
831	65.278814
832	19.879250
833	55.783358
834	5.938726
835	57.193685
836	43.170396
837	40.994534
838	78.704939
839	92.162227
840	80.454612
841	98.121257
842	95.367869
843	78.626022
844	20.606097
845	8.561390
846	19.657300
847	79.383605
848	5.108615
849	19.998350
850	67.328971
851	40.348179
852	56.565925
853	11.846442
854	23.524580
855	33.331600
856	20.325581
857	92.882348
858	88.923151
859	94.146211
860	50.745516
861	81.079808
862	77.039673
863	73.927624
864	40.231967
865	30.219765
866	34.969277
867	71.756318
868	91.599883
869	20.701161
870	13.528649
871	86.308370
872	90.713309
873	13.722925
874	45.179815
875	55.299359
876	49.921846
877	69.502755
878	53.425033
879	61.418695
880	1.849239
881	47.368040
882	31.171750
883	2.555203
884	40.365563
885	55.776652
886	71.626593
887	93.683691
888	34.401988
889	46.999175
890	91.202431
891	65.048684
892	37.000270
893	56.371557
894	33.949473
895	1.509446
896	71.377276
897	5.742438
898	8.161180
899	46.353543
900	79.863407
901	75.557554
902	37.405154
903	34.136101
904	71.410280
905	96.298512
906	12.099144
907	22.847207
908	72.665528
909	0.198325
910	0.003862
911	86.001171
912	36.385483
913	11.985206
914	26.839859
915	78.012849
916	1.770003
917	56.509478
918	53.208413
919	26.673562
920	99.672102
921	67.664516
922	26.913167
923	26.755928
924	62.891941
925	25.337447
926	54.233466
927	1.836324
928	19.504639
929	9.567242
930	65.303096
931	99.189748
932	32.952313
933	27.755993
934	42.815760
935	48.110048
936	55.357340
937	17.210818
938	24.159966
939	95.138943
940	91.352327
941	60.466990
942	43.055123
943	94.803528
944	45.187640
945	20.710637
946	32.396173
947	36.731158
948	74.531990
949	64.726237
950	64.734425
951	69.021560
952	34.023666
953	51.962412
954	60.093301
955	95.847012
956	23.977447
957	63.896153
958	24.908645
959	50.570748
960	27.237512
961	22.683748
962	73.858188
963	63.097009
964	15.434776
965	6.273041
966	95.562341
967	24.112364
968	38.906480
969	53.028283
970	8.023012
971	70.287078
972	43.522896
973	18.630901
974	56.321053
975	78.563295
976	49.358984
977	31.032519
978	86.774716
979	53.138072
980	33.935052
981	39.196048
982	68.906308
983	0.890251
984	89.388773
985	1.776682
986	23.765350
987	60.661842
988	28.164570
989	91.449155
990	10.926724
991	93.726918
992	26.767126
993	63.343585
994	71.630918
995	90.042651
996	14.890728
997	71.382899
998	77.672046
999	41.258550
1000	61.556023
;

param: c :=
1	88.293490
2	1.235784
3	39.845610
4	96.608729
5	48.662976
6	30.328596
7	37.989699
8	30.298731
9	42.847442
10	5.154698
11	77.001175
12	16.696480
13	60.149203
14	83.112608
15	4.712049
16	84.793357
17	12.650570
18	41.891720
19	47.754743
20	41.909000
21	69.361953
22	37.652213
23	0.030846
24	6.838582
25	64.188233
26	54.681799
27	25.144529
28	19.490297
29	66.523493
30	64.983916
31	77.846910
32	27.783606
33	96.705865
34	37.911278
35	38.376044
36	42.974560
37	35.050247
38	22.226489
39	35.916832
40	42.538365
41	8.361997
42	35.091860
43	76.034642
44	72.618546
45	32.373734
46	75.408458
47	26.552448
48	49.596345
49	73.982959
50	25.017725
51	82.811000
52	86.021798
53	37.230430
54	1.694121
55	1.081920
56	29.573599
57	89.383443
58	13.183741
59	40.161188
60	18.778165
61	12.301535
62	96.393496
63	77.059994
64	70.930398
65	11.330976
66	67.506897
67	23.181503
68	45.681649
69	99.109057
70	87.983029
71	39.438693
72	62.928985
73	73.620595
74	14.515495
75	33.422525
76	19.702544
77	40.121226
78	56.544996
79	4.026840
80	44.656621
81	78.073937
82	54.960600
83	37.706186
84	11.010552
85	71.905774
86	89.616058
87	33.295828
88	51.684944
89	91.682203
90	48.866146
91	41.719021
92	79.170698
93	28.071617
94	57.228988
95	91.383237
96	86.358247
97	38.199659
98	18.424342
99	88.715288
100	99.641349
101	5.190178
102	72.709935
103	63.817252
104	19.197110
105	74.077217
106	29.719574
107	68.621031
108	69.321375
109	44.006693
110	27.195843
111	25.185969
112	61.642620
113	50.749274
114	37.440913
115	79.308004
116	88.348184
117	43.075988
118	18.969132
119	14.560843
120	86.076449
121	68.188522
122	63.517892
123	97.766380
124	63.930904
125	44.339921
126	37.741648
127	10.297926
128	9.461843
129	38.849521
130	31.982612
131	92.780753
132	36.498430
133	56.774397
134	86.248856
135	24.774630
136	66.992730
137	29.870552
138	75.008327
139	88.926110
140	7.859029
141	33.385373
142	39.603961
143	53.287859
144	83.002063
145	8.889787
146	91.509485
147	47.225075
148	15.134069
149	12.369132
150	9.158485
151	42.691449
152	40.198520
153	56.420457
154	64.932118
155	38.274605
156	42.870018
157	79.529742
158	38.813890
159	23.336529
160	55.497236
161	28.569131
162	2.623532
163	29.161114
164	13.150864
165	87.513698
166	30.107479
167	21.486826
168	86.243456
169	62.311550
170	21.179309
171	33.977507
172	78.133886
173	75.837942
174	80.648413
175	81.687742
176	61.750578
177	49.469968
178	72.377854
179	97.309577
180	59.942663
181	91.943328
182	54.800840
183	14.476439
184	27.004211
185	57.752230
186	93.830024
187	59.664178
188	45.433994
189	1.113446
190	4.354748
191	35.202693
192	51.251518
193	95.452744
194	93.230569
195	36.727473
196	82.518607
197	63.926335
198	68.749190
199	13.925645
200	80.816365
201	94.362191
202	19.623226
203	64.361355
204	58.806629
205	76.160903
206	67.058766
207	56.338276
208	13.350057
209	23.840606
210	71.395654
211	38.845444
212	79.445304
213	11.082830
214	60.426668
215	86.257022
216	57.392120
217	67.492865
218	83.703982
219	32.347167
220	47.524209
221	10.223166
222	88.886229
223	87.039104
224	86.863730
225	16.807639
226	97.700639
227	33.251512
228	49.640124
229	4.526258
230	29.072623
231	84.171921
232	94.942935
233	70.355087
234	88.152301
235	64.438268
236	29.912130
237	12.161007
238	50.177855
239	52.624986
240	76.973849
241	21.549565
242	54.863221
243	23.973607
244	3.052651
245	50.809598
246	12.895341
247	64.331205
248	25.363046
249	53.907803
250	31.799512
251	43.644568
252	42.519155
253	59.602976
254	2.908206
255	25.355015
256	23.093884
257	85.411114
258	71.652078
259	55.433553
260	24.189170
261	25.554814
262	23.685518
263	4.904742
264	29.602157
265	51.489166
266	25.618283
267	51.223085
268	11.371100
269	19.039624
270	49.331235
271	71.129053
272	65.767743
273	82.586136
274	50.968142
275	43.363410
276	14.774946
277	7.072391
278	11.796621
279	23.874670
280	45.934332
281	13.382313
282	17.558071
283	51.926713
284	2.505282
285	84.666945
286	49.195514
287	99.813228
288	16.566768
289	61.633885
290	78.399090
291	59.372610
292	19.088460
293	55.090993
294	77.166487
295	35.547114
296	49.047565
297	23.480605
298	2.100375
299	3.259285
300	37.028669
301	9.720414
302	68.390197
303	72.527431
304	34.407423
305	32.203660
306	1.847679
307	51.311227
308	2.154961
309	7.484194
310	34.539905
311	21.228323
312	9.200047
313	98.259620
314	30.995501
315	10.212449
316	56.338526
317	89.649103
318	43.743502
319	88.285305
320	53.839356
321	24.215500
322	40.056391
323	96.689582
324	67.140737
325	11.468625
326	42.252307
327	12.592332
328	55.208253
329	47.122811
330	64.379087
331	94.402345
332	33.973431
333	59.309188
334	99.268809
335	31.624472
336	51.002024
337	72.434227
338	62.174257
339	36.430245
340	12.747237
341	69.301365
342	89.616667
343	1.965079
344	94.582828
345	52.650459
346	19.594752
347	29.416622
348	64.158108
349	64.855197
350	27.956398
351	38.694146
352	44.136059
353	95.001268
354	79.864311
355	6.443244
356	37.085831
357	19.306741
358	22.069859
359	83.738574
360	34.192960
361	82.245829
362	1.738456
363	40.164601
364	20.454905
365	18.221265
366	57.144711
367	89.471350
368	93.836513
369	15.977270
370	31.127580
371	17.756052
372	6.246028
373	82.815373
374	16.673831
375	56.877888
376	5.471403
377	18.429456
378	33.038736
379	44.133326
380	61.871543
381	44.254566
382	46.082975
383	46.034944
384	55.393109
385	49.324705
386	31.748735
387	96.514723
388	62.378604
389	2.448439
390	2.815453
391	91.939965
392	82.326443
393	60.535152
394	12.121072
395	15.769838
396	20.824156
397	58.473525
398	65.941978
399	33.104170
400	68.656624
401	11.638336
402	23.707777
403	67.829105
404	58.274314
405	44.381444
406	57.092640
407	89.871927
408	84.943213
409	52.443836
410	44.911760
411	15.670169
412	53.590821
413	56.185078
414	5.359994
415	76.882448
416	69.371372
417	90.699477
418	19.863194
419	95.564024
420	10.461655
421	28.320101
422	76.523140
423	1.759141
424	14.062958
425	10.095701
426	97.770341
427	39.507204
428	5.289743
429	52.169682
430	8.724457
431	82.058045
432	11.942928
433	35.219015
434	80.339360
435	50.368961
436	14.844882
437	68.595201
438	34.341678
439	98.930024
440	78.289696
441	81.797229
442	77.145402
443	27.347609
444	22.496939
445	85.196038
446	52.033522
447	88.215231
448	19.188802
449	55.107270
450	12.482268
451	38.096892
452	90.562187
453	6.434080
454	9.009786
455	31.428310
456	49.211833
457	94.801174
458	59.327044
459	5.153643
460	40.857943
461	96.165910
462	7.796969
463	72.353762
464	67.928546
465	14.953131
466	51.528342
467	53.590574
468	44.979601
469	12.758734
470	65.511313
471	81.673326
472	59.966905
473	21.712089
474	47.492193
475	89.401561
476	93.574944
477	2.962111
478	79.939016
479	78.772083
480	25.856777
481	25.879738
482	18.123606
483	90.983337
484	8.555166
485	41.778472
486	30.667177
487	89.088378
488	12.871338
489	87.267626
490	99.670603
491	8.341049
492	20.069781
493	45.643817
494	63.429381
495	24.058243
496	79.870323
497	94.071682
498	84.894190
499	19.891052
500	52.621207
501	42.981276
502	55.049414
503	31.232340
504	5.750226
505	73.248920
506	73.323934
507	15.927334
508	59.608281
509	67.520947
510	40.304897
511	66.097707
512	21.607073
513	87.779137
514	38.607095
515	85.045982
516	83.760714
517	35.630137
518	41.903444
519	93.740259
520	10.569801
521	78.511137
522	32.721519
523	57.393978
524	73.447062
525	82.336951
526	29.865128
527	15.054158
528	54.487550
529	26.118574
530	76.703487
531	3.595870
532	5.036457
533	96.286662
534	76.709537
535	49.665066
536	28.943225
537	47.861652
538	60.794589
539	55.856496
540	15.835676
541	54.970547
542	36.094759
543	69.285515
544	5.445157
545	39.192402
546	39.737751
547	52.036034
548	2.326250
549	1.210055
550	65.558352
551	63.296570
552	86.229456
553	73.420262
554	94.232040
555	0.330485
556	13.816040
557	57.373232
558	39.138416
559	83.475195
560	74.819258
561	94.574465
562	64.281543
563	9.299902
564	76.424179
565	59.004520
566	21.758358
567	93.903581
568	82.614888
569	24.505473
570	58.033951
571	40.642152
572	78.972890
573	63.247599
574	91.591783
575	75.343670
576	62.013948
577	35.977791
578	12.572059
579	76.342750
580	1.570205
581	7.442846
582	20.125600
583	54.687767
584	94.143607
585	89.111045
586	34.116543
587	47.632315
588	31.053650
589	20.538928
590	11.624462
591	42.172035
592	67.545181
593	29.312252
594	59.268881
595	82.758933
596	17.023857
597	54.439917
598	80.340049
599	81.081635
600	54.832870
601	40.203513
602	20.762833
603	5.722736
604	99.430574
605	22.280107
606	29.327913
607	63.197101
608	46.216914
609	28.036824
610	15.553601
611	78.101044
612	38.040715
613	21.244085
614	80.445945
615	51.983992
616	70.053382
617	51.899477
618	88.784843
619	38.251819
620	78.627485
621	37.714300
622	22.837697
623	83.860629
624	7.798682
625	31.807538
626	16.764199
627	18.311356
628	39.304840
629	35.942658
630	73.078865
631	57.365071
632	6.398674
633	46.016813
634	35.480304
635	11.574516
636	84.124268
637	83.514917
638	99.203633
639	0.987536
640	35.101893
641	41.365499
642	36.203391
643	96.409515
644	70.056281
645	66.217293
646	74.495734
647	22.448861
648	51.498819
649	90.729413
650	59.292221
651	8.192041
652	83.662795
653	88.725851
654	71.358834
655	84.722738
656	60.075061
657	92.051501
658	30.581664
659	12.818775
660	58.552443
661	4.783883
662	80.625081
663	85.025908
664	92.136205
665	94.676867
666	93.138002
667	97.148521
668	94.567686
669	16.636351
670	61.518966
671	7.707440
672	82.776753
673	63.868906
674	93.726379
675	41.701040
676	28.054167
677	12.084893
678	45.129067
679	83.780195
680	2.440674
681	96.604245
682	43.785885
683	2.203501
684	64.138130
685	89.452949
686	31.916104
687	11.746060
688	2.213022
689	85.789827
690	3.918726
691	97.428305
692	30.165335
693	44.011922
694	25.055957
695	99.961267
696	60.771401
697	67.833745
698	63.968164
699	2.061130
700	94.027074
701	56.611847
702	63.997491
703	96.203794
704	11.479282
705	47.719270
706	77.805263
707	75.118884
708	29.745868
709	9.850571
710	18.055259
711	33.046333
712	74.156876
713	70.572862
714	7.335384
715	33.876883
716	89.774122
717	45.900751
718	74.495586
719	46.245123
720	78.069381
721	80.007964
722	29.603200
723	67.895424
724	38.122156
725	54.947295
726	93.198933
727	66.796091
728	82.512358
729	6.077524
730	46.376977
731	88.494483
732	84.525765
733	75.457846
734	50.732761
735	78.001503
736	75.216026
737	49.536425
738	59.741745
739	13.428974
740	15.996278
741	67.648024
742	30.526732
743	12.045552
744	56.773432
745	8.173065
746	21.920390
747	67.356227
748	24.062720
749	10.736227
750	13.917131
751	61.068586
752	41.756217
753	64.367045
754	76.806080
755	69.293165
756	99.855698
757	7.553305
758	46.540232
759	97.312939
760	59.193050
761	35.066034
762	23.518957
763	59.770291
764	15.145303
765	20.799330
766	92.308182
767	60.956423
768	12.766825
769	26.658588
770	29.746706
771	60.315721
772	56.597817
773	60.235334
774	9.232350
775	35.748150
776	31.093981
777	40.172191
778	55.834557
779	18.276215
780	38.679619
781	34.762484
782	58.799490
783	7.910120
784	56.178040
785	19.455611
786	57.552739
787	93.576565
788	99.147764
789	33.375297
790	85.747911
791	77.064198
792	40.712607
793	99.943019
794	98.410603
795	17.738188
796	56.031768
797	38.485469
798	4.712222
799	41.883274
800	36.589919
801	29.912843
802	61.128492
803	10.618232
804	55.628003
805	66.351224
806	69.642588
807	88.191369
808	78.163948
809	55.200199
810	4.537389
811	93.495836
812	77.519069
813	78.042592
814	99.183112
815	80.296414
816	41.409101
817	10.876862
818	28.316043
819	56.248983
820	72.804348
821	95.096655
822	5.229738
823	37.685971
824	69.564357
825	45.619995
826	87.217334
827	2.756602
828	49.609276
829	74.458333
830	25.172874
831	16.209262
832	33.437880
833	78.423082
834	38.397436
835	28.997580
836	81.250539
837	28.153474
838	71.153294
839	76.547463
840	64.326082
841	15.852473
842	34.322142
843	12.697421
844	81.194066
845	41.462024
846	40.875716
847	97.327659
848	18.957197
849	54.706814
850	65.954724
851	11.015120
852	38.511114
853	0.124991
854	32.342032
855	66.324477
856	4.018077
857	99.063768
858	6.164819
859	13.081533
860	52.715966
861	26.748633
862	64.535029
863	47.549848
864	80.337703
865	90.806873
866	7.996478
867	88.706067
868	14.162560
869	32.983322
870	83.247514
871	47.061974
872	15.931973
873	35.183852
874	33.484951
875	63.331518
876	85.207915
877	40.965793
878	30.931114
879	79.457372
880	18.862809
881	43.617897
882	22.813858
883	90.269085
884	5.092334
885	39.644720
886	87.168390
887	73.822024
888	49.680127
889	37.462270
890	5.801811
891	8.397087
892	86.959430
893	62.874486
894	9.878370
895	50.476543
896	53.427418
897	30.647864
898	66.415265
899	45.417366
900	67.538453
901	12.435841
902	29.182536
903	64.862195
904	56.742222
905	50.703954
906	74.642463
907	18.428814
908	81.744723
909	34.889876
910	97.038185
911	56.994828
912	89.305711
913	11.064076
914	82.655434
915	32.454794
916	83.743385
917	27.984313
918	44.987510
919	91.609966
920	4.119206
921	14.833320
922	87.733604
923	38.543529
924	81.398869
925	84.062095
926	69.278005
927	6.153289
928	97.579960
929	28.576794
930	30.160243
931	82.773609
932	6.056809
933	0.249285
934	68.192429
935	32.233496
936	31.570683
937	92.713208
938	21.774002
939	73.573476
940	88.653574
941	7.958413
942	14.414420
943	89.927983
944	90.743948
945	90.919943
946	32.499213
947	83.316858
948	23.339605
949	75.132201
950	10.564966
951	85.968735
952	11.552639
953	96.166153
954	26.800391
955	81.607896
956	46.566190
957	25.459137
958	95.185728
959	36.485891
960	28.383413
961	22.874766
962	28.922460
963	95.304528
964	85.798678
965	82.173767
966	84.297430
967	33.800773
968	24.843519
969	53.276210
970	79.282232
971	65.948371
972	72.657468
973	46.482551
974	91.737331
975	77.017581
976	38.142728
977	19.610984
978	67.614432
979	12.711335
980	27.034391
981	34.809748
982	23.747773
983	20.086096
984	51.431396
985	11.890423
986	72.178905
987	20.240914
988	57.609420
989	32.127013
990	73.520590
991	24.495469
992	75.715433
993	97.067121
994	54.743260
995	81.457550
996	67.718468
997	56.832734
998	42.313390
999	75.933857
1000	89.890682
;

param: d :=
1	-57.920630
2	-99.379141
3	-21.838850
4	-74.710665
5	-23.143250
6	-31.369974
7	-5.449667
8	-89.433398
9	-52.791861
10	-79.018294
11	-94.630125
12	-48.896566
13	-81.716300
14	-1.209638
15	-42.217094
16	-45.441174
17	-81.483807
18	-84.283220
19	-4.072932
20	-17.222039
21	-15.197832
22	-92.483661
23	-46.559629
24	-41.441833
25	-55.012210
26	-79.608285
27	-12.747186
28	-81.706928
29	-91.713735
30	-59.090375
31	-2.650399
32	-77.208193
33	-19.640760
34	-98.519836
35	-78.073094
36	-84.116796
37	-95.667652
38	-54.035684
39	-84.843616
40	-98.236409
41	-39.792421
42	-30.641596
43	-32.950319
44	-55.344696
45	-96.230459
46	-43.549635
47	-17.603131
48	-59.261782
49	-47.378942
50	-53.222306
51	-11.413834
52	-63.518334
53	-18.040310
54	-74.683746
55	-46.183803
56	-34.113022
57	-67.910224
58	-6.194816
59	-90.637298
60	-65.231284
61	-51.795648
62	-3.601139
63	-39.470022
64	-99.070688
65	-59.263764
66	-38.718742
67	-9.792703
68	-12.006850
69	-22.297773
70	-52.193132
71	-38.567446
72	-10.630124
73	-5.309965
74	-24.089714
75	-32.944029
76	-58.924783
77	-74.481654
78	-7.831637
79	-4.617505
80	-23.974728
81	-47.638015
82	-47.968773
83	-13.178864
84	-53.139468
85	-48.211407
86	-25.070674
87	-30.788588
88	-0.715414
89	-64.079478
90	-33.678019
91	-70.999202
92	-4.659996
93	-98.209831
94	-74.012668
95	-97.517486
96	-26.944984
97	-98.826143
98	-16.757315
99	-19.301210
100	-98.366832
101	-63.576672
102	-48.329386
103	-64.974481
104	-58.607567
105	-89.849794
106	-72.754240
107	-84.101739
108	-43.753042
109	-33.194161
110	-24.496889
111	-76.386748
112	-70.376061
113	-13.548795
114	-71.220173
115	-85.671152
116	-5.397817
117	-55.299484
118	-88.193157
119	-51.818171
120	-91.767961
121	-8.380362
122	-44.889040
123	-47.268161
124	-15.513018
125	-47.279434
126	-53.495409
127	-57.649722
128	-33.301139
129	-39.143615
130	-77.893553
131	-8.974562
132	-39.376233
133	-21.459911
134	-83.327895
135	-10.677609
136	-14.156207
137	-29.365301
138	-20.644280
139	-70.259104
140	-47.689233
141	-18.946423
142	-59.003401
143	-60.921105
144	-48.149067
145	-73.931240
146	-57.113213
147	-21.481879
148	-21.064936
149	-10.819522
150	-15.143561
151	-20.659824
152	-11.240740
153	-68.134967
154	-48.226163
155	-29.180162
156	-25.344610
157	-96.564515
158	-32.203889
159	-47.510931
160	-99.321225
161	-56.096960
162	-51.713917
163	-60.316072
164	-7.579040
165	-74.068087
166	-72.687964
167	-0.420716
168	-45.940323
169	-0.540095
170	-12.071982
171	-56.229363
172	-94.936373
173	-38.021942
174	-61.075091
175	-3.758606
176	-43.235158
177	-58.783980
178	-55.940830
179	-8.886732
180	-46.388946
181	-90.895716
182	-37.622490
183	-36.782626
184	-56.353290
185	-54.450415
186	-35.776647
187	-31.507018
188	-1.752689
189	-38.634909
190	-61.050300
191	-64.691194
192	-20.931980
193	-16.961024
194	-58.369083
195	-74.158562
196	-83.705689
197	-5.998044
198	-52.082855
199	-31.985217
200	-68.733131
201	-57.723406
202	-73.234543
203	-39.713813
204	-37.729762
205	-68.959754
206	-88.691814
207	-32.736421
208	-42.202200
209	-51.778120
210	-37.786089
211	-47.574484
212	-91.248728
213	-63.873005
214	-16.433213
215	-77.456841
216	-27.903485
217	-99.749269
218	-42.693074
219	-10.987664
220	-58.309926
221	-34.119401
222	-16.735522
223	-55.456554
224	-28.470269
225	-30.094595
226	-62.445513
227	-49.280341
228	-14.926472
229	-24.642796
230	-63.689518
231	-74.407743
232	-79.655867
233	-78.946668
234	-96.946125
235	-47.464948
236	-99.821554
237	-51.203265
238	-49.121934
239	-26.290035
240	-47.662429
241	-56.273725
242	-81.809126
243	-94.683485
244	-91.293218
245	-52.538002
246	-12.483335
247	-35.377502
248	-27.924157
249	-35.652802
250	-11.427123
251	-5.261178
252	-57.688465
253	-29.164801
254	-4.503029
255	-72.091876
256	-72.297606
257	-1.678641
258	-41.197844
259	-75.946642
260	-91.651276
261	-90.332150
262	-51.133544
263	-88.902141
264	-57.072739
265	-44.915203
266	-88.180315
267	-59.142651
268	-14.834228
269	-50.451033
270	-49.493613
271	-12.996583
272	-71.821664
273	-14.135133
274	-0.242395
275	-14.495856
276	-85.354979
277	-50.344591
278	-21.917439
279	-19.163626
280	-40.818967
281	-78.191365
282	-77.891945
283	-18.454778
284	-99.113977
285	-93.226249
286	-70.809512
287	-68.441690
288	-71.479003
289	-29.739077
290	-85.571013
291	-64.991363
292	-11.459241
293	-6.930637
294	-98.897892
295	-0.200154
296	-1.514746
297	-31.343477
298	-53.329118
299	-95.353352
300	-81.299161
301	-94.870932
302	-51.534781
303	-81.976661
304	-41.536612
305	-65.790765
306	-97.771291
307	-98.147811
308	-23.631930
309	-1.617123
310	-31.702727
311	-40.979791
312	-64.258307
313	-45.044299
314	-22.645688
315	-11.785243
316	-66.313503
317	-9.223872
318	-67.694392
319	-31.547920
320	-50.993535
321	-96.646551
322	-17.853339
323	-79.892627
324	-40.043662
325	-84.162123
326	-43.786237
327	-12.526452
328	-29.399491
329	-11.915628
330	-43.265858
331	-48.633746
332	-64.744471
333	-70.578932
334	-32.774347
335	-58.180036
336	-82.830289
337	-90.342085
338	-93.467751
339	-68.562131
340	-78.313821
341	-25.062597
342	-32.991796
343	-49.801593
344	-27.427068
345	-31.070260
346	-81.820252
347	-0.422962
348	-22.763413
349	-88.979074
350	-48.640285
351	-90.103669
352	-65.571620
353	-13.414029
354	-4.410542
355	-72.689070
356	-60.401185
357	-30.227489
358	-83.768251
359	-49.420283
360	-72.116023
361	-7.921318
362	-65.002109
363	-43.507272
364	-31.024522
365	-76.772002
366	-87.598706
367	-83.008936
368	-91.139554
369	-22.678972
370	-27.719059
371	-5.830988
372	-49.965593
373	-5.150981
374	-33.232700
375	-17.447885
376	-9.455370
377	-83.570420
378	-40.326153
379	-99.367250
380	-37.422136
381	-70.419114
382	-69.029275
383	-28.828478
384	-60.264930
385	-41.119882
386	-28.903217
387	-83.665861
388	-45.697478
389	-12.043886
390	-96.084619
391	-63.586653
392	-18.126102
393	-53.796820
394	-3.705577
395	-12.626303
396	-3.198599
397	-52.848361
398	-81.657741
399	-56.787500
400	-84.487147
401	-6.848288
402	-41.365800
403	-78.007348
404	-45.925527
405	-29.470817
406	-72.728035
407	-57.846281
408	-98.608489
409	-63.288620
410	-28.284338
411	-34.356067
412	-47.272869
413	-67.103436
414	-61.066157
415	-3.598207
416	-91.302500
417	-36.040111
418	-76.039845
419	-72.420489
420	-73.679750
421	-0.684087
422	-57.781031
423	-51.218581
424	-82.773744
425	-78.051508
426	-79.561287
427	-53.405574
428	-17.289657
429	-21.151963
430	-79.298781
431	-38.068934
432	-3.971414
433	-79.320870
434	-17.303151
435	-5.829966
436	-51.332878
437	-9.659718
438	-50.427692
439	-38.092470
440	-59.833279
441	-61.764667
442	-64.724107
443	-32.749884
444	-75.877159
445	-93.945924
446	-85.090902
447	-44.157765
448	-58.302259
449	-26.618469
450	-88.497378
451	-47.869890
452	-97.150700
453	-15.174425
454	-33.366315
455	-24.333804
456	-48.486650
457	-25.405741
458	-89.955890
459	-30.580266
460	-53.100030
461	-36.638092
462	-68.573118
463	-21.227357
464	-97.741662
465	-98.658474
466	-52.708896
467	-68.807446
468	-95.487366
469	-28.760297
470	-76.794212
471	-11.236878
472	-32.134608
473	-0.310842
474	-90.721699
475	-94.914589
476	-77.830379
477	-8.322395
478	-16.335788
479	-55.861507
480	-39.651134
481	-83.824204
482	-1.141373
483	-95.345843
484	-44.334913
485	-36.792704
486	-2.912797
487	-25.737591
488	-35.027064
489	-1.141599
490	-3.636698
491	-46.535250
492	-38.761791
493	-54.429007
494	-1.447612
495	-70.898273
496	-4.952015
497	-81.539070
498	-41.852726
499	-47.679614
500	-32.796278
501	-65.927289
502	-71.862549
503	-37.605738
504	-23.674457
505	-64.088551
506	-13.928990
507	-47.140965
508	-90.883701
509	-84.661302
510	-70.010564
511	-27.827153
512	-25.255861
513	-55.576081
514	-22.454394
515	-64.608344
516	-34.815979
517	-67.045983
518	-60.841506
519	-78.623759
520	-30.171713
521	-96.777114
522	-60.737486
523	-42.028042
524	-64.421783
525	-23.694317
526	-95.014250
527	-74.764562
528	-79.133671
529	-94.832441
530	-61.361524
531	-26.277690
532	-75.987440
533	-2.554223
534	-22.840247
535	-77.172137
536	-72.451339
537	-33.040356
538	-49.592308
539	-69.794741
540	-71.461668
541	-28.042341
542	-85.985335
543	-89.385835
544	-77.263566
545	-53.578713
546	-14.726833
547	-75.254488
548	-63.793724
549	-78.036740
550	-49.006705
551	-88.856154
552	-10.105389
553	-34.946096
554	-44.730070
555	-80.726287
556	-24.538210
557	-16.245850
558	-68.417938
559	-21.586819
560	-37.877677
561	-23.478560
562	-61.698560
563	-62.530080
564	-93.004603
565	-16.295006
566	-56.522385
567	-97.040387
568	-42.355182
569	-46.198543
570	-56.557179
571	-68.556942
572	-47.197992
573	-13.405928
574	-57.947503
575	-18.156291
576	-91.410953
577	-68.690065
578	-57.671706
579	-80.601312
580	-67.918696
581	-85.483961
582	-90.187697
583	-51.591438
584	-20.269531
585	-14.358049
586	-87.705893
587	-37.551817
588	-60.978837
589	-40.598401
590	-53.527442
591	-45.172233
592	-68.431176
593	-26.609729
594	-73.651582
595	-0.133349
596	-5.756109
597	-34.513630
598	-36.601192
599	-12.501922
600	-10.627141
601	-31.101198
602	-52.308781
603	-26.129092
604	-99.148835
605	-24.980316
606	-60.339988
607	-21.327310
608	-47.472834
609	-2.298227
610	-36.040679
611	-29.042950
612	-46.035975
613	-4.265664
614	-37.840318
615	-34.485961
616	-86.633342
617	-32.781520
618	-77.142755
619	-94.526869
620	-10.196344
621	-89.362688
622	-40.391825
623	-31.260718
624	-94.353877
625	-8.130883
626	-38.436161
627	-61.945920
628	-66.056035
629	-55.017502
630	-40.314570
631	-18.700539
632	-30.522429
633	-84.259485
634	-83.823876
635	-41.359990
636	-95.823567
637	-91.020759
638	-4.914563
639	-28.979901
640	-55.660729
641	-92.532843
642	-52.229743
643	-10.069503
644	-69.419035
645	-97.785999
646	-90.425702
647	-20.071260
648	-15.671116
649	-9.350507
650	-30.850639
651	-0.787789
652	-90.707874
653	-38.476105
654	-46.841235
655	-46.566767
656	-75.310081
657	-79.125108
658	-51.695876
659	-97.433571
660	-88.038285
661	-62.746546
662	-97.092821
663	-5.647743
664	-27.495380
665	-30.081610
666	-97.867637
667	-44.692975
668	-94.127631
669	-93.065335
670	-54.762523
671	-36.506458
672	-10.242931
673	-97.591741
674	-49.646875
675	-88.590949
676	-94.254613
677	-42.876152
678	-32.882872
679	-81.796201
680	-26.906190
681	-22.330369
682	-96.145042
683	-34.381421
684	-14.611828
685	-8.581691
686	-33.321251
687	-47.137288
688	-65.192493
689	-67.942039
690	-39.676828
691	-89.552242
692	-12.728726
693	-14.209054
694	-73.458087
695	-56.635755
696	-42.160235
697	-84.095055
698	-42.621325
699	-50.655332
700	-76.490459
701	-94.391585
702	-94.162417
703	-68.296305
704	-50.545711
705	-27.928199
706	-41.039150
707	-65.367417
708	-36.435421
709	-56.681118
710	-38.450980
711	-17.929762
712	-85.016700
713	-56.689314
714	-29.464856
715	-97.277698
716	-88.929634
717	-98.920249
718	-76.310881
719	-48.966688
720	-18.782874
721	-81.611383
722	-69.248800
723	-10.154988
724	-30.117418
725	-62.391634
726	-31.791718
727	-64.435371
728	-26.789549
729	-27.118128
730	-55.935951
731	-35.609354
732	-16.930239
733	-55.970909
734	-70.921162
735	-35.896809
736	-68.621798
737	-98.138041
738	-92.902153
739	-42.062580
740	-61.647211
741	-45.155427
742	-50.188792
743	-5.827711
744	-23.000505
745	-54.995046
746	-47.470720
747	-76.848848
748	-41.635394
749	-92.667729
750	-67.449697
751	-54.067586
752	-99.594533
753	-19.909785
754	-27.353313
755	-64.900151
756	-19.616945
757	-37.486199
758	-41.559242
759	-54.098027
760	-46.821235
761	-5.221091
762	-89.812591
763	-25.500716
764	-29.614659
765	-46.137415
766	-68.742660
767	-5.493157
768	-2.882383
769	-85.834996
770	-84.049685
771	-99.829381
772	-49.553856
773	-99.031724
774	-75.475848
775	-49.083099
776	-95.942262
777	-0.194845
778	-76.867445
779	-80.437859
780	-68.097639
781	-53.887677
782	-41.059666
783	-33.356089
784	-52.655676
785	-17.156483
786	-77.752087
787	-51.841158
788	-40.546368
789	-68.461024
790	-12.211740
791	-38.485274
792	-39.149792
793	-28.294938
794	-22.184808
795	-33.268572
796	-43.944638
797	-96.510968
798	-85.602845
799	-28.013826
800	-37.300715
801	-13.859057
802	-81.072365
803	-14.256132
804	-25.040344
805	-34.852014
806	-32.828142
807	-71.975774
808	-87.893294
809	-98.714066
810	-40.330296
811	-55.285816
812	-17.872591
813	-42.153610
814	-22.077905
815	-35.768959
816	-70.057224
817	-18.602038
818	-63.521668
819	-51.173385
820	-36.304887
821	-25.967928
822	-93.618513
823	-55.950954
824	-80.978067
825	-98.176468
826	-17.595912
827	-91.179154
828	-55.056665
829	-83.324519
830	-80.295735
831	-89.720490
832	-57.940833
833	-33.774871
834	-21.795825
835	-6.969511
836	-23.664981
837	-76.136894
838	-71.306300
839	-48.140287
840	-20.450898
841	-55.794277
842	-29.027822
843	-74.649723
844	-64.875241
845	-21.494366
846	-35.824538
847	-84.613024
848	-77.198453
849	-96.642494
850	-61.609992
851	-43.283455
852	-87.688061
853	-64.954825
854	-57.328484
855	-36.870361
856	-22.372173
857	-82.513072
858	-43.571305
859	-72.968803
860	-27.343017
861	-34.633430
862	-32.544184
863	-77.685614
864	-96.686440
865	-5.345674
866	-27.285775
867	-71.837856
868	-2.549457
869	-83.620092
870	-95.264423
871	-29.284950
872	-87.690586
873	-87.735700
874	-13.530701
875	-74.476028
876	-10.405421
877	-50.887902
878	-62.139538
879	-70.457500
880	-45.172609
881	-75.175315
882	-99.494921
883	-81.562927
884	-38.581996
885	-49.715847
886	-67.809476
887	-80.895175
888	-30.472106
889	-39.284459
890	-5.778097
891	-76.327444
892	-19.115371
893	-12.764563
894	-68.937011
895	-17.752294
896	-78.285398
897	-85.555059
898	-67.059870
899	-1.519456
900	-69.227883
901	-78.507637
902	-71.911753
903	-74.570421
904	-39.307547
905	-8.794604
906	-48.168613
907	-1.995300
908	-94.583390
909	-94.273326
910	-59.786860
911	-47.907451
912	-73.583653
913	-49.394215
914	-62.851631
915	-81.700915
916	-44.879117
917	-98.565472
918	-5.503409
919	-55.731544
920	-15.744694
921	-31.169531
922	-17.683773
923	-42.298939
924	-7.866933
925	-47.366405
926	-34.539351
927	-79.068204
928	-20.149506
929	-81.842461
930	-61.833880
931	-28.389129
932	-78.342483
933	-49.301129
934	-31.503962
935	-1.409910
936	-70.337958
937	-28.219546
938	-49.406639
939	-79.563751
940	-9.546305
941	-56.446676
942	-94.203317
943	-99.348912
944	-99.476326
945	-89.865094
946	-74.588670
947	-99.694010
948	-43.211643
949	-14.015247
950	-67.539870
951	-2.734091
952	-40.385166
953	-82.280636
954	-0.209759
955	-17.738735
956	-42.449813
957	-2.206976
958	-83.831758
959	-49.213124
960	-84.445316
961	-73.127033
962	-48.727279
963	-89.180827
964	-48.347682
965	-93.191951
966	-21.152708
967	-65.800051
968	-32.331754
969	-48.443578
970	-0.035079
971	-6.940983
972	-92.694282
973	-82.424734
974	-77.688599
975	-64.807259
976	-79.852731
977	-36.233571
978	-30.636421
979	-63.532830
980	-42.720484
981	-71.958729
982	-96.927807
983	-7.317338
984	-88.207937
985	-41.776835
986	-90.361847
987	-36.764894
988	-81.622523
989	-33.250907
990	-51.784912
991	-55.836635
992	-65.081773
993	-22.998786
994	-56.620346
995	-81.892964
996	-60.890043
997	-85.067276
998	-15.501750
999	-24.214211
1000	-42.744192
;

param: weight :=
1	71.627708
2	77.293160
3	81.710280
4	52.036680
5	44.335927
6	63.961546
7	9.259004
8	32.504628
9	45.245158
10	57.154445
11	86.506033
12	93.947284
13	52.391504
14	38.799308
15	53.827420
16	4.106213
17	17.469245
18	90.490521
19	15.151537
20	63.576971
21	55.941367
22	88.877470
23	67.872075
24	68.495677
25	90.360468
26	28.156793
27	85.431162
28	18.317214
29	13.398012
30	83.675770
31	83.299158
32	96.261790
33	28.656127
34	79.500239
35	18.841629
36	96.938499
37	46.930231
38	95.281822
39	81.722884
40	98.640150
41	79.302971
42	27.720170
43	1.174427
44	31.882760
45	78.479586
46	69.691590
47	39.104584
48	78.357726
49	40.389461
50	20.508125
51	19.215945
52	59.359045
53	92.984273
54	29.060824
55	54.978490
56	75.005509
57	11.578720
58	30.348204
59	31.860396
60	11.294877
61	68.733970
62	55.410978
63	77.989739
64	62.497364
65	82.600043
66	9.493753
67	57.041962
68	53.897105
69	20.472967
70	66.713338
71	89.226971
72	65.564735
73	57.908107
74	74.540011
75	54.712199
76	91.821917
77	53.083256
78	37.383689
79	58.783262
80	2.506204
81	11.917876
82	47.064097
83	63.992934
84	9.146589
85	64.364877
86	89.430406
87	46.768463
88	54.035609
89	33.477576
90	73.365623
91	66.213605
92	34.860802
93	56.132003
94	45.944754
95	60.520968
96	24.874766
97	59.559330
98	3.215430
99	53.991922
100	81.178625
101	15.766832
102	34.330540
103	13.176314
104	23.116790
105	74.971212
106	56.625678
107	9.622086
108	33.552430
109	88.217353
110	31.854699
111	8.017352
112	78.678789
113	56.667981
114	26.972834
115	98.588511
116	46.676580
117	68.073955
118	74.486532
119	16.927339
120	37.055907
121	92.954212
122	54.091880
123	20.132762
124	15.555876
125	30.800353
126	32.426295
127	50.931506
128	64.581774
129	29.795685
130	11.752604
131	13.856870
132	97.978590
133	77.364443
134	48.935719
135	41.212310
136	69.908337
137	24.319200
138	54.599181
139	26.876592
140	54.087030
141	92.184967
142	21.550964
143	89.590391
144	61.678985
145	55.012744
146	44.997024
147	80.417119
148	93.583402
149	27.950077
150	18.695277
151	48.587170
152	57.682175
153	13.286027
154	50.629887
155	77.078465
156	57.955347
157	25.201496
158	89.550076
159	84.458090
160	41.493648
161	30.649825
162	84.214782
163	13.340947
164	35.726853
165	41.568855
166	62.733772
167	77.075075
168	53.748617
169	54.358813
170	46.033055
171	17.290763
172	43.468497
173	75.896534
174	67.799140
175	9.596768
176	59.357100
177	57.224493
178	22.023438
179	47.063176
180	82.892433
181	83.944469
182	2.440111
183	11.723722
184	73.469810
185	50.534950
186	72.402047
187	1.736736
188	32.182449
189	75.459970
190	76.517851
191	33.411899
192	4.774721
193	24.869548
194	25.485429
195	50.385813
196	76.969261
197	29.868096
198	58.724892
199	54.787610
200	6.784196
201	82.017936
202	70.805363
203	79.771010
204	5.820270
205	3.818590
206	1.339981
207	59.542561
208	38.893127
209	15.299401
210	4.973035
211	11.265070
212	94.283268
213	49.427077
214	32.778375
215	16.492700
216	88.282709
217	1.778778
218	51.187562
219	73.490413
220	43.367895
221	63.306429
222	39.291196
223	45.471290
224	79.914874
225	39.086857
226	92.930296
227	83.228077
228	60.257929
229	7.600879
230	35.365557
231	44.336383
232	53.645252
233	12.444681
234	3.291017
235	67.061886
236	38.909364
237	35.209767
238	91.866517
239	60.135886
240	30.875815
241	53.352603
242	15.860439
243	32.296299
244	13.008415
245	85.913909
246	64.344991
247	11.425639
248	71.381194
249	70.842387
250	32.267078
251	31.563168
252	92.870320
253	50.506895
254	60.522427
255	1.215581
256	2.981214
257	66.706736
258	70.348596
259	36.779936
260	89.787410
261	11.154597
262	33.940394
263	2.845959
264	86.321186
265	32.116691
266	69.185299
267	6.742365
268	16.341414
269	22.730872
270	64.113896
271	6.190003
272	86.589081
273	84.494839
274	33.185784
275	94.011288
276	57.345613
277	37.791062
278	80.589860
279	98.603319
280	69.290679
281	12.038200
282	2.749767
283	50.786922
284	72.223175
285	80.172909
286	74.425998
287	30.149904
288	61.389479
289	84.693660
290	60.633985
291	5.060800
292	47.980727
293	38.892317
294	33.227753
295	89.800268
296	26.891012
297	83.997227
298	96.577102
299	33.666416
300	90.381255
301	57.099980
302	24.463480
303	27.141599
304	92.353877
305	13.539034
306	94.499983
307	77.170333
308	50.237711
309	89.044802
310	14.077186
311	34.121894
312	27.184468
313	30.428402
314	39.908628
315	2.576709
316	90.497860
317	20.328021
318	60.807717
319	90.996724
320	21.795684
321	18.772267
322	36.824672
323	43.045889
324	75.763358
325	98.614869
326	83.026751
327	53.181130
328	95.474061
329	21.954491
330	64.611011
331	1.123345
332	10.854880
333	86.127255
334	31.260036
335	47.237767
336	88.266037
337	9.349260
338	38.537500
339	53.254232
340	11.574113
341	58.621264
342	45.448761
343	92.002473
344	29.996579
345	76.378088
346	13.902957
347	37.065780
348	82.765508
349	6.147181
350	94.052608
351	53.261060
352	34.173504
353	64.638281
354	51.928053
355	16.509568
356	36.093056
357	7.673607
358	19.844174
359	60.387199
360	77.824519
361	18.474133
362	43.886715
363	36.490278
364	45.371966
365	75.382308
366	99.140324
367	90.214260
368	50.402004
369	3.513770
370	93.270104
371	35.648380
372	84.930855
373	2.753000
374	11.723140
375	81.432309
376	7.592500
377	61.054776
378	59.760146
379	60.301529
380	40.927530
381	12.587776
382	79.747141
383	46.613095
384	84.430458
385	58.603346
386	67.688394
387	73.646861
388	73.076144
389	78.433949
390	35.043643
391	77.766869
392	17.568017
393	70.584734
394	9.637997
395	26.909991
396	40.413237
397	21.100357
398	79.359192
399	15.091558
400	73.688515
401	87.933689
402	84.099671
403	61.387537
404	76.587221
405	80.164678
406	89.539478
407	97.827496
408	39.211983
409	87.034258
410	79.129165
411	79.873159
412	52.015926
413	26.142269
414	12.852091
415	45.082222
416	81.743214
417	95.647882
418	13.198295
419	99.882543
420	21.298944
421	67.013199
422	72.081161
423	54.923893
424	43.679799
425	17.038198
426	69.536708
427	42.766210
428	62.044383
429	89.677967
430	93.502982
431	69.343838
432	92.423369
433	61.288364
434	10.480909
435	39.247445
436	22.294418
437	62.809219
438	84.780842
439	51.909130
440	22.791369
441	76.573737
442	27.576669
443	34.559428
444	54.907286
445	13.591698
446	6.987676
447	41.600695
448	12.433648
449	8.526744
450	87.412680
451	25.433942
452	4.622024
453	33.409175
454	91.164898
455	86.188647
456	76.412755
457	70.871757
458	28.976744
459	91.565229
460	83.663319
461	43.693840
462	54.367277
463	43.093323
464	9.215690
465	35.317087
466	86.270362
467	43.160745
468	45.386140
469	67.584179
470	17.265042
471	21.527844
472	43.062513
473	34.743744
474	1.908283
475	79.609907
476	83.732756
477	84.895306
478	76.121247
479	30.157434
480	18.538340
481	58.183344
482	95.053688
483	1.535106
484	12.895519
485	23.007684
486	37.048707
487	40.636861
488	78.620673
489	71.605948
490	30.947063
491	44.565753
492	22.564555
493	84.044456
494	57.819328
495	6.232993
496	14.140435
497	60.597023
498	11.167470
499	60.598874
500	37.188286
501	38.758155
502	25.253096
503	57.151081
504	59.032840
505	35.969273
506	7.820616
507	30.856606
508	29.970978
509	40.434810
510	83.264639
511	82.102071
512	91.776723
513	38.106123
514	8.531032
515	77.220756
516	89.724100
517	36.917987
518	10.027178
519	12.958208
520	17.690581
521	73.359746
522	93.353170
523	39.682111
524	15.535054
525	90.646046
526	77.581610
527	27.121685
528	20.799754
529	2.168307
530	35.076344
531	97.534487
532	73.392768
533	96.012576
534	7.392347
535	30.799884
536	27.391175
537	92.729767
538	85.268438
539	30.942637
540	30.736842
541	48.594728
542	50.847980
543	44.894701
544	7.329160
545	86.991687
546	27.520530
547	79.728183
548	24.593301
549	10.477223
550	7.575124
551	88.099580
552	66.195958
553	84.570937
554	2.357980
555	30.611825
556	16.656993
557	58.971509
558	24.567564
559	10.557298
560	86.760522
561	99.465096
562	62.267801
563	43.088038
564	15.260542
565	90.497483
566	14.580425
567	96.228110
568	66.088988
569	75.459311
570	29.367297
571	28.103837
572	44.143240
573	64.505302
574	38.226143
575	40.951954
576	92.382120
577	13.345937
578	16.004038
579	22.396729
580	21.679906
581	71.550616
582	73.923580
583	32.472122
584	54.551337
585	55.727443
586	58.630647
587	66.322690
588	20.858253
589	99.861891
590	7.227573
591	41.999572
592	78.067319
593	49.532119
594	31.993929
595	90.559210
596	98.681477
597	15.640496
598	94.562400
599	62.921565
600	10.049851
601	68.881560
602	46.304502
603	37.127004
604	33.792109
605	47.069717
606	94.551555
607	94.751696
608	57.460958
609	46.370775
610	19.873413
611	33.587883
612	95.489762
613	71.394834
614	80.225577
615	52.322088
616	94.062087
617	33.670645
618	46.360430
619	51.617528
620	83.739825
621	92.866962
622	22.598858
623	16.784649
624	76.648928
625	95.394818
626	91.120180
627	31.545926
628	87.344877
629	20.327822
630	67.815003
631	6.120127
632	26.541657
633	8.792717
634	61.182839
635	23.057685
636	70.510067
637	35.618139
638	31.858483
639	9.172560
640	64.426832
641	26.419866
642	43.313747
643	9.280031
644	73.965670
645	27.338307
646	55.858116
647	13.804753
648	91.431536
649	80.868211
650	53.081712
651	72.863929
652	83.426324
653	28.506264
654	94.038491
655	38.667753
656	22.458918
657	57.328078
658	65.313775
659	49.414023
660	57.811288
661	28.817780
662	28.067660
663	37.100272
664	8.224732
665	89.022511
666	23.258156
667	91.997368
668	2.035858
669	3.500127
670	22.148619
671	72.532927
672	10.113768
673	95.631363
674	34.192637
675	79.404581
676	10.650323
677	38.675048
678	44.064984
679	75.037275
680	25.098940
681	79.482806
682	28.365024
683	11.291262
684	17.905321
685	58.347597
686	44.440755
687	80.513800
688	33.193276
689	54.420174
690	58.128186
691	59.785799
692	41.950936
693	96.428529
694	12.503874
695	88.569792
696	99.873734
697	89.389508
698	58.946075
699	18.042361
700	1.213318
701	25.203722
702	18.195528
703	40.816976
704	17.132752
705	5.090387
706	94.094576
707	70.514249
708	85.680984
709	59.546842
710	78.476704
711	4.595177
712	6.905215
713	28.360253
714	7.377930
715	61.359423
716	15.197650
717	28.216656
718	53.708676
719	35.839691
720	62.734154
721	77.043048
722	23.249349
723	99.865725
724	63.435710
725	2.362582
726	92.780162
727	71.397547
728	8.219977
729	7.929725
730	38.769936
731	73.305301
732	23.510451
733	74.449144
734	61.238324
735	7.877687
736	14.968042
737	6.160076
738	75.054523
739	29.076338
740	34.246910
741	60.876831
742	71.511759
743	65.390238
744	24.603796
745	18.242325
746	71.267993
747	84.374753
748	48.081967
749	97.201032
750	2.573621
751	10.039923
752	35.644748
753	79.269149
754	66.629767
755	75.513020
756	43.992752
757	64.434069
758	41.990300
759	51.752311
760	67.461301
761	13.515814
762	42.211609
763	74.404961
764	50.128338
765	97.844019
766	83.579895
767	52.006773
768	15.875704
769	39.177252
770	9.311498
771	27.098921
772	4.457327
773	5.349858
774	71.967708
775	93.153030
776	67.995507
777	83.763651
778	9.305369
779	64.471556
780	56.285183
781	8.006801
782	25.236281
783	98.252574
784	56.748091
785	26.970939
786	38.041731
787	78.937165
788	35.596074
789	53.043570
790	70.689136
791	35.847088
792	67.657624
793	23.181354
794	32.494708
795	33.653194
796	86.268608
797	60.032910
798	67.960342
799	64.588408
800	29.184107
801	63.158976
802	13.378717
803	49.353087
804	74.087316
805	19.799095
806	92.214593
807	22.498399
808	10.749252
809	45.657883
810	47.028095
811	48.601577
812	43.043300
813	9.180388
814	21.721996
815	70.176975
816	28.663022
817	53.489721
818	76.250090
819	64.339947
820	27.241789
821	37.587426
822	30.086432
823	75.924759
824	40.091775
825	39.246246
826	30.730341
827	50.670099
828	80.372973
829	22.942919
830	27.139272
831	67.431323
832	3.260504
833	64.958161
834	51.373241
835	74.130475
836	63.245914
837	51.761304
838	21.556464
839	58.803482
840	59.072199
841	91.240228
842	71.985859
843	3.464236
844	49.806799
845	60.816892
846	99.214338
847	24.353435
848	76.319985
849	45.895140
850	3.429193
851	19.665275
852	21.533973
853	27.961083
854	46.862866
855	37.322215
856	59.128433
857	50.102905
858	2.222740
859	29.899472
860	93.482862
861	44.767353
862	55.120825
863	91.500406
864	96.694056
865	57.678452
866	8.549997
867	37.751659
868	59.465142
869	43.585391
870	17.673786
871	81.153070
872	63.793258
873	42.466218
874	43.204054
875	71.962474
876	55.110848
877	40.815627
878	66.077103
879	73.946165
880	88.435353
881	73.163092
882	21.558666
883	52.150627
884	78.443765
885	85.465960
886	27.189444
887	19.323293
888	35.557996
889	65.781886
890	53.094231
891	16.179509
892	69.498887
893	75.721618
894	4.442594
895	62.602737
896	65.943188
897	30.120844
898	89.155351
899	34.253090
900	11.817132
901	58.227207
902	59.528559
903	49.095232
904	5.306906
905	94.831266
906	43.442548
907	44.896174
908	1.746237
909	26.371625
910	61.089352
911	77.434501
912	88.334701
913	10.890007
914	32.933904
915	83.902127
916	42.563311
917	9.516007
918	79.828512
919	77.506554
920	37.452267
921	86.103965
922	82.213710
923	28.908552
924	57.814647
925	69.909844
926	39.103885
927	70.960125
928	2.802658
929	67.595619
930	57.861801
931	52.305110
932	98.428832
933	49.200912
934	23.439592
935	66.604911
936	93.588225
937	88.933472
938	46.359308
939	46.379435
940	60.249881
941	59.466509
942	72.989993
943	66.918142
944	95.823191
945	41.735417
946	23.621369
947	80.481638
948	80.525386
949	65.723552
950	65.605517
951	79.364902
952	59.840645
953	52.745718
954	17.712842
955	82.013447
956	56.873201
957	61.550442
958	84.678245
959	68.607211
960	27.757476
961	5.895563
962	32.094291
963	61.281133
964	32.286988
965	57.489318
966	12.005855
967	51.475477
968	90.277409
969	64.208981
970	60.078576
971	77.324176
972	23.146486
973	53.302542
974	24.749406
975	30.818519
976	49.830666
977	24.850621
978	94.139630
979	71.006205
980	56.683989
981	74.644901
982	89.163041
983	65.010113
984	59.164828
985	38.861414
986	81.234418
987	88.816082
988	31.924395
989	84.290499
990	23.491599
991	52.430582
992	37.041226
993	27.312904
994	90.108310
995	57.223826
996	63.474758
997	16.390801
998	13.464370
999	19.077166
1000	5.886321
;

param: U :=
1	100.000000
2	100.000000
3	100.000000
4	100.000000
5	100.000000
6	100.000000
7	100.000000
8	100.000000
9	100.000000
10	100.000000
11	100.000000
12	100.000000
13	100.000000
14	100.000000
15	100.000000
16	100.000000
17	100.000000
18	100.000000
19	100.000000
20	100.000000
21	100.000000
22	100.000000
23	100.000000
24	100.000000
25	100.000000
26	100.000000
27	100.000000
28	100.000000
29	100.000000
30	100.000000
31	100.000000
32	100.000000
33	100.000000
34	100.000000
35	100.000000
36	100.000000
37	100.000000
38	100.000000
39	100.000000
40	100.000000
41	100.000000
42	100.000000
43	100.000000
44	100.000000
45	100.000000
46	100.000000
47	100.000000
48	100.000000
49	100.000000
50	100.000000
51	100.000000
52	100.000000
53	100.000000
54	100.000000
55	100.000000
56	100.000000
57	100.000000
58	100.000000
59	100.000000
60	100.000000
61	100.000000
62	100.000000
63	100.000000
64	100.000000
65	100.000000
66	100.000000
67	100.000000
68	100.000000
69	100.000000
70	100.000000
71	100.000000
72	100.000000
73	100.000000
74	100.000000
75	100.000000
76	100.000000
77	100.000000
78	100.000000
79	100.000000
80	100.000000
81	100.000000
82	100.000000
83	100.000000
84	100.000000
85	100.000000
86	100.000000
87	100.000000
88	100.000000
89	100.000000
90	100.000000
91	100.000000
92	100.000000
93	100.000000
94	100.000000
95	100.000000
96	100.000000
97	100.000000
98	100.000000
99	100.000000
100	100.000000
101	100.000000
102	100.000000
103	100.000000
104	100.000000
105	100.000000
106	100.000000
107	100.000000
108	100.000000
109	100.000000
110	100.000000
111	100.000000
112	100.000000
113	100.000000
114	100.000000
115	100.000000
116	100.000000
117	100.000000
118	100.000000
119	100.000000
120	100.000000
121	100.000000
122	100.000000
123	100.000000
124	100.000000
125	100.000000
126	100.000000
127	100.000000
128	100.000000
129	100.000000
130	100.000000
131	100.000000
132	100.000000
133	100.000000
134	100.000000
135	100.000000
136	100.000000
137	100.000000
138	100.000000
139	100.000000
140	100.000000
141	100.000000
142	100.000000
143	100.000000
144	100.000000
145	100.000000
146	100.000000
147	100.000000
148	100.000000
149	100.000000
150	100.000000
151	100.000000
152	100.000000
153	100.000000
154	100.000000
155	100.000000
156	100.000000
157	100.000000
158	100.000000
159	100.000000
160	100.000000
161	100.000000
162	100.000000
163	100.000000
164	100.000000
165	100.000000
166	100.000000
167	100.000000
168	100.000000
169	100.000000
170	100.000000
171	100.000000
172	100.000000
173	100.000000
174	100.000000
175	100.000000
176	100.000000
177	100.000000
178	100.000000
179	100.000000
180	100.000000
181	100.000000
182	100.000000
183	100.000000
184	100.000000
185	100.000000
186	100.000000
187	100.000000
188	100.000000
189	100.000000
190	100.000000
191	100.000000
192	100.000000
193	100.000000
194	100.000000
195	100.000000
196	100.000000
197	100.000000
198	100.000000
199	100.000000
200	100.000000
201	100.000000
202	100.000000
203	100.000000
204	100.000000
205	100.000000
206	100.000000
207	100.000000
208	100.000000
209	100.000000
210	100.000000
211	100.000000
212	100.000000
213	100.000000
214	100.000000
215	100.000000
216	100.000000
217	100.000000
218	100.000000
219	100.000000
220	100.000000
221	100.000000
222	100.000000
223	100.000000
224	100.000000
225	100.000000
226	100.000000
227	100.000000
228	100.000000
229	100.000000
230	100.000000
231	100.000000
232	100.000000
233	100.000000
234	100.000000
235	100.000000
236	100.000000
237	100.000000
238	100.000000
239	100.000000
240	100.000000
241	100.000000
242	100.000000
243	100.000000
244	100.000000
245	100.000000
246	100.000000
247	100.000000
248	100.000000
249	100.000000
250	100.000000
251	100.000000
252	100.000000
253	100.000000
254	100.000000
255	100.000000
256	100.000000
257	100.000000
258	100.000000
259	100.000000
260	100.000000
261	100.000000
262	100.000000
263	100.000000
264	100.000000
265	100.000000
266	100.000000
267	100.000000
268	100.000000
269	100.000000
270	100.000000
271	100.000000
272	100.000000
273	100.000000
274	100.000000
275	100.000000
276	100.000000
277	100.000000
278	100.000000
279	100.000000
280	100.000000
281	100.000000
282	100.000000
283	100.000000
284	100.000000
285	100.000000
286	100.000000
287	100.000000
288	100.000000
289	100.000000
290	100.000000
291	100.000000
292	100.000000
293	100.000000
294	100.000000
295	100.000000
296	100.000000
297	100.000000
298	100.000000
299	100.000000
300	100.000000
301	100.000000
302	100.000000
303	100.000000
304	100.000000
305	100.000000
306	100.000000
307	100.000000
308	100.000000
309	100.000000
310	100.000000
311	100.000000
312	100.000000
313	100.000000
314	100.000000
315	100.000000
316	100.000000
317	100.000000
318	100.000000
319	100.000000
320	100.000000
321	100.000000
322	100.000000
323	100.000000
324	100.000000
325	100.000000
326	100.000000
327	100.000000
328	100.000000
329	100.000000
330	100.000000
331	100.000000
332	100.000000
333	100.000000
334	100.000000
335	100.000000
336	100.000000
337	100.000000
338	100.000000
339	100.000000
340	100.000000
341	100.000000
342	100.000000
343	100.000000
344	100.000000
345	100.000000
346	100.000000
347	100.000000
348	100.000000
349	100.000000
350	100.000000
351	100.000000
352	100.000000
353	100.000000
354	100.000000
355	100.000000
356	100.000000
357	100.000000
358	100.000000
359	100.000000
360	100.000000
361	100.000000
362	100.000000
363	100.000000
364	100.000000
365	100.000000
366	100.000000
367	100.000000
368	100.000000
369	100.000000
370	100.000000
371	100.000000
372	100.000000
373	100.000000
374	100.000000
375	100.000000
376	100.000000
377	100.000000
378	100.000000
379	100.000000
380	100.000000
381	100.000000
382	100.000000
383	100.000000
384	100.000000
385	100.000000
386	100.000000
387	100.000000
388	100.000000
389	100.000000
390	100.000000
391	100.000000
392	100.000000
393	100.000000
394	100.000000
395	100.000000
396	100.000000
397	100.000000
398	100.000000
399	100.000000
400	100.000000
401	100.000000
402	100.000000
403	100.000000
404	100.000000
405	100.000000
406	100.000000
407	100.000000
408	100.000000
409	100.000000
410	100.000000
411	100.000000
412	100.000000
413	100.000000
414	100.000000
415	100.000000
416	100.000000
417	100.000000
418	100.000000
419	100.000000
420	100.000000
421	100.000000
422	100.000000
423	100.000000
424	100.000000
425	100.000000
426	100.000000
427	100.000000
428	100.000000
429	100.000000
430	100.000000
431	100.000000
432	100.000000
433	100.000000
434	100.000000
435	100.000000
436	100.000000
437	100.000000
438	100.000000
439	100.000000
440	100.000000
441	100.000000
442	100.000000
443	100.000000
444	100.000000
445	100.000000
446	100.000000
447	100.000000
448	100.000000
449	100.000000
450	100.000000
451	100.000000
452	100.000000
453	100.000000
454	100.000000
455	100.000000
456	100.000000
457	100.000000
458	100.000000
459	100.000000
460	100.000000
461	100.000000
462	100.000000
463	100.000000
464	100.000000
465	100.000000
466	100.000000
467	100.000000
468	100.000000
469	100.000000
470	100.000000
471	100.000000
472	100.000000
473	100.000000
474	100.000000
475	100.000000
476	100.000000
477	100.000000
478	100.000000
479	100.000000
480	100.000000
481	100.000000
482	100.000000
483	100.000000
484	100.000000
485	100.000000
486	100.000000
487	100.000000
488	100.000000
489	100.000000
490	100.000000
491	100.000000
492	100.000000
493	100.000000
494	100.000000
495	100.000000
496	100.000000
497	100.000000
498	100.000000
499	100.000000
500	100.000000
501	100.000000
502	100.000000
503	100.000000
504	100.000000
505	100.000000
506	100.000000
507	100.000000
508	100.000000
509	100.000000
510	100.000000
511	100.000000
512	100.000000
513	100.000000
514	100.000000
515	100.000000
516	100.000000
517	100.000000
518	100.000000
519	100.000000
520	100.000000
521	100.000000
522	100.000000
523	100.000000
524	100.000000
525	100.000000
526	100.000000
527	100.000000
528	100.000000
529	100.000000
530	100.000000
531	100.000000
532	100.000000
533	100.000000
534	100.000000
535	100.000000
536	100.000000
537	100.000000
538	100.000000
539	100.000000
540	100.000000
541	100.000000
542	100.000000
543	100.000000
544	100.000000
545	100.000000
546	100.000000
547	100.000000
548	100.000000
549	100.000000
550	100.000000
551	100.000000
552	100.000000
553	100.000000
554	100.000000
555	100.000000
556	100.000000
557	100.000000
558	100.000000
559	100.000000
560	100.000000
561	100.000000
562	100.000000
563	100.000000
564	100.000000
565	100.000000
566	100.000000
567	100.000000
568	100.000000
569	100.000000
570	100.000000
571	100.000000
572	100.000000
573	100.000000
574	100.000000
575	100.000000
576	100.000000
577	100.000000
578	100.000000
579	100.000000
580	100.000000
581	100.000000
582	100.000000
583	100.000000
584	100.000000
585	100.000000
586	100.000000
587	100.000000
588	100.000000
589	100.000000
590	100.000000
591	100.000000
592	100.000000
593	100.000000
594	100.000000
595	100.000000
596	100.000000
597	100.000000
598	100.000000
599	100.000000
600	100.000000
601	100.000000
602	100.000000
603	100.000000
604	100.000000
605	100.000000
606	100.000000
607	100.000000
608	100.000000
609	100.000000
610	100.000000
611	100.000000
612	100.000000
613	100.000000
614	100.000000
615	100.000000
616	100.000000
617	100.000000
618	100.000000
619	100.000000
620	100.000000
621	100.000000
622	100.000000
623	100.000000
624	100.000000
625	100.000000
626	100.000000
627	100.000000
628	100.000000
629	100.000000
630	100.000000
631	100.000000
632	100.000000
633	100.000000
634	100.000000
635	100.000000
636	100.000000
637	100.000000
638	100.000000
639	100.000000
640	100.000000
641	100.000000
642	100.000000
643	100.000000
644	100.000000
645	100.000000
646	100.000000
647	100.000000
648	100.000000
649	100.000000
650	100.000000
651	100.000000
652	100.000000
653	100.000000
654	100.000000
655	100.000000
656	100.000000
657	100.000000
658	100.000000
659	100.000000
660	100.000000
661	100.000000
662	100.000000
663	100.000000
664	100.000000
665	100.000000
666	100.000000
667	100.000000
668	100.000000
669	100.000000
670	100.000000
671	100.000000
672	100.000000
673	100.000000
674	100.000000
675	100.000000
676	100.000000
677	100.000000
678	100.000000
679	100.000000
680	100.000000
681	100.000000
682	100.000000
683	100.000000
684	100.000000
685	100.000000
686	100.000000
687	100.000000
688	100.000000
689	100.000000
690	100.000000
691	100.000000
692	100.000000
693	100.000000
694	100.000000
695	100.000000
696	100.000000
697	100.000000
698	100.000000
699	100.000000
700	100.000000
701	100.000000
702	100.000000
703	100.000000
704	100.000000
705	100.000000
706	100.000000
707	100.000000
708	100.000000
709	100.000000
710	100.000000
711	100.000000
712	100.000000
713	100.000000
714	100.000000
715	100.000000
716	100.000000
717	100.000000
718	100.000000
719	100.000000
720	100.000000
721	100.000000
722	100.000000
723	100.000000
724	100.000000
725	100.000000
726	100.000000
727	100.000000
728	100.000000
729	100.000000
730	100.000000
731	100.000000
732	100.000000
733	100.000000
734	100.000000
735	100.000000
736	100.000000
737	100.000000
738	100.000000
739	100.000000
740	100.000000
741	100.000000
742	100.000000
743	100.000000
744	100.000000
745	100.000000
746	100.000000
747	100.000000
748	100.000000
749	100.000000
750	100.000000
751	100.000000
752	100.000000
753	100.000000
754	100.000000
755	100.000000
756	100.000000
757	100.000000
758	100.000000
759	100.000000
760	100.000000
761	100.000000
762	100.000000
763	100.000000
764	100.000000
765	100.000000
766	100.000000
767	100.000000
768	100.000000
769	100.000000
770	100.000000
771	100.000000
772	100.000000
773	100.000000
774	100.000000
775	100.000000
776	100.000000
777	100.000000
778	100.000000
779	100.000000
780	100.000000
781	100.000000
782	100.000000
783	100.000000
784	100.000000
785	100.000000
786	100.000000
787	100.000000
788	100.000000
789	100.000000
790	100.000000
791	100.000000
792	100.000000
793	100.000000
794	100.000000
795	100.000000
796	100.000000
797	100.000000
798	100.000000
799	100.000000
800	100.000000
801	100.000000
802	100.000000
803	100.000000
804	100.000000
805	100.000000
806	100.000000
807	100.000000
808	100.000000
809	100.000000
810	100.000000
811	100.000000
812	100.000000
813	100.000000
814	100.000000
815	100.000000
816	100.000000
817	100.000000
818	100.000000
819	100.000000
820	100.000000
821	100.000000
822	100.000000
823	100.000000
824	100.000000
825	100.000000
826	100.000000
827	100.000000
828	100.000000
829	100.000000
830	100.000000
831	100.000000
832	100.000000
833	100.000000
834	100.000000
835	100.000000
836	100.000000
837	100.000000
838	100.000000
839	100.000000
840	100.000000
841	100.000000
842	100.000000
843	100.000000
844	100.000000
845	100.000000
846	100.000000
847	100.000000
848	100.000000
849	100.000000
850	100.000000
851	100.000000
852	100.000000
853	100.000000
854	100.000000
855	100.000000
856	100.000000
857	100.000000
858	100.000000
859	100.000000
860	100.000000
861	100.000000
862	100.000000
863	100.000000
864	100.000000
865	100.000000
866	100.000000
867	100.000000
868	100.000000
869	100.000000
870	100.000000
871	100.000000
872	100.000000
873	100.000000
874	100.000000
875	100.000000
876	100.000000
877	100.000000
878	100.000000
879	100.000000
880	100.000000
881	100.000000
882	100.000000
883	100.000000
884	100.000000
885	100.000000
886	100.000000
887	100.000000
888	100.000000
889	100.000000
890	100.000000
891	100.000000
892	100.000000
893	100.000000
894	100.000000
895	100.000000
896	100.000000
897	100.000000
898	100.000000
899	100.000000
900	100.000000
901	100.000000
902	100.000000
903	100.000000
904	100.000000
905	100.000000
906	100.000000
907	100.000000
908	100.000000
909	100.000000
910	100.000000
911	100.000000
912	100.000000
913	100.000000
914	100.000000
915	100.000000
916	100.000000
917	100.000000
918	100.000000
919	100.000000
920	100.000000
921	100.000000
922	100.000000
923	100.000000
924	100.000000
925	100.000000
926	100.000000
927	100.000000
928	100.000000
929	100.000000
930	100.000000
931	100.000000
932	100.000000
933	100.000000
934	100.000000
935	100.000000
936	100.000000
937	100.000000
938	100.000000
939	100.000000
940	100.000000
941	100.000000
942	100.000000
943	100.000000
944	100.000000
945	100.000000
946	100.000000
947	100.000000
948	100.000000
949	100.000000
950	100.000000
951	100.000000
952	100.000000
953	100.000000
954	100.000000
955	100.000000
956	100.000000
957	100.000000
958	100.000000
959	100.000000
960	100.000000
961	100.000000
962	100.000000
963	100.000000
964	100.000000
965	100.000000
966	100.000000
967	100.000000
968	100.000000
969	100.000000
970	100.000000
971	100.000000
972	100.000000
973	100.000000
974	100.000000
975	100.000000
976	100.000000
977	100.000000
978	100.000000
979	100.000000
980	100.000000
981	100.000000
982	100.000000
983	100.000000
984	100.000000
985	100.000000
986	100.000000
987	100.000000
988	100.000000
989	100.000000
990	100.000000
991	100.000000
992	100.000000
993	100.000000
994	100.000000
995	100.000000
996	100.000000
997	100.000000
998	100.000000
999	100.000000
1000	100.000000
;

