# seed = 1254829604

param N := 100;

param M := 2;

param Umax := 100.000000;

param: C :=
1	226034.657424
2	28744.533700
;

param: a :=
1	0.155896
2	0.105097
3	0.186086
4	0.110177
5	0.146344
6	0.146249
7	0.122832
8	0.170211
9	0.158610
10	0.105191
11	0.183913
12	0.141864
13	0.162528
14	0.100273
15	0.187001
16	0.146610
17	0.149987
18	0.116238
19	0.146196
20	0.184230
21	0.136996
22	0.169796
23	0.192547
24	0.171752
25	0.107625
26	0.157099
27	0.117731
28	0.103535
29	0.192617
30	0.195198
31	0.147478
32	0.138254
33	0.159572
34	0.104040
35	0.186065
36	0.186329
37	0.172133
38	0.123017
39	0.179424
40	0.110670
41	0.143743
42	0.146619
43	0.158850
44	0.175302
45	0.198826
46	0.158793
47	0.139231
48	0.132486
49	0.125391
50	0.179183
51	0.126051
52	0.136018
53	0.196458
54	0.131278
55	0.137018
56	0.160767
57	0.191843
58	0.144797
59	0.188520
60	0.160703
61	0.184718
62	0.119340
63	0.179962
64	0.178380
65	0.162683
66	0.172304
67	0.163696
68	0.123418
69	0.122747
70	0.199032
71	0.157885
72	0.100988
73	0.162578
74	0.101847
75	0.191468
76	0.178306
77	0.166272
78	0.139269
79	0.161737
80	0.115082
81	0.148435
82	0.110754
83	0.103596
84	0.125848
85	0.178333
86	0.149853
87	0.104534
88	0.102922
89	0.128357
90	0.178184
91	0.177954
92	0.151001
93	0.164595
94	0.149356
95	0.105823
96	0.159869
97	0.192685
98	0.152102
99	0.122319
100	0.193111
;

param: b :=
1	88.795778
2	77.990299
3	7.479488
4	11.979537
5	38.271453
6	91.023818
7	91.659697
8	89.999163
9	69.189600
10	69.184938
11	71.392967
12	16.833151
13	54.378114
14	30.636760
15	92.890688
16	57.393082
17	6.181802
18	59.025530
19	32.193702
20	90.725360
21	0.509795
22	66.535412
23	40.866805
24	62.621041
25	11.547725
26	36.804904
27	17.351015
28	5.423466
29	6.187480
30	59.354851
31	19.877813
32	69.056972
33	48.710580
34	13.930796
35	0.468642
36	18.433387
37	48.997219
38	46.641221
39	91.846138
40	50.226753
41	86.496386
42	63.830484
43	66.177368
44	32.430502
45	84.738199
46	35.827060
47	18.708253
48	44.396973
49	19.501455
50	15.040470
51	99.215281
52	41.394448
53	56.400639
54	51.699316
55	16.709175
56	20.820070
57	48.164005
58	32.953534
59	1.455240
60	54.864990
61	96.296444
62	77.336910
63	82.670190
64	45.183776
65	39.059973
66	29.909695
67	29.389945
68	45.928019
69	62.133484
70	48.740657
71	74.273390
72	81.824948
73	82.195957
74	71.481454
75	47.889721
76	9.925201
77	43.894812
78	5.601122
79	75.237600
80	19.470727
81	61.261474
82	42.527569
83	44.017063
84	38.655065
85	22.825682
86	99.711634
87	93.070401
88	7.791925
89	88.598541
90	26.637547
91	10.747842
92	54.358309
93	15.456501
94	98.283571
95	77.531935
96	13.561416
97	64.461299
98	54.238025
99	11.786815
100	63.738331
;

param: c :=
1	62.069858
2	12.892036
3	0.398278
4	19.858179
5	86.671508
6	89.682098
7	97.897067
8	34.007341
9	65.201123
10	75.659254
11	67.174511
12	53.426965
13	44.256187
14	29.279214
15	82.929838
16	21.084022
17	53.835337
18	93.599455
19	44.949680
20	23.255782
21	17.896617
22	10.104849
23	94.986022
24	17.053928
25	64.480192
26	92.725218
27	50.823644
28	3.812284
29	37.169995
30	15.191078
31	36.254357
32	9.257890
33	66.762982
34	89.761810
35	33.758536
36	47.426018
37	50.563521
38	30.011950
39	26.331233
40	16.172318
41	58.547532
42	28.164767
43	14.347354
44	21.205596
45	56.551037
46	81.151850
47	22.754833
48	60.040648
49	4.619059
50	61.345952
51	5.092951
52	60.199824
53	35.067579
54	98.575885
55	31.851752
56	71.487784
57	20.424381
58	72.160342
59	6.524071
60	72.367660
61	62.892557
62	58.753149
63	47.614069
64	12.559210
65	51.635985
66	17.512210
67	85.485007
68	23.296562
69	19.425863
70	7.703890
71	38.340934
72	73.389798
73	55.886880
74	54.712125
75	15.786173
76	66.991072
77	95.789339
78	35.240379
79	6.297444
80	94.782421
81	92.503543
82	82.080337
83	72.432558
84	54.231153
85	26.551903
86	59.920603
87	30.766783
88	99.819252
89	29.554018
90	26.639231
91	10.551597
92	95.089560
93	92.064001
94	20.286394
95	71.884368
96	4.959039
97	56.724461
98	23.325046
99	80.616602
100	5.432038
;

param: d :=
1	-35.642655
2	-32.277528
3	-5.509884
4	-40.281879
5	-8.989820
6	-64.236661
7	-15.098063
8	-16.896523
9	-40.991603
10	-74.950711
11	-29.415498
12	-68.453964
13	-39.574680
14	-65.719431
15	-47.798028
16	-77.731192
17	-82.838407
18	-30.334551
19	-9.547868
20	-86.491054
21	-80.074142
22	-9.120276
23	-53.617443
24	-34.648220
25	-47.424827
26	-19.645005
27	-64.372236
28	-86.359740
29	-12.397474
30	-87.747680
31	-88.042241
32	-69.020568
33	-89.604615
34	-92.147862
35	-76.765006
36	-98.480349
37	-91.612993
38	-67.725603
39	-53.813101
40	-99.568613
41	-22.498089
42	-5.955282
43	-90.586005
44	-94.685718
45	-74.842517
46	-25.035122
47	-2.221727
48	-39.349020
49	-60.261862
50	-99.610969
51	-17.398111
52	-82.830102
53	-80.786897
54	-8.681609
55	-58.363365
56	-77.886846
57	-3.064514
58	-95.003031
59	-76.412753
60	-40.721132
61	-83.430292
62	-9.172346
63	-99.613370
64	-49.459695
65	-30.793287
66	-55.328012
67	-73.411851
68	-17.828765
69	-29.639306
70	-88.409252
71	-90.479381
72	-81.499635
73	-51.936632
74	-74.856905
75	-89.106338
76	-13.989823
77	-95.387032
78	-87.340761
79	-82.375806
80	-30.206325
81	-35.778718
82	-22.254970
83	-0.614376
84	-38.911632
85	-15.369916
86	-55.364709
87	-2.962033
88	-14.997744
89	-99.210443
90	-67.584798
91	-95.494562
92	-89.077923
93	-4.638348
94	-50.825064
95	-64.622633
96	-13.492235
97	-96.763449
98	-52.808054
99	-85.617353
100	-86.602535
;

param: weight :=
1	72.591230
2	25.356750
3	40.590087
4	9.171203
5	74.942532
6	10.010276
7	56.456871
8	58.144419
9	64.042919
10	29.614028
11	62.779115
12	53.070525
13	39.887251
14	14.602835
15	52.380094
16	82.617947
17	76.998641
18	90.665850
19	92.692831
20	25.755870
21	53.184649
22	88.916178
23	58.448114
24	32.963625
25	2.979859
26	50.810711
27	37.904103
28	96.340158
29	53.044337
30	25.459565
31	72.728456
32	49.917848
33	84.494960
34	28.295346
35	88.190456
36	31.378850
37	61.345428
38	77.844447
39	3.219107
40	58.498102
41	10.634067
42	65.696634
43	74.818731
44	65.057851
45	31.615846
46	36.895862
47	96.248062
48	39.057274
49	29.626295
50	21.151204
51	25.129036
52	17.195733
53	54.637123
54	13.226794
55	56.882840
56	21.997009
57	31.458235
58	50.622198
59	21.461660
60	46.721548
61	38.553748
62	99.455563
63	79.809619
64	50.678937
65	63.020748
66	89.296677
67	46.500056
68	37.388117
69	62.894913
70	99.288152
71	44.045301
72	27.231966
73	9.696265
74	54.116162
75	19.067911
76	22.300789
77	53.881277
78	24.860472
79	24.067958
80	45.167683
81	72.433585
82	29.252369
83	49.143731
84	51.801161
85	41.045378
86	69.810256
87	57.718766
88	85.681586
89	88.104324
90	87.848656
91	95.424147
92	99.003664
93	13.369524
94	83.452969
95	78.538277
96	46.516853
97	69.277070
98	65.508500
99	8.076982
100	13.784135
;

param: U :=
1	100.000000
2	100.000000
3	100.000000
4	100.000000
5	100.000000
6	100.000000
7	100.000000
8	100.000000
9	100.000000
10	100.000000
11	100.000000
12	100.000000
13	100.000000
14	100.000000
15	100.000000
16	100.000000
17	100.000000
18	100.000000
19	100.000000
20	100.000000
21	100.000000
22	100.000000
23	100.000000
24	100.000000
25	100.000000
26	100.000000
27	100.000000
28	100.000000
29	100.000000
30	100.000000
31	100.000000
32	100.000000
33	100.000000
34	100.000000
35	100.000000
36	100.000000
37	100.000000
38	100.000000
39	100.000000
40	100.000000
41	100.000000
42	100.000000
43	100.000000
44	100.000000
45	100.000000
46	100.000000
47	100.000000
48	100.000000
49	100.000000
50	100.000000
51	100.000000
52	100.000000
53	100.000000
54	100.000000
55	100.000000
56	100.000000
57	100.000000
58	100.000000
59	100.000000
60	100.000000
61	100.000000
62	100.000000
63	100.000000
64	100.000000
65	100.000000
66	100.000000
67	100.000000
68	100.000000
69	100.000000
70	100.000000
71	100.000000
72	100.000000
73	100.000000
74	100.000000
75	100.000000
76	100.000000
77	100.000000
78	100.000000
79	100.000000
80	100.000000
81	100.000000
82	100.000000
83	100.000000
84	100.000000
85	100.000000
86	100.000000
87	100.000000
88	100.000000
89	100.000000
90	100.000000
91	100.000000
92	100.000000
93	100.000000
94	100.000000
95	100.000000
96	100.000000
97	100.000000
98	100.000000
99	100.000000
100	100.000000
;

