# seed = 1254829604

param N := 1000;

param M := 10;

param Umax := 100.000000;

param: C :=
1	629170.000000
2	407197.000000
3	1225922.000000
4	168819.000000
5	3531.000000
6	37215.000000
7	25301.000000
8	12521.000000
9	25790.000000
10	384.000000
;

param: a :=
1	0.152216
2	0.118124
3	0.101030
4	0.196180
5	0.158531
6	0.118892
7	0.126588
8	0.109965
9	0.162577
10	0.117178
11	0.149273
12	0.183418
13	0.115366
14	0.107273
15	0.122127
16	0.140166
17	0.180271
18	0.170154
19	0.112085
20	0.109846
21	0.112895
22	0.162170
23	0.128706
24	0.108520
25	0.193226
26	0.120097
27	0.161485
28	0.103136
29	0.103931
30	0.193093
31	0.138544
32	0.159175
33	0.126581
34	0.104532
35	0.173629
36	0.144323
37	0.185681
38	0.131816
39	0.147493
40	0.151556
41	0.197578
42	0.139081
43	0.168588
44	0.127281
45	0.170632
46	0.182696
47	0.127573
48	0.176830
49	0.162355
50	0.163466
51	0.188695
52	0.149121
53	0.136577
54	0.118769
55	0.190909
56	0.156893
57	0.187046
58	0.122885
59	0.116982
60	0.174446
61	0.183012
62	0.161144
63	0.105495
64	0.137531
65	0.146511
66	0.176436
67	0.160606
68	0.158963
69	0.107778
70	0.149049
71	0.152424
72	0.177922
73	0.192910
74	0.118255
75	0.113954
76	0.185836
77	0.127499
78	0.119325
79	0.106965
80	0.182493
81	0.142159
82	0.125824
83	0.146631
84	0.170034
85	0.171693
86	0.198715
87	0.153027
88	0.140975
89	0.161576
90	0.136621
91	0.145198
92	0.129587
93	0.168696
94	0.155062
95	0.161373
96	0.153238
97	0.189552
98	0.163553
99	0.131765
100	0.110399
101	0.160961
102	0.167379
103	0.178292
104	0.146052
105	0.181328
106	0.153495
107	0.166021
108	0.167686
109	0.143814
110	0.157640
111	0.159405
112	0.175058
113	0.142100
114	0.178318
115	0.112093
116	0.143684
117	0.126361
118	0.159959
119	0.149163
120	0.193333
121	0.145512
122	0.105020
123	0.171582
124	0.129656
125	0.167175
126	0.143249
127	0.120296
128	0.183855
129	0.152784
130	0.108964
131	0.151957
132	0.107839
133	0.178882
134	0.174053
135	0.180469
136	0.137394
137	0.139750
138	0.127186
139	0.181110
140	0.124240
141	0.198511
142	0.174699
143	0.146463
144	0.187368
145	0.190962
146	0.188895
147	0.106866
148	0.140868
149	0.128380
150	0.128274
151	0.102445
152	0.116284
153	0.109306
154	0.111056
155	0.153768
156	0.113137
157	0.133045
158	0.170245
159	0.153691
160	0.101580
161	0.130079
162	0.102827
163	0.119630
164	0.186869
165	0.123525
166	0.197850
167	0.147999
168	0.140015
169	0.141111
170	0.108469
171	0.113627
172	0.142423
173	0.108690
174	0.199734
175	0.183921
176	0.197875
177	0.128530
178	0.150756
179	0.196131
180	0.109022
181	0.122554
182	0.102802
183	0.187257
184	0.189371
185	0.168622
186	0.138258
187	0.181829
188	0.166382
189	0.110645
190	0.192181
191	0.158031
192	0.168230
193	0.183228
194	0.181718
195	0.178257
196	0.174949
197	0.179646
198	0.130274
199	0.196409
200	0.171053
201	0.186791
202	0.171851
203	0.165666
204	0.160385
205	0.110965
206	0.117094
207	0.148896
208	0.186042
209	0.176554
210	0.102514
211	0.174761
212	0.183079
213	0.115405
214	0.181443
215	0.176183
216	0.142563
217	0.104393
218	0.125407
219	0.168217
220	0.174910
221	0.124821
222	0.116231
223	0.136622
224	0.194664
225	0.135307
226	0.118939
227	0.117912
228	0.170415
229	0.186130
230	0.117439
231	0.151615
232	0.187327
233	0.140376
234	0.136080
235	0.118423
236	0.186527
237	0.157148
238	0.131053
239	0.125338
240	0.159893
241	0.187523
242	0.111152
243	0.122283
244	0.193635
245	0.114968
246	0.155612
247	0.143289
248	0.110939
249	0.151271
250	0.153008
251	0.152529
252	0.170957
253	0.143541
254	0.104830
255	0.137829
256	0.144956
257	0.148300
258	0.195617
259	0.156077
260	0.105660
261	0.185453
262	0.188195
263	0.147168
264	0.113253
265	0.120561
266	0.161380
267	0.104316
268	0.195152
269	0.144478
270	0.112130
271	0.168972
272	0.178653
273	0.154385
274	0.125423
275	0.134845
276	0.180953
277	0.169693
278	0.141587
279	0.143656
280	0.135811
281	0.142280
282	0.145693
283	0.141643
284	0.135447
285	0.192253
286	0.159335
287	0.125801
288	0.193832
289	0.171116
290	0.158805
291	0.115644
292	0.152088
293	0.187318
294	0.170884
295	0.122807
296	0.185252
297	0.165079
298	0.182410
299	0.155296
300	0.198998
301	0.100288
302	0.134266
303	0.185708
304	0.159153
305	0.145519
306	0.169193
307	0.171006
308	0.124236
309	0.138481
310	0.111383
311	0.100638
312	0.153006
313	0.179662
314	0.189688
315	0.114808
316	0.121636
317	0.137190
318	0.125118
319	0.164625
320	0.128362
321	0.103411
322	0.121112
323	0.111404
324	0.102099
325	0.142977
326	0.158111
327	0.158916
328	0.123907
329	0.165757
330	0.105726
331	0.105516
332	0.199663
333	0.196684
334	0.198833
335	0.158956
336	0.118756
337	0.107304
338	0.173474
339	0.161124
340	0.138678
341	0.187810
342	0.184712
343	0.115093
344	0.188833
345	0.109236
346	0.180694
347	0.110256
348	0.134597
349	0.138645
350	0.134963
351	0.105797
352	0.191842
353	0.195644
354	0.159721
355	0.168784
356	0.187075
357	0.155223
358	0.148694
359	0.143436
360	0.131471
361	0.105627
362	0.140784
363	0.149870
364	0.166670
365	0.174940
366	0.130516
367	0.101211
368	0.183522
369	0.167496
370	0.142369
371	0.115017
372	0.105834
373	0.159141
374	0.110823
375	0.104643
376	0.135334
377	0.162345
378	0.101448
379	0.197596
380	0.136215
381	0.149726
382	0.194987
383	0.163118
384	0.197127
385	0.195604
386	0.134850
387	0.126297
388	0.155114
389	0.108846
390	0.156394
391	0.109419
392	0.188089
393	0.156270
394	0.182169
395	0.161178
396	0.122370
397	0.142551
398	0.122376
399	0.127235
400	0.181975
401	0.121663
402	0.197328
403	0.175666
404	0.139747
405	0.161349
406	0.173538
407	0.122101
408	0.139456
409	0.195151
410	0.119089
411	0.165882
412	0.179786
413	0.130693
414	0.105003
415	0.174057
416	0.101909
417	0.114343
418	0.102541
419	0.154120
420	0.132626
421	0.109683
422	0.164308
423	0.186444
424	0.104906
425	0.117125
426	0.113793
427	0.122890
428	0.193091
429	0.194132
430	0.143382
431	0.119992
432	0.110925
433	0.189465
434	0.113040
435	0.186661
436	0.148488
437	0.181770
438	0.111299
439	0.156868
440	0.145993
441	0.143163
442	0.158612
443	0.175994
444	0.116254
445	0.127091
446	0.153867
447	0.167704
448	0.104703
449	0.114663
450	0.123734
451	0.173792
452	0.189956
453	0.153460
454	0.145387
455	0.126439
456	0.174068
457	0.113764
458	0.103452
459	0.105454
460	0.196194
461	0.137645
462	0.125693
463	0.157985
464	0.166409
465	0.157331
466	0.129203
467	0.169104
468	0.152267
469	0.199068
470	0.123253
471	0.105443
472	0.101549
473	0.149488
474	0.115676
475	0.191784
476	0.127838
477	0.196928
478	0.162409
479	0.105769
480	0.164853
481	0.194918
482	0.153281
483	0.129994
484	0.114782
485	0.191052
486	0.115919
487	0.196077
488	0.187999
489	0.133150
490	0.152575
491	0.146207
492	0.173549
493	0.157792
494	0.158378
495	0.186749
496	0.105086
497	0.127239
498	0.173988
499	0.167984
500	0.174439
501	0.126196
502	0.131067
503	0.172607
504	0.132149
505	0.150684
506	0.123291
507	0.191799
508	0.153551
509	0.142112
510	0.189096
511	0.151377
512	0.137697
513	0.167991
514	0.128809
515	0.166807
516	0.189834
517	0.116034
518	0.161782
519	0.151173
520	0.196660
521	0.122071
522	0.151983
523	0.149724
524	0.185915
525	0.179016
526	0.185338
527	0.190908
528	0.123590
529	0.118850
530	0.198978
531	0.155556
532	0.130485
533	0.108424
534	0.165207
535	0.177088
536	0.125675
537	0.112323
538	0.158852
539	0.183694
540	0.161400
541	0.108018
542	0.155357
543	0.179424
544	0.182164
545	0.198206
546	0.182614
547	0.116505
548	0.106678
549	0.112862
550	0.106079
551	0.194722
552	0.164225
553	0.156090
554	0.197608
555	0.109452
556	0.165617
557	0.158077
558	0.121786
559	0.175886
560	0.180580
561	0.134605
562	0.183792
563	0.188719
564	0.144722
565	0.160510
566	0.155188
567	0.137864
568	0.122990
569	0.115150
570	0.130903
571	0.136915
572	0.126207
573	0.191709
574	0.165303
575	0.116650
576	0.148459
577	0.147278
578	0.190222
579	0.115651
580	0.180496
581	0.169795
582	0.112639
583	0.182487
584	0.152755
585	0.177675
586	0.101592
587	0.123145
588	0.121485
589	0.114648
590	0.198619
591	0.165610
592	0.191283
593	0.173270
594	0.111261
595	0.114926
596	0.153640
597	0.103465
598	0.134263
599	0.112637
600	0.190753
601	0.138937
602	0.179102
603	0.184686
604	0.126897
605	0.118142
606	0.138997
607	0.194850
608	0.193814
609	0.192106
610	0.123333
611	0.169051
612	0.159571
613	0.180447
614	0.141208
615	0.182084
616	0.150618
617	0.137813
618	0.112606
619	0.112344
620	0.124567
621	0.182527
622	0.144524
623	0.142934
624	0.154146
625	0.142708
626	0.123126
627	0.175548
628	0.179425
629	0.123116
630	0.199872
631	0.147881
632	0.194501
633	0.115349
634	0.160830
635	0.121757
636	0.145287
637	0.186133
638	0.129505
639	0.194136
640	0.128482
641	0.126705
642	0.182918
643	0.196196
644	0.172994
645	0.127297
646	0.102548
647	0.198443
648	0.116307
649	0.175116
650	0.156041
651	0.169379
652	0.193291
653	0.179463
654	0.158578
655	0.154237
656	0.184685
657	0.122253
658	0.146476
659	0.123745
660	0.104036
661	0.125197
662	0.140096
663	0.149928
664	0.110868
665	0.178647
666	0.101382
667	0.167769
668	0.156146
669	0.180296
670	0.173650
671	0.166650
672	0.180066
673	0.169981
674	0.195738
675	0.192385
676	0.127649
677	0.154105
678	0.152307
679	0.184113
680	0.168396
681	0.138982
682	0.133659
683	0.191857
684	0.189938
685	0.163093
686	0.157534
687	0.173876
688	0.189248
689	0.137166
690	0.136444
691	0.114107
692	0.132616
693	0.133983
694	0.146617
695	0.181159
696	0.118157
697	0.183519
698	0.146612
699	0.132510
700	0.196274
701	0.136418
702	0.118077
703	0.164357
704	0.167722
705	0.194490
706	0.159718
707	0.191010
708	0.135763
709	0.184902
710	0.183103
711	0.159008
712	0.125049
713	0.170585
714	0.131546
715	0.160425
716	0.134281
717	0.152202
718	0.122269
719	0.117162
720	0.169665
721	0.190452
722	0.113509
723	0.119926
724	0.190880
725	0.146383
726	0.165352
727	0.152575
728	0.180355
729	0.135628
730	0.113640
731	0.187603
732	0.112252
733	0.111958
734	0.130979
735	0.110395
736	0.107852
737	0.123235
738	0.101520
739	0.108387
740	0.132274
741	0.146187
742	0.100431
743	0.177502
744	0.194045
745	0.109414
746	0.105314
747	0.125157
748	0.174965
749	0.197778
750	0.160651
751	0.139738
752	0.100389
753	0.182602
754	0.117170
755	0.119213
756	0.191318
757	0.141637
758	0.122113
759	0.196935
760	0.104997
761	0.123587
762	0.159279
763	0.116570
764	0.190828
765	0.100387
766	0.150540
767	0.169207
768	0.144672
769	0.126588
770	0.182171
771	0.170361
772	0.111591
773	0.109521
774	0.118500
775	0.148063
776	0.125143
777	0.110894
778	0.186010
779	0.104613
780	0.112659
781	0.117624
782	0.169794
783	0.164221
784	0.177745
785	0.199386
786	0.161088
787	0.184630
788	0.144635
789	0.197038
790	0.185002
791	0.100790
792	0.132415
793	0.104505
794	0.110922
795	0.195362
796	0.149175
797	0.135377
798	0.186508
799	0.103237
800	0.147192
801	0.114383
802	0.113397
803	0.160602
804	0.173726
805	0.170861
806	0.163732
807	0.169662
808	0.194522
809	0.167530
810	0.118149
811	0.142732
812	0.169965
813	0.178206
814	0.197524
815	0.163008
816	0.153214
817	0.164890
818	0.192686
819	0.130165
820	0.160064
821	0.141330
822	0.156224
823	0.198262
824	0.125565
825	0.141422
826	0.148086
827	0.113187
828	0.192157
829	0.107314
830	0.121994
831	0.194093
832	0.100346
833	0.142820
834	0.101773
835	0.121131
836	0.165779
837	0.129896
838	0.107870
839	0.171196
840	0.165095
841	0.100905
842	0.159360
843	0.150683
844	0.178471
845	0.108097
846	0.167139
847	0.196530
848	0.104116
849	0.193243
850	0.172977
851	0.156943
852	0.182910
853	0.195162
854	0.195424
855	0.187924
856	0.110576
857	0.102084
858	0.106480
859	0.123143
860	0.106598
861	0.124861
862	0.160574
863	0.111449
864	0.105277
865	0.187316
866	0.140791
867	0.163892
868	0.189822
869	0.125847
870	0.148375
871	0.144566
872	0.168852
873	0.177304
874	0.123508
875	0.169650
876	0.191760
877	0.146267
878	0.144634
879	0.122658
880	0.103226
881	0.153243
882	0.126378
883	0.176260
884	0.130035
885	0.197395
886	0.173875
887	0.171442
888	0.163861
889	0.105372
890	0.157810
891	0.174930
892	0.193698
893	0.121490
894	0.121969
895	0.188075
896	0.109412
897	0.139794
898	0.127992
899	0.143259
900	0.191341
901	0.103123
902	0.124528
903	0.189619
904	0.102137
905	0.115495
906	0.106682
907	0.120037
908	0.158841
909	0.113991
910	0.164304
911	0.150121
912	0.194214
913	0.124861
914	0.175407
915	0.147074
916	0.164554
917	0.129922
918	0.117510
919	0.112431
920	0.106546
921	0.193832
922	0.134349
923	0.157133
924	0.188696
925	0.176999
926	0.157064
927	0.137297
928	0.184893
929	0.176982
930	0.101914
931	0.149446
932	0.185737
933	0.144168
934	0.193540
935	0.146107
936	0.169790
937	0.128608
938	0.160709
939	0.161178
940	0.157771
941	0.170318
942	0.163906
943	0.192090
944	0.191362
945	0.111039
946	0.163551
947	0.129507
948	0.160351
949	0.181606
950	0.104508
951	0.130892
952	0.138138
953	0.182909
954	0.157374
955	0.193900
956	0.122113
957	0.179275
958	0.108933
959	0.179224
960	0.194482
961	0.127148
962	0.123570
963	0.172260
964	0.136343
965	0.104178
966	0.177577
967	0.189124
968	0.174697
969	0.184594
970	0.164527
971	0.138434
972	0.132748
973	0.121734
974	0.154152
975	0.187576
976	0.167557
977	0.122392
978	0.160605
979	0.107966
980	0.113356
981	0.147270
982	0.132591
983	0.112006
984	0.160134
985	0.165664
986	0.117603
987	0.192837
988	0.149596
989	0.100670
990	0.146973
991	0.107132
992	0.168314
993	0.165640
994	0.103757
995	0.131797
996	0.177825
997	0.185353
998	0.184105
999	0.176201
1000	0.175703
;

param: b :=
1	44.742557
2	34.944390
3	93.324757
4	62.101010
5	71.753105
6	81.207744
7	5.317250
8	16.985577
9	88.463985
10	11.739812
11	31.896155
12	64.766677
13	46.013539
14	32.233324
15	88.881231
16	92.895089
17	83.575669
18	99.532128
19	38.725825
20	42.543363
21	93.833921
22	61.191991
23	58.621985
24	97.016715
25	14.822784
26	68.043904
27	26.219024
28	81.384101
29	94.288331
30	91.521299
31	60.588121
32	17.743587
33	13.296420
34	63.302007
35	16.899674
36	85.079955
37	1.034979
38	53.937337
39	45.225658
40	9.312019
41	39.079754
42	65.073500
43	16.183560
44	13.433671
45	91.199651
46	41.233574
47	48.967085
48	5.833784
49	61.564246
50	18.235304
51	98.981628
52	48.694814
53	81.985645
54	59.170255
55	15.914454
56	6.895145
57	2.203746
58	89.308251
59	89.355258
60	84.801568
61	19.926691
62	53.615884
63	73.293942
64	62.606975
65	71.410688
66	46.663096
67	90.314492
68	76.025775
69	34.709613
70	14.638299
71	98.348762
72	33.600530
73	60.773082
74	47.481260
75	66.686082
76	98.571320
77	75.297775
78	45.898105
79	29.464395
80	56.437129
81	48.127696
82	39.400388
83	11.753848
84	14.713750
85	43.062165
86	61.024237
87	6.337170
88	60.881966
89	83.827564
90	69.183244
91	33.943300
92	24.644981
93	20.295598
94	52.996903
95	15.939750
96	54.885359
97	92.366570
98	67.481283
99	5.748819
100	81.986939
101	88.007402
102	88.219920
103	41.202436
104	92.923781
105	20.758933
106	46.772920
107	85.223713
108	85.690153
109	7.134830
110	17.620560
111	85.545876
112	48.625527
113	70.750308
114	71.201332
115	30.557441
116	48.275417
117	32.518627
118	28.792075
119	70.751362
120	85.592387
121	80.177622
122	96.375476
123	51.127371
124	69.579687
125	55.093146
126	64.779035
127	34.228519
128	28.208855
129	74.525516
130	84.447850
131	9.793021
132	64.188163
133	76.095433
134	75.778744
135	10.131917
136	93.535493
137	43.077676
138	93.060610
139	52.085927
140	42.295917
141	32.202607
142	89.153101
143	63.820279
144	19.595486
145	96.683631
146	40.157935
147	7.194258
148	91.341426
149	97.640509
150	39.099505
151	61.338259
152	36.225198
153	30.372719
154	74.268337
155	87.541680
156	61.274392
157	25.227347
158	0.685877
159	96.964213
160	16.850143
161	93.704455
162	66.301459
163	14.244231
164	82.863141
165	49.342925
166	79.669128
167	32.561379
168	14.379715
169	47.623976
170	42.291337
171	31.326171
172	78.963351
173	62.409778
174	62.014368
175	92.873031
176	2.213140
177	54.607887
178	58.238600
179	48.531062
180	9.872047
181	81.285573
182	58.061041
183	21.919083
184	79.354845
185	0.185566
186	12.702654
187	93.356389
188	39.138301
189	30.882097
190	53.665239
191	56.776858
192	64.016088
193	70.254762
194	40.962227
195	3.966377
196	24.884608
197	71.816065
198	5.781783
199	86.661887
200	6.302424
201	95.038436
202	77.209673
203	73.423856
204	65.755547
205	18.384804
206	46.479615
207	6.089252
208	24.336697
209	4.333436
210	99.749001
211	30.236940
212	47.706176
213	81.246184
214	59.746279
215	43.555645
216	70.234514
217	22.893848
218	27.581057
219	92.955588
220	22.753084
221	9.160702
222	70.131020
223	3.292398
224	81.772732
225	64.093368
226	51.394979
227	70.166671
228	67.453078
229	54.152840
230	21.952899
231	28.122776
232	22.832873
233	33.394836
234	4.325035
235	90.076877
236	5.507018
237	30.432507
238	26.397464
239	27.432492
240	99.763664
241	30.386031
242	50.058806
243	7.618717
244	79.781187
245	76.131983
246	50.135858
247	8.803334
248	48.228536
249	57.182160
250	4.215486
251	41.062522
252	2.411253
253	53.824744
254	46.964364
255	78.494686
256	97.154374
257	83.176076
258	50.398704
259	20.599352
260	93.401854
261	82.618003
262	69.454748
263	29.785588
264	7.097320
265	1.716430
266	40.979706
267	50.422916
268	91.631636
269	66.239055
270	41.009529
271	92.316758
272	35.108445
273	66.659753
274	17.924018
275	14.277952
276	49.877856
277	34.741753
278	36.711081
279	64.588711
280	19.580720
281	32.383514
282	26.466599
283	98.429376
284	97.181327
285	22.681957
286	93.778232
287	6.899348
288	75.151392
289	55.483782
290	33.540464
291	44.255529
292	46.951978
293	14.308596
294	4.849843
295	20.879038
296	83.928867
297	9.155096
298	52.414057
299	65.729306
300	44.650783
301	40.723526
302	59.714192
303	51.856736
304	48.305258
305	58.173581
306	99.747951
307	51.078860
308	20.564436
309	59.720995
310	60.014014
311	61.499117
312	62.277329
313	0.602431
314	62.285878
315	13.423917
316	85.390243
317	96.195375
318	11.261237
319	66.776973
320	18.460104
321	50.636032
322	21.066869
323	32.601735
324	99.391425
325	18.280232
326	12.799112
327	28.634549
328	86.855436
329	45.344540
330	80.675073
331	50.821081
332	16.910060
333	24.090947
334	19.853534
335	13.722406
336	79.550384
337	43.281310
338	59.577792
339	18.215784
340	30.725350
341	74.323720
342	5.705270
343	64.990073
344	26.783476
345	68.947999
346	96.757686
347	2.520310
348	87.382153
349	77.389439
350	14.230183
351	28.681582
352	53.021771
353	33.663799
354	16.690345
355	93.541094
356	13.805159
357	50.354030
358	38.066554
359	27.856935
360	73.408975
361	23.971385
362	49.076936
363	29.175421
364	60.496037
365	85.809477
366	1.549592
367	62.782818
368	63.841132
369	50.010102
370	78.153435
371	30.776360
372	66.098680
373	79.950961
374	23.371318
375	52.180928
376	13.981726
377	72.659700
378	74.515796
379	62.993641
380	94.456629
381	7.706443
382	58.582325
383	99.150216
384	65.160672
385	69.064569
386	65.025095
387	10.790627
388	52.606385
389	11.532496
390	94.857687
391	94.345418
392	76.275445
393	61.540615
394	87.178534
395	83.636240
396	6.133096
397	72.193966
398	66.030338
399	66.826798
400	57.534430
401	14.918777
402	91.158309
403	16.102744
404	97.262312
405	56.876685
406	6.138441
407	81.270697
408	35.389734
409	85.913603
410	61.025712
411	40.511777
412	14.065597
413	91.663608
414	44.948079
415	41.371296
416	18.190571
417	25.852749
418	41.673907
419	4.048043
420	14.066714
421	71.798304
422	52.701869
423	2.327202
424	26.850659
425	39.472132
426	52.651015
427	77.964366
428	88.856149
429	68.625728
430	37.564255
431	66.396123
432	38.038016
433	96.416793
434	4.745462
435	88.631503
436	9.210234
437	88.265837
438	55.084136
439	39.835660
440	54.191349
441	42.474559
442	47.203388
443	99.235736
444	12.169951
445	23.670730
446	98.111676
447	53.266131
448	63.637740
449	98.209545
450	34.660301
451	49.303814
452	30.035903
453	76.672566
454	54.562191
455	59.234161
456	30.512080
457	59.110689
458	28.853682
459	56.445682
460	44.246590
461	67.969466
462	86.700486
463	51.756913
464	63.465733
465	37.178909
466	68.019655
467	27.715330
468	42.848500
469	15.511525
470	96.606863
471	0.092826
472	57.543159
473	50.937746
474	79.274170
475	41.792189
476	47.635543
477	72.272138
478	63.987180
479	51.835687
480	96.774129
481	67.578712
482	75.067980
483	18.805290
484	82.893120
485	78.706654
486	52.664083
487	68.954489
488	30.648931
489	57.589040
490	62.100757
491	88.857872
492	99.202545
493	26.205158
494	41.828763
495	82.780622
496	10.655173
497	12.259221
498	14.533008
499	61.113449
500	68.555915
501	95.410316
502	58.295290
503	50.505972
504	43.913284
505	94.878287
506	95.988990
507	6.259886
508	23.833113
509	90.303611
510	10.868127
511	45.802141
512	83.015990
513	3.107117
514	21.603960
515	88.684991
516	53.509195
517	45.352522
518	86.371548
519	93.113784
520	49.320940
521	83.173456
522	41.509510
523	46.289076
524	5.935298
525	25.180829
526	76.463026
527	90.179189
528	27.469708
529	74.409291
530	85.602796
531	59.328747
532	65.065015
533	16.406931
534	8.017128
535	67.421792
536	80.079139
537	5.729062
538	27.599800
539	82.871114
540	72.253692
541	57.851120
542	40.805351
543	20.392621
544	57.997667
545	16.379696
546	29.111266
547	65.948074
548	60.109637
549	5.134111
550	91.733924
551	49.392682
552	92.651474
553	76.410371
554	30.493687
555	32.353897
556	4.102488
557	22.615600
558	63.101184
559	24.091933
560	90.022629
561	31.304018
562	61.559665
563	75.526747
564	15.186797
565	45.912164
566	40.506316
567	68.194035
568	63.523853
569	45.138644
570	71.941478
571	28.917200
572	99.383414
573	92.420794
574	8.361489
575	6.149582
576	4.053487
577	39.099960
578	61.365868
579	11.280701
580	82.121316
581	32.823027
582	28.174050
583	65.228091
584	74.086834
585	51.084607
586	66.515301
587	76.400274
588	15.054698
589	13.999058
590	36.862258
591	38.047120
592	72.140754
593	64.451538
594	10.265507
595	10.199170
596	11.777644
597	91.201284
598	18.127529
599	98.113602
600	79.045068
601	87.600186
602	48.353626
603	13.735621
604	29.144801
605	73.425307
606	32.780540
607	75.093833
608	58.746456
609	91.035558
610	84.149083
611	0.183524
612	60.150599
613	74.675005
614	67.315245
615	51.474725
616	88.170000
617	34.732339
618	15.746946
619	68.045017
620	24.953554
621	19.716509
622	97.846152
623	75.213351
624	25.935666
625	82.526350
626	37.522276
627	14.514621
628	55.869034
629	95.082350
630	75.520680
631	89.715588
632	52.585952
633	61.273830
634	89.645136
635	43.534618
636	90.111060
637	27.515759
638	8.863601
639	85.046838
640	54.054181
641	78.727001
642	8.867793
643	9.481269
644	52.535247
645	76.691594
646	11.643147
647	14.165117
648	99.367929
649	71.580400
650	64.127894
651	16.045836
652	79.207336
653	15.702923
654	43.109929
655	20.307550
656	42.475268
657	1.210442
658	38.919612
659	36.789218
660	63.155057
661	89.794553
662	99.956450
663	37.918231
664	43.673901
665	91.690478
666	54.565524
667	33.280693
668	36.519274
669	24.778230
670	24.161992
671	74.762669
672	5.820826
673	7.257459
674	6.044325
675	24.541789
676	56.136576
677	59.948127
678	17.969257
679	2.145471
680	27.036124
681	0.980814
682	72.304082
683	49.762369
684	71.179960
685	44.258777
686	96.203497
687	54.604211
688	3.358784
689	20.710058
690	52.654474
691	5.171968
692	77.131769
693	9.085429
694	29.011752
695	55.347136
696	66.381668
697	43.027367
698	73.194087
699	9.778263
700	26.485499
701	59.577141
702	33.149981
703	72.314374
704	24.602778
705	39.989987
706	8.253740
707	74.689426
708	9.101289
709	56.017042
710	57.721635
711	63.679716
712	28.903059
713	62.403147
714	52.596490
715	39.280052
716	13.740238
717	51.899085
718	82.442371
719	76.766304
720	90.571566
721	92.619022
722	25.005929
723	52.711767
724	88.804220
725	58.028398
726	32.286490
727	1.999857
728	50.313850
729	37.276872
730	96.303190
731	52.570037
732	24.706632
733	72.452986
734	49.411967
735	84.338344
736	27.571056
737	88.071167
738	30.685707
739	60.954978
740	77.620654
741	2.241522
742	58.078891
743	9.731380
744	65.350136
745	74.564375
746	64.704900
747	30.925097
748	36.258447
749	96.210164
750	38.441691
751	28.915450
752	20.354752
753	24.372764
754	16.359326
755	54.178912
756	12.350297
757	56.447314
758	21.209100
759	30.765894
760	50.123432
761	20.668343
762	46.183382
763	37.933079
764	99.450063
765	79.605676
766	50.180745
767	62.647220
768	89.188563
769	45.959653
770	36.755674
771	62.520115
772	99.280961
773	43.480102
774	26.496935
775	8.784106
776	53.652689
777	18.250415
778	21.515949
779	53.415431
780	24.101487
781	23.300967
782	44.613822
783	72.155136
784	28.537746
785	48.630031
786	51.314304
787	40.449876
788	69.505309
789	57.291683
790	85.536955
791	87.984166
792	87.725915
793	95.377926
794	98.993600
795	12.494469
796	83.285827
797	78.321492
798	45.976619
799	68.966737
800	65.160101
801	7.148467
802	12.913268
803	54.598181
804	6.978531
805	69.647238
806	70.155010
807	0.432907
808	76.170502
809	43.842426
810	10.022137
811	3.145985
812	46.869736
813	28.672657
814	61.818503
815	42.138355
816	31.146101
817	67.237594
818	80.935111
819	67.156386
820	61.042493
821	90.687861
822	83.445198
823	9.570873
824	57.526220
825	52.975449
826	70.104179
827	85.686492
828	47.201185
829	25.250608
830	8.067187
831	64.891203
832	55.812104
833	91.070165
834	23.449581
835	8.449083
836	44.577692
837	7.488730
838	14.095168
839	95.725106
840	58.824133
841	15.474057
842	42.372035
843	88.275220
844	91.491191
845	20.694706
846	56.240242
847	18.510726
848	24.298380
849	37.434100
850	34.970936
851	97.192815
852	64.203444
853	16.010330
854	65.335182
855	26.143469
856	31.853780
857	80.065816
858	90.158171
859	46.220247
860	18.887277
861	99.768910
862	24.957857
863	80.271404
864	36.072048
865	69.753739
866	19.562991
867	38.426882
868	2.396198
869	91.771610
870	59.270352
871	13.368206
872	18.707139
873	44.847465
874	98.302933
875	27.122028
876	78.880184
877	93.761462
878	90.753210
879	67.834550
880	16.865666
881	61.942462
882	15.400076
883	13.031010
884	39.194740
885	43.078260
886	17.177853
887	1.735930
888	43.082547
889	11.449253
890	93.763868
891	80.890924
892	46.364609
893	18.441358
894	56.763905
895	68.116690
896	68.762885
897	29.546858
898	90.754214
899	61.502967
900	61.821163
901	57.644093
902	15.936961
903	89.931091
904	50.760602
905	93.797227
906	63.030978
907	20.975147
908	37.247953
909	85.819078
910	16.228792
911	57.540141
912	9.079390
913	9.720819
914	73.946506
915	32.834670
916	88.694299
917	74.022762
918	84.700693
919	34.632441
920	35.744698
921	13.308424
922	14.351286
923	27.426614
924	62.921982
925	86.625948
926	67.650865
927	74.579604
928	59.069646
929	68.418693
930	77.952808
931	81.527344
932	13.834901
933	5.743002
934	76.254879
935	9.249950
936	32.021526
937	95.989234
938	53.118879
939	15.160525
940	23.880837
941	93.410907
942	96.068527
943	68.974019
944	70.876074
945	19.135709
946	96.118093
947	16.647391
948	58.812406
949	7.980948
950	11.568636
951	5.021594
952	51.472367
953	41.002653
954	80.093208
955	77.973939
956	66.560726
957	42.029185
958	6.075268
959	31.328810
960	51.046670
961	83.103374
962	53.226934
963	12.594446
964	46.757978
965	96.989574
966	57.234002
967	35.889591
968	38.081855
969	58.673381
970	27.330711
971	55.311263
972	42.518224
973	63.580458
974	25.972163
975	58.976924
976	36.097673
977	49.247050
978	97.225737
979	57.636404
980	49.267076
981	17.105937
982	85.885719
983	32.277617
984	15.153268
985	24.805299
986	14.282529
987	99.756829
988	8.054482
989	86.375848
990	6.749485
991	6.617920
992	33.427583
993	30.338290
994	76.154696
995	8.398303
996	28.988356
997	41.034280
998	2.061811
999	71.572456
1000	65.629724
;

param: c :=
1	72.273751
2	77.468892
3	52.983122
4	56.186971
5	96.601371
6	36.007819
7	6.902601
8	19.031839
9	53.590464
10	94.136050
11	35.843364
12	53.205750
13	23.185333
14	61.860858
15	8.131131
16	16.180775
17	98.156275
18	94.217165
19	64.971217
20	93.227544
21	57.729214
22	62.446039
23	79.069882
24	74.268512
25	59.102571
26	92.636727
27	33.585182
28	8.436835
29	18.357037
30	18.167480
31	9.081618
32	86.829431
33	57.286946
34	13.894445
35	23.172509
36	91.421902
37	13.030007
38	16.425361
39	19.045467
40	68.693539
41	39.180318
42	16.146243
43	28.599232
44	64.883250
45	77.304295
46	5.291899
47	45.763585
48	34.790812
49	52.520167
50	56.616054
51	53.141323
52	29.892966
53	49.051265
54	54.572290
55	13.710618
56	25.104055
57	34.226104
58	16.897546
59	25.706997
60	30.865894
61	54.275410
62	70.250900
63	69.328685
64	2.789243
65	4.740693
66	22.245248
67	95.607582
68	40.653260
69	35.567933
70	37.038068
71	40.477950
72	17.229451
73	31.217248
74	51.680472
75	11.405110
76	58.431264
77	48.758249
78	66.062501
79	6.838065
80	65.463578
81	82.031095
82	96.221411
83	37.572434
84	25.628428
85	80.732199
86	37.681800
87	43.325165
88	99.301744
89	56.891138
90	93.930460
91	48.342315
92	73.499012
93	95.160247
94	16.235471
95	74.021135
96	84.271831
97	51.078549
98	42.942014
99	55.045666
100	70.767370
101	52.290036
102	61.156659
103	27.754796
104	46.578016
105	35.724937
106	29.671209
107	61.414963
108	8.425708
109	78.543043
110	29.429068
111	27.373336
112	68.692545
113	58.112012
114	74.751990
115	7.179085
116	19.746731
117	38.039086
118	76.274277
119	4.271197
120	45.467764
121	2.893335
122	19.088680
123	2.007543
124	33.653915
125	68.982305
126	47.960120
127	13.041682
128	83.295098
129	4.102463
130	53.726178
131	45.471566
132	46.018057
133	87.133182
134	27.493636
135	53.247885
136	49.371324
137	45.946732
138	28.205266
139	24.955462
140	19.788470
141	9.775736
142	10.309290
143	23.351332
144	42.102200
145	44.885224
146	7.222660
147	24.094421
148	48.106083
149	79.232240
150	9.645728
151	51.356836
152	17.413884
153	52.102875
154	38.356362
155	23.086353
156	78.372255
157	92.988680
158	8.782793
159	54.564836
160	4.632668
161	63.553764
162	87.979410
163	14.311128
164	99.332405
165	67.485868
166	71.987353
167	13.309716
168	52.027704
169	9.822716
170	43.105628
171	87.285778
172	89.084656
173	14.007597
174	88.342695
175	37.632488
176	90.586981
177	41.340960
178	14.684389
179	35.058720
180	32.545064
181	54.506623
182	77.242609
183	53.649531
184	95.973295
185	67.727052
186	20.195817
187	91.352621
188	11.603495
189	54.446633
190	38.835299
191	57.905764
192	73.160468
193	28.175289
194	45.729096
195	15.469022
196	21.926286
197	69.816089
198	61.590493
199	64.461898
200	2.204250
201	3.590039
202	52.626324
203	62.810513
204	16.757888
205	55.851804
206	49.271910
207	58.299841
208	85.559121
209	91.537924
210	5.570627
211	40.109216
212	52.143476
213	73.093505
214	58.068492
215	2.747596
216	82.668728
217	19.743370
218	1.212373
219	41.177853
220	26.406588
221	33.310804
222	47.115701
223	41.158172
224	75.375810
225	52.279027
226	28.156584
227	93.533821
228	67.866035
229	69.644734
230	92.291072
231	81.923009
232	56.003086
233	38.345468
234	52.070460
235	76.008584
236	39.318305
237	26.445092
238	57.158917
239	75.275392
240	65.667554
241	93.787059
242	23.960580
243	59.309309
244	73.087136
245	94.269964
246	39.578829
247	92.485123
248	22.394022
249	6.318023
250	85.691334
251	31.141739
252	81.441463
253	32.494624
254	39.129350
255	39.045789
256	93.290305
257	64.311727
258	32.386100
259	14.759181
260	3.589395
261	99.120402
262	23.919057
263	83.278094
264	59.626092
265	4.755468
266	83.690297
267	68.387055
268	44.376476
269	2.902750
270	84.816364
271	88.365000
272	68.616174
273	50.501254
274	61.727804
275	3.233867
276	83.044069
277	13.950843
278	43.578146
279	65.714574
280	5.285010
281	3.658130
282	20.009087
283	26.977627
284	93.198094
285	71.973524
286	36.420415
287	23.700292
288	78.879637
289	2.317506
290	8.259125
291	35.247893
292	96.001250
293	18.470853
294	18.918711
295	74.174236
296	52.512638
297	80.187010
298	43.724536
299	55.230656
300	81.597469
301	15.293348
302	49.776740
303	62.380447
304	4.597261
305	92.445842
306	76.591256
307	58.388162
308	85.255210
309	59.199331
310	73.921483
311	21.065135
312	61.997044
313	64.147127
314	7.465780
315	96.019648
316	74.298939
317	62.869156
318	51.556565
319	41.460532
320	67.112694
321	6.827377
322	10.033981
323	12.819600
324	2.118601
325	53.283692
326	65.512295
327	99.262800
328	49.132413
329	14.868413
330	19.009141
331	52.610706
332	48.057428
333	70.767811
334	76.689516
335	99.138593
336	72.973716
337	38.215844
338	18.990922
339	48.843931
340	34.016314
341	92.413524
342	27.698710
343	86.752030
344	84.482761
345	66.530848
346	31.565345
347	86.448932
348	95.174540
349	10.058109
350	57.482230
351	91.001997
352	83.518943
353	70.252023
354	23.715937
355	56.375751
356	33.168568
357	61.932579
358	75.703944
359	95.137689
360	26.640367
361	21.845903
362	16.618625
363	43.987703
364	13.466538
365	20.565751
366	72.906132
367	80.708388
368	73.862185
369	66.969409
370	22.308340
371	6.336731
372	2.404071
373	86.037637
374	66.848937
375	73.521900
376	41.817923
377	0.594017
378	74.341287
379	33.206777
380	26.214422
381	31.322628
382	93.300502
383	88.884569
384	42.347920
385	32.006879
386	47.154942
387	75.795058
388	92.621073
389	88.561639
390	40.405344
391	35.390719
392	88.181027
393	48.130478
394	71.766270
395	47.125367
396	76.224437
397	99.220197
398	89.894873
399	62.814927
400	86.070031
401	15.960969
402	70.791207
403	26.127659
404	60.074389
405	74.646266
406	89.776317
407	74.798300
408	41.217275
409	25.044636
410	58.062098
411	47.544357
412	70.813846
413	54.944089
414	65.115357
415	41.109298
416	23.675634
417	37.865424
418	80.446179
419	2.900076
420	54.487791
421	1.658340
422	89.090759
423	38.525801
424	5.888771
425	4.253377
426	62.602505
427	22.190374
428	81.459020
429	79.167247
430	19.786217
431	62.388949
432	39.072455
433	84.283262
434	9.820830
435	55.552512
436	58.853630
437	24.877240
438	50.548780
439	25.028174
440	56.236021
441	37.322284
442	17.512915
443	3.743512
444	98.479268
445	2.376745
446	19.013016
447	96.399919
448	99.184838
449	80.338766
450	11.250768
451	25.134086
452	99.534313
453	93.405360
454	45.336387
455	74.987250
456	12.300487
457	2.029061
458	65.315191
459	14.495017
460	60.867464
461	48.052399
462	5.259729
463	31.130010
464	19.508524
465	22.897425
466	80.285279
467	77.519172
468	27.048234
469	32.598484
470	38.991294
471	65.510261
472	39.938473
473	75.328651
474	10.942162
475	52.312245
476	68.596617
477	90.490219
478	58.155758
479	96.759156
480	58.117208
481	81.290951
482	39.596471
483	14.169218
484	45.230700
485	37.076317
486	56.578513
487	96.037775
488	91.252642
489	71.331543
490	60.966244
491	13.744986
492	29.333221
493	42.193595
494	34.222315
495	27.012978
496	92.200320
497	97.318807
498	94.744956
499	70.866049
500	56.772271
501	0.967438
502	64.145599
503	36.606857
504	6.022618
505	8.347898
506	73.611860
507	0.061053
508	17.764364
509	97.606405
510	4.142236
511	32.640638
512	63.340689
513	69.339553
514	19.706343
515	29.604649
516	78.271976
517	94.429969
518	88.093095
519	0.787107
520	82.770224
521	84.578922
522	1.095832
523	80.837868
524	81.335591
525	24.171439
526	95.014083
527	76.003162
528	83.364608
529	4.013533
530	24.498218
531	84.791692
532	15.594461
533	23.352131
534	19.363575
535	7.112050
536	52.712411
537	19.721052
538	50.521389
539	69.505648
540	75.315571
541	88.247321
542	19.031823
543	96.707602
544	45.107387
545	15.315729
546	95.679850
547	67.725475
548	21.883806
549	88.571605
550	62.276958
551	40.798984
552	46.215699
553	16.529291
554	41.272708
555	61.337779
556	33.657769
557	4.681748
558	25.304376
559	99.416547
560	78.401148
561	41.868076
562	33.429802
563	12.069294
564	37.503973
565	7.280610
566	28.349677
567	93.662660
568	25.696296
569	56.500289
570	53.726057
571	87.880214
572	29.350212
573	1.166668
574	35.676579
575	9.919910
576	5.310343
577	1.377738
578	82.678717
579	8.343601
580	5.013705
581	79.270491
582	10.026924
583	69.459237
584	61.752565
585	4.939383
586	50.023941
587	15.511234
588	84.289204
589	98.232487
590	71.951092
591	23.380122
592	90.581394
593	55.146331
594	81.921578
595	55.776161
596	31.169146
597	10.196513
598	33.891194
599	23.885755
600	97.159945
601	84.794927
602	12.536290
603	65.146420
604	58.707933
605	52.102403
606	20.253957
607	93.054939
608	18.160666
609	82.753039
610	15.062553
611	18.362444
612	74.991969
613	71.401217
614	13.066102
615	64.700678
616	92.876031
617	70.394898
618	16.036696
619	70.247242
620	8.861922
621	35.797203
622	72.723067
623	98.259476
624	47.135910
625	81.578979
626	91.225202
627	94.871775
628	59.588494
629	68.482567
630	34.347356
631	28.229300
632	40.193253
633	99.088151
634	28.487746
635	36.875395
636	40.430404
637	26.834089
638	9.562008
639	55.863580
640	84.912268
641	18.007786
642	59.077591
643	16.017993
644	32.707524
645	7.280405
646	23.969464
647	47.340187
648	86.613617
649	32.197115
650	47.145829
651	23.375545
652	10.849838
653	80.832257
654	31.521270
655	90.074637
656	75.569289
657	47.269665
658	57.077578
659	71.882826
660	6.702357
661	28.654306
662	18.704051
663	32.997939
664	22.466628
665	37.789313
666	59.422510
667	79.917515
668	48.508375
669	90.102495
670	65.649676
671	83.798229
672	79.857550
673	47.185618
674	40.200305
675	5.672904
676	61.997593
677	27.015383
678	70.208038
679	64.714908
680	58.087824
681	95.823830
682	39.604455
683	25.550565
684	5.635200
685	5.490391
686	2.593482
687	5.780555
688	71.563695
689	48.778176
690	10.762569
691	57.059066
692	29.183021
693	47.357694
694	82.143565
695	78.574699
696	70.718307
697	13.632954
698	39.757016
699	17.489421
700	78.553332
701	0.013638
702	55.896358
703	5.097225
704	86.086123
705	10.176541
706	46.343678
707	46.248649
708	22.832079
709	70.211441
710	58.610119
711	5.191110
712	83.912994
713	41.863937
714	62.528253
715	0.273228
716	87.000849
717	46.609554
718	49.987081
719	16.238484
720	46.195945
721	84.229731
722	36.996020
723	69.795702
724	92.547220
725	71.752326
726	7.625493
727	57.099213
728	17.731147
729	3.535411
730	92.616504
731	95.198393
732	47.477568
733	38.254214
734	59.571740
735	4.039854
736	86.064999
737	86.328573
738	72.132650
739	23.016507
740	79.423917
741	10.669577
742	43.743375
743	46.618700
744	58.850475
745	75.302332
746	98.826250
747	58.792560
748	39.230741
749	32.486213
750	25.390784
751	79.183434
752	26.050852
753	36.018048
754	96.458271
755	31.277743
756	37.017576
757	60.767202
758	91.842536
759	44.797145
760	88.519668
761	60.702983
762	84.717957
763	19.339870
764	79.962249
765	78.379962
766	62.682642
767	72.304328
768	63.695592
769	23.418086
770	22.746626
771	99.031539
772	57.884635
773	0.988154
774	62.578361
775	1.846533
776	91.467799
777	78.306287
778	66.272033
779	39.269441
780	61.737314
781	15.081550
782	48.435110
783	10.753958
784	3.596285
785	25.847990
786	78.332640
787	49.852871
788	4.534425
789	2.921919
790	28.356999
791	78.184049
792	77.953535
793	51.001474
794	64.594869
795	49.355684
796	5.823349
797	59.868534
798	92.684954
799	52.102387
800	22.318646
801	93.111071
802	88.717864
803	68.766695
804	14.136216
805	40.406568
806	89.045364
807	89.090291
808	77.084506
809	49.989496
810	71.291724
811	46.080063
812	96.264058
813	33.352903
814	67.616196
815	88.901123
816	88.456896
817	66.577396
818	97.245453
819	68.618458
820	96.271063
821	77.789496
822	34.830970
823	75.188831
824	1.475768
825	13.633108
826	77.536294
827	88.472388
828	99.362572
829	1.453209
830	47.616604
831	83.852635
832	45.035409
833	85.855327
834	29.248281
835	75.688416
836	99.018910
837	32.938530
838	71.027269
839	83.048064
840	50.467011
841	68.408490
842	82.635576
843	63.256168
844	16.119120
845	40.121466
846	36.570271
847	66.057739
848	37.475996
849	70.952723
850	12.546723
851	5.164244
852	44.578139
853	0.320078
854	5.246878
855	89.520479
856	17.614007
857	18.142390
858	41.333809
859	25.649153
860	72.774988
861	77.930781
862	90.499795
863	28.146406
864	77.677364
865	33.350720
866	12.104253
867	31.176430
868	77.766586
869	60.855462
870	57.435418
871	75.634670
872	45.896538
873	70.699536
874	89.066009
875	70.396782
876	40.385962
877	18.300408
878	90.385212
879	16.556575
880	74.617970
881	45.262546
882	71.328174
883	58.357109
884	25.685783
885	97.559781
886	53.301328
887	71.412711
888	40.775931
889	22.877675
890	45.204777
891	57.262523
892	12.020244
893	96.593327
894	78.228297
895	3.402034
896	25.609244
897	33.149840
898	48.401257
899	56.195084
900	11.170075
901	92.682965
902	37.359615
903	0.100668
904	77.741333
905	52.276045
906	95.470372
907	90.244202
908	43.436998
909	77.316628
910	59.348052
911	60.564592
912	92.261263
913	47.906828
914	59.688385
915	55.966131
916	63.154937
917	88.279521
918	85.499326
919	84.105684
920	23.684522
921	87.423230
922	26.393274
923	12.275680
924	2.614200
925	7.325492
926	82.708480
927	47.193790
928	38.728595
929	84.000572
930	76.752851
931	38.773698
932	10.282958
933	69.162534
934	89.532918
935	55.959611
936	76.459951
937	18.077149
938	66.595529
939	27.307842
940	82.777518
941	65.399225
942	55.539879
943	38.601092
944	89.474297
945	57.028799
946	73.357540
947	36.833031
948	38.993964
949	68.152743
950	89.023855
951	88.661595
952	39.486667
953	14.448714
954	94.721099
955	3.965420
956	9.749490
957	65.564778
958	81.422481
959	58.573760
960	31.163840
961	25.388726
962	11.716666
963	6.393175
964	86.606684
965	26.506805
966	41.708763
967	29.540927
968	20.230258
969	83.995372
970	43.255985
971	42.086054
972	75.296815
973	87.149094
974	16.174588
975	71.059077
976	77.295057
977	42.542407
978	56.706061
979	35.263103
980	34.883863
981	82.626676
982	24.774496
983	45.945838
984	93.980945
985	8.691708
986	69.187032
987	60.918889
988	3.971183
989	50.218178
990	56.077164
991	48.394519
992	21.827142
993	85.671684
994	13.856231
995	36.900752
996	61.763597
997	76.560607
998	90.286039
999	69.901607
1000	74.286135
;

param: d :=
1	-21.229801
2	-56.719870
3	-56.428945
4	-47.649553
5	-59.898149
6	-46.898594
7	-1.138258
8	-12.566179
9	-84.440268
10	-26.634969
11	-54.125181
12	-80.574451
13	-77.731605
14	-73.695379
15	-24.282971
16	-65.697779
17	-83.885602
18	-76.639969
19	-64.729419
20	-28.292644
21	-78.974180
22	-21.649049
23	-73.137566
24	-97.262465
25	-41.802594
26	-86.675665
27	-80.786076
28	-34.417828
29	-16.999071
30	-32.638068
31	-2.353204
32	-48.188290
33	-39.834126
34	-87.031374
35	-8.013465
36	-37.509247
37	-5.237646
38	-81.355034
39	-95.219771
40	-34.549743
41	-79.249773
42	-69.497177
43	-18.381863
44	-56.293632
45	-10.322237
46	-48.610633
47	-33.247138
48	-7.023883
49	-9.045703
50	-71.650669
51	-34.001014
52	-45.586899
53	-17.659618
54	-46.440612
55	-56.570936
56	-86.490945
57	-59.812951
58	-47.221539
59	-33.967009
60	-70.982206
61	-3.277117
62	-13.751784
63	-60.278520
64	-45.571038
65	-27.782408
66	-92.697773
67	-85.118386
68	-70.785763
69	-22.893117
70	-48.161833
71	-42.835803
72	-99.833122
73	-11.482077
74	-41.092117
75	-50.477604
76	-77.125729
77	-32.023525
78	-63.445946
79	-61.817494
80	-65.826767
81	-46.435815
82	-15.744677
83	-4.610854
84	-63.903093
85	-21.468525
86	-35.821905
87	-64.942093
88	-62.803333
89	-0.851162
90	-37.750111
91	-74.069537
92	-32.731215
93	-87.978353
94	-45.636653
95	-81.736102
96	-52.831694
97	-62.105703
98	-62.947663
99	-73.074663
100	-73.365358
101	-65.017925
102	-48.349546
103	-70.629543
104	-11.006157
105	-63.626251
106	-75.737227
107	-81.688470
108	-71.157078
109	-28.431270
110	-95.782208
111	-4.869877
112	-95.271186
113	-96.484931
114	-13.256493
115	-9.364359
116	-26.886560
117	-46.265531
118	-71.348744
119	-92.725413
120	-31.914975
121	-47.308896
122	-75.233763
123	-90.379024
124	-94.069430
125	-28.554000
126	-11.283500
127	-76.810652
128	-97.056374
129	-45.208443
130	-57.381782
131	-79.060573
132	-44.200581
133	-8.076201
134	-42.652097
135	-15.428810
136	-8.879445
137	-14.778689
138	-26.796190
139	-31.756888
140	-48.266121
141	-48.241276
142	-75.929466
143	-7.590267
144	-84.426299
145	-84.082309
146	-91.316581
147	-83.357784
148	-48.822492
149	-48.268930
150	-29.623971
151	-52.669752
152	-76.493760
153	-66.599881
154	-40.838059
155	-66.999438
156	-77.217678
157	-15.597703
158	-12.341486
159	-94.205715
160	-60.063867
161	-46.835135
162	-18.801230
163	-87.381489
164	-4.348484
165	-21.910643
166	-97.517133
167	-88.446799
168	-72.005856
169	-44.577386
170	-92.198351
171	-18.886848
172	-85.589659
173	-78.000366
174	-48.238454
175	-6.256104
176	-59.019397
177	-84.184388
178	-60.158856
179	-89.861795
180	-2.635606
181	-39.813935
182	-6.610751
183	-71.401642
184	-95.945041
185	-96.319045
186	-29.197188
187	-63.663967
188	-56.375301
189	-35.705330
190	-11.845377
191	-74.241659
192	-11.574647
193	-25.419863
194	-6.678762
195	-67.296720
196	-86.215225
197	-62.447752
198	-96.565629
199	-75.415318
200	-83.218210
201	-97.739803
202	-6.222628
203	-64.518356
204	-78.024589
205	-24.573078
206	-80.701923
207	-47.514389
208	-61.332119
209	-60.635917
210	-80.728084
211	-69.387651
212	-67.649388
213	-26.295279
214	-32.997925
215	-32.279515
216	-51.866697
217	-55.497645
218	-22.449293
219	-58.689869
220	-67.021860
221	-72.431656
222	-1.100741
223	-43.634499
224	-4.123258
225	-23.514669
226	-54.654076
227	-48.777453
228	-82.469291
229	-72.711470
230	-7.184702
231	-96.106463
232	-84.516908
233	-66.089973
234	-96.053482
235	-11.932469
236	-21.182004
237	-60.929045
238	-12.943714
239	-36.316819
240	-88.036765
241	-36.468118
242	-49.529229
243	-51.272013
244	-49.205730
245	-9.756916
246	-78.719963
247	-62.923930
248	-65.100735
249	-89.419867
250	-73.905170
251	-53.201230
252	-89.464267
253	-63.974321
254	-72.776138
255	-55.853320
256	-69.352730
257	-20.558200
258	-22.941204
259	-11.427987
260	-55.210654
261	-75.501188
262	-18.514473
263	-88.520012
264	-54.360959
265	-64.680290
266	-35.030107
267	-96.563585
268	-80.929206
269	-72.243412
270	-28.243770
271	-26.272053
272	-37.656260
273	-77.227719
274	-30.200542
275	-62.252282
276	-34.230726
277	-41.942362
278	-89.796515
279	-5.842262
280	-2.461453
281	-54.486311
282	-71.263262
283	-44.405984
284	-20.974527
285	-42.032511
286	-35.380474
287	-70.541277
288	-86.159390
289	-1.906863
290	-47.997386
291	-12.382538
292	-11.491997
293	-88.981680
294	-50.236473
295	-74.875653
296	-6.488841
297	-99.673531
298	-21.588722
299	-26.233107
300	-82.083315
301	-25.537842
302	-13.221840
303	-34.104770
304	-97.122459
305	-99.250024
306	-49.209062
307	-13.701086
308	-25.987225
309	-99.138992
310	-84.020204
311	-6.916139
312	-70.403135
313	-61.950158
314	-25.056644
315	-25.992293
316	-4.442644
317	-41.744371
318	-12.884707
319	-71.228041
320	-64.172344
321	-0.569005
322	-4.588758
323	-25.726824
324	-46.344600
325	-15.562765
326	-74.776798
327	-34.256867
328	-66.059480
329	-21.423762
330	-92.155621
331	-41.200448
332	-34.824808
333	-4.053004
334	-52.034232
335	-26.175394
336	-62.234550
337	-40.085104
338	-78.468412
339	-68.108005
340	-84.632474
341	-13.051039
342	-42.314117
343	-46.690685
344	-92.176185
345	-41.920325
346	-85.290058
347	-97.330014
348	-37.704033
349	-74.602710
350	-80.554162
351	-27.671857
352	-76.592664
353	-17.906913
354	-45.104166
355	-21.157918
356	-55.443264
357	-53.775437
358	-67.787221
359	-86.312319
360	-44.812589
361	-37.997570
362	-26.047144
363	-88.197799
364	-57.626181
365	-29.921882
366	-42.843861
367	-76.943156
368	-99.859520
369	-88.516440
370	-44.164069
371	-64.417093
372	-21.259980
373	-60.150537
374	-15.314929
375	-28.387667
376	-42.357456
377	-31.318092
378	-96.147434
379	-16.366257
380	-96.936481
381	-76.751879
382	-63.194962
383	-36.287824
384	-28.531537
385	-71.189487
386	-38.935594
387	-42.380730
388	-51.585663
389	-2.269490
390	-1.258317
391	-58.574538
392	-64.756026
393	-67.935300
394	-25.209701
395	-50.260666
396	-37.224616
397	-22.058693
398	-89.442844
399	-24.634797
400	-46.258917
401	-31.211731
402	-26.447843
403	-25.113817
404	-70.358040
405	-75.836372
406	-40.392205
407	-61.937985
408	-89.752383
409	-78.721374
410	-20.836924
411	-59.472167
412	-30.437438
413	-94.508331
414	-53.779671
415	-0.898116
416	-40.028817
417	-38.112337
418	-26.645325
419	-90.936341
420	-2.258944
421	-49.207215
422	-12.016104
423	-75.690170
424	-14.647438
425	-79.974684
426	-31.719120
427	-75.452112
428	-17.818678
429	-67.342128
430	-50.729117
431	-75.755073
432	-26.472755
433	-88.345100
434	-5.500568
435	-34.171878
436	-31.725713
437	-55.840604
438	-49.628866
439	-58.849063
440	-44.186316
441	-1.284682
442	-82.534711
443	-99.128728
444	-33.196945
445	-47.881178
446	-89.896674
447	-94.973919
448	-77.784486
449	-81.593975
450	-77.786834
451	-23.831401
452	-91.031231
453	-50.140409
454	-55.428352
455	-93.221818
456	-14.681165
457	-61.102071
458	-97.013990
459	-1.140220
460	-58.469950
461	-87.367581
462	-62.006929
463	-39.985964
464	-68.275511
465	-28.174008
466	-9.929838
467	-82.844085
468	-42.473450
469	-69.802435
470	-57.238149
471	-71.659539
472	-18.165770
473	-72.992650
474	-57.275366
475	-75.617783
476	-33.170899
477	-37.561770
478	-97.652491
479	-18.902270
480	-24.205020
481	-52.769827
482	-78.122679
483	-79.515916
484	-27.062425
485	-12.188734
486	-25.963438
487	-22.631774
488	-72.404825
489	-52.681060
490	-2.194238
491	-16.716809
492	-69.872117
493	-46.169941
494	-50.369100
495	-41.919890
496	-33.947653
497	-59.016362
498	-96.678835
499	-89.822342
500	-91.338252
501	-46.790812
502	-76.732680
503	-30.074660
504	-73.105775
505	-78.450443
506	-19.936323
507	-7.233887
508	-82.302922
509	-21.281142
510	-4.881367
511	-40.275417
512	-88.691558
513	-31.947520
514	-53.427009
515	-35.586819
516	-6.024164
517	-51.325034
518	-74.877643
519	-79.487686
520	-83.633320
521	-48.324090
522	-69.745252
523	-55.846371
524	-25.991932
525	-20.197312
526	-31.892073
527	-24.513064
528	-75.314369
529	-0.312177
530	-19.686834
531	-20.272688
532	-74.501083
533	-15.572671
534	-51.428162
535	-18.898436
536	-49.826811
537	-2.885034
538	-25.553052
539	-92.953538
540	-19.236911
541	-84.869619
542	-91.930653
543	-0.854820
544	-67.314635
545	-32.288249
546	-42.070257
547	-95.247300
548	-74.290018
549	-90.430052
550	-48.813422
551	-89.962698
552	-40.095008
553	-76.184472
554	-80.508449
555	-1.976704
556	-72.105972
557	-1.123958
558	-31.998120
559	-7.585116
560	-78.147673
561	-4.057405
562	-82.550310
563	-6.599384
564	-29.973428
565	-40.073303
566	-66.410781
567	-20.268068
568	-43.580223
569	-72.780718
570	-31.592949
571	-55.804657
572	-45.443061
573	-14.628485
574	-9.000407
575	-26.849590
576	-97.814773
577	-64.841394
578	-80.428153
579	-83.181982
580	-83.827094
581	-20.285120
582	-82.050302
583	-16.134800
584	-64.566743
585	-13.981027
586	-93.394697
587	-97.584658
588	-68.488404
589	-15.892282
590	-39.628251
591	-29.450844
592	-58.693312
593	-11.219164
594	-4.449311
595	-86.841540
596	-74.408490
597	-73.155218
598	-75.156000
599	-32.216417
600	-27.325787
601	-5.286792
602	-89.729039
603	-5.117805
604	-39.211945
605	-57.972095
606	-63.843215
607	-20.355359
608	-93.650125
609	-42.747777
610	-17.958626
611	-78.846242
612	-20.174709
613	-26.498340
614	-40.631077
615	-35.163442
616	-34.319016
617	-43.824387
618	-12.401704
619	-16.254702
620	-62.367010
621	-52.772279
622	-62.599818
623	-86.670661
624	-29.817730
625	-87.044611
626	-68.012422
627	-88.655117
628	-47.852091
629	-78.624893
630	-52.992559
631	-70.539703
632	-14.273850
633	-89.779706
634	-79.581013
635	-9.760471
636	-20.365559
637	-85.637347
638	-30.301681
639	-6.776312
640	-43.029961
641	-36.419292
642	-76.652084
643	-76.969819
644	-17.443943
645	-16.839145
646	-12.540196
647	-83.549582
648	-24.615692
649	-8.866155
650	-11.251439
651	-23.340200
652	-82.739709
653	-73.196789
654	-54.808301
655	-13.565770
656	-68.168953
657	-54.371215
658	-42.673806
659	-95.423025
660	-64.442562
661	-84.728768
662	-84.335009
663	-2.802454
664	-32.054241
665	-49.470643
666	-91.915901
667	-3.576428
668	-25.149651
669	-86.706189
670	-3.883862
671	-95.560915
672	-60.511807
673	-50.101973
674	-55.754083
675	-17.512935
676	-6.701644
677	-62.096426
678	-67.835041
679	-68.701419
680	-91.403756
681	-55.344598
682	-4.342976
683	-81.127449
684	-39.854185
685	-72.192443
686	-84.378287
687	-30.300647
688	-71.147111
689	-37.283302
690	-57.920681
691	-80.402120
692	-64.790094
693	-60.236683
694	-81.818997
695	-70.062451
696	-71.080122
697	-59.422338
698	-24.204500
699	-20.131808
700	-21.582232
701	-85.007328
702	-11.204222
703	-22.009701
704	-92.520512
705	-88.020463
706	-61.728547
707	-8.976182
708	-8.340303
709	-10.000837
710	-30.810400
711	-30.815062
712	-28.607033
713	-83.166849
714	-45.621886
715	-69.363240
716	-7.109312
717	-42.606918
718	-93.818198
719	-40.974470
720	-67.806298
721	-9.274640
722	-99.490205
723	-33.464588
724	-59.133195
725	-37.378959
726	-88.452275
727	-63.195096
728	-82.648985
729	-94.576534
730	-93.812520
731	-40.645149
732	-80.122187
733	-30.943028
734	-51.289420
735	-86.069204
736	-99.531358
737	-81.566613
738	-51.002781
739	-53.358779
740	-8.153862
741	-49.773247
742	-13.503614
743	-36.169516
744	-33.822632
745	-67.569498
746	-15.261801
747	-64.172940
748	-81.291747
749	-55.603027
750	-80.498545
751	-84.959530
752	-0.784719
753	-58.605552
754	-43.599361
755	-48.300684
756	-83.290825
757	-79.179930
758	-51.835995
759	-67.046466
760	-98.544760
761	-45.135010
762	-3.703556
763	-22.663090
764	-17.329810
765	-54.816224
766	-60.940027
767	-70.090305
768	-70.610055
769	-54.071981
770	-37.866516
771	-51.259343
772	-25.726610
773	-18.175052
774	-17.804043
775	-28.518546
776	-52.110279
777	-90.074799
778	-56.105188
779	-94.398878
780	-24.762400
781	-80.529273
782	-38.738526
783	-57.472431
784	-55.982937
785	-61.344935
786	-77.174318
787	-0.288366
788	-6.929599
789	-92.208075
790	-11.401459
791	-73.362453
792	-89.252158
793	-45.641691
794	-84.543499
795	-1.716429
796	-22.468065
797	-86.438584
798	-35.538701
799	-45.761975
800	-88.213185
801	-36.261669
802	-80.779187
803	-79.529233
804	-33.589312
805	-77.036937
806	-13.949740
807	-37.226962
808	-16.759807
809	-63.703596
810	-67.714691
811	-16.861877
812	-40.989310
813	-32.703826
814	-25.391353
815	-87.002992
816	-75.493961
817	-89.030215
818	-11.049497
819	-36.481648
820	-72.319652
821	-69.769117
822	-55.318849
823	-35.160224
824	-77.190000
825	-89.959973
826	-55.643268
827	-9.023070
828	-73.011773
829	-17.497360
830	-76.530366
831	-92.273565
832	-22.117270
833	-68.707676
834	-98.864726
835	-77.416174
836	-86.604597
837	-86.251268
838	-47.094831
839	-42.948569
840	-5.656560
841	-23.406765
842	-41.620877
843	-16.378568
844	-50.501398
845	-8.854917
846	-82.394093
847	-35.061833
848	-13.248802
849	-43.500398
850	-10.904204
851	-2.935451
852	-80.519347
853	-38.780440
854	-67.099965
855	-41.122895
856	-76.877267
857	-92.752211
858	-48.941574
859	-76.536762
860	-88.155471
861	-85.618153
862	-21.812141
863	-70.408240
864	-53.389421
865	-87.034660
866	-86.434485
867	-58.177654
868	-19.677760
869	-46.006418
870	-73.947981
871	-22.083388
872	-19.044100
873	-91.519512
874	-98.725149
875	-69.494471
876	-50.804430
877	-78.098437
878	-9.469508
879	-6.642599
880	-7.707605
881	-76.360076
882	-33.235882
883	-5.439215
884	-79.579605
885	-86.048533
886	-51.507212
887	-83.295608
888	-64.811124
889	-36.271314
890	-16.503969
891	-27.510210
892	-53.000488
893	-7.096797
894	-37.254888
895	-89.047363
896	-45.383151
897	-2.943971
898	-59.987525
899	-60.148018
900	-30.430869
901	-93.475110
902	-49.862416
903	-77.231628
904	-49.461427
905	-28.309856
906	-82.147709
907	-87.280387
908	-3.799453
909	-85.908524
910	-57.954919
911	-97.602826
912	-10.315828
913	-84.894426
914	-81.156138
915	-75.609449
916	-76.098368
917	-9.513107
918	-90.228931
919	-39.662166
920	-33.765499
921	-50.202295
922	-2.495688
923	-54.587824
924	-25.805058
925	-38.895251
926	-19.251971
927	-75.279730
928	-88.713961
929	-10.742808
930	-95.471721
931	-43.228606
932	-31.554039
933	-8.637886
934	-67.731562
935	-69.892553
936	-53.456668
937	-32.618601
938	-29.007800
939	-69.659006
940	-52.695969
941	-73.721954
942	-59.633682
943	-89.833168
944	-42.042750
945	-61.653021
946	-53.671044
947	-5.093961
948	-84.108736
949	-79.793085
950	-6.017543
951	-12.079071
952	-88.504162
953	-80.258177
954	-3.631884
955	-37.947434
956	-88.862944
957	-32.063030
958	-51.579982
959	-6.327481
960	-10.796449
961	-68.886267
962	-66.680930
963	-62.175374
964	-82.234231
965	-37.248450
966	-91.258722
967	-85.487725
968	-13.586467
969	-9.012578
970	-48.866528
971	-35.059214
972	-25.543092
973	-48.724704
974	-25.617324
975	-28.429115
976	-89.186931
977	-35.522409
978	-64.097964
979	-4.885343
980	-70.469576
981	-81.671365
982	-90.113921
983	-45.451952
984	-83.160265
985	-99.073307
986	-47.512729
987	-24.536541
988	-25.629792
989	-53.384190
990	-59.045670
991	-84.175825
992	-62.498493
993	-73.441016
994	-92.271669
995	-17.985030
996	-66.098188
997	-66.252664
998	-94.067638
999	-38.127423
1000	-10.440412
;

param: weight :=
1	4.000000
2	44.000000
3	63.000000
4	55.000000
5	48.000000
6	62.000000
7	84.000000
8	60.000000
9	32.000000
10	64.000000
11	72.000000
12	18.000000
13	45.000000
14	20.000000
15	5.000000
16	66.000000
17	30.000000
18	19.000000
19	61.000000
20	69.000000
21	69.000000
22	95.000000
23	74.000000
24	21.000000
25	50.000000
26	40.000000
27	47.000000
28	60.000000
29	21.000000
30	94.000000
31	19.000000
32	31.000000
33	33.000000
34	29.000000
35	99.000000
36	52.000000
37	98.000000
38	6.000000
39	6.000000
40	23.000000
41	31.000000
42	28.000000
43	11.000000
44	32.000000
45	96.000000
46	7.000000
47	70.000000
48	36.000000
49	43.000000
50	62.000000
51	88.000000
52	1.000000
53	49.000000
54	52.000000
55	7.000000
56	35.000000
57	68.000000
58	44.000000
59	71.000000
60	38.000000
61	63.000000
62	67.000000
63	14.000000
64	16.000000
65	38.000000
66	75.000000
67	87.000000
68	62.000000
69	74.000000
70	69.000000
71	70.000000
72	41.000000
73	75.000000
74	76.000000
75	44.000000
76	50.000000
77	33.000000
78	46.000000
79	18.000000
80	16.000000
81	97.000000
82	62.000000
83	79.000000
84	51.000000
85	81.000000
86	95.000000
87	60.000000
88	45.000000
89	79.000000
90	6.000000
91	13.000000
92	88.000000
93	55.000000
94	90.000000
95	15.000000
96	17.000000
97	19.000000
98	35.000000
99	18.000000
100	36.000000
101	7.000000
102	36.000000
103	79.000000
104	30.000000
105	48.000000
106	73.000000
107	21.000000
108	37.000000
109	37.000000
110	7.000000
111	22.000000
112	73.000000
113	89.000000
114	1.000000
115	3.000000
116	52.000000
117	28.000000
118	34.000000
119	74.000000
120	72.000000
121	71.000000
122	69.000000
123	5.000000
124	98.000000
125	62.000000
126	33.000000
127	87.000000
128	53.000000
129	84.000000
130	90.000000
131	81.000000
132	53.000000
133	99.000000
134	78.000000
135	65.000000
136	36.000000
137	64.000000
138	49.000000
139	44.000000
140	99.000000
141	17.000000
142	80.000000
143	49.000000
144	92.000000
145	65.000000
146	91.000000
147	59.000000
148	16.000000
149	90.000000
150	55.000000
151	77.000000
152	45.000000
153	47.000000
154	26.000000
155	39.000000
156	32.000000
157	72.000000
158	24.000000
159	31.000000
160	76.000000
161	27.000000
162	89.000000
163	98.000000
164	70.000000
165	55.000000
166	20.000000
167	85.000000
168	95.000000
169	60.000000
170	38.000000
171	10.000000
172	81.000000
173	74.000000
174	90.000000
175	48.000000
176	10.000000
177	36.000000
178	72.000000
179	70.000000
180	62.000000
181	75.000000
182	99.000000
183	38.000000
184	20.000000
185	11.000000
186	10.000000
187	54.000000
188	33.000000
189	59.000000
190	58.000000
191	60.000000
192	35.000000
193	7.000000
194	84.000000
195	68.000000
196	13.000000
197	97.000000
198	94.000000
199	61.000000
200	99.000000
201	28.000000
202	91.000000
203	11.000000
204	69.000000
205	43.000000
206	63.000000
207	9.000000
208	18.000000
209	40.000000
210	22.000000
211	6.000000
212	67.000000
213	34.000000
214	98.000000
215	83.000000
216	89.000000
217	53.000000
218	60.000000
219	66.000000
220	89.000000
221	77.000000
222	19.000000
223	48.000000
224	59.000000
225	6.000000
226	84.000000
227	97.000000
228	66.000000
229	11.000000
230	18.000000
231	5.000000
232	68.000000
233	84.000000
234	22.000000
235	18.000000
236	98.000000
237	34.000000
238	42.000000
239	61.000000
240	4.000000
241	19.000000
242	29.000000
243	47.000000
244	67.000000
245	40.000000
246	62.000000
247	72.000000
248	98.000000
249	6.000000
250	55.000000
251	31.000000
252	24.000000
253	90.000000
254	82.000000
255	89.000000
256	24.000000
257	30.000000
258	61.000000
259	57.000000
260	21.000000
261	27.000000
262	1.000000
263	10.000000
264	84.000000
265	90.000000
266	85.000000
267	75.000000
268	73.000000
269	77.000000
270	86.000000
271	28.000000
272	1.000000
273	70.000000
274	37.000000
275	42.000000
276	22.000000
277	9.000000
278	99.000000
279	87.000000
280	89.000000
281	70.000000
282	92.000000
283	56.000000
284	8.000000
285	17.000000
286	91.000000
287	52.000000
288	4.000000
289	11.000000
290	13.000000
291	3.000000
292	12.000000
293	44.000000
294	19.000000
295	19.000000
296	36.000000
297	96.000000
298	41.000000
299	76.000000
300	94.000000
301	66.000000
302	53.000000
303	52.000000
304	27.000000
305	32.000000
306	18.000000
307	26.000000
308	8.000000
309	26.000000
310	63.000000
311	62.000000
312	13.000000
313	87.000000
314	36.000000
315	15.000000
316	2.000000
317	89.000000
318	41.000000
319	5.000000
320	93.000000
321	25.000000
322	17.000000
323	90.000000
324	86.000000
325	47.000000
326	49.000000
327	28.000000
328	82.000000
329	20.000000
330	34.000000
331	35.000000
332	42.000000
333	89.000000
334	54.000000
335	92.000000
336	87.000000
337	3.000000
338	25.000000
339	15.000000
340	78.000000
341	48.000000
342	44.000000
343	25.000000
344	48.000000
345	1.000000
346	13.000000
347	89.000000
348	45.000000
349	31.000000
350	22.000000
351	86.000000
352	68.000000
353	36.000000
354	79.000000
355	19.000000
356	33.000000
357	23.000000
358	61.000000
359	10.000000
360	29.000000
361	3.000000
362	93.000000
363	75.000000
364	92.000000
365	99.000000
366	57.000000
367	25.000000
368	38.000000
369	62.000000
370	21.000000
371	1.000000
372	24.000000
373	3.000000
374	24.000000
375	64.000000
376	70.000000
377	9.000000
378	53.000000
379	3.000000
380	79.000000
381	79.000000
382	17.000000
383	68.000000
384	69.000000
385	53.000000
386	68.000000
387	34.000000
388	89.000000
389	75.000000
390	66.000000
391	23.000000
392	37.000000
393	19.000000
394	36.000000
395	81.000000
396	5.000000
397	14.000000
398	2.000000
399	98.000000
400	33.000000
401	65.000000
402	54.000000
403	94.000000
404	8.000000
405	32.000000
406	60.000000
407	50.000000
408	9.000000
409	61.000000
410	90.000000
411	65.000000
412	73.000000
413	30.000000
414	55.000000
415	63.000000
416	97.000000
417	66.000000
418	12.000000
419	10.000000
420	60.000000
421	71.000000
422	13.000000
423	64.000000
424	1.000000
425	49.000000
426	50.000000
427	29.000000
428	77.000000
429	93.000000
430	23.000000
431	86.000000
432	7.000000
433	21.000000
434	87.000000
435	22.000000
436	58.000000
437	13.000000
438	29.000000
439	51.000000
440	49.000000
441	9.000000
442	16.000000
443	43.000000
444	62.000000
445	65.000000
446	54.000000
447	52.000000
448	81.000000
449	99.000000
450	2.000000
451	2.000000
452	40.000000
453	81.000000
454	77.000000
455	77.000000
456	53.000000
457	35.000000
458	38.000000
459	7.000000
460	88.000000
461	75.000000
462	72.000000
463	90.000000
464	66.000000
465	36.000000
466	10.000000
467	40.000000
468	81.000000
469	75.000000
470	29.000000
471	72.000000
472	48.000000
473	68.000000
474	37.000000
475	72.000000
476	90.000000
477	1.000000
478	46.000000
479	79.000000
480	40.000000
481	92.000000
482	42.000000
483	81.000000
484	85.000000
485	60.000000
486	29.000000
487	17.000000
488	53.000000
489	78.000000
490	35.000000
491	76.000000
492	73.000000
493	4.000000
494	69.000000
495	30.000000
496	9.000000
497	95.000000
498	45.000000
499	15.000000
500	19.000000
501	53.000000
502	25.000000
503	91.000000
504	47.000000
505	6.000000
506	5.000000
507	59.000000
508	47.000000
509	60.000000
510	38.000000
511	67.000000
512	63.000000
513	95.000000
514	39.000000
515	67.000000
516	49.000000
517	6.000000
518	97.000000
519	61.000000
520	95.000000
521	48.000000
522	36.000000
523	95.000000
524	31.000000
525	46.000000
526	92.000000
527	42.000000
528	58.000000
529	19.000000
530	60.000000
531	39.000000
532	33.000000
533	91.000000
534	33.000000
535	67.000000
536	60.000000
537	85.000000
538	53.000000
539	67.000000
540	21.000000
541	39.000000
542	91.000000
543	18.000000
544	33.000000
545	24.000000
546	10.000000
547	81.000000
548	68.000000
549	5.000000
550	25.000000
551	17.000000
552	51.000000
553	81.000000
554	56.000000
555	42.000000
556	55.000000
557	33.000000
558	23.000000
559	48.000000
560	10.000000
561	30.000000
562	89.000000
563	74.000000
564	83.000000
565	38.000000
566	62.000000
567	64.000000
568	81.000000
569	39.000000
570	42.000000
571	88.000000
572	33.000000
573	72.000000
574	65.000000
575	34.000000
576	72.000000
577	83.000000
578	16.000000
579	96.000000
580	73.000000
581	6.000000
582	31.000000
583	1.000000
584	93.000000
585	68.000000
586	82.000000
587	56.000000
588	33.000000
589	97.000000
590	72.000000
591	24.000000
592	78.000000
593	67.000000
594	42.000000
595	94.000000
596	72.000000
597	62.000000
598	59.000000
599	87.000000
600	74.000000
601	1.000000
602	74.000000
603	41.000000
604	54.000000
605	41.000000
606	6.000000
607	70.000000
608	69.000000
609	86.000000
610	45.000000
611	42.000000
612	96.000000
613	54.000000
614	73.000000
615	9.000000
616	70.000000
617	56.000000
618	95.000000
619	42.000000
620	84.000000
621	84.000000
622	63.000000
623	32.000000
624	14.000000
625	66.000000
626	75.000000
627	62.000000
628	93.000000
629	9.000000
630	46.000000
631	3.000000
632	84.000000
633	72.000000
634	42.000000
635	65.000000
636	37.000000
637	57.000000
638	94.000000
639	95.000000
640	74.000000
641	69.000000
642	88.000000
643	24.000000
644	23.000000
645	70.000000
646	68.000000
647	77.000000
648	23.000000
649	94.000000
650	47.000000
651	99.000000
652	67.000000
653	32.000000
654	19.000000
655	12.000000
656	31.000000
657	78.000000
658	56.000000
659	63.000000
660	9.000000
661	76.000000
662	32.000000
663	83.000000
664	1.000000
665	96.000000
666	90.000000
667	49.000000
668	52.000000
669	22.000000
670	92.000000
671	26.000000
672	14.000000
673	4.000000
674	81.000000
675	38.000000
676	52.000000
677	64.000000
678	57.000000
679	52.000000
680	71.000000
681	83.000000
682	65.000000
683	87.000000
684	4.000000
685	75.000000
686	5.000000
687	99.000000
688	99.000000
689	40.000000
690	13.000000
691	33.000000
692	92.000000
693	78.000000
694	58.000000
695	18.000000
696	9.000000
697	62.000000
698	9.000000
699	50.000000
700	45.000000
701	89.000000
702	62.000000
703	13.000000
704	1.000000
705	20.000000
706	86.000000
707	89.000000
708	97.000000
709	34.000000
710	65.000000
711	75.000000
712	67.000000
713	53.000000
714	44.000000
715	29.000000
716	83.000000
717	21.000000
718	54.000000
719	93.000000
720	45.000000
721	24.000000
722	18.000000
723	11.000000
724	95.000000
725	17.000000
726	64.000000
727	92.000000
728	51.000000
729	4.000000
730	37.000000
731	16.000000
732	36.000000
733	10.000000
734	67.000000
735	89.000000
736	34.000000
737	47.000000
738	51.000000
739	30.000000
740	27.000000
741	17.000000
742	58.000000
743	28.000000
744	15.000000
745	21.000000
746	56.000000
747	81.000000
748	23.000000
749	60.000000
750	5.000000
751	61.000000
752	6.000000
753	60.000000
754	35.000000
755	98.000000
756	32.000000
757	71.000000
758	21.000000
759	72.000000
760	7.000000
761	72.000000
762	63.000000
763	59.000000
764	48.000000
765	13.000000
766	52.000000
767	18.000000
768	85.000000
769	24.000000
770	20.000000
771	8.000000
772	38.000000
773	73.000000
774	56.000000
775	55.000000
776	16.000000
777	67.000000
778	95.000000
779	35.000000
780	7.000000
781	94.000000
782	92.000000
783	82.000000
784	72.000000
785	54.000000
786	27.000000
787	60.000000
788	31.000000
789	99.000000
790	30.000000
791	27.000000
792	11.000000
793	95.000000
794	92.000000
795	21.000000
796	72.000000
797	5.000000
798	57.000000
799	24.000000
800	80.000000
801	6.000000
802	90.000000
803	68.000000
804	71.000000
805	24.000000
806	82.000000
807	64.000000
808	95.000000
809	64.000000
810	76.000000
811	26.000000
812	33.000000
813	91.000000
814	45.000000
815	78.000000
816	63.000000
817	50.000000
818	40.000000
819	35.000000
820	36.000000
821	4.000000
822	8.000000
823	21.000000
824	47.000000
825	17.000000
826	97.000000
827	16.000000
828	91.000000
829	90.000000
830	31.000000
831	75.000000
832	1.000000
833	82.000000
834	50.000000
835	91.000000
836	68.000000
837	16.000000
838	92.000000
839	27.000000
840	60.000000
841	38.000000
842	56.000000
843	3.000000
844	44.000000
845	77.000000
846	51.000000
847	95.000000
848	82.000000
849	21.000000
850	84.000000
851	88.000000
852	81.000000
853	81.000000
854	52.000000
855	82.000000
856	21.000000
857	77.000000
858	10.000000
859	8.000000
860	52.000000
861	59.000000
862	48.000000
863	87.000000
864	87.000000
865	93.000000
866	32.000000
867	53.000000
868	80.000000
869	22.000000
870	6.000000
871	27.000000
872	32.000000
873	86.000000
874	78.000000
875	81.000000
876	5.000000
877	71.000000
878	71.000000
879	76.000000
880	18.000000
881	92.000000
882	64.000000
883	35.000000
884	30.000000
885	37.000000
886	10.000000
887	26.000000
888	10.000000
889	6.000000
890	15.000000
891	94.000000
892	94.000000
893	35.000000
894	92.000000
895	32.000000
896	52.000000
897	3.000000
898	38.000000
899	54.000000
900	25.000000
901	68.000000
902	70.000000
903	87.000000
904	90.000000
905	34.000000
906	33.000000
907	28.000000
908	87.000000
909	9.000000
910	67.000000
911	29.000000
912	27.000000
913	23.000000
914	70.000000
915	47.000000
916	31.000000
917	76.000000
918	74.000000
919	50.000000
920	55.000000
921	38.000000
922	38.000000
923	18.000000
924	72.000000
925	47.000000
926	34.000000
927	25.000000
928	57.000000
929	14.000000
930	52.000000
931	43.000000
932	94.000000
933	31.000000
934	87.000000
935	98.000000
936	37.000000
937	53.000000
938	22.000000
939	7.000000
940	56.000000
941	24.000000
942	43.000000
943	36.000000
944	42.000000
945	49.000000
946	43.000000
947	43.000000
948	99.000000
949	18.000000
950	69.000000
951	43.000000
952	97.000000
953	36.000000
954	96.000000
955	98.000000
956	60.000000
957	30.000000
958	18.000000
959	51.000000
960	47.000000
961	45.000000
962	64.000000
963	80.000000
964	95.000000
965	90.000000
966	46.000000
967	67.000000
968	71.000000
969	96.000000
970	45.000000
971	18.000000
972	51.000000
973	78.000000
974	13.000000
975	50.000000
976	87.000000
977	15.000000
978	71.000000
979	9.000000
980	24.000000
981	88.000000
982	96.000000
983	96.000000
984	51.000000
985	20.000000
986	44.000000
987	18.000000
988	18.000000
989	41.000000
990	24.000000
991	8.000000
992	86.000000
993	6.000000
994	51.000000
995	55.000000
996	70.000000
997	57.000000
998	40.000000
999	98.000000
1000	73.000000
;

param: U :=
1	100.000000
2	100.000000
3	100.000000
4	100.000000
5	100.000000
6	100.000000
7	100.000000
8	100.000000
9	100.000000
10	100.000000
11	100.000000
12	100.000000
13	100.000000
14	100.000000
15	100.000000
16	100.000000
17	100.000000
18	100.000000
19	100.000000
20	100.000000
21	100.000000
22	100.000000
23	100.000000
24	100.000000
25	100.000000
26	100.000000
27	100.000000
28	100.000000
29	100.000000
30	100.000000
31	100.000000
32	100.000000
33	100.000000
34	100.000000
35	100.000000
36	100.000000
37	100.000000
38	100.000000
39	100.000000
40	100.000000
41	100.000000
42	100.000000
43	100.000000
44	100.000000
45	100.000000
46	100.000000
47	100.000000
48	100.000000
49	100.000000
50	100.000000
51	100.000000
52	100.000000
53	100.000000
54	100.000000
55	100.000000
56	100.000000
57	100.000000
58	100.000000
59	100.000000
60	100.000000
61	100.000000
62	100.000000
63	100.000000
64	100.000000
65	100.000000
66	100.000000
67	100.000000
68	100.000000
69	100.000000
70	100.000000
71	100.000000
72	100.000000
73	100.000000
74	100.000000
75	100.000000
76	100.000000
77	100.000000
78	100.000000
79	100.000000
80	100.000000
81	100.000000
82	100.000000
83	100.000000
84	100.000000
85	100.000000
86	100.000000
87	100.000000
88	100.000000
89	100.000000
90	100.000000
91	100.000000
92	100.000000
93	100.000000
94	100.000000
95	100.000000
96	100.000000
97	100.000000
98	100.000000
99	100.000000
100	100.000000
101	100.000000
102	100.000000
103	100.000000
104	100.000000
105	100.000000
106	100.000000
107	100.000000
108	100.000000
109	100.000000
110	100.000000
111	100.000000
112	100.000000
113	100.000000
114	100.000000
115	100.000000
116	100.000000
117	100.000000
118	100.000000
119	100.000000
120	100.000000
121	100.000000
122	100.000000
123	100.000000
124	100.000000
125	100.000000
126	100.000000
127	100.000000
128	100.000000
129	100.000000
130	100.000000
131	100.000000
132	100.000000
133	100.000000
134	100.000000
135	100.000000
136	100.000000
137	100.000000
138	100.000000
139	100.000000
140	100.000000
141	100.000000
142	100.000000
143	100.000000
144	100.000000
145	100.000000
146	100.000000
147	100.000000
148	100.000000
149	100.000000
150	100.000000
151	100.000000
152	100.000000
153	100.000000
154	100.000000
155	100.000000
156	100.000000
157	100.000000
158	100.000000
159	100.000000
160	100.000000
161	100.000000
162	100.000000
163	100.000000
164	100.000000
165	100.000000
166	100.000000
167	100.000000
168	100.000000
169	100.000000
170	100.000000
171	100.000000
172	100.000000
173	100.000000
174	100.000000
175	100.000000
176	100.000000
177	100.000000
178	100.000000
179	100.000000
180	100.000000
181	100.000000
182	100.000000
183	100.000000
184	100.000000
185	100.000000
186	100.000000
187	100.000000
188	100.000000
189	100.000000
190	100.000000
191	100.000000
192	100.000000
193	100.000000
194	100.000000
195	100.000000
196	100.000000
197	100.000000
198	100.000000
199	100.000000
200	100.000000
201	100.000000
202	100.000000
203	100.000000
204	100.000000
205	100.000000
206	100.000000
207	100.000000
208	100.000000
209	100.000000
210	100.000000
211	100.000000
212	100.000000
213	100.000000
214	100.000000
215	100.000000
216	100.000000
217	100.000000
218	100.000000
219	100.000000
220	100.000000
221	100.000000
222	100.000000
223	100.000000
224	100.000000
225	100.000000
226	100.000000
227	100.000000
228	100.000000
229	100.000000
230	100.000000
231	100.000000
232	100.000000
233	100.000000
234	100.000000
235	100.000000
236	100.000000
237	100.000000
238	100.000000
239	100.000000
240	100.000000
241	100.000000
242	100.000000
243	100.000000
244	100.000000
245	100.000000
246	100.000000
247	100.000000
248	100.000000
249	100.000000
250	100.000000
251	100.000000
252	100.000000
253	100.000000
254	100.000000
255	100.000000
256	100.000000
257	100.000000
258	100.000000
259	100.000000
260	100.000000
261	100.000000
262	100.000000
263	100.000000
264	100.000000
265	100.000000
266	100.000000
267	100.000000
268	100.000000
269	100.000000
270	100.000000
271	100.000000
272	100.000000
273	100.000000
274	100.000000
275	100.000000
276	100.000000
277	100.000000
278	100.000000
279	100.000000
280	100.000000
281	100.000000
282	100.000000
283	100.000000
284	100.000000
285	100.000000
286	100.000000
287	100.000000
288	100.000000
289	100.000000
290	100.000000
291	100.000000
292	100.000000
293	100.000000
294	100.000000
295	100.000000
296	100.000000
297	100.000000
298	100.000000
299	100.000000
300	100.000000
301	100.000000
302	100.000000
303	100.000000
304	100.000000
305	100.000000
306	100.000000
307	100.000000
308	100.000000
309	100.000000
310	100.000000
311	100.000000
312	100.000000
313	100.000000
314	100.000000
315	100.000000
316	100.000000
317	100.000000
318	100.000000
319	100.000000
320	100.000000
321	100.000000
322	100.000000
323	100.000000
324	100.000000
325	100.000000
326	100.000000
327	100.000000
328	100.000000
329	100.000000
330	100.000000
331	100.000000
332	100.000000
333	100.000000
334	100.000000
335	100.000000
336	100.000000
337	100.000000
338	100.000000
339	100.000000
340	100.000000
341	100.000000
342	100.000000
343	100.000000
344	100.000000
345	100.000000
346	100.000000
347	100.000000
348	100.000000
349	100.000000
350	100.000000
351	100.000000
352	100.000000
353	100.000000
354	100.000000
355	100.000000
356	100.000000
357	100.000000
358	100.000000
359	100.000000
360	100.000000
361	100.000000
362	100.000000
363	100.000000
364	100.000000
365	100.000000
366	100.000000
367	100.000000
368	100.000000
369	100.000000
370	100.000000
371	100.000000
372	100.000000
373	100.000000
374	100.000000
375	100.000000
376	100.000000
377	100.000000
378	100.000000
379	100.000000
380	100.000000
381	100.000000
382	100.000000
383	100.000000
384	100.000000
385	100.000000
386	100.000000
387	100.000000
388	100.000000
389	100.000000
390	100.000000
391	100.000000
392	100.000000
393	100.000000
394	100.000000
395	100.000000
396	100.000000
397	100.000000
398	100.000000
399	100.000000
400	100.000000
401	100.000000
402	100.000000
403	100.000000
404	100.000000
405	100.000000
406	100.000000
407	100.000000
408	100.000000
409	100.000000
410	100.000000
411	100.000000
412	100.000000
413	100.000000
414	100.000000
415	100.000000
416	100.000000
417	100.000000
418	100.000000
419	100.000000
420	100.000000
421	100.000000
422	100.000000
423	100.000000
424	100.000000
425	100.000000
426	100.000000
427	100.000000
428	100.000000
429	100.000000
430	100.000000
431	100.000000
432	100.000000
433	100.000000
434	100.000000
435	100.000000
436	100.000000
437	100.000000
438	100.000000
439	100.000000
440	100.000000
441	100.000000
442	100.000000
443	100.000000
444	100.000000
445	100.000000
446	100.000000
447	100.000000
448	100.000000
449	100.000000
450	100.000000
451	100.000000
452	100.000000
453	100.000000
454	100.000000
455	100.000000
456	100.000000
457	100.000000
458	100.000000
459	100.000000
460	100.000000
461	100.000000
462	100.000000
463	100.000000
464	100.000000
465	100.000000
466	100.000000
467	100.000000
468	100.000000
469	100.000000
470	100.000000
471	100.000000
472	100.000000
473	100.000000
474	100.000000
475	100.000000
476	100.000000
477	100.000000
478	100.000000
479	100.000000
480	100.000000
481	100.000000
482	100.000000
483	100.000000
484	100.000000
485	100.000000
486	100.000000
487	100.000000
488	100.000000
489	100.000000
490	100.000000
491	100.000000
492	100.000000
493	100.000000
494	100.000000
495	100.000000
496	100.000000
497	100.000000
498	100.000000
499	100.000000
500	100.000000
501	100.000000
502	100.000000
503	100.000000
504	100.000000
505	100.000000
506	100.000000
507	100.000000
508	100.000000
509	100.000000
510	100.000000
511	100.000000
512	100.000000
513	100.000000
514	100.000000
515	100.000000
516	100.000000
517	100.000000
518	100.000000
519	100.000000
520	100.000000
521	100.000000
522	100.000000
523	100.000000
524	100.000000
525	100.000000
526	100.000000
527	100.000000
528	100.000000
529	100.000000
530	100.000000
531	100.000000
532	100.000000
533	100.000000
534	100.000000
535	100.000000
536	100.000000
537	100.000000
538	100.000000
539	100.000000
540	100.000000
541	100.000000
542	100.000000
543	100.000000
544	100.000000
545	100.000000
546	100.000000
547	100.000000
548	100.000000
549	100.000000
550	100.000000
551	100.000000
552	100.000000
553	100.000000
554	100.000000
555	100.000000
556	100.000000
557	100.000000
558	100.000000
559	100.000000
560	100.000000
561	100.000000
562	100.000000
563	100.000000
564	100.000000
565	100.000000
566	100.000000
567	100.000000
568	100.000000
569	100.000000
570	100.000000
571	100.000000
572	100.000000
573	100.000000
574	100.000000
575	100.000000
576	100.000000
577	100.000000
578	100.000000
579	100.000000
580	100.000000
581	100.000000
582	100.000000
583	100.000000
584	100.000000
585	100.000000
586	100.000000
587	100.000000
588	100.000000
589	100.000000
590	100.000000
591	100.000000
592	100.000000
593	100.000000
594	100.000000
595	100.000000
596	100.000000
597	100.000000
598	100.000000
599	100.000000
600	100.000000
601	100.000000
602	100.000000
603	100.000000
604	100.000000
605	100.000000
606	100.000000
607	100.000000
608	100.000000
609	100.000000
610	100.000000
611	100.000000
612	100.000000
613	100.000000
614	100.000000
615	100.000000
616	100.000000
617	100.000000
618	100.000000
619	100.000000
620	100.000000
621	100.000000
622	100.000000
623	100.000000
624	100.000000
625	100.000000
626	100.000000
627	100.000000
628	100.000000
629	100.000000
630	100.000000
631	100.000000
632	100.000000
633	100.000000
634	100.000000
635	100.000000
636	100.000000
637	100.000000
638	100.000000
639	100.000000
640	100.000000
641	100.000000
642	100.000000
643	100.000000
644	100.000000
645	100.000000
646	100.000000
647	100.000000
648	100.000000
649	100.000000
650	100.000000
651	100.000000
652	100.000000
653	100.000000
654	100.000000
655	100.000000
656	100.000000
657	100.000000
658	100.000000
659	100.000000
660	100.000000
661	100.000000
662	100.000000
663	100.000000
664	100.000000
665	100.000000
666	100.000000
667	100.000000
668	100.000000
669	100.000000
670	100.000000
671	100.000000
672	100.000000
673	100.000000
674	100.000000
675	100.000000
676	100.000000
677	100.000000
678	100.000000
679	100.000000
680	100.000000
681	100.000000
682	100.000000
683	100.000000
684	100.000000
685	100.000000
686	100.000000
687	100.000000
688	100.000000
689	100.000000
690	100.000000
691	100.000000
692	100.000000
693	100.000000
694	100.000000
695	100.000000
696	100.000000
697	100.000000
698	100.000000
699	100.000000
700	100.000000
701	100.000000
702	100.000000
703	100.000000
704	100.000000
705	100.000000
706	100.000000
707	100.000000
708	100.000000
709	100.000000
710	100.000000
711	100.000000
712	100.000000
713	100.000000
714	100.000000
715	100.000000
716	100.000000
717	100.000000
718	100.000000
719	100.000000
720	100.000000
721	100.000000
722	100.000000
723	100.000000
724	100.000000
725	100.000000
726	100.000000
727	100.000000
728	100.000000
729	100.000000
730	100.000000
731	100.000000
732	100.000000
733	100.000000
734	100.000000
735	100.000000
736	100.000000
737	100.000000
738	100.000000
739	100.000000
740	100.000000
741	100.000000
742	100.000000
743	100.000000
744	100.000000
745	100.000000
746	100.000000
747	100.000000
748	100.000000
749	100.000000
750	100.000000
751	100.000000
752	100.000000
753	100.000000
754	100.000000
755	100.000000
756	100.000000
757	100.000000
758	100.000000
759	100.000000
760	100.000000
761	100.000000
762	100.000000
763	100.000000
764	100.000000
765	100.000000
766	100.000000
767	100.000000
768	100.000000
769	100.000000
770	100.000000
771	100.000000
772	100.000000
773	100.000000
774	100.000000
775	100.000000
776	100.000000
777	100.000000
778	100.000000
779	100.000000
780	100.000000
781	100.000000
782	100.000000
783	100.000000
784	100.000000
785	100.000000
786	100.000000
787	100.000000
788	100.000000
789	100.000000
790	100.000000
791	100.000000
792	100.000000
793	100.000000
794	100.000000
795	100.000000
796	100.000000
797	100.000000
798	100.000000
799	100.000000
800	100.000000
801	100.000000
802	100.000000
803	100.000000
804	100.000000
805	100.000000
806	100.000000
807	100.000000
808	100.000000
809	100.000000
810	100.000000
811	100.000000
812	100.000000
813	100.000000
814	100.000000
815	100.000000
816	100.000000
817	100.000000
818	100.000000
819	100.000000
820	100.000000
821	100.000000
822	100.000000
823	100.000000
824	100.000000
825	100.000000
826	100.000000
827	100.000000
828	100.000000
829	100.000000
830	100.000000
831	100.000000
832	100.000000
833	100.000000
834	100.000000
835	100.000000
836	100.000000
837	100.000000
838	100.000000
839	100.000000
840	100.000000
841	100.000000
842	100.000000
843	100.000000
844	100.000000
845	100.000000
846	100.000000
847	100.000000
848	100.000000
849	100.000000
850	100.000000
851	100.000000
852	100.000000
853	100.000000
854	100.000000
855	100.000000
856	100.000000
857	100.000000
858	100.000000
859	100.000000
860	100.000000
861	100.000000
862	100.000000
863	100.000000
864	100.000000
865	100.000000
866	100.000000
867	100.000000
868	100.000000
869	100.000000
870	100.000000
871	100.000000
872	100.000000
873	100.000000
874	100.000000
875	100.000000
876	100.000000
877	100.000000
878	100.000000
879	100.000000
880	100.000000
881	100.000000
882	100.000000
883	100.000000
884	100.000000
885	100.000000
886	100.000000
887	100.000000
888	100.000000
889	100.000000
890	100.000000
891	100.000000
892	100.000000
893	100.000000
894	100.000000
895	100.000000
896	100.000000
897	100.000000
898	100.000000
899	100.000000
900	100.000000
901	100.000000
902	100.000000
903	100.000000
904	100.000000
905	100.000000
906	100.000000
907	100.000000
908	100.000000
909	100.000000
910	100.000000
911	100.000000
912	100.000000
913	100.000000
914	100.000000
915	100.000000
916	100.000000
917	100.000000
918	100.000000
919	100.000000
920	100.000000
921	100.000000
922	100.000000
923	100.000000
924	100.000000
925	100.000000
926	100.000000
927	100.000000
928	100.000000
929	100.000000
930	100.000000
931	100.000000
932	100.000000
933	100.000000
934	100.000000
935	100.000000
936	100.000000
937	100.000000
938	100.000000
939	100.000000
940	100.000000
941	100.000000
942	100.000000
943	100.000000
944	100.000000
945	100.000000
946	100.000000
947	100.000000
948	100.000000
949	100.000000
950	100.000000
951	100.000000
952	100.000000
953	100.000000
954	100.000000
955	100.000000
956	100.000000
957	100.000000
958	100.000000
959	100.000000
960	100.000000
961	100.000000
962	100.000000
963	100.000000
964	100.000000
965	100.000000
966	100.000000
967	100.000000
968	100.000000
969	100.000000
970	100.000000
971	100.000000
972	100.000000
973	100.000000
974	100.000000
975	100.000000
976	100.000000
977	100.000000
978	100.000000
979	100.000000
980	100.000000
981	100.000000
982	100.000000
983	100.000000
984	100.000000
985	100.000000
986	100.000000
987	100.000000
988	100.000000
989	100.000000
990	100.000000
991	100.000000
992	100.000000
993	100.000000
994	100.000000
995	100.000000
996	100.000000
997	100.000000
998	100.000000
999	100.000000
1000	100.000000
;

