# seed = 1254829604

param N := 1000;

param M := 10;

param Umax := 100.000000;

param: C :=
1	1749599.000000
2	227582.000000
3	146672.000000
4	214421.000000
5	54515.000000
6	37586.000000
7	29933.000000
8	8365.000000
9	17.000000
10	10.000000
;

param: a :=
1	0.188975
2	0.198175
3	0.111595
4	0.145402
5	0.190843
6	0.125811
7	0.102944
8	0.134467
9	0.114775
10	0.194603
11	0.168376
12	0.102589
13	0.175521
14	0.111678
15	0.103074
16	0.144273
17	0.162081
18	0.175131
19	0.187712
20	0.161117
21	0.112747
22	0.135347
23	0.114466
24	0.168032
25	0.185442
26	0.191049
27	0.148570
28	0.105584
29	0.115892
30	0.107557
31	0.100573
32	0.183586
33	0.138527
34	0.131146
35	0.148575
36	0.129620
37	0.176574
38	0.116516
39	0.122196
40	0.152132
41	0.131674
42	0.125761
43	0.135380
44	0.158157
45	0.138243
46	0.113666
47	0.169138
48	0.103857
49	0.195264
50	0.168530
51	0.124453
52	0.109773
53	0.155751
54	0.165616
55	0.152304
56	0.137377
57	0.123767
58	0.134740
59	0.133554
60	0.134214
61	0.140334
62	0.138525
63	0.121971
64	0.188010
65	0.137368
66	0.122998
67	0.113479
68	0.146529
69	0.128067
70	0.147136
71	0.182213
72	0.167562
73	0.130806
74	0.134249
75	0.185742
76	0.111549
77	0.128301
78	0.177400
79	0.141459
80	0.128771
81	0.132606
82	0.177492
83	0.102933
84	0.157166
85	0.122422
86	0.196265
87	0.173086
88	0.118755
89	0.151777
90	0.135605
91	0.154633
92	0.185237
93	0.130098
94	0.120957
95	0.126140
96	0.175906
97	0.188669
98	0.129757
99	0.176925
100	0.108352
101	0.121157
102	0.122808
103	0.184639
104	0.104660
105	0.126588
106	0.169655
107	0.105619
108	0.127349
109	0.132375
110	0.104463
111	0.128102
112	0.172906
113	0.156660
114	0.185097
115	0.172206
116	0.139024
117	0.166535
118	0.100550
119	0.146564
120	0.110937
121	0.156201
122	0.188555
123	0.179520
124	0.121928
125	0.106717
126	0.191711
127	0.156140
128	0.111101
129	0.197593
130	0.108517
131	0.119807
132	0.161208
133	0.119592
134	0.144005
135	0.189345
136	0.199286
137	0.111264
138	0.171131
139	0.184224
140	0.130379
141	0.129059
142	0.120317
143	0.192592
144	0.181186
145	0.167773
146	0.118414
147	0.161355
148	0.132927
149	0.160691
150	0.165821
151	0.162480
152	0.143940
153	0.145137
154	0.179366
155	0.174228
156	0.179452
157	0.180460
158	0.198340
159	0.195022
160	0.104530
161	0.197179
162	0.115112
163	0.165987
164	0.126429
165	0.181118
166	0.172717
167	0.197654
168	0.186176
169	0.127001
170	0.159740
171	0.138189
172	0.163314
173	0.108301
174	0.180262
175	0.108334
176	0.136888
177	0.165824
178	0.173979
179	0.124347
180	0.131359
181	0.112186
182	0.123141
183	0.115667
184	0.132710
185	0.148199
186	0.101297
187	0.135205
188	0.127123
189	0.145009
190	0.175054
191	0.179886
192	0.127470
193	0.187956
194	0.113291
195	0.145627
196	0.183024
197	0.174602
198	0.159548
199	0.175118
200	0.114977
201	0.194680
202	0.104806
203	0.181696
204	0.117534
205	0.195430
206	0.127549
207	0.196464
208	0.164272
209	0.190053
210	0.117853
211	0.101849
212	0.165497
213	0.193028
214	0.128664
215	0.104558
216	0.171067
217	0.167894
218	0.106180
219	0.145181
220	0.122711
221	0.167737
222	0.118653
223	0.162238
224	0.120273
225	0.198901
226	0.103907
227	0.172526
228	0.109847
229	0.157473
230	0.180379
231	0.166913
232	0.179424
233	0.193246
234	0.106825
235	0.152851
236	0.149099
237	0.123103
238	0.145718
239	0.167468
240	0.172906
241	0.179035
242	0.190807
243	0.104555
244	0.152120
245	0.132105
246	0.103931
247	0.194652
248	0.128788
249	0.150782
250	0.109380
251	0.102864
252	0.116457
253	0.153090
254	0.179935
255	0.164025
256	0.118708
257	0.198350
258	0.143975
259	0.162533
260	0.111367
261	0.133744
262	0.183031
263	0.157813
264	0.134852
265	0.163887
266	0.195987
267	0.196294
268	0.163948
269	0.103964
270	0.170663
271	0.145790
272	0.169928
273	0.137741
274	0.198996
275	0.118670
276	0.178649
277	0.197012
278	0.186073
279	0.116322
280	0.178902
281	0.103898
282	0.133990
283	0.142024
284	0.179184
285	0.148625
286	0.125120
287	0.174483
288	0.134837
289	0.181830
290	0.192027
291	0.186691
292	0.193100
293	0.112692
294	0.189594
295	0.170318
296	0.160886
297	0.190647
298	0.169870
299	0.183886
300	0.132527
301	0.178179
302	0.186793
303	0.114178
304	0.153802
305	0.104528
306	0.145662
307	0.199849
308	0.115764
309	0.127057
310	0.103373
311	0.114910
312	0.119397
313	0.122638
314	0.176138
315	0.131789
316	0.120973
317	0.105555
318	0.145777
319	0.158669
320	0.183612
321	0.129812
322	0.161336
323	0.152524
324	0.121917
325	0.175690
326	0.164917
327	0.156841
328	0.143344
329	0.188713
330	0.175185
331	0.167375
332	0.169825
333	0.158486
334	0.155200
335	0.114515
336	0.142351
337	0.154015
338	0.168734
339	0.119576
340	0.114403
341	0.181257
342	0.154052
343	0.182296
344	0.152528
345	0.149391
346	0.150188
347	0.147382
348	0.199532
349	0.114008
350	0.146387
351	0.138295
352	0.104342
353	0.126689
354	0.148044
355	0.133428
356	0.111519
357	0.145641
358	0.169156
359	0.197276
360	0.192972
361	0.175446
362	0.174908
363	0.161872
364	0.183002
365	0.180026
366	0.155612
367	0.151953
368	0.166043
369	0.159171
370	0.174277
371	0.135585
372	0.141820
373	0.193321
374	0.173170
375	0.128654
376	0.182285
377	0.134222
378	0.147552
379	0.137802
380	0.117093
381	0.190758
382	0.137800
383	0.136090
384	0.106800
385	0.166052
386	0.173881
387	0.173179
388	0.140428
389	0.108256
390	0.130566
391	0.151608
392	0.106715
393	0.121203
394	0.136679
395	0.144614
396	0.183821
397	0.167570
398	0.179657
399	0.177313
400	0.126211
401	0.162091
402	0.137570
403	0.143928
404	0.132560
405	0.182164
406	0.176883
407	0.184801
408	0.170512
409	0.153995
410	0.148302
411	0.105534
412	0.194114
413	0.127979
414	0.136493
415	0.112766
416	0.166233
417	0.143147
418	0.138277
419	0.118743
420	0.145976
421	0.161298
422	0.122791
423	0.158034
424	0.141335
425	0.145772
426	0.133928
427	0.101337
428	0.107053
429	0.151239
430	0.108336
431	0.114818
432	0.113720
433	0.104645
434	0.134874
435	0.166916
436	0.112242
437	0.174623
438	0.122258
439	0.126485
440	0.103899
441	0.129048
442	0.162582
443	0.174274
444	0.192328
445	0.140790
446	0.121557
447	0.165356
448	0.138013
449	0.166283
450	0.170128
451	0.166650
452	0.121645
453	0.116364
454	0.177708
455	0.102671
456	0.123570
457	0.104689
458	0.158598
459	0.171654
460	0.190930
461	0.138820
462	0.106425
463	0.168645
464	0.194562
465	0.172967
466	0.110373
467	0.153614
468	0.115593
469	0.144582
470	0.135669
471	0.155705
472	0.104711
473	0.117734
474	0.175944
475	0.197235
476	0.179712
477	0.193221
478	0.105771
479	0.148113
480	0.151130
481	0.142533
482	0.117393
483	0.137295
484	0.135981
485	0.184761
486	0.157491
487	0.179834
488	0.131273
489	0.127310
490	0.104556
491	0.137534
492	0.186599
493	0.190435
494	0.106296
495	0.167293
496	0.106241
497	0.133124
498	0.167495
499	0.196958
500	0.109870
501	0.111703
502	0.120694
503	0.173829
504	0.148314
505	0.195252
506	0.160714
507	0.144294
508	0.174288
509	0.156208
510	0.161497
511	0.132035
512	0.125100
513	0.104501
514	0.131419
515	0.186020
516	0.129844
517	0.111520
518	0.149602
519	0.124866
520	0.185798
521	0.148102
522	0.100536
523	0.109981
524	0.147934
525	0.189932
526	0.147789
527	0.135599
528	0.182146
529	0.105016
530	0.192838
531	0.189933
532	0.180719
533	0.192182
534	0.143218
535	0.109707
536	0.148071
537	0.168683
538	0.167850
539	0.110968
540	0.106483
541	0.100986
542	0.184172
543	0.144310
544	0.195504
545	0.162601
546	0.130489
547	0.196279
548	0.155073
549	0.125373
550	0.185417
551	0.101672
552	0.105834
553	0.131370
554	0.169029
555	0.156023
556	0.118217
557	0.121199
558	0.131708
559	0.161171
560	0.136782
561	0.156760
562	0.123111
563	0.124700
564	0.148391
565	0.101497
566	0.149796
567	0.147461
568	0.134205
569	0.192534
570	0.179979
571	0.122724
572	0.141331
573	0.155547
574	0.199813
575	0.189693
576	0.112669
577	0.134927
578	0.193354
579	0.130340
580	0.104259
581	0.127530
582	0.193748
583	0.158454
584	0.135866
585	0.144064
586	0.158984
587	0.104848
588	0.135024
589	0.191688
590	0.109390
591	0.130848
592	0.179477
593	0.174116
594	0.188119
595	0.120844
596	0.143003
597	0.175687
598	0.135573
599	0.126369
600	0.189842
601	0.161253
602	0.148131
603	0.182339
604	0.186054
605	0.123763
606	0.120481
607	0.171165
608	0.112117
609	0.135114
610	0.120594
611	0.105940
612	0.124762
613	0.182365
614	0.173063
615	0.157107
616	0.198711
617	0.137888
618	0.183738
619	0.165839
620	0.109210
621	0.165538
622	0.137571
623	0.177193
624	0.162912
625	0.138941
626	0.128552
627	0.100425
628	0.146216
629	0.185375
630	0.104093
631	0.140716
632	0.190383
633	0.192980
634	0.193507
635	0.166420
636	0.133790
637	0.155423
638	0.152756
639	0.192247
640	0.144577
641	0.169330
642	0.192600
643	0.121907
644	0.124224
645	0.194691
646	0.107692
647	0.151705
648	0.187568
649	0.107029
650	0.157657
651	0.170093
652	0.154919
653	0.191570
654	0.132397
655	0.139356
656	0.177888
657	0.117215
658	0.101520
659	0.113032
660	0.135714
661	0.101303
662	0.150882
663	0.111161
664	0.134188
665	0.105062
666	0.143030
667	0.195123
668	0.135834
669	0.191739
670	0.127856
671	0.143814
672	0.197167
673	0.124333
674	0.187387
675	0.151418
676	0.153996
677	0.124714
678	0.167712
679	0.175787
680	0.193197
681	0.126204
682	0.141508
683	0.144484
684	0.106824
685	0.183313
686	0.144068
687	0.100580
688	0.123600
689	0.146586
690	0.144721
691	0.120296
692	0.160945
693	0.178154
694	0.182817
695	0.105570
696	0.123636
697	0.192901
698	0.140864
699	0.181292
700	0.192265
701	0.177489
702	0.172124
703	0.140885
704	0.121484
705	0.128745
706	0.187393
707	0.196025
708	0.142633
709	0.160730
710	0.196940
711	0.144578
712	0.100810
713	0.143498
714	0.113469
715	0.148382
716	0.144402
717	0.168604
718	0.177387
719	0.127857
720	0.199368
721	0.152761
722	0.119148
723	0.186923
724	0.175814
725	0.149039
726	0.196915
727	0.106080
728	0.180687
729	0.123593
730	0.126135
731	0.194502
732	0.119434
733	0.140289
734	0.183770
735	0.167059
736	0.107087
737	0.168198
738	0.138949
739	0.106807
740	0.156500
741	0.140772
742	0.188203
743	0.123278
744	0.192215
745	0.139836
746	0.167853
747	0.189504
748	0.126237
749	0.184535
750	0.199369
751	0.136743
752	0.132409
753	0.100200
754	0.166793
755	0.196760
756	0.196818
757	0.147461
758	0.198866
759	0.100487
760	0.180622
761	0.157188
762	0.151631
763	0.180702
764	0.165282
765	0.134752
766	0.143093
767	0.108771
768	0.189860
769	0.152071
770	0.111038
771	0.144204
772	0.121690
773	0.176109
774	0.168888
775	0.115913
776	0.168758
777	0.123504
778	0.134368
779	0.131481
780	0.160341
781	0.163582
782	0.173020
783	0.127507
784	0.128593
785	0.165781
786	0.176652
787	0.127260
788	0.194515
789	0.137217
790	0.110369
791	0.184514
792	0.194778
793	0.192612
794	0.166383
795	0.161462
796	0.137477
797	0.138528
798	0.150981
799	0.133168
800	0.100791
801	0.197657
802	0.195373
803	0.181634
804	0.183725
805	0.130791
806	0.115515
807	0.150237
808	0.165559
809	0.125555
810	0.151223
811	0.188976
812	0.173599
813	0.182150
814	0.182344
815	0.130243
816	0.183893
817	0.105392
818	0.167570
819	0.100864
820	0.161788
821	0.116482
822	0.124870
823	0.163893
824	0.173440
825	0.186206
826	0.173954
827	0.126956
828	0.184886
829	0.126812
830	0.111432
831	0.142990
832	0.195991
833	0.146774
834	0.176802
835	0.138843
836	0.121458
837	0.193581
838	0.177271
839	0.171736
840	0.133871
841	0.186792
842	0.178784
843	0.158845
844	0.191182
845	0.108988
846	0.109313
847	0.117764
848	0.177952
849	0.118134
850	0.180451
851	0.120321
852	0.149204
853	0.119616
854	0.164742
855	0.105381
856	0.189810
857	0.185275
858	0.179533
859	0.122869
860	0.146927
861	0.178804
862	0.180240
863	0.172081
864	0.176235
865	0.129438
866	0.106669
867	0.135748
868	0.184562
869	0.127012
870	0.135059
871	0.176505
872	0.109324
873	0.195667
874	0.162717
875	0.180445
876	0.187870
877	0.188265
878	0.120691
879	0.181691
880	0.131756
881	0.102285
882	0.150654
883	0.158479
884	0.143772
885	0.103337
886	0.145648
887	0.155621
888	0.149620
889	0.175955
890	0.173083
891	0.192394
892	0.182074
893	0.128792
894	0.104142
895	0.189685
896	0.198721
897	0.109446
898	0.107536
899	0.173495
900	0.124931
901	0.134652
902	0.150486
903	0.148094
904	0.185896
905	0.170803
906	0.110181
907	0.161954
908	0.132144
909	0.197740
910	0.143306
911	0.142054
912	0.196983
913	0.172629
914	0.124697
915	0.102955
916	0.177158
917	0.188528
918	0.129122
919	0.187949
920	0.159169
921	0.126069
922	0.192530
923	0.172551
924	0.150921
925	0.124228
926	0.170989
927	0.112874
928	0.144297
929	0.194662
930	0.191656
931	0.177593
932	0.123665
933	0.159127
934	0.110978
935	0.136578
936	0.114170
937	0.149075
938	0.177952
939	0.189227
940	0.129509
941	0.138378
942	0.159481
943	0.167666
944	0.169825
945	0.147881
946	0.156014
947	0.148007
948	0.166848
949	0.147878
950	0.178736
951	0.154105
952	0.169205
953	0.158221
954	0.198617
955	0.157564
956	0.155017
957	0.158119
958	0.103527
959	0.149913
960	0.138842
961	0.120527
962	0.159980
963	0.144010
964	0.125269
965	0.107578
966	0.189330
967	0.182089
968	0.138683
969	0.145005
970	0.161809
971	0.105881
972	0.159292
973	0.153388
974	0.122831
975	0.139461
976	0.114734
977	0.130216
978	0.134402
979	0.157634
980	0.184998
981	0.173490
982	0.150923
983	0.160553
984	0.134785
985	0.197080
986	0.157067
987	0.192129
988	0.177495
989	0.101716
990	0.147738
991	0.191111
992	0.184340
993	0.118108
994	0.187910
995	0.124869
996	0.115924
997	0.159747
998	0.131048
999	0.195499
1000	0.187097
;

param: b :=
1	55.225367
2	37.954283
3	57.607326
4	42.200908
5	64.007492
6	92.656912
7	10.193856
8	68.651381
9	87.880361
10	62.119164
11	12.656734
12	15.706263
13	36.875994
14	89.770922
15	28.965462
16	82.353202
17	45.185376
18	82.956557
19	1.615350
20	46.508838
21	40.194822
22	10.956524
23	5.229478
24	6.420223
25	6.530900
26	0.323118
27	50.485764
28	73.581904
29	30.348470
30	16.874486
31	61.553195
32	25.751701
33	20.027459
34	21.750222
35	75.164053
36	78.091858
37	98.250602
38	2.384842
39	56.124802
40	67.318291
41	32.550819
42	29.274997
43	43.217250
44	67.652077
45	39.057434
46	84.244216
47	39.380400
48	96.654531
49	20.414158
50	78.623746
51	71.173828
52	79.493377
53	21.458895
54	60.378482
55	29.190587
56	27.348700
57	1.032773
58	68.082250
59	78.020823
60	25.750126
61	75.523865
62	43.537218
63	90.573492
64	88.163965
65	67.918187
66	13.443271
67	58.252349
68	40.872356
69	30.190942
70	37.227106
71	1.469356
72	93.665704
73	34.843667
74	89.522287
75	70.265618
76	31.130339
77	65.541039
78	35.372480
79	2.348002
80	45.545462
81	92.576342
82	72.087976
83	62.502456
84	77.033711
85	28.500173
86	42.773781
87	63.733861
88	8.588343
89	29.389438
90	29.899760
91	23.713151
92	1.821874
93	43.665151
94	91.037259
95	69.095022
96	67.037332
97	36.596279
98	19.347035
99	40.344346
100	94.565893
101	17.841609
102	43.947189
103	83.205509
104	6.437686
105	25.560239
106	68.532054
107	94.476052
108	9.405858
109	28.299235
110	99.541393
111	67.714038
112	54.785741
113	72.260033
114	62.084808
115	23.935654
116	63.817040
117	78.543197
118	13.177677
119	53.635843
120	54.241599
121	51.406891
122	29.269208
123	73.448706
124	52.727431
125	86.951158
126	69.732278
127	98.368015
128	14.433701
129	65.198969
130	77.774387
131	42.131511
132	14.856946
133	27.685362
134	31.032865
135	59.480745
136	92.657637
137	89.196917
138	77.584524
139	61.382439
140	83.620955
141	87.721231
142	10.255644
143	24.682355
144	33.927006
145	92.609767
146	74.967438
147	59.820566
148	86.661463
149	90.039454
150	10.719215
151	52.237455
152	17.993570
153	21.142033
154	39.129503
155	21.102054
156	64.812282
157	28.694079
158	36.114977
159	15.270445
160	82.963728
161	52.906846
162	3.246741
163	56.927019
164	65.840890
165	67.717849
166	2.692814
167	30.498265
168	77.243674
169	68.872977
170	51.584804
171	26.074608
172	62.150880
173	15.248333
174	28.755265
175	64.802915
176	78.711562
177	77.292038
178	21.136750
179	9.210138
180	30.577216
181	94.315997
182	49.588803
183	30.509382
184	39.388880
185	85.932897
186	33.536849
187	94.028176
188	91.527628
189	34.789619
190	43.702829
191	32.722016
192	30.691556
193	29.500131
194	28.913263
195	14.617343
196	7.403032
197	2.498572
198	93.294234
199	15.941027
200	94.970210
201	50.017836
202	60.530046
203	48.721947
204	65.891408
205	55.235952
206	27.496688
207	68.874419
208	80.465755
209	35.737777
210	93.227648
211	21.123874
212	39.215946
213	93.847262
214	39.205874
215	25.627151
216	25.718666
217	80.888645
218	61.973329
219	60.349106
220	56.130091
221	77.241242
222	67.789375
223	81.095641
224	40.954074
225	97.225595
226	74.815938
227	46.132005
228	8.510377
229	82.909710
230	5.463133
231	18.825437
232	39.443446
233	32.771609
234	27.833283
235	74.941756
236	36.037654
237	74.648891
238	57.259814
239	84.710285
240	38.263925
241	56.897393
242	59.549125
243	79.504318
244	25.060110
245	69.216686
246	55.288582
247	13.496619
248	16.133736
249	81.937145
250	44.835806
251	56.084485
252	8.030366
253	50.028236
254	98.110000
255	14.213160
256	25.444102
257	7.912213
258	30.607624
259	90.819813
260	98.456848
261	66.880619
262	9.880971
263	33.145122
264	7.295161
265	17.427148
266	11.266177
267	87.981881
268	55.426078
269	30.149592
270	61.658089
271	12.453730
272	77.621859
273	0.627191
274	82.692024
275	91.996230
276	12.699874
277	25.204371
278	0.919035
279	47.433141
280	35.160214
281	26.021186
282	67.725702
283	11.462176
284	1.817438
285	79.966852
286	33.406468
287	77.887363
288	23.661287
289	57.619389
290	33.357543
291	84.024190
292	70.752901
293	18.873847
294	14.307582
295	6.113391
296	11.918310
297	22.757890
298	60.717246
299	54.497679
300	96.108802
301	35.051006
302	26.586261
303	71.085329
304	15.390698
305	76.832238
306	61.037025
307	72.116878
308	13.147572
309	96.802640
310	66.270775
311	7.320661
312	72.265714
313	98.701677
314	99.222990
315	67.598851
316	99.833031
317	93.596148
318	61.001278
319	65.282747
320	73.128500
321	53.605068
322	29.435083
323	13.229530
324	8.247375
325	73.051979
326	17.857700
327	42.694369
328	99.446623
329	45.765442
330	12.348207
331	66.709466
332	48.467057
333	69.836861
334	95.108632
335	24.505016
336	10.049861
337	26.209741
338	23.622822
339	46.033263
340	78.819509
341	36.311015
342	57.724295
343	35.351338
344	18.809329
345	30.331272
346	70.248603
347	24.351837
348	40.550044
349	63.054262
350	9.304760
351	8.549344
352	40.872288
353	84.493745
354	54.576965
355	59.500323
356	37.052635
357	81.752620
358	0.374848
359	30.488993
360	53.638690
361	37.941997
362	85.354598
363	46.131159
364	35.788752
365	93.587773
366	94.979136
367	71.168406
368	85.492579
369	93.575116
370	52.737759
371	96.842119
372	61.274855
373	46.594371
374	96.799123
375	62.699202
376	35.044328
377	13.867064
378	18.678700
379	34.700649
380	39.137632
381	88.418206
382	95.121187
383	57.194727
384	32.344186
385	25.407749
386	43.060403
387	26.895680
388	16.344539
389	60.747919
390	2.325930
391	49.350367
392	33.914092
393	10.407432
394	52.874570
395	79.787183
396	71.691539
397	13.314234
398	89.623985
399	19.237969
400	10.938211
401	76.121603
402	84.192536
403	82.778630
404	27.925504
405	17.133286
406	45.634919
407	23.532529
408	84.627320
409	3.379329
410	45.767024
411	85.778025
412	27.614901
413	81.245698
414	51.755361
415	98.584408
416	43.683195
417	51.339932
418	39.981639
419	17.092452
420	67.825000
421	71.672655
422	42.116270
423	23.496253
424	29.386187
425	89.765005
426	9.420117
427	45.316792
428	35.126279
429	75.823353
430	31.835767
431	63.453947
432	84.338155
433	3.978325
434	51.696439
435	49.428965
436	14.224268
437	23.379061
438	80.965354
439	63.221907
440	75.033123
441	22.255395
442	86.598895
443	8.971683
444	91.892165
445	76.940337
446	32.274485
447	10.167090
448	50.590705
449	54.654438
450	77.149323
451	68.100889
452	1.897449
453	79.132890
454	64.246543
455	15.113559
456	66.709836
457	6.399673
458	30.878650
459	3.712987
460	42.545719
461	11.332392
462	61.671840
463	88.198285
464	89.364346
465	54.853889
466	87.684950
467	43.386266
468	66.529340
469	58.861446
470	46.965736
471	36.947138
472	46.503505
473	20.562671
474	41.005533
475	63.686198
476	71.141130
477	14.408978
478	82.951413
479	44.892274
480	18.512267
481	95.560790
482	12.328060
483	73.669388
484	15.135019
485	81.137016
486	6.353367
487	11.333892
488	98.529013
489	70.741616
490	48.732069
491	24.178739
492	82.210476
493	8.650322
494	21.947805
495	89.884585
496	24.496217
497	39.015932
498	82.616274
499	43.686086
500	65.599220
501	65.478685
502	44.080331
503	5.185995
504	29.416135
505	91.217907
506	25.205172
507	28.726723
508	83.045909
509	58.031092
510	89.100315
511	40.569519
512	19.102988
513	85.514010
514	67.658191
515	98.273275
516	7.810545
517	11.247690
518	11.198278
519	35.213013
520	21.137857
521	2.729944
522	87.838163
523	40.216287
524	53.280587
525	61.539355
526	13.662314
527	92.132821
528	97.610950
529	48.981035
530	31.248171
531	20.282997
532	56.927719
533	88.714562
534	7.430283
535	86.198774
536	69.068655
537	43.943564
538	78.863127
539	21.841118
540	47.277355
541	99.591003
542	44.467226
543	53.615070
544	31.863270
545	16.481831
546	89.776789
547	86.030820
548	95.110169
549	44.273352
550	63.297784
551	78.639007
552	15.525239
553	69.931880
554	65.694251
555	21.296058
556	75.097427
557	60.039679
558	12.326956
559	14.787354
560	16.801008
561	68.785370
562	84.908367
563	96.697940
564	26.182101
565	70.163238
566	94.190894
567	97.658779
568	4.592134
569	92.468009
570	44.240126
571	96.993970
572	96.906286
573	23.528581
574	65.490364
575	41.605286
576	46.460779
577	48.517702
578	99.652922
579	97.495272
580	65.616380
581	3.554278
582	65.926142
583	10.368677
584	90.759902
585	58.740331
586	47.572251
587	80.785507
588	54.888340
589	9.974491
590	67.792080
591	21.797346
592	20.035731
593	74.484000
594	74.127934
595	79.776079
596	70.932324
597	71.990796
598	10.096914
599	22.372446
600	68.564996
601	1.198740
602	39.878543
603	3.312078
604	88.375673
605	65.501543
606	67.821934
607	17.338353
608	55.724618
609	28.130175
610	74.180323
611	88.385957
612	85.425049
613	10.439157
614	43.858004
615	62.269431
616	64.362969
617	73.959496
618	41.464264
619	0.290764
620	97.750995
621	40.075222
622	82.029009
623	0.035495
624	78.303851
625	53.079670
626	39.328681
627	69.980016
628	25.172599
629	71.616550
630	72.294991
631	1.236389
632	65.788364
633	66.326859
634	1.567982
635	14.209162
636	57.868868
637	18.991924
638	58.420815
639	16.418837
640	25.963999
641	90.098423
642	70.727456
643	43.909810
644	96.063865
645	38.486899
646	29.917607
647	50.360929
648	13.312198
649	11.218326
650	99.248588
651	22.716316
652	13.707058
653	3.532087
654	22.831963
655	97.452830
656	42.721795
657	98.571601
658	56.110283
659	31.064009
660	90.528085
661	12.626701
662	2.551844
663	39.823540
664	6.144115
665	65.513121
666	52.244554
667	33.492843
668	24.409622
669	87.407849
670	55.528905
671	30.042737
672	63.546893
673	6.462394
674	98.308822
675	39.834193
676	66.115104
677	95.986250
678	95.405253
679	90.863758
680	92.403254
681	49.013919
682	42.163431
683	82.925803
684	33.335209
685	62.661104
686	89.716865
687	21.919904
688	22.419942
689	21.472259
690	43.732315
691	4.603306
692	55.093793
693	21.605951
694	38.080764
695	81.654581
696	13.847796
697	64.362659
698	47.114520
699	9.858274
700	36.838992
701	22.772888
702	37.666129
703	27.320363
704	21.490792
705	33.257210
706	10.756911
707	27.301087
708	21.711323
709	89.265582
710	28.308785
711	86.288992
712	95.024832
713	20.953226
714	36.863786
715	53.196119
716	28.772759
717	80.362524
718	82.946000
719	36.422213
720	13.464375
721	40.001060
722	71.672361
723	76.082689
724	36.915767
725	86.689905
726	77.233399
727	17.193560
728	84.355035
729	68.217017
730	87.226262
731	16.337468
732	57.679806
733	25.663792
734	29.830128
735	23.500203
736	61.109618
737	66.250957
738	20.382128
739	50.675277
740	29.883366
741	98.785048
742	27.199990
743	78.540524
744	6.973706
745	83.717589
746	61.966245
747	38.273491
748	30.997956
749	44.385577
750	41.950439
751	39.075593
752	72.631555
753	81.627572
754	18.914747
755	36.914729
756	16.009880
757	52.944564
758	82.448428
759	5.574103
760	75.686812
761	32.802333
762	38.413192
763	27.692456
764	33.893486
765	96.123915
766	71.572662
767	17.447353
768	25.382574
769	36.015853
770	24.911410
771	5.970362
772	32.138843
773	11.165035
774	6.385863
775	18.415277
776	60.257774
777	17.898800
778	61.865393
779	78.970854
780	10.215359
781	86.553875
782	30.055026
783	99.480349
784	99.322129
785	99.157986
786	1.547219
787	42.115595
788	95.255730
789	18.053893
790	87.458824
791	77.671256
792	42.321141
793	72.738742
794	45.869185
795	37.067730
796	42.543056
797	4.321955
798	87.599133
799	64.018008
800	62.521486
801	52.482907
802	89.603758
803	17.293100
804	64.719502
805	29.205100
806	37.397755
807	74.413239
808	45.049982
809	74.392962
810	23.012659
811	79.726506
812	4.634386
813	11.700617
814	28.610164
815	24.041502
816	22.574012
817	25.719702
818	27.245893
819	3.451046
820	39.011722
821	98.457715
822	96.137929
823	16.603666
824	82.699047
825	93.777555
826	48.403948
827	85.548151
828	13.365627
829	41.161718
830	58.854312
831	95.134909
832	24.395087
833	12.404452
834	46.736323
835	97.544986
836	91.456017
837	3.437902
838	35.117555
839	54.200283
840	27.547054
841	86.980607
842	73.416994
843	14.177926
844	31.635852
845	41.192104
846	75.829461
847	58.892896
848	92.372005
849	95.258474
850	46.618419
851	77.861132
852	22.896864
853	86.452140
854	8.515140
855	67.145358
856	12.979348
857	91.390718
858	91.746126
859	94.797941
860	41.501234
861	44.721161
862	8.800919
863	34.715206
864	11.328015
865	26.975151
866	23.251521
867	19.349432
868	73.646010
869	46.871623
870	74.507902
871	33.499725
872	64.482007
873	90.306821
874	87.541061
875	36.869615
876	73.305006
877	54.368711
878	3.177777
879	49.433242
880	68.784382
881	69.560352
882	99.357795
883	48.568829
884	90.036147
885	2.126527
886	83.137175
887	87.887013
888	21.787227
889	89.210091
890	51.317482
891	22.021489
892	31.278198
893	14.672943
894	20.224331
895	78.830251
896	93.428372
897	39.707040
898	65.399728
899	92.867703
900	82.404719
901	22.208476
902	73.539535
903	97.625392
904	89.764599
905	16.006786
906	34.858358
907	28.529774
908	76.550345
909	16.220375
910	44.195889
911	60.460327
912	98.942236
913	35.611207
914	94.363328
915	99.324927
916	8.616421
917	7.425372
918	88.225315
919	6.997074
920	33.995514
921	0.350556
922	81.937077
923	82.877794
924	60.407239
925	33.999451
926	80.890653
927	60.637622
928	40.308695
929	91.125269
930	0.317573
931	78.228959
932	50.355308
933	13.831929
934	82.060397
935	52.993404
936	45.771160
937	74.581292
938	53.108296
939	17.919564
940	45.766316
941	68.007308
942	44.308221
943	11.263439
944	23.619111
945	63.354551
946	45.289496
947	32.135339
948	64.578527
949	2.407152
950	33.579978
951	20.432718
952	10.451084
953	61.121391
954	69.794530
955	53.076121
956	74.330672
957	80.816497
958	98.386386
959	43.250438
960	84.873882
961	27.203547
962	82.487806
963	68.509686
964	14.852426
965	20.886109
966	19.041975
967	25.848428
968	85.217415
969	79.821362
970	60.289508
971	65.464094
972	38.342989
973	33.397680
974	7.955140
975	3.643271
976	65.387736
977	26.613577
978	41.656696
979	52.496606
980	49.977814
981	68.312146
982	11.811834
983	80.092797
984	83.692684
985	6.389198
986	8.440794
987	60.282082
988	55.311122
989	75.326592
990	95.659576
991	48.932466
992	83.476588
993	59.982443
994	1.206855
995	58.798594
996	57.888146
997	15.345210
998	94.890893
999	29.971861
1000	13.959923
;

param: c :=
1	67.532415
2	41.818647
3	1.941797
4	27.211214
5	21.519065
6	31.342886
7	79.782720
8	2.512796
9	84.676779
10	32.536442
11	18.286923
12	50.963665
13	47.119064
14	76.004208
15	53.937114
16	7.801513
17	16.823914
18	50.786988
19	53.764128
20	46.690010
21	89.664673
22	10.298463
23	32.950990
24	68.553901
25	34.129904
26	87.870999
27	77.639102
28	28.126165
29	21.959916
30	68.058250
31	42.224091
32	1.082476
33	13.976468
34	31.844245
35	67.981519
36	40.881309
37	15.756213
38	58.705012
39	93.869551
40	94.040882
41	1.754618
42	81.177275
43	25.203396
44	64.400682
45	41.374926
46	42.547908
47	0.771172
48	68.310848
49	6.514532
50	39.202740
51	34.542899
52	87.530368
53	26.580245
54	89.006516
55	65.826505
56	28.281371
57	31.453582
58	46.353939
59	41.861568
60	94.921198
61	88.867658
62	61.690894
63	21.149900
64	16.965476
65	88.454891
66	53.802343
67	12.187205
68	7.949617
69	98.252503
70	71.779138
71	39.509694
72	94.142344
73	69.836857
74	78.063095
75	27.933522
76	56.709367
77	96.700901
78	29.874840
79	91.580401
80	34.863178
81	58.009953
82	7.701291
83	20.956849
84	65.685506
85	50.924033
86	85.341840
87	42.184359
88	96.361117
89	5.292380
90	6.056887
91	45.440757
92	80.489573
93	96.683837
94	83.349622
95	46.883299
96	71.728557
97	92.041393
98	43.975102
99	33.591161
100	3.663553
101	80.979012
102	16.310866
103	62.506830
104	36.662443
105	57.028790
106	93.735048
107	78.075725
108	6.463954
109	87.147734
110	11.417424
111	73.736794
112	96.425706
113	22.580430
114	68.263940
115	34.044169
116	18.358381
117	72.656663
118	18.459595
119	52.078705
120	50.456198
121	69.738402
122	74.577829
123	58.253736
124	26.898112
125	3.339294
126	10.337161
127	0.339896
128	17.882524
129	94.796178
130	70.103516
131	5.112730
132	70.659279
133	55.391843
134	67.997373
135	81.910348
136	93.101929
137	70.203875
138	27.200125
139	76.815339
140	12.347484
141	4.989383
142	64.519891
143	68.842510
144	18.643110
145	37.099600
146	15.846518
147	61.065054
148	81.045422
149	24.762672
150	86.762589
151	11.714795
152	71.793318
153	8.575839
154	74.148035
155	26.616156
156	61.354795
157	1.514104
158	46.266999
159	17.043887
160	60.602143
161	64.476820
162	16.710152
163	98.155149
164	85.216615
165	51.244637
166	54.279688
167	34.278154
168	57.540007
169	10.637887
170	2.214772
171	91.998231
172	26.929778
173	25.968565
174	54.623280
175	0.514418
176	41.543945
177	49.742310
178	28.876521
179	53.978961
180	80.544643
181	33.181968
182	91.999595
183	65.983915
184	9.468690
185	49.508070
186	66.825497
187	13.834694
188	56.317482
189	86.722065
190	39.588105
191	91.221802
192	68.437145
193	6.561824
194	89.414278
195	82.825205
196	69.313444
197	24.647744
198	62.584236
199	17.089946
200	46.644826
201	79.195537
202	89.769894
203	85.641153
204	7.840332
205	9.817620
206	31.885870
207	81.905398
208	6.910081
209	3.307299
210	7.972552
211	28.581669
212	61.140654
213	82.284373
214	49.972618
215	28.985805
216	94.548614
217	72.536268
218	31.771355
219	53.203789
220	74.488594
221	17.331731
222	10.825177
223	27.717521
224	39.544970
225	68.624070
226	80.821369
227	24.740451
228	10.643807
229	2.807329
230	58.637623
231	54.733013
232	45.746661
233	63.970835
234	31.139667
235	31.415132
236	65.595093
237	74.787031
238	49.628994
239	50.277082
240	30.529890
241	30.674755
242	48.593730
243	41.934320
244	14.599655
245	1.234811
246	38.919269
247	16.232013
248	83.496188
249	52.039861
250	86.339611
251	15.801354
252	93.755277
253	55.988293
254	91.488995
255	57.428964
256	51.764903
257	5.507944
258	20.041526
259	36.011828
260	58.251723
261	76.101551
262	8.389119
263	22.841261
264	77.903670
265	35.844891
266	34.405488
267	81.002876
268	89.035359
269	23.366750
270	0.765275
271	33.979185
272	23.618997
273	19.842078
274	28.448698
275	85.178629
276	80.459987
277	73.720070
278	84.461474
279	5.879539
280	48.869295
281	15.188268
282	80.758136
283	72.344091
284	43.372421
285	58.942466
286	51.290816
287	66.778513
288	34.690026
289	49.573615
290	75.181373
291	76.969576
292	71.934966
293	22.629296
294	32.206256
295	87.521882
296	93.644770
297	31.341922
298	39.143955
299	23.982086
300	48.276068
301	26.505837
302	66.860626
303	85.411343
304	99.419644
305	11.693764
306	79.456223
307	60.821341
308	64.403583
309	64.670735
310	57.713617
311	36.049364
312	96.867656
313	38.320910
314	38.203756
315	78.649912
316	46.338005
317	9.946469
318	92.465328
319	58.555963
320	47.965070
321	81.269166
322	49.897998
323	1.717679
324	15.835302
325	16.174877
326	43.170747
327	93.278672
328	80.591705
329	20.350552
330	16.483092
331	99.782805
332	18.812718
333	4.043453
334	7.393711
335	34.115710
336	27.284138
337	67.779205
338	58.226897
339	6.455482
340	92.906890
341	39.116305
342	81.226161
343	42.768554
344	12.771929
345	52.389533
346	32.770214
347	28.355900
348	97.449000
349	57.237756
350	31.938697
351	50.391322
352	34.643980
353	8.318805
354	11.541596
355	98.389590
356	25.581448
357	4.760772
358	13.309407
359	21.980834
360	40.110723
361	58.631523
362	65.660402
363	10.564872
364	42.538827
365	70.077873
366	52.821644
367	37.435116
368	30.358644
369	32.113397
370	95.996470
371	42.636930
372	93.828005
373	28.165616
374	42.671316
375	22.077524
376	85.172730
377	48.702650
378	80.805143
379	59.914597
380	62.256012
381	5.365140
382	84.229485
383	87.269965
384	52.732244
385	8.424360
386	30.513350
387	91.243260
388	34.852812
389	96.512107
390	77.884772
391	15.339075
392	18.377839
393	96.947033
394	5.296400
395	38.280392
396	77.638790
397	4.339802
398	7.261169
399	37.259561
400	84.558692
401	62.256864
402	88.939030
403	59.212520
404	55.311806
405	45.198549
406	2.331051
407	53.264344
408	8.096622
409	82.614464
410	79.573100
411	2.721075
412	50.836440
413	12.588793
414	12.930613
415	14.585555
416	57.558860
417	33.075310
418	29.687063
419	17.672302
420	50.091339
421	10.998909
422	10.736761
423	39.262453
424	9.345615
425	35.591911
426	88.922125
427	39.998981
428	63.316180
429	38.972135
430	96.318897
431	92.622449
432	36.318586
433	13.674174
434	51.440138
435	45.309100
436	71.765885
437	95.359942
438	58.127482
439	87.585378
440	59.562239
441	22.652351
442	42.367819
443	18.538662
444	57.182816
445	13.691066
446	92.132498
447	9.869255
448	71.123070
449	93.910742
450	16.180357
451	4.545132
452	28.750622
453	93.183643
454	17.731831
455	99.281606
456	77.084216
457	62.121746
458	88.637705
459	23.788545
460	94.193268
461	6.490166
462	74.623860
463	7.821669
464	28.311078
465	80.425838
466	62.237509
467	7.678845
468	43.160147
469	38.236898
470	78.992255
471	85.019255
472	21.387367
473	94.455600
474	47.196293
475	90.083709
476	63.055746
477	72.068672
478	97.043425
479	70.462638
480	11.310471
481	1.302520
482	2.173724
483	85.440910
484	34.861169
485	87.185749
486	42.217642
487	0.240040
488	56.278395
489	52.646677
490	95.240566
491	62.893341
492	85.755882
493	62.345527
494	88.315818
495	26.135779
496	51.367892
497	88.092558
498	45.946197
499	20.082954
500	56.309063
501	18.058062
502	9.914685
503	84.578156
504	83.819827
505	26.353176
506	16.120486
507	88.869435
508	10.646059
509	60.293681
510	49.368288
511	74.578297
512	81.110103
513	64.853207
514	30.911944
515	9.891870
516	28.160029
517	93.697125
518	88.739231
519	37.932336
520	96.241491
521	61.476126
522	56.853801
523	78.298164
524	37.513281
525	19.205760
526	72.396135
527	33.102573
528	37.965124
529	66.523105
530	5.940153
531	29.461165
532	61.809254
533	93.091091
534	83.400623
535	95.410947
536	0.760708
537	19.703041
538	10.009942
539	20.693266
540	54.555856
541	14.659305
542	44.890203
543	42.421455
544	30.621880
545	83.363624
546	67.818490
547	79.251353
548	26.894761
549	33.657790
550	40.149912
551	85.293235
552	51.709645
553	86.601112
554	75.980375
555	9.930708
556	52.387949
557	69.774856
558	60.600959
559	55.911695
560	91.102954
561	34.020473
562	33.563682
563	3.315307
564	15.517484
565	24.386813
566	34.736608
567	75.738540
568	49.258163
569	76.788660
570	13.124498
571	23.395350
572	48.593859
573	35.463535
574	9.602210
575	25.726850
576	81.694510
577	38.951420
578	92.534758
579	99.249061
580	94.271205
581	56.293161
582	16.496648
583	40.237589
584	68.343572
585	30.203417
586	90.159759
587	64.987877
588	99.968545
589	40.699072
590	98.139911
591	54.933229
592	12.682711
593	54.076700
594	90.513135
595	35.622819
596	79.494179
597	70.462964
598	53.078001
599	54.217281
600	35.604568
601	36.428722
602	33.673666
603	53.012079
604	44.029298
605	59.004255
606	14.512432
607	49.375884
608	54.092611
609	86.661697
610	69.308096
611	78.814215
612	34.187750
613	58.848858
614	73.757573
615	17.779072
616	24.575727
617	17.372304
618	24.328705
619	91.177504
620	75.889547
621	87.175964
622	48.207079
623	24.008097
624	58.202373
625	96.520484
626	75.518734
627	62.371934
628	35.326539
629	87.355189
630	44.486133
631	12.615119
632	70.683293
633	40.209953
634	79.100688
635	67.607656
636	95.887390
637	21.400927
638	22.016626
639	90.649265
640	73.338757
641	69.007182
642	1.742861
643	67.995449
644	70.368582
645	35.921534
646	96.907414
647	43.694072
648	58.025902
649	45.708979
650	50.590517
651	83.975824
652	37.974176
653	45.099053
654	37.556902
655	23.361216
656	71.726295
657	93.463439
658	18.293408
659	11.469024
660	89.159869
661	78.404318
662	40.413546
663	29.601831
664	97.124867
665	76.702308
666	14.171792
667	38.141885
668	60.708663
669	86.841482
670	98.176071
671	73.523615
672	98.818118
673	29.229819
674	4.399613
675	61.963852
676	16.703822
677	21.138774
678	80.049820
679	13.206760
680	51.647767
681	80.332748
682	53.388060
683	90.321560
684	76.568987
685	90.729422
686	60.080974
687	36.327147
688	52.250957
689	63.557232
690	20.430339
691	93.267727
692	90.840285
693	72.729831
694	24.938169
695	36.541186
696	62.294723
697	39.741055
698	30.481878
699	89.746893
700	62.419699
701	53.561886
702	5.747514
703	46.095444
704	60.603956
705	63.053826
706	24.117837
707	50.733088
708	78.997028
709	83.450703
710	91.382692
711	13.531401
712	15.537693
713	72.138379
714	92.251578
715	74.509688
716	88.330161
717	72.605846
718	83.019426
719	28.827310
720	67.516980
721	59.126800
722	0.606440
723	87.819166
724	41.164441
725	66.262301
726	0.149377
727	8.853602
728	16.136695
729	67.916060
730	64.661923
731	32.749355
732	71.436702
733	39.305839
734	75.225686
735	79.340867
736	22.138967
737	44.746029
738	84.695074
739	65.629654
740	29.648250
741	53.290436
742	94.869783
743	65.199893
744	99.870424
745	68.035018
746	59.714147
747	92.477284
748	85.586449
749	19.880588
750	19.383658
751	2.578263
752	6.507778
753	8.406437
754	55.420344
755	84.407557
756	28.600446
757	54.324779
758	30.354534
759	56.199193
760	17.166148
761	64.980884
762	65.453208
763	7.558922
764	60.180268
765	44.841678
766	80.704644
767	40.416920
768	97.456230
769	33.306366
770	4.936512
771	16.671760
772	68.494106
773	9.845423
774	10.299292
775	97.715173
776	2.956196
777	37.446610
778	39.083408
779	75.424664
780	1.882331
781	94.975325
782	96.031217
783	21.648538
784	1.521544
785	81.155143
786	50.700245
787	58.741768
788	33.467446
789	70.712388
790	82.330097
791	54.293319
792	20.424313
793	62.970679
794	90.230091
795	54.469505
796	83.392276
797	32.104395
798	12.312625
799	5.816325
800	61.241167
801	99.439762
802	27.200480
803	13.733283
804	97.713161
805	0.143311
806	87.864973
807	80.901439
808	16.143282
809	41.108572
810	52.850478
811	48.255151
812	53.731330
813	55.804085
814	6.427367
815	95.762468
816	86.342053
817	51.236279
818	19.473181
819	0.410122
820	95.112511
821	61.540115
822	92.383140
823	58.601551
824	97.496814
825	7.451276
826	89.457389
827	15.076538
828	93.930564
829	41.180855
830	38.989958
831	45.545394
832	30.155298
833	79.009372
834	14.266197
835	65.166845
836	41.813262
837	95.519515
838	78.274454
839	32.970456
840	62.787265
841	95.824612
842	58.460865
843	37.302609
844	88.421976
845	93.262298
846	19.484205
847	10.947290
848	84.269127
849	27.146755
850	81.259313
851	57.266953
852	95.649029
853	53.890263
854	92.412587
855	40.186617
856	69.200221
857	59.713633
858	27.871206
859	46.886575
860	33.876081
861	57.658115
862	90.228682
863	71.261028
864	69.003355
865	81.308185
866	45.235222
867	7.312426
868	47.141192
869	57.801353
870	89.994452
871	5.589631
872	33.075611
873	24.376647
874	57.358925
875	9.203125
876	9.650048
877	10.866667
878	76.663599
879	48.043439
880	39.953605
881	15.512109
882	81.111783
883	31.590521
884	45.600763
885	93.235756
886	76.978370
887	41.812807
888	98.733040
889	30.660357
890	48.591628
891	73.879721
892	56.539485
893	4.767117
894	7.593142
895	40.165788
896	37.693103
897	34.133967
898	56.615136
899	39.124749
900	83.696781
901	64.110371
902	35.981876
903	60.559472
904	46.351138
905	46.708065
906	76.673861
907	89.590640
908	76.887575
909	62.354833
910	88.213296
911	2.714221
912	5.246379
913	21.349306
914	38.225905
915	78.709723
916	1.820296
917	58.734130
918	95.129330
919	97.493746
920	63.579586
921	34.905361
922	74.277156
923	54.734165
924	62.345061
925	1.772843
926	77.293132
927	78.636420
928	47.353357
929	17.536552
930	82.817595
931	80.367612
932	80.840958
933	45.561617
934	1.919552
935	91.759976
936	2.707292
937	78.001478
938	4.302807
939	67.898589
940	37.743204
941	57.090975
942	67.893331
943	15.877441
944	93.814801
945	0.331417
946	43.909286
947	44.725801
948	6.581447
949	38.029952
950	71.693590
951	71.062277
952	81.502264
953	36.343851
954	30.797750
955	6.942984
956	50.411137
957	67.314648
958	45.704441
959	72.622310
960	15.991527
961	43.148528
962	97.128433
963	90.015357
964	96.077212
965	43.132544
966	92.016794
967	15.884805
968	35.806578
969	64.117924
970	5.998799
971	52.148773
972	64.706510
973	69.512485
974	43.852823
975	23.587502
976	98.953574
977	88.737792
978	13.970015
979	26.362854
980	29.724318
981	12.258919
982	37.278868
983	59.158084
984	4.114503
985	35.298127
986	83.513570
987	5.604026
988	69.171876
989	85.280478
990	8.309634
991	50.803900
992	80.815792
993	30.550294
994	19.681703
995	91.307472
996	15.332636
997	58.673400
998	25.231081
999	22.726562
1000	54.890413
;

param: d :=
1	-45.635344
2	-41.581929
3	-97.544827
4	-7.839734
5	-54.349981
6	-78.781055
7	-29.523168
8	-23.714169
9	-83.283114
10	-78.186023
11	-10.104650
12	-66.068423
13	-44.696262
14	-85.809627
15	-12.249561
16	-23.190910
17	-19.632134
18	-73.905669
19	-65.168739
20	-62.878838
21	-33.316124
22	-56.851466
23	-68.710443
24	-81.181296
25	-60.793837
26	-62.260998
27	-61.765118
28	-84.117173
29	-51.157230
30	-23.888840
31	-65.297291
32	-28.542750
33	-83.834142
34	-40.727727
35	-29.465402
36	-2.322203
37	-81.201410
38	-82.401953
39	-63.827817
40	-16.023863
41	-0.344549
42	-33.357249
43	-48.863494
44	-83.138281
45	-67.887676
46	-92.293531
47	-29.106910
48	-14.966135
49	-79.532961
50	-67.068946
51	-34.172210
52	-47.679577
53	-43.478107
54	-66.073055
55	-41.181672
56	-23.420091
57	-41.690265
58	-77.729898
59	-39.865970
60	-76.779931
61	-93.839950
62	-33.193344
63	-46.575769
64	-65.635598
65	-20.770282
66	-82.081195
67	-97.652928
68	-91.779707
69	-50.783357
70	-35.898794
71	-29.331903
72	-78.635746
73	-57.007111
74	-57.801126
75	-16.005390
76	-16.672167
77	-32.189431
78	-28.457681
79	-88.703795
80	-93.165764
81	-39.460719
82	-65.798419
83	-0.366263
84	-12.959175
85	-85.997359
86	-68.871898
87	-68.903871
88	-73.543398
89	-27.266225
90	-98.709089
91	-94.443050
92	-29.421025
93	-27.718052
94	-82.681904
95	-68.568074
96	-18.036638
97	-65.890101
98	-89.753243
99	-26.391085
100	-8.297938
101	-31.959286
102	-5.463633
103	-23.319498
104	-51.364839
105	-39.820386
106	-26.681363
107	-13.401951
108	-56.339874
109	-5.118666
110	-58.874415
111	-14.869343
112	-33.359004
113	-65.264452
114	-8.438851
115	-40.646102
116	-49.558670
117	-59.728271
118	-3.023980
119	-30.855596
120	-20.799273
121	-9.754699
122	-93.086229
123	-47.822883
124	-59.612815
125	-41.204509
126	-57.833118
127	-74.121689
128	-14.321485
129	-44.153203
130	-64.585274
131	-76.853738
132	-28.454547
133	-80.067820
134	-38.112317
135	-15.858976
136	-30.610051
137	-83.623769
138	-58.209845
139	-60.384204
140	-1.623615
141	-89.030789
142	-86.581146
143	-37.203871
144	-91.614186
145	-55.411574
146	-69.238297
147	-33.655461
148	-2.552801
149	-70.466474
150	-15.535632
151	-0.420650
152	-40.213123
153	-93.797805
154	-39.588961
155	-1.008976
156	-33.785671
157	-7.825381
158	-29.866697
159	-96.401889
160	-21.321506
161	-76.204999
162	-23.532805
163	-32.499095
164	-27.304423
165	-1.837644
166	-66.680580
167	-37.868726
168	-97.113824
169	-74.843774
170	-55.043860
171	-10.566397
172	-82.406121
173	-57.420760
174	-62.198162
175	-81.027964
176	-60.896927
177	-42.177442
178	-99.090948
179	-49.684615
180	-14.018152
181	-87.299498
182	-35.314945
183	-34.590394
184	-38.413924
185	-97.821719
186	-18.157908
187	-31.613481
188	-80.877677
189	-89.006727
190	-15.477304
191	-70.605893
192	-5.704419
193	-98.209464
194	-30.392015
195	-67.650973
196	-77.387465
197	-34.175849
198	-72.014815
199	-18.320293
200	-95.609126
201	-22.494384
202	-25.880402
203	-93.656633
204	-19.881931
205	-87.479908
206	-25.805992
207	-24.340399
208	-45.957846
209	-24.306185
210	-74.306272
211	-88.333236
212	-2.616802
213	-25.066386
214	-64.425511
215	-92.134731
216	-20.960500
217	-3.524000
218	-32.679111
219	-72.534317
220	-27.316729
221	-3.277573
222	-86.798689
223	-65.226161
224	-47.955715
225	-47.894714
226	-21.604617
227	-10.142319
228	-79.327861
229	-14.809797
230	-80.076060
231	-64.463343
232	-39.754340
233	-82.013679
234	-82.530927
235	-44.341316
236	-92.263696
237	-22.164477
238	-8.535585
239	-68.561342
240	-95.953962
241	-89.549556
242	-43.598193
243	-20.657644
244	-98.251138
245	-17.617790
246	-65.538692
247	-74.672978
248	-22.618180
249	-7.284063
250	-76.020643
251	-95.901052
252	-44.624032
253	-30.678090
254	-36.568457
255	-83.935601
256	-94.951924
257	-85.849075
258	-62.270084
259	-81.478508
260	-97.143919
261	-8.827493
262	-65.204449
263	-36.679478
264	-45.106052
265	-0.100909
266	-45.761662
267	-27.604571
268	-27.662987
269	-73.194333
270	-51.433533
271	-18.364756
272	-95.666687
273	-81.255870
274	-11.968176
275	-57.962923
276	-20.585982
277	-69.008790
278	-90.308113
279	-63.836251
280	-92.649141
281	-10.923040
282	-85.549848
283	-84.255453
284	-36.354819
285	-45.495692
286	-26.010968
287	-10.328878
288	-84.405088
289	-45.826163
290	-64.600579
291	-54.366836
292	-55.609007
293	-20.529194
294	-75.716355
295	-80.108690
296	-63.932809
297	-32.382931
298	-58.194614
299	-93.484817
300	-35.266689
301	-34.299557
302	-19.562165
303	-54.479721
304	-7.053649
305	-71.490030
306	-6.061683
307	-73.645493
308	-17.375718
309	-87.531621
310	-97.207223
311	-73.396535
312	-1.146992
313	-16.540667
314	-59.458185
315	-3.540102
316	-21.313553
317	-58.395506
318	-57.355244
319	-3.009731
320	-78.184095
321	-91.537747
322	-92.325600
323	-37.529725
324	-85.617380
325	-65.754448
326	-87.117973
327	-61.889773
328	-6.758364
329	-9.569085
330	-8.980122
331	-16.449900
332	-87.004201
333	-48.235006
334	-64.208220
335	-65.134715
336	-41.165482
337	-46.202231
338	-12.453059
339	-76.380566
340	-78.203718
341	-84.627132
342	-18.663626
343	-49.924894
344	-89.244709
345	-44.153967
346	-56.905321
347	-13.502192
348	-19.241638
349	-43.223634
350	-40.841206
351	-9.315501
352	-62.887759
353	-44.955235
354	-54.507490
355	-9.334229
356	-56.542346
357	-3.967179
358	-96.199872
359	-94.404820
360	-95.486017
361	-26.164360
362	-99.510340
363	-33.367397
364	-3.688602
365	-97.993250
366	-4.277645
367	-89.415633
368	-68.296715
369	-30.264232
370	-83.183797
371	-94.336776
372	-5.358473
373	-69.243760
374	-96.471694
375	-39.233048
376	-21.718287
377	-23.141183
378	-58.620475
379	-34.032030
380	-40.235349
381	-87.164056
382	-77.027159
383	-15.207333
384	-12.394604
385	-74.032932
386	-63.862740
387	-21.455571
388	-75.342097
389	-4.474322
390	-16.702104
391	-39.967157
392	-62.771856
393	-87.553847
394	-28.468530
395	-58.874112
396	-38.294250
397	-17.090809
398	-1.964924
399	-25.740446
400	-68.492177
401	-99.628443
402	-84.791486
403	-51.731733
404	-60.179235
405	-80.576504
406	-38.558637
407	-52.942404
408	-40.549135
409	-86.792573
410	-96.385910
411	-49.267770
412	-3.555034
413	-18.756474
414	-55.410499
415	-4.619090
416	-54.193749
417	-54.132276
418	-10.886729
419	-68.667879
420	-41.093791
421	-24.116881
422	-19.650396
423	-8.890644
424	-28.978323
425	-36.555478
426	-15.980772
427	-87.664466
428	-82.210693
429	-9.498847
430	-82.318273
431	-49.589734
432	-97.358300
433	-55.356107
434	-1.809736
435	-94.111844
436	-91.439294
437	-32.754221
438	-41.423005
439	-59.840961
440	-44.660625
441	-25.642915
442	-65.651646
443	-30.366245
444	-49.544528
445	-71.624752
446	-18.880896
447	-11.991764
448	-19.619375
449	-15.178666
450	-72.688980
451	-19.659416
452	-86.222995
453	-73.766263
454	-51.169112
455	-3.418368
456	-60.249844
457	-90.765857
458	-12.651495
459	-35.162099
460	-91.338498
461	-61.897958
462	-16.490726
463	-69.233537
464	-16.800370
465	-3.244721
466	-95.434170
467	-39.895718
468	-9.783271
469	-47.596188
470	-36.019596
471	-63.869057
472	-33.051445
473	-74.587336
474	-80.895945
475	-64.528196
476	-41.296128
477	-21.759632
478	-72.841545
479	-57.431640
480	-1.674116
481	-67.383557
482	-19.551724
483	-90.636069
484	-66.975744
485	-44.776224
486	-31.198842
487	-18.863516
488	-66.553642
489	-87.248762
490	-60.582398
491	-75.280211
492	-71.183642
493	-9.324828
494	-37.425743
495	-80.060216
496	-98.518108
497	-3.982442
498	-46.749045
499	-40.696641
500	-1.814422
501	-62.160995
502	-27.938223
503	-38.078938
504	-5.739925
505	-84.664588
506	-82.976503
507	-37.647976
508	-15.797412
509	-59.213562
510	-54.682939
511	-41.611446
512	-58.779952
513	-6.629712
514	-57.935007
515	-53.686689
516	-20.787688
517	-13.901284
518	-69.287840
519	-10.281077
520	-83.289686
521	-42.005860
522	-71.304132
523	-96.321469
524	-63.326361
525	-72.136057
526	-55.969449
527	-2.924889
528	-61.000371
529	-16.686237
530	-69.648610
531	-90.861341
532	-46.884423
533	-74.715545
534	-18.816824
535	-23.769454
536	-45.989335
537	-1.856316
538	-70.340764
539	-95.940697
540	-10.116438
541	-3.603286
542	-15.067449
543	-35.986711
544	-94.486381
545	-16.706150
546	-14.954947
547	-89.061674
548	-0.036895
549	-32.205893
550	-83.961577
551	-14.963958
552	-26.347141
553	-89.378651
554	-4.076593
555	-10.319116
556	-41.632739
557	-93.507413
558	-16.582642
559	-52.227638
560	-87.237725
561	-33.308983
562	-24.501413
563	-5.525612
564	-91.008013
565	-42.591006
566	-59.101530
567	-18.518504
568	-32.231523
569	-4.150902
570	-4.503329
571	-52.889230
572	-23.932442
573	-68.714431
574	-50.928505
575	-33.518409
576	-74.206255
577	-41.678028
578	-58.051757
579	-34.196952
580	-86.138652
581	-46.743105
582	-24.557945
583	-2.594482
584	-71.599182
585	-56.686886
586	-46.744538
587	-38.859205
588	-48.479606
589	-68.073980
590	-22.266706
591	-38.948527
592	-30.363633
593	-60.895812
594	-11.912353
595	-38.457398
596	-58.857260
597	-69.379694
598	-51.743864
599	-19.554107
600	-19.644790
601	-3.124285
602	-72.374999
603	-47.197752
604	-60.867651
605	-22.020141
606	-43.914543
607	-92.406203
608	-54.209108
609	-11.874026
610	-35.376621
611	-35.055840
612	-60.725918
613	-68.259222
614	-72.844463
615	-56.231112
616	-31.980409
617	-83.297386
618	-82.074130
619	-75.311931
620	-17.031969
621	-16.682486
622	-37.852904
623	-5.434269
624	-12.759541
625	-69.881777
626	-95.558427
627	-12.398770
628	-5.576877
629	-90.616763
630	-37.704330
631	-62.763662
632	-34.098408
633	-44.648062
634	-71.165978
635	-46.224429
636	-21.723930
637	-31.962043
638	-76.561168
639	-67.543484
640	-76.321959
641	-63.062482
642	-11.513029
643	-56.691674
644	-53.759664
645	-14.659747
646	-18.968934
647	-79.287383
648	-10.689073
649	-24.975123
650	-71.974673
651	-93.985251
652	-48.173347
653	-64.736103
654	-9.576598
655	-14.934950
656	-71.521614
657	-98.808956
658	-60.505816
659	-41.869414
660	-26.729370
661	-75.336025
662	-77.391680
663	-95.375893
664	-47.518411
665	-83.469173
666	-67.809916
667	-26.472403
668	-23.752819
669	-78.659276
670	-75.019066
671	-79.483322
672	-88.660886
673	-37.524813
674	-51.904699
675	-61.740963
676	-47.828120
677	-1.762069
678	-33.469544
679	-94.983384
680	-2.403636
681	-11.832378
682	-41.788513
683	-34.377129
684	-13.125692
685	-3.479886
686	-4.283866
687	-19.087723
688	-23.011837
689	-63.092173
690	-78.710047
691	-88.974574
692	-78.973578
693	-85.519339
694	-64.931686
695	-30.873170
696	-55.933344
697	-13.830927
698	-68.295240
699	-45.978365
700	-82.796711
701	-85.970188
702	-65.580983
703	-19.373683
704	-48.034594
705	-81.508210
706	-50.187540
707	-50.412971
708	-51.619680
709	-93.174743
710	-42.455906
711	-92.367930
712	-75.071916
713	-5.769020
714	-7.533694
715	-68.167379
716	-64.215720
717	-17.864247
718	-7.075680
719	-0.004903
720	-8.380858
721	-72.729226
722	-92.521663
723	-40.470861
724	-41.166813
725	-22.134165
726	-35.567526
727	-34.793141
728	-18.706277
729	-88.587498
730	-32.701057
731	-39.235689
732	-80.416266
733	-50.857155
734	-0.093133
735	-65.024883
736	-28.251054
737	-99.052229
738	-89.613966
739	-53.886807
740	-68.274009
741	-79.887033
742	-89.657892
743	-31.975626
744	-23.089765
745	-94.534060
746	-2.498610
747	-57.205184
748	-78.892768
749	-50.264722
750	-0.760693
751	-95.221585
752	-7.876808
753	-7.322702
754	-47.620656
755	-83.359004
756	-83.798834
757	-49.960617
758	-94.625911
759	-91.106083
760	-63.958075
761	-58.404316
762	-19.768664
763	-64.972826
764	-4.363565
765	-9.048919
766	-39.740774
767	-26.248317
768	-44.686542
769	-40.370491
770	-28.781526
771	-10.954235
772	-97.605764
773	-83.474386
774	-33.655311
775	-50.780432
776	-26.305288
777	-59.824199
778	-97.137840
779	-58.673101
780	-29.359326
781	-38.703174
782	-24.023692
783	-35.045925
784	-32.323491
785	-58.794163
786	-21.466057
787	-77.764382
788	-9.453572
789	-41.134278
790	-88.109917
791	-34.330471
792	-54.521551
793	-48.646026
794	-0.149454
795	-67.825483
796	-80.192431
797	-7.179071
798	-28.594198
799	-3.861613
800	-8.979223
801	-47.873715
802	-21.234510
803	-86.261986
804	-3.962608
805	-63.392931
806	-23.243540
807	-50.323232
808	-7.240657
809	-60.712108
810	-51.064239
811	-10.880907
812	-38.536388
813	-36.948699
814	-1.513108
815	-28.648588
816	-63.256079
817	-46.352745
818	-78.698816
819	-43.331888
820	-31.785125
821	-87.755515
822	-88.788438
823	-84.870807
824	-7.086472
825	-13.383559
826	-30.933866
827	-11.503882
828	-22.731196
829	-14.586035
830	-91.071410
831	-49.558536
832	-14.551551
833	-38.149342
834	-29.267428
835	-19.975759
836	-39.552286
837	-60.873505
838	-92.573837
839	-49.254954
840	-51.862778
841	-48.040763
842	-79.403175
843	-45.635013
844	-30.543570
845	-58.041564
846	-27.899496
847	-86.411557
848	-63.586997
849	-44.563556
850	-31.126848
851	-86.416375
852	-31.311691
853	-69.436999
854	-50.988477
855	-67.471828
856	-28.930609
857	-57.457978
858	-24.817771
859	-23.241163
860	-60.660256
861	-81.009159
862	-50.559863
863	-68.205185
864	-95.893423
865	-23.675636
866	-59.454792
867	-6.593906
868	-25.209559
869	-1.727469
870	-95.938064
871	-42.187119
872	-45.441158
873	-97.020698
874	-90.141888
875	-61.753575
876	-22.135985
877	-6.145842
878	-46.233633
879	-93.932538
880	-10.884720
881	-88.511768
882	-39.695698
883	-30.654609
884	-79.564288
885	-48.619179
886	-14.398094
887	-28.867028
888	-69.268634
889	-92.454630
890	-81.315893
891	-14.370102
892	-40.947921
893	-29.395253
894	-97.124598
895	-79.654972
896	-52.687102
897	-16.673982
898	-35.924237
899	-21.737643
900	-67.476194
901	-25.181734
902	-11.820905
903	-17.771678
904	-57.488454
905	-90.072306
906	-6.122704
907	-73.935647
908	-31.873980
909	-41.700521
910	-10.342618
911	-11.238278
912	-26.342775
913	-37.780816
914	-98.415080
915	-34.689822
916	-34.628285
917	-8.758048
918	-65.631470
919	-90.701832
920	-2.604789
921	-95.221342
922	-5.649937
923	-68.714912
924	-53.949411
925	-78.278653
926	-65.431313
927	-52.221073
928	-81.425690
929	-50.603686
930	-45.998641
931	-20.633793
932	-99.041637
933	-62.236757
934	-41.668745
935	-45.885138
936	-3.012072
937	-70.556935
938	-41.207258
939	-65.211581
940	-68.571002
941	-69.862112
942	-37.812014
943	-54.332672
944	-25.872252
945	-84.219950
946	-6.242572
947	-94.902167
948	-65.258698
949	-36.244963
950	-27.448742
951	-45.563140
952	-86.885467
953	-97.053441
954	-94.801475
955	-4.405785
956	-73.288947
957	-70.818860
958	-14.970320
959	-13.743196
960	-30.360717
961	-72.529657
962	-89.609177
963	-88.674990
964	-29.026844
965	-19.799558
966	-94.678932
967	-74.762272
968	-64.189000
969	-64.979206
970	-42.114038
971	-50.986551
972	-48.691521
973	-30.727427
974	-41.362166
975	-96.421014
976	-79.267327
977	-17.634989
978	-0.891163
979	-72.853442
980	-71.148915
981	-2.922040
982	-50.123441
983	-50.709642
984	-51.244875
985	-76.557468
986	-13.208376
987	-95.611863
988	-85.225974
989	-39.125534
990	-48.147212
991	-73.590718
992	-32.146775
993	-76.288303
994	-42.917788
995	-89.850139
996	-75.765945
997	-89.448763
998	-88.135810
999	-73.950413
1000	-93.221155
;

param: weight :=
1	55.000000
2	13.000000
3	10.000000
4	36.000000
5	84.000000
6	25.000000
7	64.000000
8	27.000000
9	90.000000
10	54.000000
11	58.000000
12	37.000000
13	8.000000
14	66.000000
15	46.000000
16	5.000000
17	35.000000
18	17.000000
19	57.000000
20	61.000000
21	28.000000
22	87.000000
23	85.000000
24	33.000000
25	41.000000
26	38.000000
27	17.000000
28	17.000000
29	62.000000
30	36.000000
31	1.000000
32	63.000000
33	58.000000
34	38.000000
35	24.000000
36	54.000000
37	33.000000
38	74.000000
39	72.000000
40	27.000000
41	4.000000
42	27.000000
43	62.000000
44	85.000000
45	75.000000
46	68.000000
47	39.000000
48	63.000000
49	71.000000
50	95.000000
51	4.000000
52	87.000000
53	92.000000
54	45.000000
55	50.000000
56	60.000000
57	67.000000
58	21.000000
59	35.000000
60	60.000000
61	34.000000
62	20.000000
63	49.000000
64	11.000000
65	28.000000
66	37.000000
67	64.000000
68	8.000000
69	83.000000
70	71.000000
71	80.000000
72	12.000000
73	37.000000
74	97.000000
75	20.000000
76	95.000000
77	36.000000
78	57.000000
79	45.000000
80	87.000000
81	76.000000
82	55.000000
83	31.000000
84	49.000000
85	40.000000
86	50.000000
87	25.000000
88	43.000000
89	29.000000
90	17.000000
91	38.000000
92	33.000000
93	75.000000
94	18.000000
95	42.000000
96	68.000000
97	42.000000
98	90.000000
99	13.000000
100	12.000000
101	49.000000
102	26.000000
103	18.000000
104	17.000000
105	99.000000
106	60.000000
107	62.000000
108	4.000000
109	5.000000
110	48.000000
111	28.000000
112	28.000000
113	59.000000
114	6.000000
115	19.000000
116	5.000000
117	64.000000
118	80.000000
119	88.000000
120	46.000000
121	11.000000
122	79.000000
123	14.000000
124	50.000000
125	56.000000
126	49.000000
127	88.000000
128	22.000000
129	18.000000
130	18.000000
131	1.000000
132	57.000000
133	54.000000
134	17.000000
135	16.000000
136	28.000000
137	13.000000
138	49.000000
139	81.000000
140	46.000000
141	72.000000
142	79.000000
143	41.000000
144	75.000000
145	32.000000
146	73.000000
147	71.000000
148	1.000000
149	53.000000
150	19.000000
151	96.000000
152	49.000000
153	87.000000
154	37.000000
155	51.000000
156	49.000000
157	28.000000
158	95.000000
159	22.000000
160	43.000000
161	52.000000
162	69.000000
163	49.000000
164	36.000000
165	71.000000
166	81.000000
167	54.000000
168	54.000000
169	37.000000
170	25.000000
171	24.000000
172	95.000000
173	77.000000
174	32.000000
175	90.000000
176	24.000000
177	67.000000
178	39.000000
179	52.000000
180	68.000000
181	14.000000
182	88.000000
183	88.000000
184	40.000000
185	36.000000
186	20.000000
187	7.000000
188	56.000000
189	1.000000
190	6.000000
191	35.000000
192	13.000000
193	97.000000
194	48.000000
195	26.000000
196	92.000000
197	32.000000
198	87.000000
199	18.000000
200	64.000000
201	82.000000
202	83.000000
203	15.000000
204	93.000000
205	37.000000
206	32.000000
207	46.000000
208	55.000000
209	42.000000
210	73.000000
211	34.000000
212	14.000000
213	69.000000
214	93.000000
215	2.000000
216	51.000000
217	92.000000
218	59.000000
219	35.000000
220	91.000000
221	85.000000
222	47.000000
223	77.000000
224	9.000000
225	25.000000
226	48.000000
227	43.000000
228	22.000000
229	18.000000
230	57.000000
231	71.000000
232	18.000000
233	23.000000
234	49.000000
235	60.000000
236	56.000000
237	11.000000
238	18.000000
239	3.000000
240	56.000000
241	13.000000
242	67.000000
243	57.000000
244	17.000000
245	1.000000
246	59.000000
247	24.000000
248	72.000000
249	61.000000
250	47.000000
251	39.000000
252	43.000000
253	75.000000
254	75.000000
255	7.000000
256	49.000000
257	12.000000
258	86.000000
259	60.000000
260	62.000000
261	83.000000
262	15.000000
263	47.000000
264	45.000000
265	36.000000
266	14.000000
267	79.000000
268	90.000000
269	93.000000
270	17.000000
271	13.000000
272	32.000000
273	73.000000
274	55.000000
275	19.000000
276	61.000000
277	7.000000
278	6.000000
279	66.000000
280	23.000000
281	68.000000
282	47.000000
283	43.000000
284	12.000000
285	16.000000
286	41.000000
287	67.000000
288	38.000000
289	73.000000
290	97.000000
291	39.000000
292	45.000000
293	9.000000
294	30.000000
295	60.000000
296	47.000000
297	68.000000
298	6.000000
299	34.000000
300	21.000000
301	55.000000
302	63.000000
303	39.000000
304	57.000000
305	83.000000
306	26.000000
307	38.000000
308	93.000000
309	42.000000
310	59.000000
311	36.000000
312	66.000000
313	25.000000
314	82.000000
315	80.000000
316	3.000000
317	20.000000
318	60.000000
319	49.000000
320	14.000000
321	50.000000
322	9.000000
323	55.000000
324	51.000000
325	70.000000
326	40.000000
327	51.000000
328	8.000000
329	9.000000
330	27.000000
331	1.000000
332	61.000000
333	8.000000
334	88.000000
335	15.000000
336	2.000000
337	10.000000
338	37.000000
339	97.000000
340	15.000000
341	71.000000
342	17.000000
343	89.000000
344	7.000000
345	54.000000
346	92.000000
347	40.000000
348	22.000000
349	13.000000
350	20.000000
351	64.000000
352	84.000000
353	71.000000
354	35.000000
355	17.000000
356	96.000000
357	72.000000
358	38.000000
359	85.000000
360	99.000000
361	29.000000
362	29.000000
363	42.000000
364	40.000000
365	99.000000
366	99.000000
367	45.000000
368	86.000000
369	60.000000
370	49.000000
371	98.000000
372	57.000000
373	57.000000
374	29.000000
375	33.000000
376	52.000000
377	20.000000
378	14.000000
379	65.000000
380	43.000000
381	49.000000
382	73.000000
383	34.000000
384	73.000000
385	91.000000
386	3.000000
387	40.000000
388	39.000000
389	46.000000
390	90.000000
391	75.000000
392	70.000000
393	89.000000
394	77.000000
395	75.000000
396	55.000000
397	73.000000
398	27.000000
399	32.000000
400	82.000000
401	18.000000
402	46.000000
403	66.000000
404	26.000000
405	91.000000
406	77.000000
407	24.000000
408	99.000000
409	52.000000
410	85.000000
411	6.000000
412	89.000000
413	29.000000
414	12.000000
415	12.000000
416	47.000000
417	3.000000
418	37.000000
419	98.000000
420	13.000000
421	67.000000
422	88.000000
423	69.000000
424	19.000000
425	21.000000
426	68.000000
427	21.000000
428	16.000000
429	67.000000
430	3.000000
431	27.000000
432	68.000000
433	17.000000
434	69.000000
435	40.000000
436	32.000000
437	74.000000
438	83.000000
439	8.000000
440	73.000000
441	28.000000
442	95.000000
443	76.000000
444	50.000000
445	17.000000
446	87.000000
447	84.000000
448	85.000000
449	25.000000
450	28.000000
451	96.000000
452	83.000000
453	67.000000
454	45.000000
455	99.000000
456	94.000000
457	86.000000
458	45.000000
459	30.000000
460	91.000000
461	8.000000
462	2.000000
463	97.000000
464	76.000000
465	20.000000
466	96.000000
467	81.000000
468	50.000000
469	89.000000
470	30.000000
471	34.000000
472	51.000000
473	80.000000
474	31.000000
475	16.000000
476	35.000000
477	51.000000
478	50.000000
479	70.000000
480	38.000000
481	31.000000
482	71.000000
483	52.000000
484	42.000000
485	24.000000
486	5.000000
487	44.000000
488	79.000000
489	80.000000
490	81.000000
491	79.000000
492	51.000000
493	89.000000
494	55.000000
495	3.000000
496	64.000000
497	64.000000
498	12.000000
499	35.000000
500	28.000000
501	85.000000
502	46.000000
503	2.000000
504	82.000000
505	51.000000
506	24.000000
507	66.000000
508	55.000000
509	20.000000
510	83.000000
511	56.000000
512	36.000000
513	48.000000
514	52.000000
515	39.000000
516	53.000000
517	69.000000
518	52.000000
519	29.000000
520	63.000000
521	49.000000
522	67.000000
523	27.000000
524	84.000000
525	51.000000
526	31.000000
527	50.000000
528	27.000000
529	53.000000
530	68.000000
531	48.000000
532	1.000000
533	85.000000
534	46.000000
535	69.000000
536	99.000000
537	53.000000
538	32.000000
539	47.000000
540	29.000000
541	76.000000
542	98.000000
543	52.000000
544	61.000000
545	21.000000
546	79.000000
547	82.000000
548	80.000000
549	9.000000
550	69.000000
551	62.000000
552	1.000000
553	81.000000
554	66.000000
555	89.000000
556	91.000000
557	45.000000
558	86.000000
559	26.000000
560	13.000000
561	58.000000
562	43.000000
563	4.000000
564	10.000000
565	18.000000
566	7.000000
567	64.000000
568	80.000000
569	87.000000
570	53.000000
571	54.000000
572	38.000000
573	5.000000
574	33.000000
575	38.000000
576	42.000000
577	95.000000
578	75.000000
579	29.000000
580	15.000000
581	70.000000
582	91.000000
583	69.000000
584	33.000000
585	25.000000
586	61.000000
587	34.000000
588	31.000000
589	8.000000
590	96.000000
591	65.000000
592	73.000000
593	36.000000
594	26.000000
595	12.000000
596	49.000000
597	33.000000
598	79.000000
599	61.000000
600	57.000000
601	63.000000
602	81.000000
603	34.000000
604	37.000000
605	46.000000
606	48.000000
607	15.000000
608	83.000000
609	81.000000
610	14.000000
611	66.000000
612	42.000000
613	18.000000
614	89.000000
615	50.000000
616	29.000000
617	39.000000
618	80.000000
619	32.000000
620	25.000000
621	84.000000
622	50.000000
623	17.000000
624	96.000000
625	77.000000
626	23.000000
627	53.000000
628	87.000000
629	66.000000
630	59.000000
631	32.000000
632	70.000000
633	54.000000
634	96.000000
635	24.000000
636	20.000000
637	56.000000
638	25.000000
639	72.000000
640	55.000000
641	44.000000
642	49.000000
643	12.000000
644	20.000000
645	71.000000
646	54.000000
647	87.000000
648	2.000000
649	54.000000
650	46.000000
651	8.000000
652	94.000000
653	25.000000
654	13.000000
655	72.000000
656	71.000000
657	5.000000
658	8.000000
659	66.000000
660	81.000000
661	97.000000
662	31.000000
663	41.000000
664	46.000000
665	24.000000
666	26.000000
667	58.000000
668	47.000000
669	92.000000
670	8.000000
671	47.000000
672	95.000000
673	80.000000
674	74.000000
675	61.000000
676	91.000000
677	17.000000
678	7.000000
679	53.000000
680	41.000000
681	87.000000
682	94.000000
683	81.000000
684	99.000000
685	68.000000
686	87.000000
687	10.000000
688	80.000000
689	87.000000
690	31.000000
691	2.000000
692	51.000000
693	3.000000
694	15.000000
695	19.000000
696	35.000000
697	75.000000
698	68.000000
699	25.000000
700	72.000000
701	91.000000
702	81.000000
703	14.000000
704	53.000000
705	87.000000
706	28.000000
707	41.000000
708	56.000000
709	70.000000
710	80.000000
711	5.000000
712	45.000000
713	70.000000
714	85.000000
715	60.000000
716	86.000000
717	88.000000
718	8.000000
719	31.000000
720	6.000000
721	72.000000
722	8.000000
723	58.000000
724	30.000000
725	86.000000
726	69.000000
727	45.000000
728	91.000000
729	28.000000
730	46.000000
731	94.000000
732	22.000000
733	90.000000
734	12.000000
735	35.000000
736	29.000000
737	27.000000
738	40.000000
739	99.000000
740	30.000000
741	34.000000
742	98.000000
743	79.000000
744	18.000000
745	30.000000
746	93.000000
747	58.000000
748	41.000000
749	13.000000
750	19.000000
751	45.000000
752	70.000000
753	25.000000
754	40.000000
755	86.000000
756	16.000000
757	58.000000
758	74.000000
759	98.000000
760	28.000000
761	49.000000
762	55.000000
763	77.000000
764	39.000000
765	5.000000
766	8.000000
767	59.000000
768	6.000000
769	71.000000
770	21.000000
771	96.000000
772	92.000000
773	85.000000
774	62.000000
775	78.000000
776	32.000000
777	7.000000
778	64.000000
779	95.000000
780	76.000000
781	36.000000
782	4.000000
783	40.000000
784	3.000000
785	41.000000
786	72.000000
787	4.000000
788	71.000000
789	83.000000
790	55.000000
791	19.000000
792	21.000000
793	95.000000
794	37.000000
795	95.000000
796	54.000000
797	70.000000
798	33.000000
799	16.000000
800	62.000000
801	84.000000
802	10.000000
803	11.000000
804	36.000000
805	26.000000
806	29.000000
807	27.000000
808	24.000000
809	88.000000
810	19.000000
811	17.000000
812	81.000000
813	61.000000
814	22.000000
815	63.000000
816	71.000000
817	15.000000
818	88.000000
819	66.000000
820	38.000000
821	70.000000
822	33.000000
823	70.000000
824	4.000000
825	50.000000
826	17.000000
827	97.000000
828	25.000000
829	56.000000
830	52.000000
831	81.000000
832	93.000000
833	1.000000
834	24.000000
835	83.000000
836	1.000000
837	54.000000
838	21.000000
839	16.000000
840	98.000000
841	67.000000
842	34.000000
843	53.000000
844	39.000000
845	92.000000
846	24.000000
847	11.000000
848	13.000000
849	50.000000
850	16.000000
851	20.000000
852	95.000000
853	1.000000
854	45.000000
855	23.000000
856	82.000000
857	5.000000
858	60.000000
859	26.000000
860	90.000000
861	77.000000
862	80.000000
863	77.000000
864	86.000000
865	4.000000
866	62.000000
867	38.000000
868	23.000000
869	78.000000
870	78.000000
871	10.000000
872	5.000000
873	83.000000
874	62.000000
875	35.000000
876	77.000000
877	13.000000
878	58.000000
879	52.000000
880	78.000000
881	8.000000
882	77.000000
883	42.000000
884	44.000000
885	9.000000
886	72.000000
887	99.000000
888	82.000000
889	58.000000
890	72.000000
891	73.000000
892	17.000000
893	85.000000
894	51.000000
895	86.000000
896	12.000000
897	26.000000
898	25.000000
899	63.000000
900	85.000000
901	43.000000
902	21.000000
903	81.000000
904	54.000000
905	94.000000
906	67.000000
907	4.000000
908	65.000000
909	98.000000
910	86.000000
911	70.000000
912	92.000000
913	62.000000
914	62.000000
915	58.000000
916	98.000000
917	96.000000
918	62.000000
919	69.000000
920	36.000000
921	66.000000
922	47.000000
923	74.000000
924	94.000000
925	43.000000
926	78.000000
927	65.000000
928	35.000000
929	23.000000
930	46.000000
931	99.000000
932	85.000000
933	61.000000
934	1.000000
935	3.000000
936	99.000000
937	54.000000
938	54.000000
939	56.000000
940	5.000000
941	22.000000
942	41.000000
943	41.000000
944	82.000000
945	98.000000
946	76.000000
947	62.000000
948	27.000000
949	48.000000
950	8.000000
951	36.000000
952	5.000000
953	66.000000
954	5.000000
955	17.000000
956	47.000000
957	35.000000
958	12.000000
959	46.000000
960	90.000000
961	23.000000
962	10.000000
963	97.000000
964	99.000000
965	8.000000
966	88.000000
967	53.000000
968	95.000000
969	91.000000
970	31.000000
971	46.000000
972	44.000000
973	59.000000
974	44.000000
975	39.000000
976	24.000000
977	75.000000
978	93.000000
979	22.000000
980	9.000000
981	72.000000
982	33.000000
983	62.000000
984	82.000000
985	34.000000
986	37.000000
987	57.000000
988	6.000000
989	25.000000
990	44.000000
991	72.000000
992	70.000000
993	64.000000
994	16.000000
995	20.000000
996	10.000000
997	42.000000
998	63.000000
999	54.000000
1000	71.000000
;

param: U :=
1	100.000000
2	100.000000
3	100.000000
4	100.000000
5	100.000000
6	100.000000
7	100.000000
8	100.000000
9	100.000000
10	100.000000
11	100.000000
12	100.000000
13	100.000000
14	100.000000
15	100.000000
16	100.000000
17	100.000000
18	100.000000
19	100.000000
20	100.000000
21	100.000000
22	100.000000
23	100.000000
24	100.000000
25	100.000000
26	100.000000
27	100.000000
28	100.000000
29	100.000000
30	100.000000
31	100.000000
32	100.000000
33	100.000000
34	100.000000
35	100.000000
36	100.000000
37	100.000000
38	100.000000
39	100.000000
40	100.000000
41	100.000000
42	100.000000
43	100.000000
44	100.000000
45	100.000000
46	100.000000
47	100.000000
48	100.000000
49	100.000000
50	100.000000
51	100.000000
52	100.000000
53	100.000000
54	100.000000
55	100.000000
56	100.000000
57	100.000000
58	100.000000
59	100.000000
60	100.000000
61	100.000000
62	100.000000
63	100.000000
64	100.000000
65	100.000000
66	100.000000
67	100.000000
68	100.000000
69	100.000000
70	100.000000
71	100.000000
72	100.000000
73	100.000000
74	100.000000
75	100.000000
76	100.000000
77	100.000000
78	100.000000
79	100.000000
80	100.000000
81	100.000000
82	100.000000
83	100.000000
84	100.000000
85	100.000000
86	100.000000
87	100.000000
88	100.000000
89	100.000000
90	100.000000
91	100.000000
92	100.000000
93	100.000000
94	100.000000
95	100.000000
96	100.000000
97	100.000000
98	100.000000
99	100.000000
100	100.000000
101	100.000000
102	100.000000
103	100.000000
104	100.000000
105	100.000000
106	100.000000
107	100.000000
108	100.000000
109	100.000000
110	100.000000
111	100.000000
112	100.000000
113	100.000000
114	100.000000
115	100.000000
116	100.000000
117	100.000000
118	100.000000
119	100.000000
120	100.000000
121	100.000000
122	100.000000
123	100.000000
124	100.000000
125	100.000000
126	100.000000
127	100.000000
128	100.000000
129	100.000000
130	100.000000
131	100.000000
132	100.000000
133	100.000000
134	100.000000
135	100.000000
136	100.000000
137	100.000000
138	100.000000
139	100.000000
140	100.000000
141	100.000000
142	100.000000
143	100.000000
144	100.000000
145	100.000000
146	100.000000
147	100.000000
148	100.000000
149	100.000000
150	100.000000
151	100.000000
152	100.000000
153	100.000000
154	100.000000
155	100.000000
156	100.000000
157	100.000000
158	100.000000
159	100.000000
160	100.000000
161	100.000000
162	100.000000
163	100.000000
164	100.000000
165	100.000000
166	100.000000
167	100.000000
168	100.000000
169	100.000000
170	100.000000
171	100.000000
172	100.000000
173	100.000000
174	100.000000
175	100.000000
176	100.000000
177	100.000000
178	100.000000
179	100.000000
180	100.000000
181	100.000000
182	100.000000
183	100.000000
184	100.000000
185	100.000000
186	100.000000
187	100.000000
188	100.000000
189	100.000000
190	100.000000
191	100.000000
192	100.000000
193	100.000000
194	100.000000
195	100.000000
196	100.000000
197	100.000000
198	100.000000
199	100.000000
200	100.000000
201	100.000000
202	100.000000
203	100.000000
204	100.000000
205	100.000000
206	100.000000
207	100.000000
208	100.000000
209	100.000000
210	100.000000
211	100.000000
212	100.000000
213	100.000000
214	100.000000
215	100.000000
216	100.000000
217	100.000000
218	100.000000
219	100.000000
220	100.000000
221	100.000000
222	100.000000
223	100.000000
224	100.000000
225	100.000000
226	100.000000
227	100.000000
228	100.000000
229	100.000000
230	100.000000
231	100.000000
232	100.000000
233	100.000000
234	100.000000
235	100.000000
236	100.000000
237	100.000000
238	100.000000
239	100.000000
240	100.000000
241	100.000000
242	100.000000
243	100.000000
244	100.000000
245	100.000000
246	100.000000
247	100.000000
248	100.000000
249	100.000000
250	100.000000
251	100.000000
252	100.000000
253	100.000000
254	100.000000
255	100.000000
256	100.000000
257	100.000000
258	100.000000
259	100.000000
260	100.000000
261	100.000000
262	100.000000
263	100.000000
264	100.000000
265	100.000000
266	100.000000
267	100.000000
268	100.000000
269	100.000000
270	100.000000
271	100.000000
272	100.000000
273	100.000000
274	100.000000
275	100.000000
276	100.000000
277	100.000000
278	100.000000
279	100.000000
280	100.000000
281	100.000000
282	100.000000
283	100.000000
284	100.000000
285	100.000000
286	100.000000
287	100.000000
288	100.000000
289	100.000000
290	100.000000
291	100.000000
292	100.000000
293	100.000000
294	100.000000
295	100.000000
296	100.000000
297	100.000000
298	100.000000
299	100.000000
300	100.000000
301	100.000000
302	100.000000
303	100.000000
304	100.000000
305	100.000000
306	100.000000
307	100.000000
308	100.000000
309	100.000000
310	100.000000
311	100.000000
312	100.000000
313	100.000000
314	100.000000
315	100.000000
316	100.000000
317	100.000000
318	100.000000
319	100.000000
320	100.000000
321	100.000000
322	100.000000
323	100.000000
324	100.000000
325	100.000000
326	100.000000
327	100.000000
328	100.000000
329	100.000000
330	100.000000
331	100.000000
332	100.000000
333	100.000000
334	100.000000
335	100.000000
336	100.000000
337	100.000000
338	100.000000
339	100.000000
340	100.000000
341	100.000000
342	100.000000
343	100.000000
344	100.000000
345	100.000000
346	100.000000
347	100.000000
348	100.000000
349	100.000000
350	100.000000
351	100.000000
352	100.000000
353	100.000000
354	100.000000
355	100.000000
356	100.000000
357	100.000000
358	100.000000
359	100.000000
360	100.000000
361	100.000000
362	100.000000
363	100.000000
364	100.000000
365	100.000000
366	100.000000
367	100.000000
368	100.000000
369	100.000000
370	100.000000
371	100.000000
372	100.000000
373	100.000000
374	100.000000
375	100.000000
376	100.000000
377	100.000000
378	100.000000
379	100.000000
380	100.000000
381	100.000000
382	100.000000
383	100.000000
384	100.000000
385	100.000000
386	100.000000
387	100.000000
388	100.000000
389	100.000000
390	100.000000
391	100.000000
392	100.000000
393	100.000000
394	100.000000
395	100.000000
396	100.000000
397	100.000000
398	100.000000
399	100.000000
400	100.000000
401	100.000000
402	100.000000
403	100.000000
404	100.000000
405	100.000000
406	100.000000
407	100.000000
408	100.000000
409	100.000000
410	100.000000
411	100.000000
412	100.000000
413	100.000000
414	100.000000
415	100.000000
416	100.000000
417	100.000000
418	100.000000
419	100.000000
420	100.000000
421	100.000000
422	100.000000
423	100.000000
424	100.000000
425	100.000000
426	100.000000
427	100.000000
428	100.000000
429	100.000000
430	100.000000
431	100.000000
432	100.000000
433	100.000000
434	100.000000
435	100.000000
436	100.000000
437	100.000000
438	100.000000
439	100.000000
440	100.000000
441	100.000000
442	100.000000
443	100.000000
444	100.000000
445	100.000000
446	100.000000
447	100.000000
448	100.000000
449	100.000000
450	100.000000
451	100.000000
452	100.000000
453	100.000000
454	100.000000
455	100.000000
456	100.000000
457	100.000000
458	100.000000
459	100.000000
460	100.000000
461	100.000000
462	100.000000
463	100.000000
464	100.000000
465	100.000000
466	100.000000
467	100.000000
468	100.000000
469	100.000000
470	100.000000
471	100.000000
472	100.000000
473	100.000000
474	100.000000
475	100.000000
476	100.000000
477	100.000000
478	100.000000
479	100.000000
480	100.000000
481	100.000000
482	100.000000
483	100.000000
484	100.000000
485	100.000000
486	100.000000
487	100.000000
488	100.000000
489	100.000000
490	100.000000
491	100.000000
492	100.000000
493	100.000000
494	100.000000
495	100.000000
496	100.000000
497	100.000000
498	100.000000
499	100.000000
500	100.000000
501	100.000000
502	100.000000
503	100.000000
504	100.000000
505	100.000000
506	100.000000
507	100.000000
508	100.000000
509	100.000000
510	100.000000
511	100.000000
512	100.000000
513	100.000000
514	100.000000
515	100.000000
516	100.000000
517	100.000000
518	100.000000
519	100.000000
520	100.000000
521	100.000000
522	100.000000
523	100.000000
524	100.000000
525	100.000000
526	100.000000
527	100.000000
528	100.000000
529	100.000000
530	100.000000
531	100.000000
532	100.000000
533	100.000000
534	100.000000
535	100.000000
536	100.000000
537	100.000000
538	100.000000
539	100.000000
540	100.000000
541	100.000000
542	100.000000
543	100.000000
544	100.000000
545	100.000000
546	100.000000
547	100.000000
548	100.000000
549	100.000000
550	100.000000
551	100.000000
552	100.000000
553	100.000000
554	100.000000
555	100.000000
556	100.000000
557	100.000000
558	100.000000
559	100.000000
560	100.000000
561	100.000000
562	100.000000
563	100.000000
564	100.000000
565	100.000000
566	100.000000
567	100.000000
568	100.000000
569	100.000000
570	100.000000
571	100.000000
572	100.000000
573	100.000000
574	100.000000
575	100.000000
576	100.000000
577	100.000000
578	100.000000
579	100.000000
580	100.000000
581	100.000000
582	100.000000
583	100.000000
584	100.000000
585	100.000000
586	100.000000
587	100.000000
588	100.000000
589	100.000000
590	100.000000
591	100.000000
592	100.000000
593	100.000000
594	100.000000
595	100.000000
596	100.000000
597	100.000000
598	100.000000
599	100.000000
600	100.000000
601	100.000000
602	100.000000
603	100.000000
604	100.000000
605	100.000000
606	100.000000
607	100.000000
608	100.000000
609	100.000000
610	100.000000
611	100.000000
612	100.000000
613	100.000000
614	100.000000
615	100.000000
616	100.000000
617	100.000000
618	100.000000
619	100.000000
620	100.000000
621	100.000000
622	100.000000
623	100.000000
624	100.000000
625	100.000000
626	100.000000
627	100.000000
628	100.000000
629	100.000000
630	100.000000
631	100.000000
632	100.000000
633	100.000000
634	100.000000
635	100.000000
636	100.000000
637	100.000000
638	100.000000
639	100.000000
640	100.000000
641	100.000000
642	100.000000
643	100.000000
644	100.000000
645	100.000000
646	100.000000
647	100.000000
648	100.000000
649	100.000000
650	100.000000
651	100.000000
652	100.000000
653	100.000000
654	100.000000
655	100.000000
656	100.000000
657	100.000000
658	100.000000
659	100.000000
660	100.000000
661	100.000000
662	100.000000
663	100.000000
664	100.000000
665	100.000000
666	100.000000
667	100.000000
668	100.000000
669	100.000000
670	100.000000
671	100.000000
672	100.000000
673	100.000000
674	100.000000
675	100.000000
676	100.000000
677	100.000000
678	100.000000
679	100.000000
680	100.000000
681	100.000000
682	100.000000
683	100.000000
684	100.000000
685	100.000000
686	100.000000
687	100.000000
688	100.000000
689	100.000000
690	100.000000
691	100.000000
692	100.000000
693	100.000000
694	100.000000
695	100.000000
696	100.000000
697	100.000000
698	100.000000
699	100.000000
700	100.000000
701	100.000000
702	100.000000
703	100.000000
704	100.000000
705	100.000000
706	100.000000
707	100.000000
708	100.000000
709	100.000000
710	100.000000
711	100.000000
712	100.000000
713	100.000000
714	100.000000
715	100.000000
716	100.000000
717	100.000000
718	100.000000
719	100.000000
720	100.000000
721	100.000000
722	100.000000
723	100.000000
724	100.000000
725	100.000000
726	100.000000
727	100.000000
728	100.000000
729	100.000000
730	100.000000
731	100.000000
732	100.000000
733	100.000000
734	100.000000
735	100.000000
736	100.000000
737	100.000000
738	100.000000
739	100.000000
740	100.000000
741	100.000000
742	100.000000
743	100.000000
744	100.000000
745	100.000000
746	100.000000
747	100.000000
748	100.000000
749	100.000000
750	100.000000
751	100.000000
752	100.000000
753	100.000000
754	100.000000
755	100.000000
756	100.000000
757	100.000000
758	100.000000
759	100.000000
760	100.000000
761	100.000000
762	100.000000
763	100.000000
764	100.000000
765	100.000000
766	100.000000
767	100.000000
768	100.000000
769	100.000000
770	100.000000
771	100.000000
772	100.000000
773	100.000000
774	100.000000
775	100.000000
776	100.000000
777	100.000000
778	100.000000
779	100.000000
780	100.000000
781	100.000000
782	100.000000
783	100.000000
784	100.000000
785	100.000000
786	100.000000
787	100.000000
788	100.000000
789	100.000000
790	100.000000
791	100.000000
792	100.000000
793	100.000000
794	100.000000
795	100.000000
796	100.000000
797	100.000000
798	100.000000
799	100.000000
800	100.000000
801	100.000000
802	100.000000
803	100.000000
804	100.000000
805	100.000000
806	100.000000
807	100.000000
808	100.000000
809	100.000000
810	100.000000
811	100.000000
812	100.000000
813	100.000000
814	100.000000
815	100.000000
816	100.000000
817	100.000000
818	100.000000
819	100.000000
820	100.000000
821	100.000000
822	100.000000
823	100.000000
824	100.000000
825	100.000000
826	100.000000
827	100.000000
828	100.000000
829	100.000000
830	100.000000
831	100.000000
832	100.000000
833	100.000000
834	100.000000
835	100.000000
836	100.000000
837	100.000000
838	100.000000
839	100.000000
840	100.000000
841	100.000000
842	100.000000
843	100.000000
844	100.000000
845	100.000000
846	100.000000
847	100.000000
848	100.000000
849	100.000000
850	100.000000
851	100.000000
852	100.000000
853	100.000000
854	100.000000
855	100.000000
856	100.000000
857	100.000000
858	100.000000
859	100.000000
860	100.000000
861	100.000000
862	100.000000
863	100.000000
864	100.000000
865	100.000000
866	100.000000
867	100.000000
868	100.000000
869	100.000000
870	100.000000
871	100.000000
872	100.000000
873	100.000000
874	100.000000
875	100.000000
876	100.000000
877	100.000000
878	100.000000
879	100.000000
880	100.000000
881	100.000000
882	100.000000
883	100.000000
884	100.000000
885	100.000000
886	100.000000
887	100.000000
888	100.000000
889	100.000000
890	100.000000
891	100.000000
892	100.000000
893	100.000000
894	100.000000
895	100.000000
896	100.000000
897	100.000000
898	100.000000
899	100.000000
900	100.000000
901	100.000000
902	100.000000
903	100.000000
904	100.000000
905	100.000000
906	100.000000
907	100.000000
908	100.000000
909	100.000000
910	100.000000
911	100.000000
912	100.000000
913	100.000000
914	100.000000
915	100.000000
916	100.000000
917	100.000000
918	100.000000
919	100.000000
920	100.000000
921	100.000000
922	100.000000
923	100.000000
924	100.000000
925	100.000000
926	100.000000
927	100.000000
928	100.000000
929	100.000000
930	100.000000
931	100.000000
932	100.000000
933	100.000000
934	100.000000
935	100.000000
936	100.000000
937	100.000000
938	100.000000
939	100.000000
940	100.000000
941	100.000000
942	100.000000
943	100.000000
944	100.000000
945	100.000000
946	100.000000
947	100.000000
948	100.000000
949	100.000000
950	100.000000
951	100.000000
952	100.000000
953	100.000000
954	100.000000
955	100.000000
956	100.000000
957	100.000000
958	100.000000
959	100.000000
960	100.000000
961	100.000000
962	100.000000
963	100.000000
964	100.000000
965	100.000000
966	100.000000
967	100.000000
968	100.000000
969	100.000000
970	100.000000
971	100.000000
972	100.000000
973	100.000000
974	100.000000
975	100.000000
976	100.000000
977	100.000000
978	100.000000
979	100.000000
980	100.000000
981	100.000000
982	100.000000
983	100.000000
984	100.000000
985	100.000000
986	100.000000
987	100.000000
988	100.000000
989	100.000000
990	100.000000
991	100.000000
992	100.000000
993	100.000000
994	100.000000
995	100.000000
996	100.000000
997	100.000000
998	100.000000
999	100.000000
1000	100.000000
;

