# seed = 1254829604

param N := 100;

param M := 10;

param Umax := 100.000000;

param: C :=
1	28152.000000
2	25430.000000
3	25455.000000
4	22046.000000
5	27385.000000
6	26801.000000
7	23486.000000
8	24569.000000
9	23612.000000
10	23714.000000
;

param: a :=
1	0.176591
2	0.158388
3	0.185255
4	0.159199
5	0.173921
6	0.121065
7	0.161997
8	0.164147
9	0.107466
10	0.196020
11	0.174299
12	0.162869
13	0.151557
14	0.141461
15	0.167113
16	0.106827
17	0.110034
18	0.112820
19	0.102119
20	0.153284
21	0.165512
22	0.199263
23	0.149132
24	0.114868
25	0.119009
26	0.152611
27	0.148057
28	0.170768
29	0.176690
30	0.199139
31	0.172974
32	0.138216
33	0.118991
34	0.148844
35	0.134016
36	0.192414
37	0.127699
38	0.186752
39	0.184483
40	0.166531
41	0.131565
42	0.186449
43	0.195175
44	0.110058
45	0.157482
46	0.191002
47	0.183519
48	0.170252
49	0.123716
50	0.156376
51	0.133169
52	0.161933
53	0.175704
54	0.195138
55	0.126640
56	0.121846
57	0.116619
58	0.143988
59	0.113467
60	0.120566
61	0.172906
62	0.180708
63	0.173862
64	0.166969
65	0.122308
66	0.106337
67	0.102404
68	0.186038
69	0.166849
70	0.173522
71	0.141818
72	0.100594
73	0.174341
74	0.133207
75	0.126214
76	0.131323
77	0.193301
78	0.188885
79	0.142348
80	0.132007
81	0.147155
82	0.175795
83	0.192621
84	0.188562
85	0.140405
86	0.135391
87	0.188181
88	0.148130
89	0.171766
90	0.147125
91	0.176224
92	0.199220
93	0.189895
94	0.162815
95	0.186070
96	0.115961
97	0.170791
98	0.126128
99	0.160074
100	0.174646
;

param: b :=
1	50.790938
2	86.298914
3	74.012775
4	0.861008
5	15.979796
6	93.083861
7	29.596865
8	38.049842
9	74.943356
10	74.007707
11	95.557356
12	58.255629
13	87.115293
14	28.771959
15	35.827656
16	99.430995
17	95.411242
18	74.273176
19	53.655400
20	84.437235
21	25.223202
22	65.743133
23	33.940520
24	78.576238
25	7.844379
26	58.799552
27	65.175192
28	95.946996
29	47.965768
30	73.824606
31	37.765450
32	59.914896
33	21.531588
34	31.891995
35	15.367526
36	86.948961
37	57.685883
38	53.309315
39	7.823815
40	58.079675
41	14.709942
42	2.669986
43	62.295967
44	25.397290
45	19.445838
46	72.328143
47	23.407336
48	82.093087
49	54.895834
50	78.842082
51	44.556736
52	46.224563
53	32.212779
54	13.687681
55	55.187411
56	62.002430
57	73.952856
58	11.802201
59	42.373819
60	70.078118
61	57.156139
62	23.056844
63	0.140480
64	11.483560
65	55.835931
66	35.582907
67	78.740020
68	39.849463
69	84.685071
70	71.612333
71	57.642544
72	68.681908
73	3.852566
74	83.633743
75	3.063519
76	23.248121
77	36.805038
78	63.712176
79	71.468463
80	28.810513
81	61.064406
82	57.619270
83	48.414337
84	97.730510
85	98.741683
86	41.425462
87	35.243974
88	32.064700
89	74.790299
90	49.739334
91	62.775384
92	77.941307
93	10.557156
94	75.365203
95	53.741083
96	68.788269
97	73.552157
98	74.886183
99	29.641960
100	24.163628
;

param: c :=
1	17.664636
2	25.541018
3	7.342596
4	25.616225
5	62.891554
6	62.249093
7	13.068267
8	86.901344
9	36.298653
10	14.284926
11	1.370039
12	89.279236
13	40.858102
14	4.826816
15	93.403460
16	24.643739
17	16.624225
18	90.857364
19	86.506719
20	47.052191
21	48.626768
22	28.065544
23	82.266678
24	19.617716
25	34.330474
26	35.258317
27	42.133262
28	89.834080
29	53.794054
30	92.298643
31	87.394762
32	2.080862
33	24.752984
34	14.162780
35	78.691118
36	48.148326
37	43.470720
38	24.904968
39	48.315064
40	0.839995
41	12.125212
42	89.469271
43	45.068036
44	30.698755
45	22.053998
46	86.761257
47	67.731714
48	36.333785
49	78.986312
50	18.938385
51	33.250997
52	22.682173
53	61.473891
54	9.950022
55	28.304809
56	2.813466
57	93.633672
58	75.399984
59	92.708816
60	99.497157
61	56.737004
62	24.785249
63	37.793988
64	61.812303
65	20.527254
66	0.854478
67	23.254819
68	3.007805
69	23.511798
70	63.664488
71	69.817657
72	8.242607
73	53.255816
74	2.843104
75	79.141700
76	79.318777
77	16.224869
78	67.832123
79	69.013238
80	52.698313
81	68.088615
82	34.038748
83	89.411424
84	75.244673
85	66.326150
86	23.155932
87	37.339852
88	19.159885
89	35.592871
90	81.366751
91	4.874779
92	13.619428
93	1.274312
94	98.891497
95	32.324729
96	64.658110
97	53.933692
98	94.044051
99	7.819468
100	32.241888
;

param: d :=
1	-28.994434
2	-75.763965
3	-61.519439
4	-88.617464
5	-99.361981
6	-46.994392
7	-20.338320
8	-10.311854
9	-85.191624
10	-78.364127
11	-62.809507
12	-74.881751
13	-35.375168
14	-71.638124
15	-96.588653
16	-78.887697
17	-88.595980
18	-97.901165
19	-57.023297
20	-41.889492
21	-41.084245
22	-76.093462
23	-34.243362
24	-94.274223
25	-94.484140
26	-0.337103
27	-3.315804
28	-1.166645
29	-41.043807
30	-81.243691
31	-92.695810
32	-26.525840
33	-38.875816
34	-61.321989
35	-12.189633
36	-15.287833
37	-84.906528
38	-11.167107
39	-90.764256
40	-19.306372
41	-89.743538
42	-65.402742
43	-61.354740
44	-65.036923
45	-94.202706
46	-8.158008
47	-4.355845
48	-40.278706
49	-31.216027
50	-12.925494
51	-44.777434
52	-51.306164
53	-56.564343
54	-68.528526
55	-94.373321
56	-59.215712
57	-50.130378
58	-33.330125
59	-25.059571
60	-69.484227
61	-98.789059
62	-16.478145
63	-32.504143
64	-57.630607
65	-84.982844
66	-94.166112
67	-40.858925
68	-89.177114
69	-95.357076
70	-64.665796
71	-37.654823
72	-98.551505
73	-2.403894
74	-63.785418
75	-50.273779
76	-5.012884
77	-36.881841
78	-2.872824
79	-4.396264
80	-65.150016
81	-73.703358
82	-44.886166
83	-91.154059
84	-43.606237
85	-90.581418
86	-11.910968
87	-43.730358
88	-17.830774
89	-38.822306
90	-77.629961
91	-57.449413
92	-77.623871
93	-72.765275
94	-18.025188
95	-78.337098
96	-2.672280
97	-24.334014
98	-60.252914
99	-38.651299
100	-26.462236
;

param: weight :=
1	51.000000
2	21.000000
3	60.000000
4	60.000000
5	61.000000
6	62.000000
7	1.000000
8	62.000000
9	14.000000
10	85.000000
11	96.000000
12	12.000000
13	67.000000
14	19.000000
15	51.000000
16	21.000000
17	33.000000
18	99.000000
19	19.000000
20	13.000000
21	29.000000
22	86.000000
23	45.000000
24	80.000000
25	51.000000
26	17.000000
27	24.000000
28	20.000000
29	14.000000
30	79.000000
31	43.000000
32	59.000000
33	19.000000
34	31.000000
35	74.000000
36	6.000000
37	65.000000
38	27.000000
39	69.000000
40	96.000000
41	3.000000
42	87.000000
43	77.000000
44	15.000000
45	29.000000
46	53.000000
47	34.000000
48	17.000000
49	93.000000
50	14.000000
51	50.000000
52	38.000000
53	28.000000
54	73.000000
55	24.000000
56	49.000000
57	29.000000
58	60.000000
59	85.000000
60	2.000000
61	63.000000
62	64.000000
63	50.000000
64	78.000000
65	31.000000
66	66.000000
67	80.000000
68	24.000000
69	52.000000
70	14.000000
71	72.000000
72	74.000000
73	63.000000
74	94.000000
75	8.000000
76	58.000000
77	99.000000
78	65.000000
79	69.000000
80	65.000000
81	11.000000
82	53.000000
83	12.000000
84	94.000000
85	94.000000
86	76.000000
87	61.000000
88	87.000000
89	83.000000
90	7.000000
91	72.000000
92	66.000000
93	67.000000
94	57.000000
95	15.000000
96	91.000000
97	16.000000
98	97.000000
99	57.000000
100	7.000000
;

param: U :=
1	100.000000
2	100.000000
3	100.000000
4	100.000000
5	100.000000
6	100.000000
7	100.000000
8	100.000000
9	100.000000
10	100.000000
11	100.000000
12	100.000000
13	100.000000
14	100.000000
15	100.000000
16	100.000000
17	100.000000
18	100.000000
19	100.000000
20	100.000000
21	100.000000
22	100.000000
23	100.000000
24	100.000000
25	100.000000
26	100.000000
27	100.000000
28	100.000000
29	100.000000
30	100.000000
31	100.000000
32	100.000000
33	100.000000
34	100.000000
35	100.000000
36	100.000000
37	100.000000
38	100.000000
39	100.000000
40	100.000000
41	100.000000
42	100.000000
43	100.000000
44	100.000000
45	100.000000
46	100.000000
47	100.000000
48	100.000000
49	100.000000
50	100.000000
51	100.000000
52	100.000000
53	100.000000
54	100.000000
55	100.000000
56	100.000000
57	100.000000
58	100.000000
59	100.000000
60	100.000000
61	100.000000
62	100.000000
63	100.000000
64	100.000000
65	100.000000
66	100.000000
67	100.000000
68	100.000000
69	100.000000
70	100.000000
71	100.000000
72	100.000000
73	100.000000
74	100.000000
75	100.000000
76	100.000000
77	100.000000
78	100.000000
79	100.000000
80	100.000000
81	100.000000
82	100.000000
83	100.000000
84	100.000000
85	100.000000
86	100.000000
87	100.000000
88	100.000000
89	100.000000
90	100.000000
91	100.000000
92	100.000000
93	100.000000
94	100.000000
95	100.000000
96	100.000000
97	100.000000
98	100.000000
99	100.000000
100	100.000000
;

