# seed = 1254829604

param N := 1000;

param M := 2;

param Umax := 100.000000;

param: C :=
1	1396769.000000
2	1100831.000000
;

param: a :=
1	0.122533
2	0.132278
3	0.117688
4	0.162044
5	0.147773
6	0.164615
7	0.197578
8	0.154173
9	0.153885
10	0.108471
11	0.186815
12	0.169382
13	0.148407
14	0.115721
15	0.173556
16	0.135747
17	0.116688
18	0.127128
19	0.190025
20	0.127284
21	0.141204
22	0.162191
23	0.137071
24	0.121867
25	0.155545
26	0.181254
27	0.132222
28	0.181746
29	0.122244
30	0.120837
31	0.155145
32	0.104238
33	0.167262
34	0.185127
35	0.138347
36	0.109121
37	0.170298
38	0.117835
39	0.145292
40	0.106483
41	0.171344
42	0.168962
43	0.171782
44	0.141083
45	0.157362
46	0.170824
47	0.128924
48	0.198196
49	0.100279
50	0.115249
51	0.173568
52	0.173356
53	0.196661
54	0.121481
55	0.184654
56	0.102100
57	0.109545
58	0.179929
59	0.105806
60	0.143190
61	0.175052
62	0.169753
63	0.146942
64	0.120653
65	0.169388
66	0.168238
67	0.166208
68	0.178904
69	0.171830
70	0.107991
71	0.119740
72	0.175467
73	0.139841
74	0.107971
75	0.196356
76	0.126430
77	0.141210
78	0.112175
79	0.164517
80	0.149867
81	0.121148
82	0.137092
83	0.144957
84	0.148660
85	0.141958
86	0.189691
87	0.113198
88	0.182616
89	0.107509
90	0.110515
91	0.111466
92	0.148444
93	0.139393
94	0.112602
95	0.120550
96	0.146647
97	0.161684
98	0.149123
99	0.131336
100	0.141725
101	0.167159
102	0.151631
103	0.172514
104	0.197567
105	0.110241
106	0.111450
107	0.143688
108	0.162826
109	0.192658
110	0.174777
111	0.120880
112	0.158320
113	0.171701
114	0.158884
115	0.183571
116	0.190363
117	0.199699
118	0.121860
119	0.134632
120	0.117246
121	0.105010
122	0.103810
123	0.157430
124	0.100621
125	0.106506
126	0.145786
127	0.114850
128	0.172271
129	0.171776
130	0.163730
131	0.110450
132	0.115201
133	0.134118
134	0.136943
135	0.106069
136	0.192865
137	0.110378
138	0.100938
139	0.136867
140	0.153292
141	0.107660
142	0.101342
143	0.160611
144	0.195936
145	0.188119
146	0.119458
147	0.155350
148	0.184627
149	0.143946
150	0.148580
151	0.109615
152	0.112970
153	0.159447
154	0.102637
155	0.197052
156	0.192143
157	0.147831
158	0.195396
159	0.109779
160	0.161210
161	0.179498
162	0.153143
163	0.104570
164	0.122404
165	0.194093
166	0.184855
167	0.177348
168	0.195782
169	0.144000
170	0.119088
171	0.148904
172	0.112576
173	0.196946
174	0.131284
175	0.160970
176	0.186824
177	0.182761
178	0.182229
179	0.140249
180	0.176328
181	0.194446
182	0.126281
183	0.189591
184	0.132534
185	0.105601
186	0.182516
187	0.182342
188	0.139921
189	0.184264
190	0.137332
191	0.160227
192	0.127680
193	0.100117
194	0.149608
195	0.193203
196	0.141770
197	0.118453
198	0.185216
199	0.151267
200	0.112564
201	0.104494
202	0.169527
203	0.177815
204	0.111428
205	0.131474
206	0.165448
207	0.102623
208	0.143067
209	0.179000
210	0.182770
211	0.134549
212	0.186920
213	0.129242
214	0.173852
215	0.180202
216	0.139252
217	0.108509
218	0.133767
219	0.179157
220	0.140487
221	0.132646
222	0.103645
223	0.183026
224	0.101765
225	0.130398
226	0.191276
227	0.108580
228	0.152294
229	0.135981
230	0.120616
231	0.148825
232	0.145086
233	0.144568
234	0.146247
235	0.117640
236	0.152644
237	0.100428
238	0.175335
239	0.196213
240	0.147761
241	0.142418
242	0.141904
243	0.125965
244	0.179005
245	0.143329
246	0.105683
247	0.130555
248	0.178846
249	0.114763
250	0.121373
251	0.125833
252	0.123494
253	0.180470
254	0.149367
255	0.187552
256	0.134924
257	0.109480
258	0.119643
259	0.144802
260	0.115707
261	0.136838
262	0.114278
263	0.105418
264	0.185192
265	0.125399
266	0.123621
267	0.108681
268	0.142125
269	0.157763
270	0.123685
271	0.115191
272	0.150149
273	0.171120
274	0.143449
275	0.143950
276	0.152164
277	0.163907
278	0.119926
279	0.125071
280	0.172820
281	0.107523
282	0.156963
283	0.134492
284	0.124771
285	0.176607
286	0.177274
287	0.102292
288	0.169939
289	0.195355
290	0.151443
291	0.157735
292	0.181402
293	0.112859
294	0.187141
295	0.162871
296	0.160412
297	0.111392
298	0.111806
299	0.177583
300	0.187625
301	0.149481
302	0.105254
303	0.109344
304	0.111335
305	0.112671
306	0.176618
307	0.187117
308	0.129055
309	0.146009
310	0.195417
311	0.107622
312	0.198120
313	0.153858
314	0.172611
315	0.184746
316	0.122460
317	0.136606
318	0.127478
319	0.113601
320	0.158145
321	0.193488
322	0.164436
323	0.140363
324	0.156761
325	0.125206
326	0.109914
327	0.148230
328	0.151053
329	0.101463
330	0.131025
331	0.177885
332	0.102754
333	0.153035
334	0.104240
335	0.177423
336	0.122789
337	0.171980
338	0.145697
339	0.190839
340	0.172912
341	0.161556
342	0.126977
343	0.113272
344	0.118785
345	0.173260
346	0.191678
347	0.116638
348	0.161542
349	0.140883
350	0.125027
351	0.114533
352	0.182491
353	0.120325
354	0.121068
355	0.157328
356	0.119601
357	0.129324
358	0.196995
359	0.101710
360	0.126431
361	0.137355
362	0.189348
363	0.140962
364	0.161060
365	0.152660
366	0.104986
367	0.197735
368	0.143436
369	0.135464
370	0.181934
371	0.106133
372	0.110867
373	0.104363
374	0.131109
375	0.165068
376	0.199614
377	0.105407
378	0.154673
379	0.116749
380	0.189301
381	0.118698
382	0.164146
383	0.106800
384	0.167754
385	0.166584
386	0.159311
387	0.126645
388	0.167749
389	0.147861
390	0.176116
391	0.101545
392	0.107728
393	0.144886
394	0.132549
395	0.122740
396	0.170289
397	0.115610
398	0.133975
399	0.118004
400	0.122939
401	0.179086
402	0.126190
403	0.128089
404	0.142618
405	0.173993
406	0.187464
407	0.194998
408	0.107795
409	0.189013
410	0.120748
411	0.107415
412	0.110823
413	0.169552
414	0.146964
415	0.184516
416	0.115554
417	0.164432
418	0.184864
419	0.157697
420	0.141398
421	0.147714
422	0.139125
423	0.175447
424	0.107447
425	0.147948
426	0.170264
427	0.101037
428	0.193127
429	0.120580
430	0.136827
431	0.117619
432	0.125383
433	0.109744
434	0.135596
435	0.168812
436	0.126608
437	0.163196
438	0.187683
439	0.173818
440	0.184310
441	0.122785
442	0.162115
443	0.123327
444	0.113471
445	0.151974
446	0.194974
447	0.176098
448	0.182019
449	0.126801
450	0.160350
451	0.178467
452	0.110962
453	0.180898
454	0.142711
455	0.109479
456	0.155580
457	0.114337
458	0.172136
459	0.115913
460	0.170221
461	0.123551
462	0.181095
463	0.144749
464	0.103527
465	0.143188
466	0.178734
467	0.123255
468	0.104881
469	0.162070
470	0.174235
471	0.173617
472	0.182056
473	0.103392
474	0.108369
475	0.117279
476	0.103514
477	0.131331
478	0.180488
479	0.147288
480	0.184689
481	0.182201
482	0.177949
483	0.153217
484	0.148751
485	0.187596
486	0.182095
487	0.182613
488	0.111771
489	0.182804
490	0.144927
491	0.150517
492	0.186546
493	0.187447
494	0.116744
495	0.192886
496	0.155573
497	0.153249
498	0.178755
499	0.123512
500	0.161113
501	0.149077
502	0.194865
503	0.132231
504	0.182917
505	0.102207
506	0.180518
507	0.187707
508	0.103531
509	0.184256
510	0.175565
511	0.143149
512	0.198599
513	0.170116
514	0.144344
515	0.160209
516	0.136522
517	0.162302
518	0.131684
519	0.166627
520	0.176634
521	0.144844
522	0.160143
523	0.142050
524	0.130642
525	0.181388
526	0.143933
527	0.141070
528	0.118853
529	0.129516
530	0.176806
531	0.148636
532	0.164941
533	0.161779
534	0.124750
535	0.153923
536	0.168504
537	0.106060
538	0.132599
539	0.134880
540	0.120369
541	0.111323
542	0.149359
543	0.172612
544	0.167142
545	0.148708
546	0.104709
547	0.101816
548	0.182468
549	0.135532
550	0.145540
551	0.185157
552	0.190487
553	0.151067
554	0.107370
555	0.177004
556	0.107858
557	0.164673
558	0.189314
559	0.176043
560	0.155701
561	0.133796
562	0.139189
563	0.133363
564	0.160652
565	0.139739
566	0.189191
567	0.146223
568	0.109325
569	0.130062
570	0.100414
571	0.143079
572	0.124860
573	0.126973
574	0.130628
575	0.119066
576	0.189118
577	0.188906
578	0.121643
579	0.132936
580	0.179857
581	0.148670
582	0.121543
583	0.167739
584	0.160722
585	0.197744
586	0.187822
587	0.186401
588	0.157028
589	0.166076
590	0.114688
591	0.159642
592	0.168163
593	0.141881
594	0.175465
595	0.168536
596	0.105458
597	0.198646
598	0.176920
599	0.152104
600	0.101528
601	0.171881
602	0.102889
603	0.142507
604	0.124353
605	0.167560
606	0.155580
607	0.151321
608	0.106785
609	0.163918
610	0.191930
611	0.183776
612	0.194877
613	0.158913
614	0.188820
615	0.126648
616	0.103116
617	0.118001
618	0.110497
619	0.156922
620	0.115066
621	0.153673
622	0.180254
623	0.176117
624	0.130013
625	0.120110
626	0.191702
627	0.164177
628	0.127327
629	0.152563
630	0.107557
631	0.161927
632	0.159115
633	0.186330
634	0.131305
635	0.105625
636	0.171113
637	0.199764
638	0.195282
639	0.146039
640	0.180141
641	0.155499
642	0.149156
643	0.140927
644	0.179608
645	0.132367
646	0.175636
647	0.169444
648	0.179195
649	0.119193
650	0.170961
651	0.175307
652	0.101103
653	0.113756
654	0.107103
655	0.124112
656	0.134477
657	0.192814
658	0.104932
659	0.116524
660	0.198112
661	0.177248
662	0.109933
663	0.132594
664	0.112500
665	0.110824
666	0.131662
667	0.101747
668	0.121708
669	0.185569
670	0.161520
671	0.189479
672	0.186186
673	0.155357
674	0.174953
675	0.124193
676	0.159234
677	0.140934
678	0.155360
679	0.144132
680	0.199792
681	0.111649
682	0.122048
683	0.129464
684	0.168969
685	0.164751
686	0.107161
687	0.198870
688	0.177493
689	0.166505
690	0.130303
691	0.199722
692	0.109256
693	0.162954
694	0.126362
695	0.126347
696	0.108562
697	0.135393
698	0.103367
699	0.164681
700	0.161591
701	0.167124
702	0.118493
703	0.131029
704	0.163898
705	0.116692
706	0.186826
707	0.178346
708	0.197316
709	0.120613
710	0.191908
711	0.169086
712	0.175156
713	0.105373
714	0.168300
715	0.128318
716	0.111848
717	0.198014
718	0.170187
719	0.168905
720	0.132028
721	0.113933
722	0.113190
723	0.142413
724	0.181561
725	0.105404
726	0.146558
727	0.176144
728	0.142527
729	0.178832
730	0.196847
731	0.167120
732	0.198286
733	0.102501
734	0.100602
735	0.108856
736	0.143897
737	0.189396
738	0.198459
739	0.109599
740	0.182163
741	0.115509
742	0.175858
743	0.185835
744	0.175966
745	0.182569
746	0.118954
747	0.138824
748	0.135675
749	0.186173
750	0.134000
751	0.189174
752	0.127935
753	0.170846
754	0.103904
755	0.182910
756	0.183800
757	0.161158
758	0.141898
759	0.166967
760	0.173789
761	0.171353
762	0.184470
763	0.156626
764	0.138724
765	0.130542
766	0.129205
767	0.136977
768	0.103433
769	0.103429
770	0.174721
771	0.178219
772	0.147393
773	0.172233
774	0.166842
775	0.130595
776	0.155100
777	0.196560
778	0.195731
779	0.127896
780	0.104582
781	0.108064
782	0.168425
783	0.159095
784	0.145504
785	0.192094
786	0.181826
787	0.102996
788	0.129136
789	0.139541
790	0.194888
791	0.177056
792	0.177897
793	0.162737
794	0.183132
795	0.173724
796	0.134434
797	0.137562
798	0.145609
799	0.132277
800	0.145453
801	0.179693
802	0.123859
803	0.135905
804	0.109374
805	0.167995
806	0.108230
807	0.141518
808	0.160438
809	0.174597
810	0.176518
811	0.172594
812	0.190916
813	0.112181
814	0.171308
815	0.163304
816	0.185994
817	0.172991
818	0.188863
819	0.119254
820	0.174700
821	0.146847
822	0.125838
823	0.151706
824	0.102528
825	0.128503
826	0.130648
827	0.189774
828	0.156085
829	0.140462
830	0.116195
831	0.104384
832	0.129066
833	0.156069
834	0.127761
835	0.116498
836	0.163022
837	0.150941
838	0.181504
839	0.198617
840	0.119735
841	0.118794
842	0.112327
843	0.174118
844	0.168003
845	0.183670
846	0.125287
847	0.185886
848	0.137827
849	0.123230
850	0.121481
851	0.190637
852	0.103178
853	0.164347
854	0.162748
855	0.196768
856	0.152574
857	0.149561
858	0.112298
859	0.188280
860	0.135343
861	0.139363
862	0.122551
863	0.155654
864	0.111486
865	0.114011
866	0.155375
867	0.129648
868	0.125510
869	0.196561
870	0.188830
871	0.185005
872	0.114187
873	0.147927
874	0.132812
875	0.143190
876	0.137416
877	0.198333
878	0.143279
879	0.177145
880	0.140739
881	0.131944
882	0.114647
883	0.104016
884	0.108396
885	0.139994
886	0.156812
887	0.110757
888	0.109199
889	0.115910
890	0.163938
891	0.181015
892	0.182979
893	0.190153
894	0.180449
895	0.121484
896	0.170236
897	0.157354
898	0.170791
899	0.184884
900	0.122592
901	0.156379
902	0.151686
903	0.163889
904	0.160563
905	0.186161
906	0.111797
907	0.124645
908	0.104878
909	0.188150
910	0.146990
911	0.119014
912	0.147327
913	0.105404
914	0.163907
915	0.137378
916	0.189231
917	0.164284
918	0.113889
919	0.152483
920	0.140057
921	0.129236
922	0.193782
923	0.144873
924	0.160613
925	0.132291
926	0.162825
927	0.112800
928	0.176817
929	0.125949
930	0.188016
931	0.193219
932	0.147809
933	0.101441
934	0.117412
935	0.141281
936	0.196050
937	0.162018
938	0.167462
939	0.181147
940	0.153210
941	0.105741
942	0.116967
943	0.147024
944	0.157490
945	0.130006
946	0.128915
947	0.139516
948	0.166744
949	0.151757
950	0.186922
951	0.179227
952	0.174178
953	0.196780
954	0.197378
955	0.117202
956	0.197910
957	0.106439
958	0.114639
959	0.115437
960	0.100856
961	0.120276
962	0.154332
963	0.169283
964	0.107402
965	0.174827
966	0.167661
967	0.167528
968	0.127131
969	0.126051
970	0.152528
971	0.199951
972	0.145986
973	0.147909
974	0.186659
975	0.112778
976	0.159984
977	0.182838
978	0.189071
979	0.164786
980	0.102168
981	0.151194
982	0.107565
983	0.102875
984	0.147648
985	0.149065
986	0.104978
987	0.102785
988	0.130229
989	0.175509
990	0.170236
991	0.190819
992	0.157960
993	0.180731
994	0.140964
995	0.117112
996	0.121080
997	0.124413
998	0.181142
999	0.127196
1000	0.154190
;

param: b :=
1	33.827946
2	11.981079
3	54.033527
4	30.042434
5	66.358915
6	91.976146
7	91.780261
8	94.556185
9	61.307674
10	67.624549
11	57.558616
12	32.558114
13	90.131625
14	95.704224
15	3.721349
16	62.650410
17	87.718876
18	92.189637
19	64.645301
20	99.331321
21	47.806045
22	77.582293
23	55.804769
24	94.193963
25	0.111999
26	57.703940
27	24.339491
28	47.302174
29	83.453065
30	10.316419
31	47.184296
32	11.477333
33	19.514094
34	28.767751
35	51.128685
36	1.407721
37	8.979038
38	95.051032
39	20.405089
40	49.370829
41	96.756920
42	39.067787
43	89.154463
44	29.848630
45	37.053867
46	65.701439
47	38.363242
48	27.270316
49	48.714282
50	43.242669
51	47.629107
52	47.788922
53	52.948444
54	15.725672
55	29.138028
56	35.184335
57	66.244172
58	54.960198
59	49.139240
60	80.458053
61	66.370418
62	18.523302
63	53.838870
64	99.951725
65	17.456521
66	44.510766
67	25.684004
68	74.415964
69	47.335566
70	69.926462
71	67.782131
72	89.547309
73	98.567119
74	11.342517
75	40.432470
76	76.895155
77	13.480409
78	15.710627
79	65.629960
80	38.351256
81	23.868714
82	6.649481
83	37.934838
84	0.203590
85	37.513744
86	38.461601
87	20.250308
88	97.676544
89	97.241143
90	70.038996
91	46.361926
92	92.779311
93	67.887296
94	11.852368
95	27.229978
96	63.400729
97	43.586800
98	90.677679
99	61.934327
100	56.070462
101	88.423339
102	75.184014
103	31.962640
104	35.803733
105	68.357088
106	65.219983
107	81.632364
108	98.339694
109	40.050949
110	41.116393
111	49.892544
112	52.609966
113	69.903622
114	56.043991
115	36.895443
116	58.929035
117	73.779006
118	4.513158
119	32.168213
120	42.231797
121	15.768735
122	59.004843
123	25.070291
124	27.763927
125	2.802068
126	24.384171
127	32.225679
128	42.025069
129	88.550701
130	58.079248
131	46.012779
132	76.634743
133	58.432586
134	78.739948
135	68.591084
136	62.266477
137	25.533073
138	54.630029
139	12.590918
140	9.886129
141	98.034701
142	98.936706
143	95.847756
144	9.334600
145	65.819776
146	98.056276
147	24.917964
148	31.984847
149	4.075321
150	79.435072
151	26.605570
152	29.471647
153	16.969441
154	32.130743
155	76.508924
156	58.934526
157	23.564519
158	35.008841
159	24.268823
160	84.063274
161	37.859531
162	51.311921
163	40.417994
164	23.992597
165	95.232699
166	68.900488
167	68.256903
168	23.626758
169	7.500802
170	55.230022
171	10.647063
172	46.842602
173	50.646593
174	40.294915
175	54.021322
176	36.690128
177	95.818186
178	31.252893
179	66.412730
180	75.391029
181	82.054718
182	31.996885
183	51.119396
184	35.710113
185	77.431565
186	37.125746
187	28.182862
188	48.057839
189	65.858816
190	91.527041
191	43.982556
192	14.332561
193	6.951933
194	80.302869
195	39.223896
196	98.070805
197	57.048001
198	52.273827
199	27.239073
200	77.125921
201	82.552707
202	68.694560
203	77.723208
204	43.466101
205	65.892287
206	27.873327
207	17.865940
208	43.459560
209	62.243775
210	12.991476
211	68.835761
212	97.824363
213	60.079403
214	72.085326
215	66.336977
216	43.424803
217	37.760452
218	88.938653
219	75.028083
220	82.070785
221	98.160507
222	90.656144
223	93.045608
224	66.415261
225	48.883089
226	77.359784
227	0.053107
228	47.969899
229	37.560162
230	69.375160
231	35.017124
232	27.329584
233	92.839090
234	90.341788
235	24.341940
236	63.808910
237	38.092230
238	33.499126
239	69.153014
240	37.249462
241	50.535548
242	77.498527
243	3.659327
244	4.745124
245	76.692923
246	1.687384
247	45.643939
248	22.410385
249	62.348327
250	98.625806
251	90.273434
252	29.999528
253	58.993875
254	44.433700
255	12.127120
256	38.225526
257	57.260742
258	88.773870
259	45.999514
260	73.038239
261	65.170333
262	14.926775
263	54.132450
264	0.504222
265	41.569911
266	17.313118
267	16.479205
268	5.488937
269	67.791538
270	46.569807
271	57.270002
272	50.845767
273	97.109087
274	73.346586
275	12.620793
276	71.908944
277	16.512768
278	98.963324
279	67.234929
280	15.485957
281	10.579248
282	63.198981
283	41.438486
284	15.467852
285	44.425360
286	33.927663
287	56.600954
288	42.219854
289	35.142493
290	1.159216
291	17.267145
292	13.826732
293	15.642575
294	93.934148
295	13.330628
296	75.504187
297	64.298991
298	57.732711
299	36.967161
300	84.228958
301	93.614663
302	39.620369
303	7.523946
304	54.580408
305	3.595570
306	87.021172
307	80.995899
308	7.906269
309	31.578746
310	67.827628
311	49.675514
312	99.895842
313	70.149249
314	94.293178
315	18.445033
316	91.725685
317	59.016612
318	32.161979
319	17.428972
320	98.617811
321	23.598784
322	64.055739
323	43.807849
324	46.247356
325	52.552158
326	68.694616
327	80.362293
328	2.165371
329	3.049673
330	32.691211
331	66.243467
332	15.045975
333	28.161426
334	35.234415
335	91.716542
336	61.623094
337	68.740732
338	98.929288
339	44.219778
340	77.360820
341	18.390898
342	85.315731
343	99.295428
344	27.872953
345	98.542449
346	53.194031
347	16.869599
348	2.945873
349	85.425971
350	4.580889
351	92.687266
352	69.488407
353	48.152970
354	94.419758
355	26.662413
356	11.911636
357	29.608990
358	22.641395
359	43.483491
360	64.448691
361	10.826824
362	8.955598
363	35.711177
364	61.982762
365	39.676996
366	81.399547
367	13.122098
368	63.973247
369	94.021136
370	50.164815
371	33.096929
372	39.743296
373	56.108982
374	93.524211
375	78.004727
376	53.073551
377	26.737728
378	44.083383
379	28.501803
380	76.490666
381	49.075415
382	58.915802
383	86.826781
384	28.080782
385	85.740679
386	14.451019
387	50.122488
388	87.826632
389	47.837241
390	21.873630
391	6.826146
392	41.576987
393	41.985953
394	60.169489
395	48.751198
396	54.930017
397	21.159150
398	99.944839
399	25.289084
400	73.677661
401	99.172578
402	98.419662
403	66.545097
404	64.062371
405	5.624559
406	54.203784
407	44.428788
408	44.506585
409	68.800141
410	70.824647
411	53.446934
412	64.632831
413	26.251550
414	7.155526
415	6.955858
416	67.250641
417	85.919102
418	39.324378
419	93.330863
420	79.064435
421	14.988683
422	79.935341
423	9.543950
424	60.462511
425	92.864493
426	86.174791
427	17.824472
428	44.125107
429	97.316249
430	72.385768
431	62.144412
432	65.455698
433	30.450066
434	34.506879
435	18.317131
436	4.419912
437	77.604464
438	88.997223
439	90.522509
440	62.805452
441	32.697733
442	3.085086
443	80.952778
444	91.770899
445	25.541421
446	85.145078
447	84.168480
448	17.073437
449	10.057680
450	80.947094
451	45.887876
452	36.513404
453	2.616800
454	44.645883
455	33.243746
456	85.612371
457	39.963570
458	83.510791
459	84.902250
460	40.689241
461	54.347749
462	20.564476
463	77.099139
464	42.299052
465	37.456226
466	26.054229
467	94.459630
468	84.725627
469	14.852050
470	87.622369
471	50.580731
472	83.556293
473	81.434789
474	33.543396
475	50.447722
476	16.100040
477	4.443984
478	60.009174
479	16.348276
480	4.581279
481	71.758349
482	4.213385
483	31.445137
484	7.779005
485	88.860653
486	71.908698
487	42.849738
488	3.969229
489	94.711435
490	71.038832
491	1.930026
492	69.695588
493	58.812969
494	97.364402
495	47.310256
496	73.341024
497	35.870828
498	41.267310
499	27.260274
500	13.449510
501	42.800665
502	38.220188
503	88.751243
504	0.590706
505	99.595663
506	39.600359
507	39.814124
508	7.838479
509	80.317980
510	26.617478
511	62.512524
512	91.331227
513	96.056729
514	5.962782
515	89.281790
516	67.865995
517	82.414908
518	63.197234
519	82.399638
520	32.853099
521	53.712109
522	15.733471
523	82.045026
524	64.417674
525	81.828549
526	25.625098
527	79.570799
528	28.373822
529	74.782932
530	97.572968
531	68.034631
532	51.670160
533	9.201396
534	53.471911
535	28.782215
536	60.891298
537	89.075301
538	65.603924
539	37.028423
540	25.598071
541	80.097490
542	40.815161
543	48.705213
544	20.783866
545	50.505246
546	12.013601
547	41.151530
548	4.821586
549	80.154774
550	73.003476
551	9.220371
552	22.928326
553	69.253536
554	51.820850
555	97.179452
556	18.716081
557	82.139147
558	94.293863
559	53.259763
560	77.321356
561	62.242439
562	81.172515
563	79.906157
564	11.126093
565	59.981789
566	26.425367
567	97.420457
568	21.561129
569	96.821887
570	51.007191
571	18.159300
572	98.848656
573	78.338077
574	10.203541
575	12.597384
576	36.179753
577	61.957044
578	8.693814
579	63.924673
580	23.457384
581	81.193324
582	8.272189
583	64.408586
584	22.142124
585	64.121537
586	96.747492
587	11.499279
588	26.534528
589	77.906738
590	15.905202
591	69.367880
592	70.483163
593	34.972325
594	38.978115
595	80.466591
596	49.669680
597	65.647793
598	78.020744
599	1.807668
600	72.381887
601	36.562196
602	4.391236
603	53.089508
604	10.088071
605	95.249554
606	30.652233
607	50.196743
608	21.448987
609	70.505426
610	64.316560
611	0.457628
612	11.177448
613	10.745954
614	0.938357
615	6.259470
616	47.559963
617	0.653334
618	15.589322
619	29.643793
620	85.431030
621	92.469228
622	56.230586
623	8.794345
624	67.529507
625	54.362612
626	20.937319
627	70.109940
628	78.462905
629	99.104020
630	56.337209
631	72.763127
632	21.532720
633	59.696656
634	92.885371
635	63.323425
636	91.232459
637	56.705242
638	67.019273
639	81.183674
640	85.423967
641	22.133639
642	41.588257
643	94.904586
644	52.857520
645	33.716420
646	34.743702
647	70.762706
648	78.106715
649	17.163513
650	91.873992
651	73.157039
652	79.838712
653	43.806516
654	66.338089
655	9.123035
656	63.225632
657	37.380573
658	7.185034
659	81.192243
660	89.491685
661	73.088399
662	71.463379
663	16.009539
664	14.698411
665	50.445174
666	34.290715
667	43.582533
668	0.224016
669	82.880141
670	68.985966
671	1.620849
672	84.467053
673	10.258515
674	33.421004
675	12.554133
676	25.142707
677	56.057466
678	80.472538
679	82.807244
680	13.468909
681	24.759181
682	37.470006
683	1.008115
684	2.383478
685	6.430691
686	63.786412
687	46.750350
688	73.926474
689	20.480888
690	95.579953
691	70.821423
692	19.522898
693	66.541335
694	29.558928
695	55.323090
696	91.659454
697	78.171474
698	8.958845
699	64.922645
700	92.417856
701	80.283855
702	16.742573
703	31.400126
704	2.946756
705	38.635437
706	21.455160
707	0.497328
708	33.397633
709	61.644244
710	57.874806
711	48.661397
712	25.750433
713	50.611278
714	58.364586
715	14.333418
716	81.030760
717	45.106002
718	43.634985
719	5.540017
720	96.825699
721	59.259490
722	76.405592
723	77.389716
724	74.261608
725	60.246695
726	3.944121
727	85.444076
728	94.213750
729	14.354216
730	57.924689
731	91.755111
732	93.646192
733	60.029229
734	39.173292
735	5.841289
736	56.681997
737	3.707570
738	97.195537
739	68.575789
740	60.803156
741	26.285242
742	84.874725
743	5.383479
744	19.082059
745	30.008124
746	5.840729
747	38.858223
748	8.336349
749	64.311911
750	87.309717
751	18.057128
752	61.860642
753	17.771711
754	56.076702
755	54.786991
756	46.617546
757	76.990675
758	26.820274
759	60.320582
760	94.939216
761	15.285265
762	54.018758
763	99.068949
764	98.687862
765	87.448635
766	27.870164
767	37.356277
768	39.787240
769	34.579755
770	60.979232
771	30.036512
772	55.907217
773	57.793209
774	51.197136
775	31.864452
776	82.082280
777	23.375951
778	12.862009
779	79.952010
780	54.005335
781	88.073972
782	26.893590
783	80.084394
784	66.439645
785	79.386133
786	88.147476
787	68.802920
788	85.725742
789	65.749010
790	80.471208
791	45.396969
792	12.992552
793	1.447306
794	25.573157
795	90.162964
796	17.946618
797	14.386597
798	26.805947
799	25.456080
800	57.943708
801	23.650418
802	12.103428
803	67.021783
804	98.161562
805	0.196307
806	40.152501
807	35.390029
808	64.105616
809	60.999692
810	47.792164
811	87.249600
812	67.161876
813	65.385829
814	86.348590
815	71.068805
816	0.408959
817	70.302335
818	79.814080
819	23.145205
820	48.810868
821	7.742511
822	5.283580
823	56.108266
824	47.482613
825	18.177791
826	72.270771
827	12.898202
828	31.962751
829	39.834069
830	16.283855
831	69.518188
832	16.623573
833	63.330577
834	36.606385
835	5.694042
836	3.881970
837	13.342291
838	13.392299
839	76.932382
840	21.950857
841	37.651106
842	46.384251
843	99.002216
844	70.037724
845	82.562162
846	53.685403
847	38.140520
848	91.088991
849	41.164862
850	59.918435
851	1.872435
852	83.757903
853	87.767110
854	14.663244
855	53.864370
856	56.400937
857	42.946943
858	79.165559
859	66.152877
860	92.273128
861	89.729920
862	14.811595
863	77.810727
864	44.427357
865	84.942214
866	18.168118
867	52.389930
868	28.971994
869	62.214702
870	18.115004
871	35.804283
872	52.766976
873	50.575963
874	74.296690
875	58.812324
876	67.051730
877	61.192387
878	12.238931
879	28.002725
880	28.141779
881	69.897149
882	12.432119
883	96.536322
884	71.944322
885	96.892177
886	64.475160
887	39.842332
888	74.609637
889	28.385115
890	74.117736
891	10.759032
892	17.850269
893	14.099109
894	60.431307
895	23.649881
896	54.771119
897	80.246613
898	31.089371
899	59.914074
900	30.924322
901	92.748106
902	39.800470
903	72.529379
904	70.974822
905	4.581575
906	57.284103
907	39.753460
908	38.644976
909	7.119157
910	67.991604
911	84.880505
912	31.460788
913	57.953208
914	31.577872
915	1.174763
916	10.717163
917	86.522929
918	3.882986
919	96.149843
920	70.979285
921	60.991643
922	0.394023
923	34.661388
924	53.079096
925	50.743914
926	67.492240
927	46.488791
928	91.760768
929	57.125641
930	40.987623
931	15.406964
932	96.018441
933	89.404086
934	30.355757
935	1.407333
936	26.096440
937	38.663545
938	99.818475
939	79.237437
940	58.318864
941	73.634346
942	1.524934
943	1.754429
944	39.104576
945	6.512735
946	49.041996
947	97.787712
948	91.666649
949	51.578912
950	94.879946
951	70.510453
952	4.280623
953	19.431967
954	18.553549
955	53.922944
956	37.281271
957	39.463232
958	7.375139
959	26.804281
960	6.930546
961	3.855841
962	92.873552
963	46.963435
964	32.218544
965	41.948583
966	82.406297
967	85.104137
968	84.879579
969	87.910331
970	26.025494
971	14.891317
972	56.658805
973	71.946076
974	47.956435
975	85.651830
976	37.673885
977	97.642807
978	23.309931
979	15.828602
980	58.036431
981	2.318154
982	65.672886
983	20.703675
984	84.576129
985	55.734494
986	50.906653
987	40.782586
988	13.639028
989	58.241988
990	84.165330
991	40.637601
992	64.121484
993	45.893507
994	53.725072
995	28.617384
996	59.555603
997	50.221955
998	13.220643
999	2.156455
1000	62.652636
;

param: c :=
1	64.699712
2	89.446438
3	51.695563
4	1.314222
5	81.128126
6	23.171523
7	93.124460
8	34.116027
9	80.623555
10	65.157644
11	6.120299
12	89.110251
13	93.585611
14	46.965896
15	0.631335
16	76.926226
17	29.994180
18	88.219801
19	74.874513
20	1.880751
21	52.889255
22	64.635935
23	66.205358
24	70.802315
25	75.077800
26	83.054082
27	79.760106
28	43.757531
29	42.224101
30	44.712706
31	20.515264
32	35.307953
33	18.951902
34	51.927510
35	58.602383
36	49.894477
37	40.231110
38	50.679377
39	1.857232
40	96.194960
41	29.384186
42	78.735584
43	1.880658
44	75.018501
45	3.396794
46	50.668386
47	20.868437
48	7.377690
49	35.281499
50	90.576420
51	72.058615
52	72.549417
53	53.171127
54	38.526833
55	41.371837
56	74.540664
57	73.080911
58	90.998012
59	31.933200
60	82.394283
61	38.454800
62	21.490121
63	77.443521
64	90.403094
65	1.569270
66	56.891598
67	92.597734
68	60.630982
69	72.548292
70	67.310126
71	99.033607
72	13.613947
73	65.863478
74	77.646253
75	59.071724
76	59.632783
77	43.071568
78	24.337146
79	46.636497
80	9.411473
81	47.385865
82	69.667836
83	13.870142
84	93.888942
85	91.622247
86	6.245098
87	89.843353
88	7.119143
89	32.336352
90	85.473574
91	80.549863
92	73.418342
93	12.132296
94	26.148198
95	61.377381
96	18.647992
97	14.166263
98	39.454219
99	13.253777
100	3.023029
101	3.021541
102	4.710131
103	50.891753
104	64.874293
105	20.279407
106	67.896053
107	21.516950
108	85.353026
109	0.580862
110	62.535412
111	46.494362
112	38.607079
113	48.715426
114	14.952473
115	63.631423
116	21.561569
117	48.473349
118	67.548870
119	0.632786
120	81.429844
121	23.364705
122	58.849329
123	85.682363
124	75.776655
125	20.399664
126	28.381223
127	72.350945
128	59.872263
129	92.466809
130	22.218111
131	29.051452
132	77.535555
133	36.075782
134	38.672845
135	98.411216
136	84.128314
137	47.786215
138	33.017042
139	56.644717
140	97.799575
141	75.292678
142	58.837349
143	39.553290
144	89.906936
145	0.398672
146	48.648833
147	88.056314
148	29.925976
149	13.302661
150	21.806922
151	74.207478
152	69.425629
153	71.647484
154	79.597392
155	79.670599
156	39.443479
157	24.026599
158	63.049514
159	13.597297
160	3.903122
161	93.134928
162	7.149015
163	88.826284
164	97.465494
165	13.083001
166	60.722492
167	47.567253
168	78.737824
169	56.631565
170	60.090043
171	35.916386
172	87.238198
173	3.858007
174	44.756774
175	50.726475
176	42.077216
177	63.890904
178	4.648009
179	55.197582
180	51.220817
181	39.434084
182	36.346756
183	74.729036
184	1.049577
185	71.589653
186	96.929714
187	40.264836
188	5.352712
189	67.535728
190	55.050429
191	6.141057
192	41.906451
193	76.251796
194	76.786333
195	22.429904
196	89.743535
197	80.435350
198	3.197568
199	83.835216
200	47.923348
201	71.310152
202	41.361903
203	22.563210
204	54.591119
205	97.827678
206	70.536507
207	99.776076
208	13.484840
209	80.452947
210	63.959923
211	93.509548
212	12.018706
213	29.061808
214	77.471877
215	18.758179
216	80.891711
217	49.621923
218	67.961021
219	6.474697
220	76.131560
221	35.744690
222	2.239874
223	31.628520
224	84.002781
225	87.229350
226	39.172571
227	93.479181
228	42.113394
229	25.552142
230	36.623382
231	87.984449
232	49.249680
233	94.789835
234	85.133963
235	82.436077
236	61.327082
237	3.445085
238	1.475814
239	10.597022
240	97.542338
241	49.951880
242	57.537098
243	4.858337
244	25.571344
245	98.482799
246	4.944762
247	85.117981
248	47.996795
249	29.300597
250	96.503596
251	55.799110
252	45.887115
253	78.869154
254	61.910843
255	43.165295
256	30.374164
257	75.443118
258	11.576448
259	76.206918
260	56.020745
261	82.529577
262	20.248569
263	3.614880
264	8.185781
265	12.033702
266	38.278967
267	60.101671
268	11.408989
269	4.273486
270	49.157132
271	84.907967
272	76.188862
273	46.966464
274	93.809025
275	3.511408
276	20.568607
277	61.050123
278	94.583557
279	84.500074
280	71.803386
281	82.964417
282	30.711739
283	81.033199
284	89.216440
285	78.817511
286	31.948596
287	11.136098
288	30.834599
289	61.190164
290	46.152330
291	64.939120
292	12.302308
293	19.505383
294	43.119066
295	29.727273
296	90.878072
297	33.431050
298	14.678144
299	86.725642
300	54.896565
301	15.535185
302	93.179758
303	10.483440
304	41.587610
305	15.655573
306	84.912485
307	11.379755
308	99.824886
309	11.562329
310	28.933867
311	97.436195
312	36.093005
313	12.406296
314	80.707745
315	48.107008
316	42.765437
317	78.406037
318	82.190306
319	85.343435
320	76.960002
321	89.498543
322	11.632926
323	74.466685
324	10.012084
325	27.247203
326	77.176968
327	31.146057
328	86.013304
329	53.175008
330	68.066515
331	24.194825
332	45.487788
333	82.282297
334	68.055816
335	0.970312
336	0.337815
337	68.903758
338	88.918656
339	7.021663
340	63.635309
341	59.330528
342	10.611974
343	44.912450
344	94.400023
345	63.277448
346	49.024226
347	12.552852
348	64.711590
349	29.556249
350	95.474946
351	10.827126
352	26.163219
353	41.671656
354	27.067584
355	51.999434
356	17.039060
357	24.025909
358	76.907461
359	2.309124
360	70.781274
361	76.890209
362	9.623113
363	53.640961
364	98.503435
365	28.624569
366	47.506863
367	45.724790
368	11.431866
369	6.071864
370	20.991562
371	27.809289
372	69.465188
373	28.632754
374	94.707096
375	40.604726
376	17.274341
377	66.607819
378	1.238233
379	58.566688
380	72.113958
381	97.036282
382	73.288612
383	6.258618
384	64.126087
385	80.721233
386	7.612989
387	47.534066
388	68.340566
389	56.073561
390	49.325345
391	76.606098
392	46.427646
393	23.124414
394	53.493410
395	49.044468
396	24.744902
397	1.998514
398	45.002145
399	57.272201
400	77.878936
401	23.318602
402	32.916346
403	39.193187
404	58.706355
405	69.754243
406	20.430704
407	29.808750
408	70.979080
409	61.986459
410	62.949741
411	64.069695
412	38.915523
413	74.404243
414	89.074845
415	16.667092
416	5.986809
417	0.151905
418	27.721074
419	96.829371
420	99.846835
421	3.963034
422	28.741990
423	44.358645
424	77.369969
425	77.572542
426	4.029700
427	31.635950
428	62.140691
429	98.781063
430	33.377626
431	0.418224
432	93.096362
433	53.390855
434	79.575083
435	53.692417
436	55.641779
437	80.760946
438	38.252009
439	48.860478
440	66.408968
441	78.859479
442	4.710903
443	40.674709
444	33.563734
445	63.072288
446	15.556120
447	81.728349
448	63.731119
449	15.783484
450	5.916961
451	58.211544
452	31.867578
453	82.065229
454	74.648186
455	41.433806
456	81.666914
457	25.413978
458	18.016002
459	12.645924
460	92.174676
461	80.375369
462	65.222495
463	22.024876
464	33.158510
465	31.205358
466	76.123446
467	25.270835
468	80.008714
469	24.586869
470	27.313676
471	46.622069
472	32.468517
473	48.924751
474	69.790854
475	18.498900
476	22.164986
477	74.073869
478	92.822419
479	99.623683
480	78.554110
481	43.406703
482	29.723842
483	39.484569
484	69.407211
485	37.083954
486	89.654223
487	98.146812
488	47.762984
489	35.528673
490	29.781287
491	1.472598
492	61.058512
493	73.194105
494	88.802105
495	33.570292
496	40.637225
497	89.604972
498	93.167336
499	76.280043
500	10.218464
501	25.266454
502	44.556003
503	59.444878
504	84.740321
505	67.664278
506	9.750980
507	32.316049
508	60.681924
509	32.091796
510	2.744606
511	2.297102
512	80.600322
513	21.882154
514	16.868840
515	34.367792
516	59.600120
517	90.683647
518	84.559023
519	67.603515
520	90.794174
521	27.160705
522	13.879293
523	37.414677
524	9.840921
525	59.101245
526	3.190856
527	72.839924
528	74.516049
529	30.162315
530	71.934670
531	94.603013
532	42.650951
533	65.967770
534	5.805693
535	60.987358
536	93.285678
537	15.572853
538	48.482983
539	42.936945
540	25.119023
541	53.646683
542	25.074084
543	70.329486
544	14.972292
545	33.061946
546	76.951042
547	18.285599
548	54.277497
549	96.171871
550	89.123799
551	39.134015
552	12.878758
553	93.907936
554	29.537314
555	39.518092
556	76.044096
557	88.448982
558	23.286740
559	30.985425
560	74.433079
561	36.148578
562	54.134361
563	60.293487
564	78.006899
565	66.578752
566	7.254228
567	73.906273
568	51.907462
569	16.700578
570	29.759935
571	94.927622
572	15.308880
573	59.893173
574	82.271139
575	70.484344
576	53.959864
577	32.759565
578	70.463375
579	19.146614
580	75.007203
581	18.590351
582	53.139216
583	89.107352
584	56.935718
585	23.018756
586	80.408186
587	40.068579
588	38.925470
589	66.446002
590	0.547908
591	11.212185
592	83.006240
593	44.812061
594	66.498356
595	27.052111
596	51.554924
597	90.661185
598	18.791701
599	61.564240
600	22.735858
601	67.239290
602	21.213649
603	76.044831
604	40.968008
605	71.821913
606	64.547985
607	35.240853
608	53.521321
609	28.982430
610	13.761635
611	2.711186
612	60.234025
613	39.689705
614	50.754915
615	99.442254
616	10.539221
617	80.915294
618	67.428575
619	85.760546
620	24.735686
621	34.031610
622	95.659460
623	73.761374
624	45.095705
625	67.904412
626	36.404883
627	79.227938
628	79.455295
629	78.050742
630	23.665948
631	8.140896
632	99.571289
633	8.080086
634	36.368195
635	14.976285
636	45.985343
637	16.648415
638	8.068940
639	22.235562
640	39.626981
641	59.507482
642	97.041432
643	93.072173
644	69.828383
645	28.894869
646	73.259560
647	73.386388
648	82.826494
649	68.152259
650	27.596168
651	13.267746
652	62.503591
653	65.864879
654	50.864330
655	59.738395
656	13.262625
657	77.172423
658	21.421517
659	25.354449
660	34.673061
661	88.544330
662	28.578294
663	70.917162
664	29.276269
665	63.326558
666	22.325427
667	56.355508
668	52.032249
669	39.429143
670	7.344651
671	53.352624
672	72.090216
673	94.384176
674	0.773583
675	66.587608
676	38.026098
677	17.560203
678	93.330043
679	99.242845
680	27.941082
681	53.008337
682	13.524218
683	60.105972
684	75.766825
685	12.640641
686	58.415464
687	89.111588
688	62.456514
689	35.009156
690	69.888141
691	64.309649
692	98.601835
693	1.375049
694	92.345814
695	41.057132
696	77.514035
697	68.551145
698	10.056551
699	43.171847
700	46.547402
701	36.559016
702	33.299320
703	73.363983
704	40.061613
705	69.837805
706	97.109592
707	55.676015
708	25.420679
709	60.804891
710	64.171189
711	70.464431
712	29.980529
713	59.621444
714	98.913445
715	50.624032
716	66.185394
717	61.661428
718	9.780589
719	66.512022
720	24.953308
721	4.879346
722	29.413351
723	97.531247
724	89.503519
725	79.968951
726	85.598542
727	94.144891
728	26.406796
729	50.978794
730	92.690634
731	9.513375
732	67.615518
733	50.601249
734	35.266796
735	25.468342
736	40.129265
737	34.787955
738	44.442282
739	41.109526
740	4.394891
741	93.653693
742	42.801908
743	25.170297
744	1.488336
745	53.732718
746	51.011984
747	49.555339
748	64.710306
749	29.707362
750	4.016678
751	37.726511
752	47.576015
753	24.068072
754	58.586141
755	98.865772
756	53.440038
757	0.163169
758	81.757642
759	23.539308
760	36.798735
761	18.340166
762	74.520196
763	18.826501
764	24.774158
765	48.482914
766	73.423413
767	75.530670
768	61.593402
769	76.766714
770	90.057025
771	68.909011
772	11.987740
773	59.267176
774	52.897202
775	63.730407
776	15.099413
777	11.613549
778	5.985439
779	91.471840
780	78.912961
781	14.305010
782	77.517934
783	95.426136
784	58.415202
785	54.110521
786	20.554982
787	33.700453
788	67.490531
789	49.334740
790	2.897175
791	11.347137
792	17.110118
793	42.534778
794	4.473598
795	97.976207
796	5.601022
797	16.646723
798	58.545355
799	26.705019
800	47.466288
801	98.728920
802	64.655721
803	63.820937
804	42.736893
805	86.337125
806	32.952005
807	13.729393
808	25.163148
809	60.587157
810	11.713451
811	15.907565
812	22.101726
813	58.248448
814	69.738326
815	72.442498
816	57.279394
817	6.913554
818	96.395831
819	69.067775
820	35.403888
821	16.350989
822	32.042326
823	73.293754
824	24.820563
825	81.592322
826	44.491358
827	24.452095
828	37.470974
829	71.188630
830	45.936515
831	33.385186
832	39.359245
833	95.573282
834	1.417861
835	64.568242
836	35.734043
837	14.415835
838	15.941818
839	50.279911
840	94.059690
841	92.876548
842	29.219932
843	68.685202
844	96.721138
845	67.833660
846	98.703200
847	12.489389
848	67.886877
849	38.151986
850	99.736000
851	26.425862
852	89.508220
853	41.245079
854	57.618356
855	22.875389
856	5.697794
857	76.475335
858	85.175785
859	68.814074
860	57.652013
861	76.772080
862	81.050968
863	10.068204
864	32.963641
865	12.386607
866	6.740764
867	0.859833
868	29.439454
869	35.031954
870	38.771263
871	99.719087
872	36.797080
873	18.184296
874	85.968511
875	43.072225
876	83.556247
877	24.649690
878	11.350963
879	83.742382
880	51.086240
881	49.205713
882	15.170573
883	49.811899
884	6.827461
885	80.022779
886	20.363580
887	61.079720
888	27.290439
889	69.349161
890	28.995108
891	90.756760
892	98.970454
893	65.591170
894	48.671428
895	13.185558
896	63.489466
897	36.295303
898	59.134824
899	48.530621
900	71.578126
901	62.314132
902	38.352652
903	19.278535
904	51.729560
905	0.649946
906	85.980729
907	21.296048
908	49.118058
909	26.349685
910	78.278205
911	92.271091
912	76.856300
913	54.589139
914	83.557297
915	81.927264
916	76.594881
917	94.317103
918	37.647740
919	95.144421
920	54.428006
921	85.178832
922	35.436095
923	54.425803
924	95.099864
925	39.974539
926	28.795757
927	52.097922
928	58.046190
929	96.799147
930	49.394533
931	89.992031
932	10.334702
933	59.759912
934	79.143511
935	99.734347
936	22.769823
937	24.619292
938	67.875754
939	65.826821
940	63.132098
941	35.184465
942	37.811202
943	85.632794
944	53.582875
945	96.138470
946	5.738385
947	55.029418
948	4.787795
949	33.157567
950	62.326311
951	26.758542
952	15.384880
953	94.115243
954	85.798600
955	74.687843
956	86.192728
957	48.296566
958	19.109668
959	6.723554
960	97.167200
961	63.019390
962	91.496416
963	92.572672
964	87.535651
965	89.047155
966	58.431571
967	72.916242
968	72.941664
969	72.367915
970	37.707970
971	94.485462
972	78.848406
973	6.590948
974	87.373063
975	54.494568
976	30.301102
977	92.629280
978	43.299611
979	99.674066
980	84.610086
981	3.288985
982	25.137497
983	61.007656
984	21.337049
985	68.324526
986	85.148295
987	42.765419
988	12.144363
989	72.208397
990	38.322857
991	30.847897
992	40.283358
993	94.492332
994	65.606970
995	67.333588
996	49.299582
997	91.765768
998	73.486748
999	2.222207
1000	79.377568
;

param: d :=
1	-69.645313
2	-67.966157
3	-26.192463
4	-27.863165
5	-60.424511
6	-30.752763
7	-37.721914
8	-56.380563
9	-94.419672
10	-90.214847
11	-32.057188
12	-7.446749
13	-58.468775
14	-50.163415
15	-45.820520
16	-99.095810
17	-77.192091
18	-83.761464
19	-16.389238
20	-25.749879
21	-58.164252
22	-60.882842
23	-32.934322
24	-89.913153
25	-69.580284
26	-16.864922
27	-14.888758
28	-53.618434
29	-11.550627
30	-8.360907
31	-69.776994
32	-12.707893
33	-52.977880
34	-71.115329
35	-19.429057
36	-46.166167
37	-9.186994
38	-46.856925
39	-35.756310
40	-41.589922
41	-70.053339
42	-81.143280
43	-87.986492
44	-8.237921
45	-40.781129
46	-32.981037
47	-41.691928
48	-23.068116
49	-97.840033
50	-9.732532
51	-23.035081
52	-75.975442
53	-82.470628
54	-71.141281
55	-80.064632
56	-7.323953
57	-18.395974
58	-47.521694
59	-41.022976
60	-18.283451
61	-83.576324
62	-55.706542
63	-79.977164
64	-88.349376
65	-98.678950
66	-49.367835
67	-95.336830
68	-99.606359
69	-50.726149
70	-1.605718
71	-78.690573
72	-67.641250
73	-67.561003
74	-31.397861
75	-31.096033
76	-6.259748
77	-59.756524
78	-74.211303
79	-69.619902
80	-72.486962
81	-19.780645
82	-3.275031
83	-11.971159
84	-27.002876
85	-11.405185
86	-0.897323
87	-39.415642
88	-47.716130
89	-78.620982
90	-95.596392
91	-96.911892
92	-45.311197
93	-70.763666
94	-80.278898
95	-47.113937
96	-67.879061
97	-57.766026
98	-77.458654
99	-56.531497
100	-32.126372
101	-71.463352
102	-29.721471
103	-13.319271
104	-62.979119
105	-76.505448
106	-85.526903
107	-53.290843
108	-32.463518
109	-56.450268
110	-60.348231
111	-58.840102
112	-73.783994
113	-6.782360
114	-55.762535
115	-15.848441
116	-47.101486
117	-53.806795
118	-39.532476
119	-16.652642
120	-67.801961
121	-31.358259
122	-74.628552
123	-94.096518
124	-31.829864
125	-92.861395
126	-72.784639
127	-61.784811
128	-68.879432
129	-42.542018
130	-60.493040
131	-69.150774
132	-56.417898
133	-93.531291
134	-3.184536
135	-1.463828
136	-84.916489
137	-60.570849
138	-21.526846
139	-27.057072
140	-8.034662
141	-93.928694
142	-14.529942
143	-91.602999
144	-71.047369
145	-55.236217
146	-82.742126
147	-69.356896
148	-56.535465
149	-16.500517
150	-61.513496
151	-89.986652
152	-38.380985
153	-52.496444
154	-67.437270
155	-89.645042
156	-86.050157
157	-77.961341
158	-35.178419
159	-18.573481
160	-59.192766
161	-40.831000
162	-7.413187
163	-71.403356
164	-14.546335
165	-92.309353
166	-11.241498
167	-29.516576
168	-97.069243
169	-67.174128
170	-83.446287
171	-38.012778
172	-26.701904
173	-55.486827
174	-89.978267
175	-82.398090
176	-53.086035
177	-81.322712
178	-30.533190
179	-55.892880
180	-78.915628
181	-54.827036
182	-31.641507
183	-46.518500
184	-62.817548
185	-39.201852
186	-66.263627
187	-78.223439
188	-23.731781
189	-41.007402
190	-61.618011
191	-68.182994
192	-75.390544
193	-59.618595
194	-45.039666
195	-39.261608
196	-3.179351
197	-75.405915
198	-72.877496
199	-72.481701
200	-10.649958
201	-73.075660
202	-40.729820
203	-41.749953
204	-85.374215
205	-84.690382
206	-86.628495
207	-26.067086
208	-15.570922
209	-98.436741
210	-62.638641
211	-67.623794
212	-42.543359
213	-70.981849
214	-12.663072
215	-39.345436
216	-96.788076
217	-97.981480
218	-54.213993
219	-91.781303
220	-82.041110
221	-48.595857
222	-15.463364
223	-67.352041
224	-30.273800
225	-63.127229
226	-32.592856
227	-55.675026
228	-45.465874
229	-32.390018
230	-95.380950
231	-63.946000
232	-15.741194
233	-61.952464
234	-11.639522
235	-56.807360
236	-10.732420
237	-11.587109
238	-75.415340
239	-8.997623
240	-67.104950
241	-75.145671
242	-96.769115
243	-70.589856
244	-19.519619
245	-46.073703
246	-96.774313
247	-19.493417
248	-63.616732
249	-80.378761
250	-53.055841
251	-75.683821
252	-71.560827
253	-34.412469
254	-2.635782
255	-83.147289
256	-68.572638
257	-34.720540
258	-34.470035
259	-76.329183
260	-22.381780
261	-19.996991
262	-55.347900
263	-19.138628
264	-3.231751
265	-98.394258
266	-20.358508
267	-8.788999
268	-37.626716
269	-38.621994
270	-68.128822
271	-72.774979
272	-11.572337
273	-68.778129
274	-45.142333
275	-51.776453
276	-98.678551
277	-51.185371
278	-3.885271
279	-27.962721
280	-33.370813
281	-88.965336
282	-22.468176
283	-4.458015
284	-80.645456
285	-38.892500
286	-50.922303
287	-14.743363
288	-99.349368
289	-23.611772
290	-59.340281
291	-63.447579
292	-86.649645
293	-76.004745
294	-82.024401
295	-75.939092
296	-93.435920
297	-23.669048
298	-75.891996
299	-2.912043
300	-69.256080
301	-20.791382
302	-3.867886
303	-57.225287
304	-73.987003
305	-0.603682
306	-68.485445
307	-97.347773
308	-77.764916
309	-43.507225
310	-62.995162
311	-76.722148
312	-16.967793
313	-34.762148
314	-27.564302
315	-3.691543
316	-48.605666
317	-65.957744
318	-36.429125
319	-73.993002
320	-61.147344
321	-58.404728
322	-92.798212
323	-81.230514
324	-61.048544
325	-89.450295
326	-13.125971
327	-62.270981
328	-37.313776
329	-24.069939
330	-58.962803
331	-94.868051
332	-20.069051
333	-15.818883
334	-9.746834
335	-69.402018
336	-9.144013
337	-3.824694
338	-8.815282
339	-26.879042
340	-59.032076
341	-37.473740
342	-72.685053
343	-17.823977
344	-92.296212
345	-19.718077
346	-44.686349
347	-24.031259
348	-27.846295
349	-14.204242
350	-80.572994
351	-22.189935
352	-68.485242
353	-67.121974
354	-14.220895
355	-13.115347
356	-84.923627
357	-59.849137
358	-76.841683
359	-56.618825
360	-46.501581
361	-10.645829
362	-93.612560
363	-35.012336
364	-62.032523
365	-45.031288
366	-24.232640
367	-25.375133
368	-46.940620
369	-10.895201
370	-19.562660
371	-65.242790
372	-41.625677
373	-49.912055
374	-57.459111
375	-28.860354
376	-79.394912
377	-66.784078
378	-75.861352
379	-54.618356
380	-15.992368
381	-40.697724
382	-18.579852
383	-26.592678
384	-31.008211
385	-74.849518
386	-68.575062
387	-76.319175
388	-58.962262
389	-45.879926
390	-59.757648
391	-17.733993
392	-84.658591
393	-7.579638
394	-99.110257
395	-21.186249
396	-80.385625
397	-7.783581
398	-19.597212
399	-58.871516
400	-23.567612
401	-71.869369
402	-49.065223
403	-69.912771
404	-12.379511
405	-68.735195
406	-34.657375
407	-81.683290
408	-59.288574
409	-71.793697
410	-20.545670
411	-22.830858
412	-68.746558
413	-0.639554
414	-82.057258
415	-53.497334
416	-21.495797
417	-71.498360
418	-76.220832
419	-67.899227
420	-69.527524
421	-35.619121
422	-54.887995
423	-24.401134
424	-64.832037
425	-55.222840
426	-29.889314
427	-95.000089
428	-78.130711
429	-35.061120
430	-85.803378
431	-4.808153
432	-70.586811
433	-58.620420
434	-2.263104
435	-32.406742
436	-40.014841
437	-36.386267
438	-19.221121
439	-72.790753
440	-36.114462
441	-23.522447
442	-82.242732
443	-95.911618
444	-48.276971
445	-99.165376
446	-38.616656
447	-45.042052
448	-13.269757
449	-32.523926
450	-6.086270
451	-58.460972
452	-73.481668
453	-37.373457
454	-93.557618
455	-74.737625
456	-38.503170
457	-27.451420
458	-95.995944
459	-2.022021
460	-55.131143
461	-35.015392
462	-37.237897
463	-29.837426
464	-78.456525
465	-44.166443
466	-29.091172
467	-96.369562
468	-29.896546
469	-15.905105
470	-92.606902
471	-95.177858
472	-41.820280
473	-71.337562
474	-11.622298
475	-58.134547
476	-69.172800
477	-22.047100
478	-87.043327
479	-3.787709
480	-45.520235
481	-99.300139
482	-99.885693
483	-72.709152
484	-58.426887
485	-12.780212
486	-39.351222
487	-73.980092
488	-58.505545
489	-77.711863
490	-85.666079
491	-12.399080
492	-23.800235
493	-14.406212
494	-35.493312
495	-71.585686
496	-14.646138
497	-45.278232
498	-60.186702
499	-3.294193
500	-50.084975
501	-17.352387
502	-64.497927
503	-78.164080
504	-23.916039
505	-21.512561
506	-9.263197
507	-87.026368
508	-51.912969
509	-56.299148
510	-39.694872
511	-89.187112
512	-91.650448
513	-97.568246
514	-94.974184
515	-7.698811
516	-60.733702
517	-35.401338
518	-87.716068
519	-11.490792
520	-6.497284
521	-20.788221
522	-80.256533
523	-67.265936
524	-84.798504
525	-51.008778
526	-65.273188
527	-31.769525
528	-67.267485
529	-33.069505
530	-13.353076
531	-92.262478
532	-31.868375
533	-65.381311
534	-0.733603
535	-15.914704
536	-59.560976
537	-99.336846
538	-24.750343
539	-99.152276
540	-73.825492
541	-27.689193
542	-57.354928
543	-11.814841
544	-84.374708
545	-8.355214
546	-70.171919
547	-44.537808
548	-92.457532
549	-94.138833
550	-39.487470
551	-81.780732
552	-32.561974
553	-30.647534
554	-38.352230
555	-26.824158
556	-3.018175
557	-96.193121
558	-97.807104
559	-30.048917
560	-14.761533
561	-26.685510
562	-84.766708
563	-78.188046
564	-16.061358
565	-29.275787
566	-36.375940
567	-17.628068
568	-36.541085
569	-9.644711
570	-21.579488
571	-90.342325
572	-67.885277
573	-99.121012
574	-17.464418
575	-64.233861
576	-81.121880
577	-16.166681
578	-63.048041
579	-7.170736
580	-37.872237
581	-80.845997
582	-24.497112
583	-99.500954
584	-68.814554
585	-83.109131
586	-37.170380
587	-95.008497
588	-89.832743
589	-44.816869
590	-28.376375
591	-17.339254
592	-51.428828
593	-18.049926
594	-85.609188
595	-65.018227
596	-93.994198
597	-90.142243
598	-40.073827
599	-3.083456
600	-31.973576
601	-1.066659
602	-45.556064
603	-66.831861
604	-56.854929
605	-70.875835
606	-21.684487
607	-81.440025
608	-72.001529
609	-60.036809
610	-67.102296
611	-44.402207
612	-40.574730
613	-5.846465
614	-57.658890
615	-44.369732
616	-83.122546
617	-79.287962
618	-29.268889
619	-3.388759
620	-34.178609
621	-46.885232
622	-9.206508
623	-42.967579
624	-2.558924
625	-94.129156
626	-83.562574
627	-1.791366
628	-77.013106
629	-73.675291
630	-47.347170
631	-70.169021
632	-4.480367
633	-34.442063
634	-89.239910
635	-16.324666
636	-5.221325
637	-92.095476
638	-5.146325
639	-45.880827
640	-83.490953
641	-29.524469
642	-4.859042
643	-42.424865
644	-12.322666
645	-45.397150
646	-84.736539
647	-71.048901
648	-23.763207
649	-87.734402
650	-59.210249
651	-95.797768
652	-25.637101
653	-12.857272
654	-10.070390
655	-7.735737
656	-37.926790
657	-93.918304
658	-32.564097
659	-17.611431
660	-51.023605
661	-63.013663
662	-76.804412
663	-90.233901
664	-66.078516
665	-63.821349
666	-33.665410
667	-9.708948
668	-49.713536
669	-43.514001
670	-9.203353
671	-47.194476
672	-91.488207
673	-88.287166
674	-73.014705
675	-36.377670
676	-33.421500
677	-5.713828
678	-72.550081
679	-61.484137
680	-99.434006
681	-21.763842
682	-39.925433
683	-52.976225
684	-37.700995
685	-36.006000
686	-64.898199
687	-48.121995
688	-8.982684
689	-73.389008
690	-93.929732
691	-87.637821
692	-32.328333
693	-47.934171
694	-11.181930
695	-38.643989
696	-21.550064
697	-0.297358
698	-98.031596
699	-33.943701
700	-46.063000
701	-91.819222
702	-3.992867
703	-0.419812
704	-26.045813
705	-40.136027
706	-66.626318
707	-85.095465
708	-69.384798
709	-6.022830
710	-68.030729
711	-61.075846
712	-27.734241
713	-38.951295
714	-6.279770
715	-10.876899
716	-23.980347
717	-31.521182
718	-99.832673
719	-71.473852
720	-69.058720
721	-35.442872
722	-20.624672
723	-95.925190
724	-8.658009
725	-28.083714
726	-28.489020
727	-18.976184
728	-28.059166
729	-23.636713
730	-13.649153
731	-52.911480
732	-16.115241
733	-3.354190
734	-72.990752
735	-40.165331
736	-63.411998
737	-1.090680
738	-33.925130
739	-39.799296
740	-82.570632
741	-59.022642
742	-84.012466
743	-79.377293
744	-79.591331
745	-76.321842
746	-76.650793
747	-67.521919
748	-21.522841
749	-88.656670
750	-64.511504
751	-57.093675
752	-21.052677
753	-79.598549
754	-31.386041
755	-87.382614
756	-12.182932
757	-1.115065
758	-10.525530
759	-8.964437
760	-67.624759
761	-29.781633
762	-62.089475
763	-43.210593
764	-79.518856
765	-45.918936
766	-33.996318
767	-44.683247
768	-22.046483
769	-77.744270
770	-0.505243
771	-73.297730
772	-79.183378
773	-52.236185
774	-71.564777
775	-92.638319
776	-54.843406
777	-34.531200
778	-92.281135
779	-12.836486
780	-42.520995
781	-28.205979
782	-16.475395
783	-29.291480
784	-48.510204
785	-16.434327
786	-39.260694
787	-82.699450
788	-93.345960
789	-65.033149
790	-46.696864
791	-68.833794
792	-1.548234
793	-3.562949
794	-49.377752
795	-76.941316
796	-62.669088
797	-51.090837
798	-37.280518
799	-25.188010
800	-50.073526
801	-22.330308
802	-70.540243
803	-47.447802
804	-32.080906
805	-5.300375
806	-44.303456
807	-59.753118
808	-74.905783
809	-61.581575
810	-80.745005
811	-41.068380
812	-76.132133
813	-74.089907
814	-3.528683
815	-76.109144
816	-2.292161
817	-11.101782
818	-89.035496
819	-22.497301
820	-55.561188
821	-80.710808
822	-16.882387
823	-41.380166
824	-1.076460
825	-2.429714
826	-33.948493
827	-93.875468
828	-11.872211
829	-86.243854
830	-58.984322
831	-14.024047
832	-26.442966
833	-19.479077
834	-34.768350
835	-12.313144
836	-91.041341
837	-15.673377
838	-79.136446
839	-5.809819
840	-78.847119
841	-16.637894
842	-51.939221
843	-11.466586
844	-16.054736
845	-66.049618
846	-80.653344
847	-21.237745
848	-32.952717
849	-8.085011
850	-81.798037
851	-41.529062
852	-98.118596
853	-23.164107
854	-69.365418
855	-65.079888
856	-47.690334
857	-24.012645
858	-98.193627
859	-70.474577
860	-7.038205
861	-37.762071
862	-71.750766
863	-67.870796
864	-3.338130
865	-17.175321
866	-86.972610
867	-93.579445
868	-93.439167
869	-93.371081
870	-78.206322
871	-2.608400
872	-79.072512
873	-51.213175
874	-37.748391
875	-21.778307
876	-23.812606
877	-1.947792
878	-19.924268
879	-4.670376
880	-73.292590
881	-24.984012
882	-1.796798
883	-71.334330
884	-80.253152
885	-76.263739
886	-92.101431
887	-40.037319
888	-75.630865
889	-34.278150
890	-29.234848
891	-38.962059
892	-96.657859
893	-48.767255
894	-92.260071
895	-9.166572
896	-0.768549
897	-51.889190
898	-30.238950
899	-49.525168
900	-28.736161
901	-30.435873
902	-84.824670
903	-99.815774
904	-80.302087
905	-65.308308
906	-16.625109
907	-13.040887
908	-56.769766
909	-92.571486
910	-1.280566
911	-80.335977
912	-66.691773
913	-73.299709
914	-86.975216
915	-36.272711
916	-32.491148
917	-43.444511
918	-9.254399
919	-92.927442
920	-76.385961
921	-88.836624
922	-29.623009
923	-60.810204
924	-1.739505
925	-72.564502
926	-82.747321
927	-2.021342
928	-87.747051
929	-19.625132
930	-16.884113
931	-66.806232
932	-23.395740
933	-46.461097
934	-24.541732
935	-61.919584
936	-54.555684
937	-47.990028
938	-22.203544
939	-59.093214
940	-67.646924
941	-94.524850
942	-60.263512
943	-28.357178
944	-74.634139
945	-4.167569
946	-7.953092
947	-25.300016
948	-95.444618
949	-62.610161
950	-59.495158
951	-24.634187
952	-20.083552
953	-48.190631
954	-97.834100
955	-49.640696
956	-39.764112
957	-66.802924
958	-69.975670
959	-90.447558
960	-13.345896
961	-5.036025
962	-59.475099
963	-82.420905
964	-73.488616
965	-18.449207
966	-35.171994
967	-69.452593
968	-81.372198
969	-81.376222
970	-59.935922
971	-11.002001
972	-95.581941
973	-79.174951
974	-40.399275
975	-14.854542
976	-2.308036
977	-22.676557
978	-32.080205
979	-28.622630
980	-10.459388
981	-94.311108
982	-62.134306
983	-4.495260
984	-9.051927
985	-51.260896
986	-10.411738
987	-93.925565
988	-44.633472
989	-63.483132
990	-8.427437
991	-40.856692
992	-56.891943
993	-76.503958
994	-46.891828
995	-10.679912
996	-40.596826
997	-44.739119
998	-78.574168
999	-78.311173
1000	-80.202881
;

param: weight :=
1	61.000000
2	20.000000
3	28.000000
4	22.000000
5	63.000000
6	59.000000
7	22.000000
8	27.000000
9	35.000000
10	40.000000
11	97.000000
12	2.000000
13	52.000000
14	39.000000
15	10.000000
16	72.000000
17	56.000000
18	84.000000
19	7.000000
20	49.000000
21	2.000000
22	78.000000
23	78.000000
24	11.000000
25	83.000000
26	32.000000
27	66.000000
28	86.000000
29	51.000000
30	21.000000
31	77.000000
32	94.000000
33	5.000000
34	75.000000
35	40.000000
36	93.000000
37	39.000000
38	82.000000
39	67.000000
40	78.000000
41	77.000000
42	92.000000
43	80.000000
44	83.000000
45	2.000000
46	24.000000
47	68.000000
48	46.000000
49	61.000000
50	35.000000
51	7.000000
52	15.000000
53	12.000000
54	92.000000
55	31.000000
56	26.000000
57	43.000000
58	79.000000
59	67.000000
60	10.000000
61	86.000000
62	12.000000
63	36.000000
64	52.000000
65	76.000000
66	26.000000
67	42.000000
68	19.000000
69	67.000000
70	81.000000
71	69.000000
72	40.000000
73	4.000000
74	12.000000
75	89.000000
76	75.000000
77	35.000000
78	48.000000
79	98.000000
80	7.000000
81	92.000000
82	1.000000
83	78.000000
84	26.000000
85	68.000000
86	66.000000
87	1.000000
88	94.000000
89	85.000000
90	43.000000
91	35.000000
92	91.000000
93	29.000000
94	64.000000
95	49.000000
96	68.000000
97	47.000000
98	45.000000
99	91.000000
100	76.000000
101	41.000000
102	8.000000
103	74.000000
104	58.000000
105	12.000000
106	33.000000
107	11.000000
108	68.000000
109	27.000000
110	78.000000
111	73.000000
112	67.000000
113	17.000000
114	24.000000
115	80.000000
116	98.000000
117	15.000000
118	31.000000
119	26.000000
120	86.000000
121	99.000000
122	12.000000
123	71.000000
124	88.000000
125	86.000000
126	57.000000
127	1.000000
128	67.000000
129	94.000000
130	26.000000
131	53.000000
132	4.000000
133	96.000000
134	10.000000
135	26.000000
136	2.000000
137	56.000000
138	98.000000
139	19.000000
140	7.000000
141	96.000000
142	14.000000
143	35.000000
144	87.000000
145	39.000000
146	90.000000
147	31.000000
148	18.000000
149	13.000000
150	9.000000
151	71.000000
152	47.000000
153	48.000000
154	75.000000
155	60.000000
156	97.000000
157	34.000000
158	96.000000
159	72.000000
160	17.000000
161	48.000000
162	65.000000
163	62.000000
164	88.000000
165	76.000000
166	10.000000
167	28.000000
168	17.000000
169	36.000000
170	41.000000
171	19.000000
172	36.000000
173	21.000000
174	43.000000
175	86.000000
176	53.000000
177	58.000000
178	5.000000
179	11.000000
180	85.000000
181	99.000000
182	79.000000
183	70.000000
184	6.000000
185	22.000000
186	58.000000
187	73.000000
188	17.000000
189	20.000000
190	29.000000
191	5.000000
192	48.000000
193	29.000000
194	57.000000
195	98.000000
196	37.000000
197	88.000000
198	77.000000
199	67.000000
200	32.000000
201	43.000000
202	65.000000
203	3.000000
204	70.000000
205	93.000000
206	18.000000
207	45.000000
208	3.000000
209	21.000000
210	28.000000
211	84.000000
212	12.000000
213	34.000000
214	56.000000
215	68.000000
216	80.000000
217	70.000000
218	46.000000
219	5.000000
220	69.000000
221	59.000000
222	93.000000
223	95.000000
224	13.000000
225	57.000000
226	95.000000
227	51.000000
228	33.000000
229	70.000000
230	39.000000
231	72.000000
232	94.000000
233	37.000000
234	45.000000
235	92.000000
236	68.000000
237	74.000000
238	18.000000
239	8.000000
240	26.000000
241	93.000000
242	67.000000
243	92.000000
244	30.000000
245	68.000000
246	35.000000
247	70.000000
248	26.000000
249	91.000000
250	79.000000
251	44.000000
252	33.000000
253	40.000000
254	81.000000
255	32.000000
256	85.000000
257	81.000000
258	18.000000
259	12.000000
260	70.000000
261	82.000000
262	46.000000
263	20.000000
264	66.000000
265	65.000000
266	94.000000
267	96.000000
268	50.000000
269	49.000000
270	43.000000
271	59.000000
272	31.000000
273	88.000000
274	36.000000
275	74.000000
276	4.000000
277	44.000000
278	87.000000
279	98.000000
280	70.000000
281	59.000000
282	64.000000
283	90.000000
284	12.000000
285	17.000000
286	1.000000
287	67.000000
288	20.000000
289	31.000000
290	21.000000
291	78.000000
292	63.000000
293	1.000000
294	94.000000
295	89.000000
296	17.000000
297	1.000000
298	71.000000
299	61.000000
300	3.000000
301	18.000000
302	46.000000
303	84.000000
304	78.000000
305	1.000000
306	18.000000
307	60.000000
308	4.000000
309	74.000000
310	93.000000
311	49.000000
312	32.000000
313	73.000000
314	17.000000
315	75.000000
316	29.000000
317	82.000000
318	16.000000
319	82.000000
320	71.000000
321	20.000000
322	16.000000
323	78.000000
324	10.000000
325	78.000000
326	8.000000
327	22.000000
328	10.000000
329	22.000000
330	71.000000
331	77.000000
332	2.000000
333	66.000000
334	97.000000
335	67.000000
336	3.000000
337	74.000000
338	79.000000
339	29.000000
340	67.000000
341	49.000000
342	76.000000
343	95.000000
344	19.000000
345	71.000000
346	94.000000
347	79.000000
348	30.000000
349	67.000000
350	13.000000
351	73.000000
352	25.000000
353	24.000000
354	66.000000
355	13.000000
356	32.000000
357	8.000000
358	54.000000
359	76.000000
360	50.000000
361	97.000000
362	24.000000
363	76.000000
364	85.000000
365	83.000000
366	35.000000
367	3.000000
368	70.000000
369	59.000000
370	88.000000
371	88.000000
372	16.000000
373	31.000000
374	47.000000
375	67.000000
376	34.000000
377	61.000000
378	3.000000
379	78.000000
380	19.000000
381	21.000000
382	79.000000
383	20.000000
384	52.000000
385	31.000000
386	98.000000
387	10.000000
388	69.000000
389	22.000000
390	90.000000
391	32.000000
392	73.000000
393	66.000000
394	2.000000
395	3.000000
396	95.000000
397	4.000000
398	16.000000
399	18.000000
400	74.000000
401	78.000000
402	18.000000
403	59.000000
404	45.000000
405	47.000000
406	31.000000
407	72.000000
408	95.000000
409	98.000000
410	58.000000
411	84.000000
412	30.000000
413	45.000000
414	48.000000
415	35.000000
416	47.000000
417	63.000000
418	70.000000
419	92.000000
420	97.000000
421	61.000000
422	58.000000
423	38.000000
424	84.000000
425	25.000000
426	17.000000
427	82.000000
428	89.000000
429	73.000000
430	8.000000
431	7.000000
432	36.000000
433	36.000000
434	56.000000
435	83.000000
436	19.000000
437	73.000000
438	19.000000
439	32.000000
440	60.000000
441	1.000000
442	63.000000
443	45.000000
444	72.000000
445	53.000000
446	49.000000
447	61.000000
448	35.000000
449	15.000000
450	33.000000
451	47.000000
452	97.000000
453	57.000000
454	32.000000
455	1.000000
456	79.000000
457	81.000000
458	10.000000
459	48.000000
460	47.000000
461	79.000000
462	82.000000
463	50.000000
464	46.000000
465	36.000000
466	71.000000
467	59.000000
468	48.000000
469	85.000000
470	10.000000
471	7.000000
472	54.000000
473	85.000000
474	4.000000
475	35.000000
476	24.000000
477	10.000000
478	19.000000
479	45.000000
480	93.000000
481	14.000000
482	35.000000
483	10.000000
484	21.000000
485	85.000000
486	27.000000
487	44.000000
488	5.000000
489	22.000000
490	13.000000
491	89.000000
492	31.000000
493	84.000000
494	39.000000
495	69.000000
496	87.000000
497	24.000000
498	18.000000
499	13.000000
500	78.000000
501	71.000000
502	24.000000
503	44.000000
504	40.000000
505	96.000000
506	89.000000
507	23.000000
508	43.000000
509	3.000000
510	3.000000
511	41.000000
512	82.000000
513	9.000000
514	54.000000
515	33.000000
516	28.000000
517	93.000000
518	71.000000
519	84.000000
520	38.000000
521	46.000000
522	55.000000
523	47.000000
524	76.000000
525	70.000000
526	19.000000
527	59.000000
528	48.000000
529	8.000000
530	13.000000
531	17.000000
532	86.000000
533	77.000000
534	86.000000
535	95.000000
536	48.000000
537	96.000000
538	34.000000
539	71.000000
540	25.000000
541	64.000000
542	81.000000
543	49.000000
544	96.000000
545	51.000000
546	38.000000
547	14.000000
548	47.000000
549	68.000000
550	88.000000
551	1.000000
552	53.000000
553	25.000000
554	59.000000
555	4.000000
556	79.000000
557	1.000000
558	62.000000
559	23.000000
560	39.000000
561	36.000000
562	78.000000
563	83.000000
564	14.000000
565	30.000000
566	12.000000
567	71.000000
568	37.000000
569	19.000000
570	35.000000
571	88.000000
572	62.000000
573	61.000000
574	73.000000
575	3.000000
576	15.000000
577	71.000000
578	41.000000
579	65.000000
580	6.000000
581	17.000000
582	27.000000
583	48.000000
584	59.000000
585	57.000000
586	59.000000
587	31.000000
588	3.000000
589	78.000000
590	47.000000
591	86.000000
592	33.000000
593	40.000000
594	49.000000
595	36.000000
596	22.000000
597	48.000000
598	27.000000
599	83.000000
600	86.000000
601	71.000000
602	11.000000
603	63.000000
604	70.000000
605	92.000000
606	98.000000
607	49.000000
608	76.000000
609	4.000000
610	8.000000
611	30.000000
612	89.000000
613	30.000000
614	29.000000
615	46.000000
616	80.000000
617	56.000000
618	75.000000
619	24.000000
620	28.000000
621	48.000000
622	73.000000
623	30.000000
624	38.000000
625	51.000000
626	86.000000
627	23.000000
628	69.000000
629	56.000000
630	54.000000
631	78.000000
632	38.000000
633	58.000000
634	16.000000
635	89.000000
636	44.000000
637	86.000000
638	62.000000
639	47.000000
640	96.000000
641	6.000000
642	37.000000
643	3.000000
644	48.000000
645	87.000000
646	51.000000
647	41.000000
648	73.000000
649	74.000000
650	79.000000
651	28.000000
652	95.000000
653	73.000000
654	43.000000
655	22.000000
656	4.000000
657	42.000000
658	81.000000
659	68.000000
660	79.000000
661	65.000000
662	34.000000
663	22.000000
664	82.000000
665	33.000000
666	83.000000
667	80.000000
668	24.000000
669	92.000000
670	3.000000
671	38.000000
672	51.000000
673	1.000000
674	83.000000
675	69.000000
676	16.000000
677	9.000000
678	89.000000
679	94.000000
680	41.000000
681	88.000000
682	5.000000
683	95.000000
684	30.000000
685	45.000000
686	64.000000
687	25.000000
688	34.000000
689	67.000000
690	58.000000
691	35.000000
692	55.000000
693	19.000000
694	21.000000
695	82.000000
696	97.000000
697	90.000000
698	76.000000
699	17.000000
700	81.000000
701	42.000000
702	95.000000
703	31.000000
704	5.000000
705	5.000000
706	75.000000
707	9.000000
708	30.000000
709	61.000000
710	32.000000
711	9.000000
712	59.000000
713	65.000000
714	89.000000
715	9.000000
716	13.000000
717	84.000000
718	16.000000
719	66.000000
720	90.000000
721	48.000000
722	52.000000
723	46.000000
724	74.000000
725	88.000000
726	35.000000
727	50.000000
728	73.000000
729	19.000000
730	49.000000
731	64.000000
732	65.000000
733	41.000000
734	12.000000
735	82.000000
736	43.000000
737	51.000000
738	81.000000
739	65.000000
740	87.000000
741	86.000000
742	22.000000
743	5.000000
744	85.000000
745	90.000000
746	24.000000
747	80.000000
748	25.000000
749	85.000000
750	8.000000
751	42.000000
752	85.000000
753	50.000000
754	35.000000
755	66.000000
756	82.000000
757	20.000000
758	6.000000
759	80.000000
760	63.000000
761	28.000000
762	42.000000
763	97.000000
764	88.000000
765	78.000000
766	60.000000
767	8.000000
768	77.000000
769	91.000000
770	81.000000
771	84.000000
772	22.000000
773	13.000000
774	29.000000
775	54.000000
776	81.000000
777	50.000000
778	34.000000
779	28.000000
780	82.000000
781	95.000000
782	72.000000
783	46.000000
784	74.000000
785	66.000000
786	46.000000
787	41.000000
788	69.000000
789	37.000000
790	32.000000
791	29.000000
792	73.000000
793	19.000000
794	32.000000
795	25.000000
796	71.000000
797	46.000000
798	26.000000
799	22.000000
800	9.000000
801	47.000000
802	49.000000
803	16.000000
804	61.000000
805	75.000000
806	90.000000
807	13.000000
808	93.000000
809	14.000000
810	16.000000
811	82.000000
812	23.000000
813	6.000000
814	12.000000
815	10.000000
816	20.000000
817	29.000000
818	4.000000
819	49.000000
820	45.000000
821	32.000000
822	3.000000
823	45.000000
824	58.000000
825	95.000000
826	17.000000
827	32.000000
828	15.000000
829	98.000000
830	16.000000
831	67.000000
832	82.000000
833	69.000000
834	25.000000
835	20.000000
836	45.000000
837	99.000000
838	87.000000
839	57.000000
840	87.000000
841	26.000000
842	55.000000
843	83.000000
844	90.000000
845	76.000000
846	75.000000
847	22.000000
848	39.000000
849	30.000000
850	44.000000
851	36.000000
852	4.000000
853	66.000000
854	81.000000
855	46.000000
856	74.000000
857	2.000000
858	81.000000
859	43.000000
860	23.000000
861	25.000000
862	67.000000
863	54.000000
864	46.000000
865	15.000000
866	12.000000
867	15.000000
868	57.000000
869	94.000000
870	15.000000
871	19.000000
872	66.000000
873	57.000000
874	81.000000
875	65.000000
876	88.000000
877	58.000000
878	33.000000
879	77.000000
880	90.000000
881	48.000000
882	88.000000
883	94.000000
884	52.000000
885	92.000000
886	91.000000
887	15.000000
888	73.000000
889	57.000000
890	93.000000
891	35.000000
892	26.000000
893	74.000000
894	84.000000
895	89.000000
896	26.000000
897	41.000000
898	35.000000
899	12.000000
900	39.000000
901	83.000000
902	39.000000
903	21.000000
904	41.000000
905	55.000000
906	29.000000
907	10.000000
908	54.000000
909	8.000000
910	87.000000
911	20.000000
912	15.000000
913	45.000000
914	75.000000
915	9.000000
916	10.000000
917	7.000000
918	37.000000
919	23.000000
920	84.000000
921	25.000000
922	68.000000
923	91.000000
924	44.000000
925	58.000000
926	91.000000
927	58.000000
928	62.000000
929	96.000000
930	39.000000
931	43.000000
932	14.000000
933	87.000000
934	43.000000
935	81.000000
936	10.000000
937	72.000000
938	76.000000
939	33.000000
940	34.000000
941	12.000000
942	47.000000
943	54.000000
944	17.000000
945	47.000000
946	81.000000
947	4.000000
948	32.000000
949	23.000000
950	21.000000
951	66.000000
952	96.000000
953	94.000000
954	23.000000
955	91.000000
956	78.000000
957	15.000000
958	87.000000
959	78.000000
960	10.000000
961	54.000000
962	53.000000
963	80.000000
964	62.000000
965	51.000000
966	69.000000
967	80.000000
968	26.000000
969	6.000000
970	53.000000
971	96.000000
972	22.000000
973	3.000000
974	66.000000
975	5.000000
976	77.000000
977	86.000000
978	28.000000
979	37.000000
980	18.000000
981	87.000000
982	63.000000
983	98.000000
984	52.000000
985	27.000000
986	41.000000
987	47.000000
988	51.000000
989	54.000000
990	75.000000
991	89.000000
992	54.000000
993	52.000000
994	10.000000
995	65.000000
996	51.000000
997	10.000000
998	56.000000
999	26.000000
1000	16.000000
;

param: U :=
1	100.000000
2	100.000000
3	100.000000
4	100.000000
5	100.000000
6	100.000000
7	100.000000
8	100.000000
9	100.000000
10	100.000000
11	100.000000
12	100.000000
13	100.000000
14	100.000000
15	100.000000
16	100.000000
17	100.000000
18	100.000000
19	100.000000
20	100.000000
21	100.000000
22	100.000000
23	100.000000
24	100.000000
25	100.000000
26	100.000000
27	100.000000
28	100.000000
29	100.000000
30	100.000000
31	100.000000
32	100.000000
33	100.000000
34	100.000000
35	100.000000
36	100.000000
37	100.000000
38	100.000000
39	100.000000
40	100.000000
41	100.000000
42	100.000000
43	100.000000
44	100.000000
45	100.000000
46	100.000000
47	100.000000
48	100.000000
49	100.000000
50	100.000000
51	100.000000
52	100.000000
53	100.000000
54	100.000000
55	100.000000
56	100.000000
57	100.000000
58	100.000000
59	100.000000
60	100.000000
61	100.000000
62	100.000000
63	100.000000
64	100.000000
65	100.000000
66	100.000000
67	100.000000
68	100.000000
69	100.000000
70	100.000000
71	100.000000
72	100.000000
73	100.000000
74	100.000000
75	100.000000
76	100.000000
77	100.000000
78	100.000000
79	100.000000
80	100.000000
81	100.000000
82	100.000000
83	100.000000
84	100.000000
85	100.000000
86	100.000000
87	100.000000
88	100.000000
89	100.000000
90	100.000000
91	100.000000
92	100.000000
93	100.000000
94	100.000000
95	100.000000
96	100.000000
97	100.000000
98	100.000000
99	100.000000
100	100.000000
101	100.000000
102	100.000000
103	100.000000
104	100.000000
105	100.000000
106	100.000000
107	100.000000
108	100.000000
109	100.000000
110	100.000000
111	100.000000
112	100.000000
113	100.000000
114	100.000000
115	100.000000
116	100.000000
117	100.000000
118	100.000000
119	100.000000
120	100.000000
121	100.000000
122	100.000000
123	100.000000
124	100.000000
125	100.000000
126	100.000000
127	100.000000
128	100.000000
129	100.000000
130	100.000000
131	100.000000
132	100.000000
133	100.000000
134	100.000000
135	100.000000
136	100.000000
137	100.000000
138	100.000000
139	100.000000
140	100.000000
141	100.000000
142	100.000000
143	100.000000
144	100.000000
145	100.000000
146	100.000000
147	100.000000
148	100.000000
149	100.000000
150	100.000000
151	100.000000
152	100.000000
153	100.000000
154	100.000000
155	100.000000
156	100.000000
157	100.000000
158	100.000000
159	100.000000
160	100.000000
161	100.000000
162	100.000000
163	100.000000
164	100.000000
165	100.000000
166	100.000000
167	100.000000
168	100.000000
169	100.000000
170	100.000000
171	100.000000
172	100.000000
173	100.000000
174	100.000000
175	100.000000
176	100.000000
177	100.000000
178	100.000000
179	100.000000
180	100.000000
181	100.000000
182	100.000000
183	100.000000
184	100.000000
185	100.000000
186	100.000000
187	100.000000
188	100.000000
189	100.000000
190	100.000000
191	100.000000
192	100.000000
193	100.000000
194	100.000000
195	100.000000
196	100.000000
197	100.000000
198	100.000000
199	100.000000
200	100.000000
201	100.000000
202	100.000000
203	100.000000
204	100.000000
205	100.000000
206	100.000000
207	100.000000
208	100.000000
209	100.000000
210	100.000000
211	100.000000
212	100.000000
213	100.000000
214	100.000000
215	100.000000
216	100.000000
217	100.000000
218	100.000000
219	100.000000
220	100.000000
221	100.000000
222	100.000000
223	100.000000
224	100.000000
225	100.000000
226	100.000000
227	100.000000
228	100.000000
229	100.000000
230	100.000000
231	100.000000
232	100.000000
233	100.000000
234	100.000000
235	100.000000
236	100.000000
237	100.000000
238	100.000000
239	100.000000
240	100.000000
241	100.000000
242	100.000000
243	100.000000
244	100.000000
245	100.000000
246	100.000000
247	100.000000
248	100.000000
249	100.000000
250	100.000000
251	100.000000
252	100.000000
253	100.000000
254	100.000000
255	100.000000
256	100.000000
257	100.000000
258	100.000000
259	100.000000
260	100.000000
261	100.000000
262	100.000000
263	100.000000
264	100.000000
265	100.000000
266	100.000000
267	100.000000
268	100.000000
269	100.000000
270	100.000000
271	100.000000
272	100.000000
273	100.000000
274	100.000000
275	100.000000
276	100.000000
277	100.000000
278	100.000000
279	100.000000
280	100.000000
281	100.000000
282	100.000000
283	100.000000
284	100.000000
285	100.000000
286	100.000000
287	100.000000
288	100.000000
289	100.000000
290	100.000000
291	100.000000
292	100.000000
293	100.000000
294	100.000000
295	100.000000
296	100.000000
297	100.000000
298	100.000000
299	100.000000
300	100.000000
301	100.000000
302	100.000000
303	100.000000
304	100.000000
305	100.000000
306	100.000000
307	100.000000
308	100.000000
309	100.000000
310	100.000000
311	100.000000
312	100.000000
313	100.000000
314	100.000000
315	100.000000
316	100.000000
317	100.000000
318	100.000000
319	100.000000
320	100.000000
321	100.000000
322	100.000000
323	100.000000
324	100.000000
325	100.000000
326	100.000000
327	100.000000
328	100.000000
329	100.000000
330	100.000000
331	100.000000
332	100.000000
333	100.000000
334	100.000000
335	100.000000
336	100.000000
337	100.000000
338	100.000000
339	100.000000
340	100.000000
341	100.000000
342	100.000000
343	100.000000
344	100.000000
345	100.000000
346	100.000000
347	100.000000
348	100.000000
349	100.000000
350	100.000000
351	100.000000
352	100.000000
353	100.000000
354	100.000000
355	100.000000
356	100.000000
357	100.000000
358	100.000000
359	100.000000
360	100.000000
361	100.000000
362	100.000000
363	100.000000
364	100.000000
365	100.000000
366	100.000000
367	100.000000
368	100.000000
369	100.000000
370	100.000000
371	100.000000
372	100.000000
373	100.000000
374	100.000000
375	100.000000
376	100.000000
377	100.000000
378	100.000000
379	100.000000
380	100.000000
381	100.000000
382	100.000000
383	100.000000
384	100.000000
385	100.000000
386	100.000000
387	100.000000
388	100.000000
389	100.000000
390	100.000000
391	100.000000
392	100.000000
393	100.000000
394	100.000000
395	100.000000
396	100.000000
397	100.000000
398	100.000000
399	100.000000
400	100.000000
401	100.000000
402	100.000000
403	100.000000
404	100.000000
405	100.000000
406	100.000000
407	100.000000
408	100.000000
409	100.000000
410	100.000000
411	100.000000
412	100.000000
413	100.000000
414	100.000000
415	100.000000
416	100.000000
417	100.000000
418	100.000000
419	100.000000
420	100.000000
421	100.000000
422	100.000000
423	100.000000
424	100.000000
425	100.000000
426	100.000000
427	100.000000
428	100.000000
429	100.000000
430	100.000000
431	100.000000
432	100.000000
433	100.000000
434	100.000000
435	100.000000
436	100.000000
437	100.000000
438	100.000000
439	100.000000
440	100.000000
441	100.000000
442	100.000000
443	100.000000
444	100.000000
445	100.000000
446	100.000000
447	100.000000
448	100.000000
449	100.000000
450	100.000000
451	100.000000
452	100.000000
453	100.000000
454	100.000000
455	100.000000
456	100.000000
457	100.000000
458	100.000000
459	100.000000
460	100.000000
461	100.000000
462	100.000000
463	100.000000
464	100.000000
465	100.000000
466	100.000000
467	100.000000
468	100.000000
469	100.000000
470	100.000000
471	100.000000
472	100.000000
473	100.000000
474	100.000000
475	100.000000
476	100.000000
477	100.000000
478	100.000000
479	100.000000
480	100.000000
481	100.000000
482	100.000000
483	100.000000
484	100.000000
485	100.000000
486	100.000000
487	100.000000
488	100.000000
489	100.000000
490	100.000000
491	100.000000
492	100.000000
493	100.000000
494	100.000000
495	100.000000
496	100.000000
497	100.000000
498	100.000000
499	100.000000
500	100.000000
501	100.000000
502	100.000000
503	100.000000
504	100.000000
505	100.000000
506	100.000000
507	100.000000
508	100.000000
509	100.000000
510	100.000000
511	100.000000
512	100.000000
513	100.000000
514	100.000000
515	100.000000
516	100.000000
517	100.000000
518	100.000000
519	100.000000
520	100.000000
521	100.000000
522	100.000000
523	100.000000
524	100.000000
525	100.000000
526	100.000000
527	100.000000
528	100.000000
529	100.000000
530	100.000000
531	100.000000
532	100.000000
533	100.000000
534	100.000000
535	100.000000
536	100.000000
537	100.000000
538	100.000000
539	100.000000
540	100.000000
541	100.000000
542	100.000000
543	100.000000
544	100.000000
545	100.000000
546	100.000000
547	100.000000
548	100.000000
549	100.000000
550	100.000000
551	100.000000
552	100.000000
553	100.000000
554	100.000000
555	100.000000
556	100.000000
557	100.000000
558	100.000000
559	100.000000
560	100.000000
561	100.000000
562	100.000000
563	100.000000
564	100.000000
565	100.000000
566	100.000000
567	100.000000
568	100.000000
569	100.000000
570	100.000000
571	100.000000
572	100.000000
573	100.000000
574	100.000000
575	100.000000
576	100.000000
577	100.000000
578	100.000000
579	100.000000
580	100.000000
581	100.000000
582	100.000000
583	100.000000
584	100.000000
585	100.000000
586	100.000000
587	100.000000
588	100.000000
589	100.000000
590	100.000000
591	100.000000
592	100.000000
593	100.000000
594	100.000000
595	100.000000
596	100.000000
597	100.000000
598	100.000000
599	100.000000
600	100.000000
601	100.000000
602	100.000000
603	100.000000
604	100.000000
605	100.000000
606	100.000000
607	100.000000
608	100.000000
609	100.000000
610	100.000000
611	100.000000
612	100.000000
613	100.000000
614	100.000000
615	100.000000
616	100.000000
617	100.000000
618	100.000000
619	100.000000
620	100.000000
621	100.000000
622	100.000000
623	100.000000
624	100.000000
625	100.000000
626	100.000000
627	100.000000
628	100.000000
629	100.000000
630	100.000000
631	100.000000
632	100.000000
633	100.000000
634	100.000000
635	100.000000
636	100.000000
637	100.000000
638	100.000000
639	100.000000
640	100.000000
641	100.000000
642	100.000000
643	100.000000
644	100.000000
645	100.000000
646	100.000000
647	100.000000
648	100.000000
649	100.000000
650	100.000000
651	100.000000
652	100.000000
653	100.000000
654	100.000000
655	100.000000
656	100.000000
657	100.000000
658	100.000000
659	100.000000
660	100.000000
661	100.000000
662	100.000000
663	100.000000
664	100.000000
665	100.000000
666	100.000000
667	100.000000
668	100.000000
669	100.000000
670	100.000000
671	100.000000
672	100.000000
673	100.000000
674	100.000000
675	100.000000
676	100.000000
677	100.000000
678	100.000000
679	100.000000
680	100.000000
681	100.000000
682	100.000000
683	100.000000
684	100.000000
685	100.000000
686	100.000000
687	100.000000
688	100.000000
689	100.000000
690	100.000000
691	100.000000
692	100.000000
693	100.000000
694	100.000000
695	100.000000
696	100.000000
697	100.000000
698	100.000000
699	100.000000
700	100.000000
701	100.000000
702	100.000000
703	100.000000
704	100.000000
705	100.000000
706	100.000000
707	100.000000
708	100.000000
709	100.000000
710	100.000000
711	100.000000
712	100.000000
713	100.000000
714	100.000000
715	100.000000
716	100.000000
717	100.000000
718	100.000000
719	100.000000
720	100.000000
721	100.000000
722	100.000000
723	100.000000
724	100.000000
725	100.000000
726	100.000000
727	100.000000
728	100.000000
729	100.000000
730	100.000000
731	100.000000
732	100.000000
733	100.000000
734	100.000000
735	100.000000
736	100.000000
737	100.000000
738	100.000000
739	100.000000
740	100.000000
741	100.000000
742	100.000000
743	100.000000
744	100.000000
745	100.000000
746	100.000000
747	100.000000
748	100.000000
749	100.000000
750	100.000000
751	100.000000
752	100.000000
753	100.000000
754	100.000000
755	100.000000
756	100.000000
757	100.000000
758	100.000000
759	100.000000
760	100.000000
761	100.000000
762	100.000000
763	100.000000
764	100.000000
765	100.000000
766	100.000000
767	100.000000
768	100.000000
769	100.000000
770	100.000000
771	100.000000
772	100.000000
773	100.000000
774	100.000000
775	100.000000
776	100.000000
777	100.000000
778	100.000000
779	100.000000
780	100.000000
781	100.000000
782	100.000000
783	100.000000
784	100.000000
785	100.000000
786	100.000000
787	100.000000
788	100.000000
789	100.000000
790	100.000000
791	100.000000
792	100.000000
793	100.000000
794	100.000000
795	100.000000
796	100.000000
797	100.000000
798	100.000000
799	100.000000
800	100.000000
801	100.000000
802	100.000000
803	100.000000
804	100.000000
805	100.000000
806	100.000000
807	100.000000
808	100.000000
809	100.000000
810	100.000000
811	100.000000
812	100.000000
813	100.000000
814	100.000000
815	100.000000
816	100.000000
817	100.000000
818	100.000000
819	100.000000
820	100.000000
821	100.000000
822	100.000000
823	100.000000
824	100.000000
825	100.000000
826	100.000000
827	100.000000
828	100.000000
829	100.000000
830	100.000000
831	100.000000
832	100.000000
833	100.000000
834	100.000000
835	100.000000
836	100.000000
837	100.000000
838	100.000000
839	100.000000
840	100.000000
841	100.000000
842	100.000000
843	100.000000
844	100.000000
845	100.000000
846	100.000000
847	100.000000
848	100.000000
849	100.000000
850	100.000000
851	100.000000
852	100.000000
853	100.000000
854	100.000000
855	100.000000
856	100.000000
857	100.000000
858	100.000000
859	100.000000
860	100.000000
861	100.000000
862	100.000000
863	100.000000
864	100.000000
865	100.000000
866	100.000000
867	100.000000
868	100.000000
869	100.000000
870	100.000000
871	100.000000
872	100.000000
873	100.000000
874	100.000000
875	100.000000
876	100.000000
877	100.000000
878	100.000000
879	100.000000
880	100.000000
881	100.000000
882	100.000000
883	100.000000
884	100.000000
885	100.000000
886	100.000000
887	100.000000
888	100.000000
889	100.000000
890	100.000000
891	100.000000
892	100.000000
893	100.000000
894	100.000000
895	100.000000
896	100.000000
897	100.000000
898	100.000000
899	100.000000
900	100.000000
901	100.000000
902	100.000000
903	100.000000
904	100.000000
905	100.000000
906	100.000000
907	100.000000
908	100.000000
909	100.000000
910	100.000000
911	100.000000
912	100.000000
913	100.000000
914	100.000000
915	100.000000
916	100.000000
917	100.000000
918	100.000000
919	100.000000
920	100.000000
921	100.000000
922	100.000000
923	100.000000
924	100.000000
925	100.000000
926	100.000000
927	100.000000
928	100.000000
929	100.000000
930	100.000000
931	100.000000
932	100.000000
933	100.000000
934	100.000000
935	100.000000
936	100.000000
937	100.000000
938	100.000000
939	100.000000
940	100.000000
941	100.000000
942	100.000000
943	100.000000
944	100.000000
945	100.000000
946	100.000000
947	100.000000
948	100.000000
949	100.000000
950	100.000000
951	100.000000
952	100.000000
953	100.000000
954	100.000000
955	100.000000
956	100.000000
957	100.000000
958	100.000000
959	100.000000
960	100.000000
961	100.000000
962	100.000000
963	100.000000
964	100.000000
965	100.000000
966	100.000000
967	100.000000
968	100.000000
969	100.000000
970	100.000000
971	100.000000
972	100.000000
973	100.000000
974	100.000000
975	100.000000
976	100.000000
977	100.000000
978	100.000000
979	100.000000
980	100.000000
981	100.000000
982	100.000000
983	100.000000
984	100.000000
985	100.000000
986	100.000000
987	100.000000
988	100.000000
989	100.000000
990	100.000000
991	100.000000
992	100.000000
993	100.000000
994	100.000000
995	100.000000
996	100.000000
997	100.000000
998	100.000000
999	100.000000
1000	100.000000
;

