# seed = 1254829604

param N := 1000;

param M := 2;

param Umax := 100.000000;

param: C :=
1	1083399.000000
2	1429251.000000
;

param: a :=
1	0.196278
2	0.155350
3	0.177713
4	0.169524
5	0.181914
6	0.108504
7	0.101461
8	0.109301
9	0.182681
10	0.115608
11	0.178369
12	0.180115
13	0.141992
14	0.183037
15	0.172282
16	0.178549
17	0.184506
18	0.172373
19	0.195128
20	0.102115
21	0.155551
22	0.194603
23	0.144676
24	0.154759
25	0.178557
26	0.154292
27	0.159974
28	0.169504
29	0.178350
30	0.125058
31	0.117626
32	0.124065
33	0.183766
34	0.144555
35	0.166477
36	0.136579
37	0.118604
38	0.186010
39	0.105472
40	0.121482
41	0.167964
42	0.198366
43	0.159272
44	0.180984
45	0.194751
46	0.180433
47	0.109668
48	0.119054
49	0.175525
50	0.189648
51	0.147579
52	0.163355
53	0.165417
54	0.134245
55	0.158283
56	0.135602
57	0.171081
58	0.140253
59	0.145169
60	0.114545
61	0.187667
62	0.111642
63	0.178269
64	0.187338
65	0.128375
66	0.173100
67	0.120985
68	0.111121
69	0.175453
70	0.140069
71	0.125215
72	0.105951
73	0.153037
74	0.188319
75	0.150069
76	0.194738
77	0.182705
78	0.101960
79	0.105364
80	0.192911
81	0.112397
82	0.171801
83	0.106961
84	0.177577
85	0.149330
86	0.140227
87	0.181590
88	0.135314
89	0.116156
90	0.199289
91	0.194463
92	0.118523
93	0.122137
94	0.135856
95	0.172815
96	0.161886
97	0.177617
98	0.136894
99	0.146460
100	0.153637
101	0.164217
102	0.131736
103	0.120109
104	0.198999
105	0.100758
106	0.165331
107	0.105320
108	0.115724
109	0.197806
110	0.157448
111	0.193650
112	0.137500
113	0.101226
114	0.148350
115	0.100354
116	0.129721
117	0.172601
118	0.172975
119	0.159940
120	0.102858
121	0.157014
122	0.185179
123	0.110393
124	0.196009
125	0.171542
126	0.154214
127	0.199341
128	0.165218
129	0.124785
130	0.134704
131	0.135699
132	0.168745
133	0.138435
134	0.111949
135	0.190347
136	0.117251
137	0.181251
138	0.126893
139	0.182542
140	0.119486
141	0.102608
142	0.159866
143	0.182237
144	0.168587
145	0.158192
146	0.109231
147	0.170766
148	0.179956
149	0.181502
150	0.136288
151	0.128465
152	0.194164
153	0.109859
154	0.198053
155	0.143333
156	0.192369
157	0.102716
158	0.115076
159	0.146068
160	0.152153
161	0.198857
162	0.179546
163	0.119003
164	0.141464
165	0.175895
166	0.134024
167	0.179322
168	0.134578
169	0.117049
170	0.173175
171	0.124458
172	0.157316
173	0.173285
174	0.171101
175	0.120247
176	0.199381
177	0.172897
178	0.136368
179	0.171748
180	0.137592
181	0.111969
182	0.140963
183	0.198870
184	0.141023
185	0.190080
186	0.190467
187	0.147635
188	0.181990
189	0.162292
190	0.162999
191	0.110332
192	0.125002
193	0.180903
194	0.141513
195	0.109452
196	0.161098
197	0.192111
198	0.154170
199	0.199668
200	0.172342
201	0.141812
202	0.143149
203	0.191914
204	0.172245
205	0.199812
206	0.187526
207	0.177528
208	0.181680
209	0.138443
210	0.125574
211	0.149690
212	0.109975
213	0.127307
214	0.195251
215	0.154381
216	0.185358
217	0.139157
218	0.128947
219	0.153431
220	0.138964
221	0.136885
222	0.132234
223	0.163745
224	0.193028
225	0.119407
226	0.154471
227	0.197538
228	0.178245
229	0.119854
230	0.154160
231	0.114047
232	0.193963
233	0.189164
234	0.162739
235	0.115069
236	0.198925
237	0.114677
238	0.160432
239	0.123196
240	0.110627
241	0.123053
242	0.185852
243	0.166749
244	0.115219
245	0.124305
246	0.169113
247	0.130252
248	0.191946
249	0.107949
250	0.186331
251	0.166818
252	0.136909
253	0.193227
254	0.191394
255	0.110458
256	0.106113
257	0.161707
258	0.161177
259	0.164013
260	0.117363
261	0.141203
262	0.174774
263	0.195270
264	0.195021
265	0.130592
266	0.182357
267	0.170979
268	0.184373
269	0.179368
270	0.176581
271	0.177230
272	0.197589
273	0.102207
274	0.161780
275	0.141573
276	0.124723
277	0.102838
278	0.107689
279	0.114606
280	0.153626
281	0.126920
282	0.187167
283	0.181306
284	0.129913
285	0.180697
286	0.141245
287	0.117960
288	0.118400
289	0.160636
290	0.131996
291	0.180738
292	0.124437
293	0.178383
294	0.116835
295	0.145092
296	0.107506
297	0.151938
298	0.179535
299	0.101796
300	0.143291
301	0.140033
302	0.166382
303	0.126321
304	0.183460
305	0.110039
306	0.157487
307	0.101339
308	0.154792
309	0.102870
310	0.107547
311	0.137700
312	0.156072
313	0.161364
314	0.106606
315	0.124592
316	0.147629
317	0.179502
318	0.130481
319	0.141965
320	0.127195
321	0.143259
322	0.170085
323	0.112328
324	0.148288
325	0.164793
326	0.116645
327	0.198652
328	0.175666
329	0.150620
330	0.148389
331	0.133002
332	0.141921
333	0.174711
334	0.158844
335	0.169071
336	0.124717
337	0.110872
338	0.136318
339	0.127743
340	0.116607
341	0.195747
342	0.112761
343	0.159975
344	0.145704
345	0.183328
346	0.139711
347	0.126266
348	0.191219
349	0.172508
350	0.186392
351	0.199880
352	0.183001
353	0.156154
354	0.189493
355	0.126424
356	0.176919
357	0.197197
358	0.173677
359	0.150536
360	0.194154
361	0.158930
362	0.193545
363	0.100154
364	0.117633
365	0.153379
366	0.118376
367	0.142495
368	0.167142
369	0.133940
370	0.123947
371	0.152903
372	0.170531
373	0.174376
374	0.199408
375	0.196433
376	0.194183
377	0.196985
378	0.109330
379	0.141797
380	0.134623
381	0.103308
382	0.108417
383	0.119523
384	0.194893
385	0.135490
386	0.164473
387	0.177840
388	0.187968
389	0.125605
390	0.155384
391	0.126385
392	0.167985
393	0.199497
394	0.165446
395	0.116903
396	0.190332
397	0.186310
398	0.113769
399	0.111766
400	0.149376
401	0.175044
402	0.119926
403	0.181341
404	0.133005
405	0.190810
406	0.144108
407	0.113251
408	0.119190
409	0.180315
410	0.186227
411	0.129364
412	0.107480
413	0.195576
414	0.144643
415	0.168256
416	0.133721
417	0.175719
418	0.131281
419	0.189047
420	0.104977
421	0.160497
422	0.140225
423	0.145375
424	0.175418
425	0.121669
426	0.196562
427	0.134200
428	0.174144
429	0.181419
430	0.125691
431	0.106798
432	0.178788
433	0.178846
434	0.173433
435	0.183920
436	0.167253
437	0.101726
438	0.133966
439	0.103247
440	0.146980
441	0.185146
442	0.106871
443	0.102511
444	0.150979
445	0.154085
446	0.134829
447	0.168100
448	0.184304
449	0.128101
450	0.100134
451	0.171666
452	0.159726
453	0.145688
454	0.116912
455	0.110000
456	0.101432
457	0.108876
458	0.115296
459	0.108051
460	0.129424
461	0.190947
462	0.139915
463	0.158881
464	0.135287
465	0.156356
466	0.147721
467	0.127352
468	0.155201
469	0.143585
470	0.174550
471	0.173067
472	0.145419
473	0.110320
474	0.168922
475	0.132731
476	0.134813
477	0.198110
478	0.155360
479	0.123061
480	0.190068
481	0.183097
482	0.157262
483	0.186200
484	0.168187
485	0.191820
486	0.124600
487	0.129531
488	0.114689
489	0.129448
490	0.114442
491	0.151915
492	0.176631
493	0.163792
494	0.149283
495	0.145881
496	0.124596
497	0.185178
498	0.104540
499	0.162374
500	0.159573
501	0.171498
502	0.129097
503	0.106606
504	0.164374
505	0.107065
506	0.180999
507	0.157472
508	0.132446
509	0.116826
510	0.151905
511	0.178244
512	0.133662
513	0.142358
514	0.126925
515	0.134692
516	0.129436
517	0.157524
518	0.159072
519	0.140338
520	0.142644
521	0.147535
522	0.111010
523	0.152260
524	0.149725
525	0.116226
526	0.105293
527	0.110638
528	0.188087
529	0.194685
530	0.115683
531	0.104322
532	0.116500
533	0.139133
534	0.175067
535	0.189112
536	0.147934
537	0.178117
538	0.106129
539	0.128454
540	0.130633
541	0.194135
542	0.155456
543	0.188269
544	0.197770
545	0.155466
546	0.149275
547	0.144810
548	0.111716
549	0.118690
550	0.153012
551	0.126351
552	0.197346
553	0.194520
554	0.195660
555	0.148400
556	0.110669
557	0.183255
558	0.101432
559	0.176886
560	0.188719
561	0.148294
562	0.152959
563	0.112284
564	0.172529
565	0.131031
566	0.181155
567	0.183197
568	0.194747
569	0.182099
570	0.192721
571	0.193961
572	0.123313
573	0.146930
574	0.129475
575	0.101863
576	0.137551
577	0.151893
578	0.165433
579	0.124849
580	0.103130
581	0.126831
582	0.109069
583	0.173397
584	0.178912
585	0.180757
586	0.183614
587	0.161198
588	0.188980
589	0.106958
590	0.142892
591	0.171850
592	0.174054
593	0.115290
594	0.136359
595	0.197917
596	0.158205
597	0.146862
598	0.199363
599	0.130272
600	0.105219
601	0.113432
602	0.140816
603	0.132578
604	0.110640
605	0.174869
606	0.107707
607	0.181346
608	0.142441
609	0.131328
610	0.144587
611	0.105277
612	0.162723
613	0.154096
614	0.184373
615	0.152446
616	0.109948
617	0.177831
618	0.110924
619	0.163851
620	0.105132
621	0.136500
622	0.114207
623	0.164351
624	0.127916
625	0.153333
626	0.187369
627	0.127240
628	0.188086
629	0.118972
630	0.117700
631	0.169678
632	0.191239
633	0.150841
634	0.121601
635	0.109113
636	0.187895
637	0.163747
638	0.145625
639	0.115570
640	0.187472
641	0.184847
642	0.123710
643	0.184262
644	0.126809
645	0.183015
646	0.119037
647	0.122611
648	0.143769
649	0.193673
650	0.123747
651	0.198335
652	0.142066
653	0.190387
654	0.182110
655	0.101586
656	0.183874
657	0.171886
658	0.162635
659	0.158824
660	0.114243
661	0.151118
662	0.107417
663	0.132146
664	0.113007
665	0.198780
666	0.106369
667	0.105574
668	0.141671
669	0.126955
670	0.117659
671	0.103045
672	0.170960
673	0.106486
674	0.174741
675	0.162720
676	0.158583
677	0.193590
678	0.167528
679	0.149424
680	0.169929
681	0.132058
682	0.156240
683	0.113892
684	0.130588
685	0.161099
686	0.185545
687	0.135284
688	0.196231
689	0.101386
690	0.143259
691	0.117573
692	0.152563
693	0.105815
694	0.137732
695	0.123191
696	0.155211
697	0.103973
698	0.150556
699	0.112469
700	0.170164
701	0.178443
702	0.111104
703	0.173375
704	0.148847
705	0.168524
706	0.117947
707	0.158432
708	0.128887
709	0.153745
710	0.183240
711	0.118469
712	0.192382
713	0.132917
714	0.114310
715	0.170649
716	0.105325
717	0.112813
718	0.164753
719	0.183633
720	0.168269
721	0.117031
722	0.141479
723	0.190278
724	0.141812
725	0.105184
726	0.101817
727	0.186738
728	0.103745
729	0.164148
730	0.170665
731	0.149065
732	0.169816
733	0.149029
734	0.116677
735	0.159747
736	0.187672
737	0.164425
738	0.197421
739	0.170970
740	0.100937
741	0.144534
742	0.193567
743	0.145378
744	0.161137
745	0.179078
746	0.148277
747	0.104700
748	0.195310
749	0.174060
750	0.178292
751	0.177572
752	0.151626
753	0.119846
754	0.131905
755	0.184771
756	0.128472
757	0.109704
758	0.158359
759	0.161459
760	0.155480
761	0.104808
762	0.140347
763	0.140611
764	0.184053
765	0.163675
766	0.191385
767	0.138545
768	0.129359
769	0.155203
770	0.159772
771	0.125148
772	0.127299
773	0.149117
774	0.151491
775	0.182896
776	0.178047
777	0.196052
778	0.104831
779	0.156023
780	0.199329
781	0.175501
782	0.167066
783	0.164294
784	0.111322
785	0.115724
786	0.118802
787	0.177364
788	0.136551
789	0.144903
790	0.154413
791	0.137655
792	0.186438
793	0.170024
794	0.149785
795	0.192644
796	0.137927
797	0.122298
798	0.181876
799	0.149572
800	0.196511
801	0.174526
802	0.148159
803	0.159095
804	0.101552
805	0.143329
806	0.101490
807	0.176383
808	0.185153
809	0.168585
810	0.184690
811	0.189335
812	0.199709
813	0.150956
814	0.133708
815	0.133743
816	0.187922
817	0.103199
818	0.151203
819	0.178598
820	0.128563
821	0.186164
822	0.127721
823	0.107167
824	0.142474
825	0.192048
826	0.110605
827	0.141931
828	0.125874
829	0.162913
830	0.146103
831	0.114234
832	0.142796
833	0.197315
834	0.157175
835	0.192606
836	0.105851
837	0.185598
838	0.159742
839	0.115200
840	0.177819
841	0.160380
842	0.104973
843	0.171075
844	0.111761
845	0.180651
846	0.190101
847	0.161559
848	0.135978
849	0.172457
850	0.193012
851	0.118622
852	0.193429
853	0.113082
854	0.178194
855	0.168566
856	0.140392
857	0.109892
858	0.178811
859	0.109880
860	0.147745
861	0.170215
862	0.177369
863	0.198432
864	0.162597
865	0.151145
866	0.150506
867	0.108816
868	0.118298
869	0.163280
870	0.160320
871	0.182330
872	0.186045
873	0.159743
874	0.157009
875	0.128732
876	0.124042
877	0.176495
878	0.147620
879	0.124201
880	0.123259
881	0.130836
882	0.144267
883	0.161951
884	0.175778
885	0.135161
886	0.167333
887	0.122220
888	0.105008
889	0.120529
890	0.135907
891	0.100609
892	0.190639
893	0.105375
894	0.189881
895	0.185668
896	0.191316
897	0.121920
898	0.149824
899	0.149321
900	0.149494
901	0.162062
902	0.183700
903	0.143414
904	0.181430
905	0.103505
906	0.148145
907	0.101480
908	0.155808
909	0.162654
910	0.153781
911	0.145260
912	0.147244
913	0.163042
914	0.158241
915	0.148918
916	0.194312
917	0.145993
918	0.157571
919	0.166342
920	0.110138
921	0.187725
922	0.171426
923	0.114272
924	0.190960
925	0.127490
926	0.103002
927	0.105189
928	0.144689
929	0.163012
930	0.141604
931	0.153394
932	0.111580
933	0.113446
934	0.150444
935	0.176084
936	0.111755
937	0.168449
938	0.123035
939	0.149544
940	0.114951
941	0.167490
942	0.162086
943	0.150635
944	0.156280
945	0.120475
946	0.181957
947	0.150533
948	0.121643
949	0.135756
950	0.169552
951	0.100133
952	0.152602
953	0.118105
954	0.161640
955	0.106659
956	0.106987
957	0.124821
958	0.161983
959	0.162124
960	0.103509
961	0.102326
962	0.102497
963	0.196146
964	0.151371
965	0.140053
966	0.172670
967	0.181948
968	0.159340
969	0.142271
970	0.168079
971	0.164935
972	0.177238
973	0.147975
974	0.190550
975	0.155741
976	0.145880
977	0.140715
978	0.146939
979	0.155546
980	0.172400
981	0.153070
982	0.119783
983	0.144105
984	0.125249
985	0.171189
986	0.125334
987	0.162716
988	0.136716
989	0.182068
990	0.127332
991	0.195443
992	0.188368
993	0.147775
994	0.183608
995	0.152236
996	0.191933
997	0.192861
998	0.126789
999	0.155156
1000	0.190556
;

param: b :=
1	7.107182
2	42.733246
3	65.373053
4	21.017542
5	93.805241
6	91.207465
7	23.544258
8	40.488141
9	89.959149
10	56.474404
11	61.931676
12	80.336994
13	59.756871
14	18.923891
15	60.340258
16	40.162399
17	35.355020
18	39.167302
19	95.833772
20	9.313124
21	59.779934
22	55.229677
23	82.873683
24	99.160266
25	37.412441
26	37.891612
27	34.223876
28	1.890387
29	38.676478
30	80.680091
31	84.707812
32	20.753849
33	57.041162
34	38.438593
35	89.039154
36	74.666757
37	18.829778
38	3.046073
39	28.152016
40	83.677551
41	54.178222
42	75.659044
43	12.610771
44	10.807938
45	92.501074
46	73.387202
47	83.923383
48	91.439621
49	56.779399
50	52.201268
51	79.036962
52	11.359104
53	88.324068
54	99.737765
55	8.431506
56	45.988467
57	75.566064
58	66.167087
59	9.999673
60	90.654976
61	45.665622
62	77.293308
63	14.572694
64	27.833932
65	50.357742
66	76.067623
67	51.187881
68	64.619932
69	37.384143
70	43.636758
71	51.996384
72	80.730388
73	24.359396
74	73.273379
75	33.944271
76	12.823597
77	72.750951
78	87.840158
79	44.583248
80	89.121695
81	84.938063
82	76.907817
83	88.385947
84	97.362034
85	44.052281
86	57.815219
87	32.633636
88	34.948174
89	12.790605
90	90.927152
91	6.733671
92	68.182640
93	34.090339
94	35.072773
95	43.723840
96	1.118684
97	61.903593
98	69.808887
99	88.483063
100	3.369118
101	58.638209
102	79.796340
103	57.354469
104	22.259380
105	3.500883
106	10.794866
107	52.862160
108	11.716626
109	97.419490
110	5.945073
111	36.655096
112	36.069770
113	17.202896
114	72.206418
115	96.724306
116	6.610650
117	28.415985
118	76.587722
119	78.808633
120	85.866239
121	12.112487
122	33.671845
123	67.395772
124	62.531554
125	91.173391
126	80.072703
127	18.725497
128	66.029707
129	43.497272
130	17.647711
131	89.316294
132	8.836416
133	82.642203
134	7.596708
135	93.082505
136	53.270483
137	48.535701
138	90.050176
139	11.932090
140	83.764753
141	39.354801
142	4.057082
143	73.485600
144	69.491580
145	63.124083
146	33.671800
147	73.746219
148	75.776354
149	73.385943
150	15.518767
151	79.321472
152	92.616782
153	83.634790
154	11.850250
155	44.164842
156	21.117953
157	6.310570
158	56.104587
159	52.114018
160	81.622846
161	70.808022
162	67.611279
163	88.877306
164	55.647348
165	69.844747
166	80.656698
167	28.739175
168	47.318887
169	30.336746
170	10.280511
171	55.993104
172	8.498380
173	71.675559
174	86.802303
175	59.742227
176	15.780605
177	50.394573
178	34.114735
179	74.805973
180	9.968287
181	44.605731
182	39.822691
183	52.698759
184	87.109069
185	46.137705
186	25.815071
187	16.268403
188	1.000850
189	83.851340
190	19.468742
191	16.691167
192	64.234574
193	67.609984
194	57.672484
195	0.337393
196	5.952775
197	93.131231
198	57.108802
199	65.802853
200	25.982861
201	10.443480
202	29.415079
203	33.511914
204	95.338751
205	3.046402
206	16.848071
207	28.496040
208	85.042245
209	32.944081
210	16.033560
211	48.114115
212	83.257834
213	1.002568
214	37.270625
215	59.922497
216	39.911070
217	4.499857
218	71.590712
219	65.722845
220	47.120565
221	21.283520
222	33.487543
223	91.135423
224	29.019426
225	29.948481
226	54.439216
227	49.939553
228	58.295022
229	17.520970
230	5.679409
231	97.908556
232	1.675806
233	20.439720
234	10.034155
235	14.150040
236	70.638344
237	59.584205
238	20.785531
239	17.419452
240	50.605081
241	30.492800
242	3.309190
243	33.010160
244	74.229869
245	46.879869
246	99.058913
247	51.408974
248	75.155332
249	76.305346
250	31.598797
251	91.254355
252	55.835474
253	52.511092
254	30.148346
255	58.445723
256	23.287035
257	37.263639
258	0.778608
259	33.148401
260	91.006852
261	44.790139
262	63.325417
263	42.905256
264	37.936813
265	38.855141
266	23.503798
267	25.058892
268	45.702221
269	84.675200
270	45.423628
271	14.726624
272	70.594072
273	98.042786
274	89.206468
275	86.745486
276	87.960040
277	1.325449
278	59.548309
279	54.267481
280	55.895614
281	9.872137
282	14.930179
283	72.576662
284	75.816548
285	4.676130
286	18.977858
287	16.473329
288	55.145269
289	8.917351
290	30.899873
291	6.776976
292	4.127635
293	97.084007
294	93.932205
295	99.081993
296	74.548804
297	41.105500
298	2.020897
299	49.025192
300	28.785523
301	8.590906
302	77.999596
303	49.288924
304	13.262591
305	93.371738
306	31.558928
307	16.009614
308	34.034769
309	6.805789
310	65.802571
311	46.479487
312	28.116841
313	91.519055
314	19.805320
315	73.979439
316	12.813653
317	39.125082
318	86.324310
319	58.150996
320	68.674710
321	44.993303
322	97.983520
323	71.712391
324	38.543007
325	28.125340
326	60.011208
327	2.873394
328	82.501580
329	51.066883
330	37.441594
331	1.470608
332	43.127808
333	99.441438
334	75.782086
335	60.674971
336	63.883032
337	55.390466
338	4.519256
339	5.326879
340	92.202269
341	80.036917
342	86.051209
343	10.901939
344	98.324174
345	98.447903
346	4.684848
347	16.682650
348	1.959187
349	10.608904
350	82.042024
351	47.739873
352	73.857472
353	33.276403
354	43.061087
355	26.069777
356	25.707371
357	47.737683
358	31.392806
359	70.332553
360	51.505176
361	45.012351
362	40.153114
363	35.191991
364	11.690006
365	23.910972
366	19.213010
367	42.541236
368	67.176203
369	77.330875
370	87.322099
371	92.302457
372	67.480586
373	50.454047
374	24.331199
375	79.276509
376	60.742919
377	74.120450
378	52.124511
379	20.279439
380	34.838463
381	22.317788
382	76.329680
383	41.688975
384	20.821073
385	27.395946
386	80.651542
387	69.581633
388	45.708493
389	27.347884
390	92.164837
391	66.281097
392	77.862793
393	43.489998
394	16.319735
395	19.109365
396	4.388311
397	76.377528
398	59.454515
399	6.227709
400	90.930531
401	92.769071
402	16.868262
403	14.782126
404	96.570158
405	12.401066
406	8.781200
407	70.050297
408	36.720998
409	46.692619
410	56.558687
411	42.742665
412	82.999742
413	49.546352
414	92.182995
415	38.413611
416	34.457920
417	89.148423
418	52.794007
419	37.785737
420	81.746505
421	76.295596
422	98.444904
423	34.470787
424	5.788516
425	75.505465
426	65.281950
427	60.020487
428	52.683574
429	78.504041
430	4.214831
431	79.938075
432	89.144380
433	7.342944
434	2.607930
435	78.041495
436	55.515813
437	32.851919
438	46.693272
439	18.336937
440	25.368877
441	3.384550
442	66.639460
443	19.650247
444	30.200346
445	68.803952
446	28.244938
447	69.382601
448	75.004234
449	75.540762
450	4.625232
451	88.468331
452	94.522771
453	73.934278
454	81.086556
455	80.421589
456	22.712147
457	75.074044
458	7.587994
459	58.962063
460	73.104942
461	56.495387
462	22.036726
463	87.483427
464	19.740722
465	72.628730
466	73.136285
467	75.499630
468	73.113303
469	15.867227
470	79.390418
471	73.839286
472	12.765702
473	74.698239
474	41.647892
475	30.647830
476	46.485841
477	47.932572
478	60.126172
479	56.367930
480	64.799994
481	3.809114
482	32.411852
483	9.514004
484	79.369024
485	16.989777
486	64.057647
487	92.160278
488	69.302939
489	23.120416
490	52.844461
491	90.608760
492	58.300571
493	83.830045
494	17.425992
495	0.901946
496	50.543488
497	3.009479
498	25.572769
499	96.988824
500	71.180954
501	70.628105
502	73.560149
503	52.678692
504	51.087583
505	21.758293
506	30.340590
507	69.647502
508	30.105366
509	96.324724
510	8.863571
511	86.162667
512	40.515873
513	5.971661
514	0.520141
515	35.923153
516	36.881731
517	1.639322
518	81.192753
519	88.700953
520	75.576616
521	14.422352
522	63.534039
523	57.810806
524	13.474386
525	91.736007
526	94.534822
527	10.123346
528	52.244328
529	76.628003
530	32.978977
531	18.443075
532	58.132802
533	43.102240
534	15.907636
535	77.507310
536	15.136202
537	96.760170
538	70.729731
539	10.131055
540	34.365632
541	56.326139
542	58.971917
543	27.312936
544	30.194187
545	33.956919
546	32.395940
547	97.269372
548	94.960947
549	70.900397
550	64.630761
551	60.750897
552	86.948958
553	69.777552
554	62.172098
555	81.629789
556	72.882977
557	62.179836
558	84.691533
559	90.861491
560	59.899487
561	41.363007
562	74.667038
563	49.335039
564	52.634619
565	36.218639
566	99.187776
567	32.938763
568	40.625191
569	41.147426
570	27.304185
571	45.123686
572	14.954113
573	66.866735
574	75.190533
575	83.177303
576	50.624805
577	76.496698
578	98.060796
579	67.143058
580	86.861475
581	0.151186
582	9.583750
583	26.217874
584	48.671189
585	29.009905
586	32.485319
587	33.222118
588	41.383633
589	71.056807
590	54.485851
591	22.676472
592	91.491043
593	8.509788
594	35.194037
595	58.155005
596	82.735960
597	33.021788
598	8.572548
599	99.170104
600	97.735023
601	85.343837
602	75.548008
603	75.893417
604	79.272731
605	73.302700
606	44.482400
607	1.718240
608	29.249536
609	82.942181
610	11.710280
611	38.440834
612	75.307541
613	76.482642
614	13.789893
615	10.309971
616	31.207309
617	57.349770
618	68.596987
619	87.207113
620	13.535483
621	51.743728
622	93.543954
623	15.127781
624	8.494228
625	92.024545
626	98.680933
627	96.215220
628	44.273602
629	22.008662
630	49.853943
631	60.632463
632	85.859206
633	53.202087
634	88.649184
635	13.927809
636	23.511698
637	85.646036
638	25.038487
639	49.328215
640	78.960349
641	24.127211
642	41.058278
643	73.176652
644	21.330661
645	12.374382
646	74.689493
647	42.424964
648	34.164946
649	81.481026
650	63.153647
651	38.776122
652	86.519136
653	13.371260
654	47.987424
655	12.429575
656	42.103793
657	60.726794
658	86.284943
659	53.705472
660	27.455958
661	73.819914
662	61.680186
663	91.231277
664	31.421577
665	86.559021
666	3.440101
667	63.397754
668	71.632723
669	8.097123
670	24.760872
671	38.174174
672	57.859581
673	35.894046
674	97.650900
675	4.579945
676	62.588429
677	69.933896
678	3.604377
679	4.824748
680	57.701601
681	4.391872
682	72.340987
683	90.924825
684	21.576146
685	59.295799
686	0.846518
687	76.058180
688	31.430327
689	22.032969
690	41.138069
691	31.532296
692	27.857354
693	87.805257
694	48.955526
695	1.274768
696	86.140036
697	70.441204
698	66.841863
699	19.666828
700	98.116001
701	87.780656
702	12.783478
703	68.039770
704	12.036358
705	1.927169
706	45.855317
707	17.736557
708	68.814915
709	19.063151
710	38.684713
711	0.924682
712	81.970955
713	11.241554
714	60.029370
715	56.147273
716	54.810780
717	16.373433
718	35.264868
719	20.141100
720	36.943959
721	76.685285
722	47.136002
723	38.961246
724	43.167848
725	87.813468
726	72.768127
727	30.160238
728	23.710833
729	97.090313
730	67.374244
731	92.957405
732	1.415711
733	3.944856
734	8.264235
735	99.933270
736	19.232419
737	55.410356
738	93.608385
739	16.674993
740	32.353253
741	70.571542
742	44.372413
743	50.861776
744	42.762214
745	88.532122
746	94.775253
747	22.269135
748	66.338167
749	79.059924
750	41.324083
751	25.632929
752	52.931246
753	92.886957
754	91.328148
755	29.306837
756	66.700139
757	73.206964
758	8.748098
759	92.451881
760	46.299183
761	72.247964
762	37.349642
763	0.869496
764	37.858162
765	76.304927
766	8.978040
767	75.990725
768	9.745383
769	97.326944
770	45.448748
771	90.186603
772	19.448702
773	2.841709
774	47.178402
775	28.912750
776	44.448226
777	17.879185
778	59.950259
779	6.609610
780	74.136244
781	64.209806
782	54.769266
783	98.874980
784	30.270909
785	32.736848
786	42.141660
787	65.911107
788	21.188782
789	94.179918
790	21.605240
791	61.614161
792	50.830478
793	93.320343
794	94.240987
795	92.090503
796	69.944083
797	25.473162
798	39.791668
799	98.468570
800	6.508029
801	57.786045
802	30.759696
803	94.435444
804	18.418971
805	59.456296
806	88.908250
807	26.414977
808	70.328140
809	87.509144
810	14.188876
811	15.599942
812	36.156653
813	98.779766
814	47.946393
815	52.300929
816	55.334532
817	19.728629
818	86.437896
819	99.064271
820	26.766699
821	53.582666
822	37.956116
823	10.046201
824	1.575378
825	11.623511
826	28.225017
827	6.572777
828	32.434808
829	12.602677
830	93.465071
831	21.363326
832	73.586965
833	16.175813
834	24.837185
835	14.650404
836	88.037158
837	84.635710
838	66.508287
839	6.307013
840	72.943567
841	23.750270
842	9.106264
843	49.677592
844	69.532456
845	48.166032
846	15.399022
847	80.587977
848	5.864514
849	60.774057
850	48.362117
851	13.560610
852	93.554068
853	91.866227
854	19.353272
855	43.600652
856	81.200269
857	99.110855
858	32.814171
859	58.433237
860	82.423758
861	14.932946
862	80.433210
863	15.824566
864	4.913153
865	68.595010
866	53.876957
867	81.882855
868	83.352768
869	1.051317
870	85.910191
871	99.490018
872	41.533536
873	50.110293
874	93.217125
875	22.646315
876	94.162992
877	38.438497
878	75.760298
879	66.862379
880	16.294510
881	91.437720
882	51.765201
883	52.631112
884	51.568994
885	70.978638
886	25.584720
887	33.166783
888	64.793622
889	86.402450
890	42.618509
891	89.174430
892	93.492260
893	59.417461
894	90.111196
895	23.065332
896	15.136143
897	33.845371
898	72.933924
899	72.284663
900	68.191904
901	79.899532
902	54.342910
903	38.144648
904	51.562694
905	84.248191
906	22.547889
907	57.704982
908	78.972871
909	73.486562
910	65.508766
911	50.660242
912	84.161068
913	79.474444
914	15.528458
915	95.969520
916	36.040676
917	66.359458
918	77.921090
919	66.874954
920	62.092155
921	12.776174
922	1.124486
923	62.975845
924	5.698225
925	43.838312
926	73.018847
927	32.851429
928	67.992056
929	90.037022
930	42.555812
931	40.668634
932	32.802449
933	26.551056
934	7.788387
935	54.244716
936	65.638753
937	9.012512
938	43.920317
939	13.049028
940	10.768464
941	82.144643
942	52.836315
943	78.932170
944	93.156021
945	77.439580
946	27.258554
947	33.383773
948	68.864938
949	44.096623
950	9.502864
951	45.219530
952	87.898043
953	51.667570
954	55.211360
955	24.696712
956	34.491424
957	14.493431
958	92.260361
959	64.873902
960	10.939532
961	37.478715
962	2.082452
963	14.739864
964	62.584542
965	21.828206
966	88.624238
967	28.649606
968	9.021941
969	92.395249
970	24.578049
971	54.791532
972	11.832112
973	41.253059
974	64.238465
975	58.648423
976	37.501665
977	66.395971
978	24.063474
979	23.445452
980	12.901180
981	84.941339
982	51.833549
983	16.931583
984	98.074893
985	98.185323
986	68.210960
987	70.985901
988	70.426771
989	72.686339
990	27.007405
991	86.341590
992	17.766779
993	84.522376
994	66.842948
995	94.448570
996	43.142352
997	9.273345
998	49.061817
999	24.927043
1000	45.431993
;

param: c :=
1	83.677000
2	2.945556
3	4.269252
4	64.409132
5	93.464274
6	78.180989
7	67.630669
8	94.622530
9	52.272194
10	78.437164
11	74.546466
12	81.468806
13	31.147701
14	85.382938
15	21.129526
16	3.764655
17	82.111331
18	87.524994
19	57.220118
20	24.380624
21	47.312897
22	24.496607
23	47.571010
24	81.093331
25	48.835517
26	73.001704
27	85.169400
28	66.134081
29	83.131874
30	64.624338
31	60.376536
32	58.376120
33	33.650599
34	66.218788
35	71.115285
36	95.640326
37	65.525803
38	6.045227
39	57.154054
40	35.525594
41	83.405789
42	78.453833
43	95.692518
44	94.637800
45	83.346385
46	15.301174
47	15.266667
48	98.662115
49	98.056742
50	92.384964
51	31.731464
52	4.328910
53	11.241468
54	72.837286
55	54.024740
56	31.850145
57	9.311699
58	17.850886
59	33.147415
60	90.421461
61	31.993134
62	47.994087
63	80.846103
64	83.551780
65	82.415923
66	97.423157
67	9.115611
68	70.172731
69	22.684783
70	52.798598
71	99.183272
72	89.586548
73	95.439348
74	41.957247
75	69.772840
76	33.879903
77	88.441237
78	61.112110
79	15.574163
80	80.008775
81	81.557467
82	70.515780
83	97.194872
84	58.114809
85	33.491994
86	33.976900
87	77.622008
88	91.711765
89	29.014635
90	5.554510
91	73.668137
92	29.452629
93	21.052441
94	32.186076
95	53.693350
96	48.001551
97	65.256450
98	58.041483
99	56.399468
100	23.314419
101	74.661112
102	61.586292
103	9.140270
104	78.448899
105	77.088933
106	74.382730
107	55.256521
108	50.569014
109	48.808156
110	5.044389
111	66.486551
112	4.607458
113	77.576927
114	8.900638
115	46.936328
116	9.615339
117	79.162813
118	35.224946
119	5.673512
120	7.497342
121	81.509159
122	67.885618
123	96.853557
124	83.071052
125	18.923050
126	14.556269
127	3.943350
128	56.347850
129	28.220244
130	95.584974
131	40.054781
132	46.604175
133	89.273229
134	29.522193
135	84.197916
136	32.369193
137	60.361403
138	11.994558
139	55.993459
140	61.907187
141	45.144341
142	11.192193
143	65.429092
144	84.841140
145	54.920721
146	18.704355
147	22.034738
148	64.609048
149	41.496971
150	85.476228
151	59.224642
152	27.179127
153	37.501389
154	75.321676
155	76.384834
156	6.615141
157	21.568500
158	82.312933
159	52.607977
160	95.858071
161	88.450090
162	76.755992
163	51.767560
164	6.922236
165	50.016321
166	35.037085
167	78.939694
168	71.592250
169	22.357798
170	26.555615
171	3.901902
172	65.153202
173	67.119767
174	86.766869
175	28.472775
176	38.839537
177	51.871391
178	33.367191
179	98.143520
180	13.832846
181	12.403503
182	2.991495
183	16.153920
184	63.612089
185	63.436140
186	94.973542
187	94.779172
188	96.532744
189	33.501676
190	21.701583
191	39.996369
192	30.729807
193	84.802506
194	28.649154
195	26.505382
196	98.252145
197	49.255060
198	31.133695
199	44.693952
200	99.157758
201	64.365556
202	59.350001
203	5.345789
204	22.727895
205	46.041209
206	13.499566
207	28.282960
208	26.228301
209	59.955264
210	69.451787
211	22.458568
212	9.468000
213	98.438114
214	27.938099
215	11.244893
216	19.744706
217	36.327436
218	83.489042
219	96.068119
220	58.583910
221	28.522699
222	75.531303
223	92.797116
224	24.341574
225	33.157636
226	28.938276
227	42.624808
228	31.556712
229	1.408995
230	46.612457
231	12.145256
232	67.823016
233	64.670190
234	4.795919
235	81.331470
236	32.480535
237	47.048331
238	8.464895
239	64.126493
240	59.242720
241	59.051191
242	17.609631
243	8.430353
244	80.618257
245	19.904470
246	85.350673
247	44.975022
248	59.102854
249	26.498344
250	64.332953
251	2.163004
252	78.744792
253	35.600203
254	16.969440
255	16.009632
256	6.423874
257	81.490716
258	79.821554
259	75.548969
260	1.498783
261	99.949296
262	5.033141
263	71.034726
264	7.553877
265	11.006601
266	29.474979
267	2.626453
268	45.597010
269	69.805725
270	99.372232
271	59.121129
272	44.371144
273	79.508786
274	14.672854
275	63.287367
276	82.571938
277	86.821534
278	60.156554
279	84.655329
280	48.307860
281	50.018489
282	9.211224
283	40.350646
284	94.084025
285	82.144052
286	54.686978
287	97.148810
288	21.610903
289	97.460668
290	52.861568
291	25.645684
292	91.106729
293	10.154268
294	20.207747
295	30.460773
296	30.968611
297	7.406188
298	8.115326
299	78.228929
300	18.489608
301	66.313410
302	25.692131
303	79.472455
304	28.893669
305	32.929572
306	34.107793
307	3.648988
308	64.503013
309	80.674453
310	53.795912
311	50.749781
312	66.305936
313	20.103039
314	93.206445
315	7.095555
316	22.124433
317	95.734035
318	37.871788
319	68.023209
320	42.969322
321	13.763618
322	63.073383
323	38.533390
324	88.288959
325	93.480982
326	58.868303
327	25.405840
328	51.211558
329	46.423885
330	97.671855
331	51.727060
332	94.298138
333	5.615509
334	94.359118
335	65.587921
336	87.269822
337	2.031135
338	25.001099
339	4.749650
340	81.225480
341	62.932345
342	59.414447
343	63.830300
344	78.019799
345	34.267257
346	24.008894
347	95.688069
348	64.068299
349	12.891521
350	70.939186
351	51.194616
352	40.502381
353	11.476254
354	24.434203
355	4.303921
356	44.450235
357	37.859106
358	55.741975
359	71.679345
360	65.235242
361	31.136596
362	10.035029
363	35.748916
364	14.976362
365	96.201578
366	37.427980
367	82.813926
368	45.928531
369	40.363236
370	27.034248
371	84.608464
372	36.574115
373	93.632798
374	91.261647
375	78.838687
376	36.287288
377	91.968530
378	90.705888
379	10.537806
380	1.800253
381	59.451719
382	19.856835
383	71.667307
384	75.406729
385	87.004261
386	97.664658
387	28.854225
388	28.058065
389	32.101663
390	59.660395
391	5.159279
392	92.960932
393	13.717994
394	26.490077
395	51.492595
396	8.546430
397	1.460018
398	67.629799
399	68.594644
400	50.899038
401	3.544340
402	46.161811
403	43.238102
404	65.705682
405	9.528207
406	28.815750
407	77.416576
408	13.454904
409	79.975488
410	26.063527
411	69.594659
412	10.928837
413	48.056588
414	3.062415
415	4.227501
416	18.525877
417	29.132922
418	11.040398
419	38.635987
420	2.961650
421	78.258250
422	58.984780
423	47.377724
424	32.578923
425	85.783649
426	94.355246
427	49.617365
428	23.189425
429	45.905677
430	58.800516
431	66.179073
432	5.524571
433	48.688823
434	72.484653
435	14.240977
436	11.052776
437	93.723406
438	14.578375
439	27.179276
440	49.408572
441	0.033140
442	88.725583
443	25.544871
444	34.248976
445	88.027880
446	46.108362
447	51.094495
448	35.408544
449	12.578343
450	1.975427
451	38.986425
452	97.977852
453	48.142465
454	17.071660
455	29.657166
456	38.693187
457	45.563502
458	29.291064
459	87.356544
460	36.830910
461	5.846624
462	1.785634
463	0.518444
464	42.933506
465	91.977052
466	1.927065
467	76.127302
468	18.140836
469	39.204497
470	40.052255
471	16.596950
472	90.687886
473	72.817648
474	81.010266
475	14.501540
476	54.141928
477	37.808640
478	25.742570
479	82.170549
480	84.462925
481	82.510417
482	22.230788
483	55.209752
484	84.347275
485	81.785082
486	77.668008
487	38.944539
488	22.170909
489	90.220798
490	26.498223
491	63.763428
492	28.656541
493	59.523889
494	65.173995
495	77.466682
496	38.404249
497	39.941423
498	95.010507
499	63.702263
500	17.151321
501	43.536756
502	57.273180
503	27.663732
504	27.192789
505	81.273265
506	14.837255
507	25.716009
508	92.171919
509	50.284851
510	93.959572
511	90.006039
512	87.270527
513	8.313291
514	37.085850
515	86.563746
516	89.276627
517	2.142058
518	1.672474
519	35.664010
520	57.295535
521	30.596749
522	36.280942
523	88.568670
524	86.533971
525	48.517861
526	15.964177
527	88.687517
528	7.755688
529	10.341566
530	44.504780
531	76.112728
532	64.868226
533	30.844936
534	36.581090
535	16.903309
536	93.739992
537	35.796033
538	7.732520
539	46.296436
540	53.859599
541	94.695215
542	70.915758
543	48.170570
544	52.272108
545	11.322906
546	27.621597
547	55.936368
548	67.279503
549	71.470107
550	25.159332
551	4.090488
552	94.909578
553	87.352797
554	4.243216
555	15.704175
556	13.121023
557	38.918467
558	86.802882
559	79.437135
560	3.489763
561	4.469162
562	34.116477
563	72.675526
564	21.371653
565	39.837793
566	60.357231
567	33.513402
568	71.603518
569	56.040677
570	44.984559
571	22.855156
572	54.779833
573	32.538097
574	95.157693
575	45.201338
576	65.256223
577	9.840939
578	25.249466
579	48.597662
580	22.777221
581	71.116873
582	8.679999
583	68.616285
584	99.026567
585	36.027075
586	73.258278
587	30.924361
588	14.838341
589	41.926641
590	2.966187
591	87.656860
592	84.516946
593	31.104146
594	82.208142
595	3.910398
596	88.215069
597	47.331410
598	32.390112
599	64.394276
600	80.578623
601	7.087105
602	7.923346
603	69.741380
604	18.984850
605	62.322818
606	32.414009
607	17.253165
608	94.608860
609	34.174344
610	42.124605
611	28.043540
612	22.186849
613	65.311808
614	94.165391
615	47.095970
616	23.090082
617	33.219638
618	0.257448
619	40.216164
620	72.346349
621	2.826973
622	69.571699
623	2.966174
624	89.599230
625	28.812277
626	34.722850
627	49.722070
628	73.355284
629	96.698241
630	28.073032
631	70.052017
632	52.862311
633	41.789508
634	27.542515
635	68.316005
636	85.719614
637	91.443874
638	69.995716
639	4.202809
640	38.540122
641	87.844280
642	53.450125
643	42.672154
644	32.014241
645	69.146439
646	48.694243
647	13.830940
648	36.646712
649	16.771163
650	78.517097
651	72.332409
652	0.683387
653	86.521600
654	57.991200
655	26.687941
656	11.928206
657	36.641075
658	14.727689
659	90.416748
660	5.910953
661	58.642279
662	34.280582
663	84.798455
664	21.734861
665	48.445405
666	59.360903
667	49.494217
668	2.883750
669	82.209044
670	8.305310
671	39.054590
672	30.811373
673	33.537223
674	71.742655
675	81.699612
676	41.094682
677	40.156426
678	79.284125
679	69.818863
680	58.455542
681	39.906082
682	11.909769
683	9.163537
684	27.174044
685	24.739966
686	99.958216
687	46.909840
688	62.156810
689	19.689725
690	97.657563
691	10.306074
692	63.296537
693	47.915685
694	94.426019
695	79.129444
696	52.962826
697	88.105766
698	40.611305
699	7.168025
700	21.346700
701	99.279088
702	16.801336
703	36.093105
704	49.160807
705	45.555509
706	60.427664
707	98.225709
708	88.092652
709	0.921355
710	92.580082
711	30.070243
712	22.471599
713	39.000894
714	37.767541
715	24.780866
716	84.669644
717	88.136568
718	62.368659
719	99.315993
720	11.312832
721	95.493952
722	3.066545
723	61.414107
724	17.109076
725	50.533397
726	47.391318
727	55.489572
728	19.107653
729	88.820606
730	18.673160
731	59.368183
732	70.225040
733	44.705640
734	9.887638
735	12.166429
736	92.869946
737	99.963714
738	56.424920
739	14.760100
740	29.458127
741	68.071466
742	38.371565
743	6.127670
744	68.263004
745	27.082874
746	36.561337
747	76.171338
748	23.342221
749	3.637057
750	67.163726
751	47.418004
752	14.246529
753	52.935273
754	31.996124
755	4.070121
756	50.818125
757	38.887749
758	30.792690
759	89.822479
760	79.797692
761	30.853323
762	27.356566
763	6.191964
764	66.739604
765	2.915599
766	36.998211
767	68.702564
768	22.218377
769	1.780368
770	14.684242
771	36.599773
772	52.662248
773	66.622263
774	81.985112
775	1.220902
776	35.756838
777	61.146307
778	65.391446
779	27.088981
780	71.607423
781	76.758368
782	93.334384
783	65.379675
784	91.476697
785	94.373282
786	29.518339
787	87.665288
788	97.402656
789	22.887058
790	49.891221
791	31.055953
792	46.568771
793	7.151310
794	68.631450
795	18.306735
796	23.978563
797	77.448436
798	8.331814
799	49.068398
800	50.399097
801	45.785889
802	43.260714
803	44.051127
804	87.580732
805	45.331858
806	22.687653
807	11.836810
808	50.007322
809	36.901359
810	42.471540
811	83.529450
812	96.905375
813	14.460694
814	91.276834
815	63.869692
816	79.126218
817	43.205629
818	90.551967
819	7.614390
820	9.803614
821	62.783269
822	79.561307
823	88.078546
824	83.212920
825	48.747779
826	31.448588
827	1.647600
828	94.562748
829	49.327839
830	64.550679
831	38.114408
832	49.250277
833	0.568357
834	53.324819
835	42.875544
836	59.106685
837	38.716267
838	21.204640
839	56.928985
840	30.107008
841	39.331709
842	53.721723
843	64.143497
844	39.897870
845	84.831272
846	36.878176
847	70.293106
848	92.949660
849	19.622116
850	40.097443
851	29.493960
852	66.539659
853	94.350147
854	98.621931
855	69.826724
856	28.563713
857	27.670447
858	96.117897
859	54.987143
860	61.162110
861	97.167614
862	84.321785
863	60.033218
864	88.024338
865	8.697132
866	55.248982
867	15.176394
868	2.357564
869	5.110257
870	32.066539
871	13.220144
872	59.499372
873	35.084471
874	39.446618
875	96.888138
876	31.869652
877	41.997773
878	70.999599
879	67.164941
880	34.998718
881	98.307215
882	19.443279
883	46.311761
884	18.106340
885	25.550932
886	46.558834
887	79.727850
888	12.655661
889	93.561061
890	41.920250
891	60.374571
892	17.085079
893	28.990287
894	44.738031
895	0.965062
896	32.524527
897	58.324017
898	53.497366
899	69.549113
900	47.498918
901	93.793644
902	74.264715
903	21.424849
904	93.373602
905	90.756812
906	30.751253
907	96.678973
908	75.074484
909	33.341707
910	26.787574
911	84.684278
912	46.262499
913	37.509501
914	53.720524
915	19.087281
916	45.557097
917	33.855906
918	86.537060
919	35.390414
920	42.124325
921	91.377233
922	31.076141
923	88.583680
924	71.574397
925	76.406193
926	9.781547
927	49.653612
928	40.788239
929	47.950562
930	43.862957
931	63.890856
932	76.568261
933	10.780263
934	91.109604
935	73.590626
936	48.396668
937	19.485654
938	71.615351
939	91.833169
940	83.936726
941	56.245435
942	71.818279
943	17.467143
944	55.192556
945	5.808378
946	48.532492
947	15.463518
948	27.301046
949	58.280067
950	7.373598
951	14.837839
952	84.785922
953	87.175259
954	27.311155
955	92.769307
956	87.422397
957	4.455816
958	8.332799
959	45.062290
960	53.653578
961	24.577280
962	36.909257
963	30.936365
964	46.658720
965	74.227549
966	82.067282
967	56.922615
968	25.827626
969	13.681014
970	55.581149
971	6.110177
972	28.531500
973	66.805061
974	56.800129
975	52.883419
976	56.433399
977	7.031289
978	17.390428
979	24.621742
980	92.581933
981	87.927465
982	91.865296
983	19.690696
984	87.820604
985	96.990397
986	33.437449
987	82.352359
988	28.772972
989	63.574568
990	21.897573
991	67.832168
992	50.363580
993	6.668477
994	5.593102
995	68.110573
996	23.214368
997	44.636244
998	19.473038
999	55.390077
1000	21.896950
;

param: d :=
1	-71.654974
2	-53.588999
3	-32.539526
4	-75.733179
5	-71.670335
6	-72.733551
7	-14.862074
8	-87.753514
9	-13.050006
10	-19.982743
11	-28.167020
12	-41.704055
13	-90.377039
14	-22.340485
15	-75.445726
16	-43.013687
17	-40.947654
18	-46.158521
19	-73.723861
20	-12.502146
21	-23.319472
22	-1.632196
23	-73.212406
24	-57.715996
25	-64.223304
26	-21.327126
27	-92.712761
28	-5.999785
29	-74.078919
30	-93.848766
31	-33.538400
32	-2.933181
33	-31.065015
34	-89.310917
35	-50.391147
36	-98.796305
37	-21.019043
38	-55.613569
39	-60.877451
40	-12.298757
41	-60.920313
42	-5.993650
43	-75.202373
44	-12.970877
45	-48.095254
46	-84.041019
47	-6.926403
48	-2.492424
49	-28.782628
50	-15.713730
51	-69.074282
52	-21.343740
53	-19.315978
54	-67.093348
55	-43.660002
56	-72.013269
57	-97.188000
58	-55.417682
59	-43.589561
60	-12.617634
61	-58.308458
62	-56.507842
63	-12.419476
64	-94.811229
65	-38.477458
66	-36.478921
67	-47.022080
68	-40.884682
69	-43.701127
70	-76.378743
71	-92.369230
72	-96.625390
73	-37.847852
74	-41.508499
75	-27.245880
76	-52.463896
77	-18.111295
78	-8.453288
79	-99.197075
80	-65.131274
81	-17.829689
82	-94.319486
83	-4.598129
84	-61.311296
85	-35.096260
86	-79.763835
87	-36.852437
88	-94.170028
89	-86.649442
90	-42.595906
91	-72.044750
92	-47.499757
93	-0.241418
94	-72.431846
95	-98.170602
96	-32.559663
97	-48.714456
98	-33.653511
99	-32.487271
100	-14.176555
101	-82.089486
102	-20.262938
103	-14.634480
104	-42.959405
105	-42.842504
106	-11.355003
107	-20.018885
108	-22.689580
109	-93.054039
110	-64.102933
111	-29.260809
112	-88.117106
113	-43.517710
114	-1.081385
115	-50.837519
116	-65.234274
117	-60.912442
118	-22.417136
119	-62.483361
120	-88.241839
121	-96.049492
122	-5.205235
123	-10.443851
124	-68.766321
125	-22.784821
126	-38.288684
127	-19.149718
128	-66.896064
129	-78.361022
130	-82.225374
131	-45.377558
132	-16.698920
133	-57.621611
134	-31.702917
135	-81.433091
136	-87.163690
137	-78.694635
138	-26.502949
139	-28.184481
140	-50.991863
141	-13.194253
142	-7.764984
143	-57.401295
144	-19.418207
145	-85.814145
146	-28.861612
147	-84.089469
148	-8.851359
149	-53.068468
150	-78.870925
151	-16.614419
152	-87.131401
153	-68.106198
154	-37.337598
155	-15.169982
156	-22.154289
157	-38.059657
158	-57.745045
159	-16.430508
160	-72.525025
161	-24.758203
162	-13.838395
163	-59.428479
164	-76.223356
165	-71.496600
166	-70.117788
167	-32.227577
168	-88.666274
169	-31.183201
170	-19.902318
171	-25.525762
172	-7.646774
173	-47.775430
174	-57.307012
175	-57.394841
176	-74.063344
177	-23.201406
178	-98.478902
179	-61.132450
180	-75.641630
181	-59.558351
182	-20.197933
183	-49.258826
184	-25.610078
185	-11.776431
186	-95.700471
187	-39.961680
188	-15.018442
189	-21.553989
190	-73.388882
191	-26.232109
192	-80.024834
193	-24.317579
194	-61.954698
195	-57.046254
196	-17.200520
197	-67.892822
198	-15.100396
199	-15.529697
200	-99.008591
201	-31.682818
202	-58.598895
203	-58.831046
204	-96.621395
205	-55.494185
206	-13.315760
207	-58.106714
208	-58.969813
209	-56.211351
210	-51.697749
211	-4.268649
212	-76.525161
213	-44.409560
214	-78.520363
215	-85.663287
216	-45.190285
217	-38.384561
218	-61.584635
219	-48.130771
220	-33.097928
221	-51.870385
222	-48.021449
223	-99.927939
224	-23.482634
225	-84.524756
226	-86.945169
227	-73.938823
228	-46.223655
229	-87.348915
230	-21.498569
231	-52.795116
232	-77.098758
233	-68.210887
234	-5.703930
235	-83.521513
236	-54.463043
237	-73.177435
238	-71.744852
239	-12.134278
240	-84.576691
241	-95.615310
242	-81.667149
243	-86.202262
244	-76.315663
245	-11.568477
246	-71.644246
247	-10.696985
248	-90.444060
249	-83.620645
250	-33.050674
251	-13.277560
252	-77.740732
253	-61.797964
254	-49.503279
255	-63.044034
256	-29.554331
257	-36.129987
258	-60.078613
259	-0.387015
260	-65.667484
261	-42.787299
262	-18.801752
263	-23.239782
264	-25.157641
265	-93.859278
266	-16.144178
267	-29.072153
268	-10.594301
269	-49.597177
270	-15.865130
271	-11.762967
272	-72.935766
273	-95.166090
274	-92.622611
275	-88.620953
276	-75.904983
277	-38.040946
278	-47.939977
279	-5.884765
280	-31.701185
281	-9.792606
282	-30.261263
283	-31.872332
284	-9.930319
285	-34.648104
286	-10.446697
287	-32.021530
288	-72.388783
289	-99.013255
290	-73.919592
291	-37.117808
292	-20.875974
293	-24.467788
294	-61.554106
295	-57.447579
296	-39.632640
297	-22.416152
298	-29.358211
299	-88.049468
300	-36.500846
301	-29.506197
302	-2.649240
303	-66.272468
304	-8.424527
305	-11.732479
306	-24.023416
307	-32.347379
308	-19.515554
309	-17.657576
310	-63.559105
311	-29.370134
312	-9.820155
313	-34.986994
314	-28.890530
315	-94.733573
316	-98.575211
317	-69.747742
318	-3.213021
319	-37.931747
320	-79.598671
321	-49.645356
322	-7.790086
323	-91.938035
324	-13.839874
325	-67.183677
326	-40.385694
327	-87.583900
328	-61.261047
329	-10.846743
330	-63.322506
331	-73.517176
332	-99.211044
333	-99.883485
334	-89.944895
335	-84.505503
336	-77.611375
337	-37.401397
338	-69.383796
339	-66.641278
340	-89.033695
341	-38.665560
342	-99.969604
343	-37.993892
344	-29.295311
345	-11.922339
346	-79.063868
347	-10.801387
348	-49.366069
349	-63.661566
350	-35.588138
351	-65.853180
352	-92.989865
353	-48.158397
354	-46.438357
355	-60.684693
356	-52.141881
357	-51.608435
358	-85.820980
359	-37.988168
360	-81.411435
361	-36.765819
362	-62.004958
363	-61.986633
364	-26.624607
365	-74.941352
366	-16.389024
367	-26.368604
368	-22.823387
369	-30.311320
370	-61.076847
371	-50.895148
372	-92.040752
373	-42.810385
374	-54.663254
375	-63.203872
376	-78.782824
377	-18.406757
378	-54.096250
379	-64.569751
380	-74.115104
381	-17.853248
382	-55.295805
383	-88.508562
384	-14.401504
385	-53.971707
386	-33.726432
387	-62.708414
388	-92.175024
389	-2.727772
390	-69.209390
391	-86.610522
392	-34.349869
393	-71.648406
394	-6.495557
395	-50.995571
396	-50.007688
397	-8.530959
398	-93.269660
399	-74.515847
400	-24.133695
401	-73.463655
402	-71.527636
403	-17.199250
404	-99.365094
405	-40.595028
406	-4.993452
407	-83.204935
408	-34.648113
409	-76.446421
410	-48.067663
411	-61.107768
412	-63.704372
413	-27.007082
414	-41.901866
415	-51.768736
416	-40.215602
417	-54.685871
418	-57.790605
419	-62.896724
420	-91.960181
421	-35.275966
422	-41.248683
423	-25.492042
424	-13.541223
425	-39.695454
426	-0.476045
427	-87.541866
428	-66.870995
429	-71.203549
430	-41.730483
431	-7.417924
432	-26.856940
433	-71.536295
434	-3.377231
435	-70.174780
436	-73.946508
437	-32.094542
438	-60.509403
439	-48.064467
440	-80.534993
441	-0.613516
442	-82.076137
443	-3.765681
444	-34.442759
445	-18.735417
446	-15.762907
447	-31.866852
448	-26.970152
449	-46.353634
450	-65.616977
451	-40.305751
452	-94.165729
453	-3.217709
454	-47.679907
455	-77.421900
456	-96.592326
457	-52.137915
458	-86.725733
459	-43.806607
460	-53.504370
461	-79.395521
462	-21.392234
463	-95.555694
464	-35.422198
465	-56.287685
466	-15.447684
467	-66.801276
468	-43.013578
469	-55.896319
470	-82.516486
471	-34.955704
472	-52.653861
473	-13.552896
474	-12.937407
475	-28.064167
476	-25.134672
477	-85.292901
478	-53.951872
479	-4.121764
480	-28.922222
481	-2.401221
482	-88.596145
483	-75.991217
484	-6.070811
485	-26.009866
486	-90.936960
487	-87.958988
488	-63.079726
489	-15.342158
490	-1.210825
491	-66.299543
492	-45.700551
493	-97.263495
494	-28.546144
495	-63.898412
496	-48.905896
497	-51.058673
498	-66.803142
499	-78.101992
500	-75.252685
501	-51.035732
502	-32.499207
503	-53.452734
504	-40.615825
505	-29.232730
506	-1.850084
507	-98.991178
508	-10.281119
509	-55.510096
510	-20.902340
511	-40.482721
512	-51.500404
513	-31.925560
514	-80.903019
515	-15.023140
516	-76.604692
517	-52.469587
518	-53.657478
519	-51.348446
520	-20.269657
521	-65.901697
522	-99.713567
523	-45.597609
524	-48.602256
525	-48.109671
526	-37.411211
527	-58.765477
528	-75.632330
529	-16.746294
530	-97.783244
531	-47.160452
532	-67.535534
533	-72.179092
534	-17.177727
535	-0.546583
536	-7.561517
537	-45.770559
538	-29.002336
539	-40.700953
540	-32.785711
541	-88.961786
542	-50.803777
543	-75.935251
544	-94.497192
545	-98.237259
546	-96.865532
547	-60.495283
548	-17.368319
549	-33.139527
550	-94.715408
551	-62.325911
552	-75.031950
553	-49.543826
554	-37.060114
555	-80.129507
556	-64.171347
557	-12.654920
558	-3.658316
559	-35.760896
560	-7.037380
561	-36.002283
562	-33.919553
563	-48.797486
564	-40.667668
565	-89.531629
566	-15.354779
567	-12.334233
568	-71.136621
569	-45.225265
570	-85.907551
571	-66.201345
572	-16.329869
573	-19.556369
574	-98.921905
575	-42.095992
576	-17.464163
577	-25.252103
578	-79.787171
579	-42.613102
580	-1.712144
581	-27.967528
582	-25.674866
583	-16.761808
584	-95.838896
585	-70.644844
586	-93.609015
587	-67.685279
588	-2.340446
589	-24.425787
590	-58.081022
591	-92.122720
592	-52.688060
593	-53.785518
594	-48.802923
595	-60.156451
596	-38.828416
597	-65.481115
598	-16.120017
599	-38.623714
600	-12.573072
601	-82.657388
602	-70.968608
603	-20.090306
604	-56.969440
605	-60.736386
606	-11.713974
607	-11.566787
608	-49.636103
609	-98.930168
610	-36.428504
611	-32.399863
612	-4.863466
613	-28.650657
614	-21.018480
615	-13.379338
616	-47.927550
617	-94.125538
618	-66.889064
619	-70.837177
620	-0.702590
621	-16.403891
622	-62.703142
623	-2.429858
624	-71.826471
625	-6.451086
626	-40.284918
627	-69.933174
628	-42.341841
629	-78.062138
630	-92.700287
631	-1.509527
632	-74.037765
633	-99.437277
634	-5.043878
635	-94.188785
636	-84.032160
637	-66.200897
638	-1.512438
639	-42.640488
640	-84.985764
641	-46.836530
642	-90.570434
643	-24.294591
644	-3.195621
645	-12.782228
646	-42.422501
647	-89.545006
648	-2.780509
649	-63.655016
650	-44.238841
651	-32.518241
652	-9.239455
653	-95.781943
654	-81.243254
655	-81.643125
656	-37.608526
657	-55.781359
658	-36.681645
659	-54.654076
660	-27.765798
661	-22.194191
662	-80.654956
663	-31.213391
664	-72.265303
665	-10.802901
666	-87.720113
667	-35.784114
668	-24.048411
669	-88.246136
670	-60.606176
671	-48.509353
672	-69.679561
673	-44.020106
674	-22.375465
675	-55.070533
676	-33.111346
677	-67.355158
678	-1.660928
679	-17.039184
680	-58.328550
681	-86.242357
682	-2.665426
683	-45.951553
684	-90.127794
685	-69.082276
686	-55.999850
687	-24.809565
688	-91.859052
689	-89.450012
690	-29.566565
691	-57.687253
692	-47.479095
693	-47.275654
694	-0.111682
695	-57.119356
696	-47.131577
697	-85.720826
698	-86.147677
699	-39.615506
700	-35.410264
701	-42.427383
702	-35.933330
703	-38.519427
704	-10.541640
705	-24.308400
706	-60.706617
707	-42.288929
708	-54.311655
709	-10.162342
710	-67.598893
711	-35.975729
712	-47.190429
713	-68.857639
714	-97.597280
715	-28.429520
716	-2.095329
717	-57.117038
718	-12.775552
719	-77.366109
720	-93.963840
721	-58.188587
722	-73.851472
723	-21.585001
724	-95.819529
725	-95.500492
726	-86.870309
727	-17.768051
728	-93.188118
729	-74.437567
730	-12.226110
731	-0.401147
732	-82.793141
733	-95.481102
734	-64.215057
735	-51.432395
736	-93.655100
737	-76.207156
738	-32.354333
739	-84.324038
740	-89.175457
741	-43.299327
742	-13.562885
743	-54.658412
744	-82.438201
745	-6.161652
746	-22.265108
747	-27.229001
748	-66.317950
749	-19.812796
750	-53.445319
751	-95.345520
752	-11.812576
753	-3.982337
754	-44.752697
755	-11.591537
756	-4.364642
757	-42.877990
758	-27.394445
759	-85.605898
760	-12.523441
761	-91.121990
762	-8.834511
763	-20.500864
764	-85.153902
765	-46.502395
766	-28.817164
767	-30.601981
768	-43.284443
769	-38.604660
770	-73.488522
771	-71.936441
772	-35.702987
773	-82.180589
774	-26.290626
775	-15.323648
776	-7.268775
777	-67.348543
778	-42.507237
779	-77.354753
780	-18.686178
781	-23.277717
782	-97.176704
783	-74.559606
784	-23.286135
785	-57.187050
786	-9.590274
787	-45.877675
788	-70.114170
789	-89.717179
790	-54.109808
791	-67.971825
792	-84.043613
793	-42.310460
794	-52.812643
795	-84.469413
796	-12.181731
797	-46.646380
798	-71.555683
799	-43.276672
800	-34.857484
801	-7.167352
802	-27.862224
803	-63.456576
804	-90.115722
805	-7.602816
806	-48.110936
807	-77.831072
808	-71.585845
809	-87.363587
810	-27.728845
811	-65.333315
812	-77.603273
813	-37.207049
814	-16.284358
815	-29.355891
816	-69.606199
817	-13.271178
818	-51.891870
819	-6.941622
820	-80.160083
821	-49.966145
822	-93.153171
823	-49.627376
824	-66.974173
825	-0.338067
826	-79.591385
827	-95.285802
828	-94.564318
829	-49.008789
830	-70.684217
831	-37.018035
832	-25.755116
833	-1.037190
834	-48.262262
835	-58.065705
836	-29.598477
837	-76.288009
838	-91.008197
839	-84.231423
840	-68.856186
841	-96.744581
842	-35.919991
843	-90.209070
844	-67.034188
845	-62.419973
846	-79.791898
847	-99.108810
848	-10.300606
849	-63.399055
850	-67.090432
851	-96.547027
852	-69.693255
853	-16.624399
854	-28.856796
855	-11.811430
856	-19.510847
857	-60.614398
858	-54.649257
859	-95.769786
860	-53.633509
861	-59.958501
862	-94.067076
863	-73.897931
864	-41.285057
865	-93.867603
866	-88.331921
867	-94.016443
868	-97.380304
869	-76.686855
870	-51.655237
871	-8.972434
872	-58.705650
873	-25.080786
874	-40.633611
875	-66.157433
876	-43.891937
877	-10.285070
878	-92.880441
879	-40.714315
880	-37.294590
881	-72.276323
882	-23.863674
883	-96.051194
884	-53.222577
885	-97.674072
886	-97.668756
887	-79.473053
888	-75.548584
889	-33.159315
890	-45.986557
891	-73.840265
892	-62.802272
893	-14.896941
894	-97.463592
895	-20.770960
896	-66.763432
897	-17.704970
898	-33.090546
899	-21.688843
900	-5.768448
901	-36.973408
902	-83.775811
903	-98.261682
904	-65.072679
905	-26.945632
906	-4.356548
907	-4.726791
908	-69.927740
909	-15.921189
910	-52.845012
911	-63.983466
912	-22.005120
913	-40.279087
914	-66.684442
915	-17.740709
916	-78.900264
917	-69.322537
918	-96.166986
919	-96.148920
920	-36.141409
921	-93.187675
922	-83.017339
923	-51.872290
924	-22.503268
925	-37.119220
926	-54.873615
927	-3.433507
928	-24.234783
929	-48.403860
930	-86.821733
931	-70.199611
932	-78.638204
933	-36.900689
934	-8.767745
935	-75.965117
936	-44.381684
937	-67.659932
938	-0.396671
939	-39.675552
940	-93.939679
941	-58.919043
942	-89.517042
943	-29.879046
944	-72.104605
945	-87.692163
946	-34.106557
947	-93.221353
948	-6.538676
949	-46.777180
950	-75.255139
951	-94.058674
952	-98.865641
953	-66.431684
954	-11.058965
955	-35.060881
956	-85.639518
957	-60.341505
958	-53.230895
959	-50.700457
960	-69.180337
961	-4.904432
962	-10.080792
963	-99.398641
964	-40.296078
965	-14.884270
966	-73.676656
967	-93.474871
968	-3.750294
969	-26.793073
970	-85.261908
971	-60.837655
972	-40.694791
973	-95.101984
974	-83.622138
975	-30.577707
976	-98.538824
977	-53.174453
978	-24.529949
979	-77.649055
980	-70.799940
981	-94.046477
982	-23.783786
983	-48.863658
984	-57.360560
985	-4.188970
986	-82.084202
987	-49.356044
988	-71.418714
989	-98.241607
990	-84.847698
991	-7.567086
992	-78.194115
993	-69.873042
994	-87.619127
995	-84.189346
996	-86.169173
997	-39.306619
998	-22.847557
999	-38.175908
1000	-3.850489
;

param: weight :=
1	42.000000
2	88.000000
3	63.000000
4	99.000000
5	6.000000
6	60.000000
7	52.000000
8	87.000000
9	57.000000
10	80.000000
11	90.000000
12	8.000000
13	45.000000
14	31.000000
15	47.000000
16	20.000000
17	8.000000
18	97.000000
19	6.000000
20	87.000000
21	84.000000
22	13.000000
23	42.000000
24	53.000000
25	64.000000
26	26.000000
27	11.000000
28	1.000000
29	65.000000
30	23.000000
31	21.000000
32	99.000000
33	64.000000
34	33.000000
35	15.000000
36	81.000000
37	85.000000
38	1.000000
39	97.000000
40	94.000000
41	4.000000
42	77.000000
43	91.000000
44	55.000000
45	32.000000
46	61.000000
47	23.000000
48	85.000000
49	81.000000
50	39.000000
51	31.000000
52	28.000000
53	81.000000
54	97.000000
55	79.000000
56	30.000000
57	7.000000
58	45.000000
59	90.000000
60	24.000000
61	2.000000
62	6.000000
63	18.000000
64	72.000000
65	7.000000
66	63.000000
67	92.000000
68	9.000000
69	25.000000
70	49.000000
71	14.000000
72	44.000000
73	77.000000
74	33.000000
75	90.000000
76	37.000000
77	80.000000
78	91.000000
79	7.000000
80	48.000000
81	58.000000
82	25.000000
83	70.000000
84	89.000000
85	45.000000
86	92.000000
87	15.000000
88	41.000000
89	9.000000
90	30.000000
91	71.000000
92	88.000000
93	97.000000
94	41.000000
95	57.000000
96	58.000000
97	89.000000
98	23.000000
99	88.000000
100	31.000000
101	60.000000
102	47.000000
103	9.000000
104	88.000000
105	71.000000
106	96.000000
107	71.000000
108	91.000000
109	82.000000
110	63.000000
111	93.000000
112	25.000000
113	97.000000
114	50.000000
115	4.000000
116	43.000000
117	99.000000
118	88.000000
119	35.000000
120	84.000000
121	61.000000
122	68.000000
123	7.000000
124	40.000000
125	29.000000
126	91.000000
127	23.000000
128	61.000000
129	33.000000
130	49.000000
131	66.000000
132	70.000000
133	63.000000
134	41.000000
135	15.000000
136	71.000000
137	4.000000
138	73.000000
139	54.000000
140	52.000000
141	58.000000
142	17.000000
143	94.000000
144	43.000000
145	35.000000
146	82.000000
147	60.000000
148	68.000000
149	16.000000
150	96.000000
151	93.000000
152	64.000000
153	99.000000
154	3.000000
155	91.000000
156	42.000000
157	89.000000
158	69.000000
159	84.000000
160	44.000000
161	56.000000
162	46.000000
163	51.000000
164	97.000000
165	53.000000
166	9.000000
167	4.000000
168	34.000000
169	71.000000
170	34.000000
171	84.000000
172	38.000000
173	40.000000
174	98.000000
175	29.000000
176	95.000000
177	25.000000
178	27.000000
179	27.000000
180	53.000000
181	87.000000
182	66.000000
183	30.000000
184	88.000000
185	85.000000
186	50.000000
187	57.000000
188	80.000000
189	35.000000
190	93.000000
191	5.000000
192	68.000000
193	28.000000
194	43.000000
195	78.000000
196	33.000000
197	67.000000
198	77.000000
199	42.000000
200	64.000000
201	53.000000
202	13.000000
203	65.000000
204	80.000000
205	87.000000
206	18.000000
207	96.000000
208	27.000000
209	74.000000
210	20.000000
211	92.000000
212	70.000000
213	43.000000
214	78.000000
215	4.000000
216	88.000000
217	1.000000
218	95.000000
219	22.000000
220	68.000000
221	36.000000
222	88.000000
223	53.000000
224	67.000000
225	81.000000
226	22.000000
227	98.000000
228	11.000000
229	18.000000
230	82.000000
231	14.000000
232	15.000000
233	47.000000
234	64.000000
235	27.000000
236	49.000000
237	7.000000
238	44.000000
239	49.000000
240	45.000000
241	47.000000
242	49.000000
243	60.000000
244	3.000000
245	35.000000
246	15.000000
247	56.000000
248	93.000000
249	90.000000
250	55.000000
251	79.000000
252	84.000000
253	42.000000
254	40.000000
255	75.000000
256	90.000000
257	24.000000
258	23.000000
259	71.000000
260	42.000000
261	81.000000
262	34.000000
263	7.000000
264	78.000000
265	39.000000
266	58.000000
267	82.000000
268	27.000000
269	61.000000
270	21.000000
271	21.000000
272	54.000000
273	69.000000
274	78.000000
275	37.000000
276	72.000000
277	89.000000
278	86.000000
279	59.000000
280	63.000000
281	22.000000
282	39.000000
283	35.000000
284	28.000000
285	98.000000
286	87.000000
287	7.000000
288	25.000000
289	77.000000
290	21.000000
291	72.000000
292	93.000000
293	65.000000
294	22.000000
295	1.000000
296	1.000000
297	4.000000
298	81.000000
299	25.000000
300	67.000000
301	51.000000
302	38.000000
303	27.000000
304	84.000000
305	6.000000
306	95.000000
307	86.000000
308	32.000000
309	41.000000
310	57.000000
311	35.000000
312	5.000000
313	59.000000
314	1.000000
315	56.000000
316	49.000000
317	10.000000
318	76.000000
319	23.000000
320	40.000000
321	50.000000
322	99.000000
323	2.000000
324	35.000000
325	90.000000
326	80.000000
327	53.000000
328	74.000000
329	59.000000
330	24.000000
331	34.000000
332	3.000000
333	12.000000
334	15.000000
335	50.000000
336	1.000000
337	82.000000
338	6.000000
339	6.000000
340	3.000000
341	95.000000
342	9.000000
343	73.000000
344	29.000000
345	32.000000
346	16.000000
347	78.000000
348	2.000000
349	72.000000
350	53.000000
351	36.000000
352	94.000000
353	23.000000
354	93.000000
355	62.000000
356	90.000000
357	82.000000
358	39.000000
359	22.000000
360	6.000000
361	84.000000
362	88.000000
363	83.000000
364	26.000000
365	86.000000
366	38.000000
367	6.000000
368	6.000000
369	16.000000
370	61.000000
371	18.000000
372	51.000000
373	24.000000
374	2.000000
375	49.000000
376	99.000000
377	23.000000
378	60.000000
379	77.000000
380	80.000000
381	59.000000
382	97.000000
383	24.000000
384	67.000000
385	63.000000
386	7.000000
387	52.000000
388	90.000000
389	39.000000
390	77.000000
391	13.000000
392	44.000000
393	80.000000
394	24.000000
395	17.000000
396	35.000000
397	89.000000
398	25.000000
399	35.000000
400	84.000000
401	42.000000
402	67.000000
403	7.000000
404	4.000000
405	38.000000
406	84.000000
407	96.000000
408	65.000000
409	30.000000
410	57.000000
411	3.000000
412	78.000000
413	66.000000
414	57.000000
415	62.000000
416	86.000000
417	28.000000
418	89.000000
419	11.000000
420	40.000000
421	25.000000
422	58.000000
423	79.000000
424	48.000000
425	13.000000
426	73.000000
427	25.000000
428	12.000000
429	53.000000
430	90.000000
431	40.000000
432	88.000000
433	20.000000
434	36.000000
435	7.000000
436	14.000000
437	26.000000
438	20.000000
439	47.000000
440	22.000000
441	33.000000
442	92.000000
443	87.000000
444	69.000000
445	21.000000
446	48.000000
447	69.000000
448	92.000000
449	72.000000
450	70.000000
451	70.000000
452	78.000000
453	42.000000
454	54.000000
455	34.000000
456	57.000000
457	35.000000
458	14.000000
459	56.000000
460	26.000000
461	79.000000
462	26.000000
463	35.000000
464	33.000000
465	29.000000
466	20.000000
467	96.000000
468	52.000000
469	21.000000
470	44.000000
471	18.000000
472	97.000000
473	8.000000
474	98.000000
475	75.000000
476	64.000000
477	13.000000
478	8.000000
479	43.000000
480	52.000000
481	75.000000
482	8.000000
483	24.000000
484	26.000000
485	13.000000
486	35.000000
487	89.000000
488	80.000000
489	47.000000
490	47.000000
491	64.000000
492	67.000000
493	95.000000
494	54.000000
495	85.000000
496	49.000000
497	37.000000
498	80.000000
499	99.000000
500	43.000000
501	7.000000
502	25.000000
503	2.000000
504	84.000000
505	44.000000
506	55.000000
507	19.000000
508	97.000000
509	43.000000
510	68.000000
511	57.000000
512	39.000000
513	7.000000
514	90.000000
515	80.000000
516	16.000000
517	61.000000
518	30.000000
519	57.000000
520	94.000000
521	99.000000
522	87.000000
523	6.000000
524	60.000000
525	40.000000
526	74.000000
527	44.000000
528	53.000000
529	31.000000
530	84.000000
531	70.000000
532	21.000000
533	84.000000
534	40.000000
535	61.000000
536	18.000000
537	50.000000
538	4.000000
539	38.000000
540	18.000000
541	56.000000
542	51.000000
543	81.000000
544	2.000000
545	93.000000
546	99.000000
547	9.000000
548	44.000000
549	95.000000
550	70.000000
551	62.000000
552	90.000000
553	10.000000
554	45.000000
555	49.000000
556	78.000000
557	99.000000
558	10.000000
559	41.000000
560	23.000000
561	61.000000
562	11.000000
563	37.000000
564	49.000000
565	1.000000
566	92.000000
567	96.000000
568	7.000000
569	92.000000
570	86.000000
571	56.000000
572	99.000000
573	54.000000
574	5.000000
575	38.000000
576	65.000000
577	11.000000
578	81.000000
579	48.000000
580	88.000000
581	58.000000
582	92.000000
583	1.000000
584	69.000000
585	86.000000
586	31.000000
587	6.000000
588	16.000000
589	54.000000
590	59.000000
591	52.000000
592	97.000000
593	41.000000
594	33.000000
595	34.000000
596	25.000000
597	41.000000
598	56.000000
599	45.000000
600	49.000000
601	25.000000
602	37.000000
603	11.000000
604	63.000000
605	35.000000
606	32.000000
607	19.000000
608	58.000000
609	63.000000
610	55.000000
611	77.000000
612	63.000000
613	65.000000
614	64.000000
615	12.000000
616	94.000000
617	25.000000
618	64.000000
619	58.000000
620	92.000000
621	38.000000
622	46.000000
623	21.000000
624	42.000000
625	21.000000
626	97.000000
627	80.000000
628	81.000000
629	20.000000
630	78.000000
631	54.000000
632	46.000000
633	83.000000
634	46.000000
635	36.000000
636	31.000000
637	84.000000
638	51.000000
639	50.000000
640	74.000000
641	30.000000
642	57.000000
643	7.000000
644	20.000000
645	70.000000
646	89.000000
647	95.000000
648	44.000000
649	57.000000
650	60.000000
651	26.000000
652	44.000000
653	24.000000
654	45.000000
655	49.000000
656	97.000000
657	28.000000
658	77.000000
659	58.000000
660	46.000000
661	92.000000
662	24.000000
663	36.000000
664	94.000000
665	32.000000
666	75.000000
667	41.000000
668	91.000000
669	77.000000
670	52.000000
671	28.000000
672	70.000000
673	1.000000
674	73.000000
675	17.000000
676	2.000000
677	22.000000
678	34.000000
679	61.000000
680	35.000000
681	49.000000
682	39.000000
683	24.000000
684	20.000000
685	42.000000
686	43.000000
687	89.000000
688	29.000000
689	76.000000
690	51.000000
691	62.000000
692	72.000000
693	63.000000
694	57.000000
695	12.000000
696	57.000000
697	13.000000
698	20.000000
699	72.000000
700	98.000000
701	31.000000
702	65.000000
703	82.000000
704	26.000000
705	62.000000
706	11.000000
707	75.000000
708	33.000000
709	80.000000
710	28.000000
711	76.000000
712	22.000000
713	69.000000
714	6.000000
715	46.000000
716	87.000000
717	80.000000
718	88.000000
719	51.000000
720	39.000000
721	48.000000
722	45.000000
723	82.000000
724	31.000000
725	11.000000
726	79.000000
727	72.000000
728	50.000000
729	75.000000
730	71.000000
731	97.000000
732	15.000000
733	86.000000
734	15.000000
735	26.000000
736	7.000000
737	55.000000
738	11.000000
739	21.000000
740	68.000000
741	19.000000
742	51.000000
743	74.000000
744	11.000000
745	5.000000
746	6.000000
747	79.000000
748	53.000000
749	25.000000
750	59.000000
751	20.000000
752	31.000000
753	66.000000
754	25.000000
755	10.000000
756	14.000000
757	78.000000
758	96.000000
759	88.000000
760	2.000000
761	61.000000
762	33.000000
763	58.000000
764	11.000000
765	90.000000
766	96.000000
767	85.000000
768	1.000000
769	77.000000
770	60.000000
771	44.000000
772	90.000000
773	72.000000
774	4.000000
775	90.000000
776	71.000000
777	46.000000
778	25.000000
779	25.000000
780	48.000000
781	49.000000
782	48.000000
783	32.000000
784	87.000000
785	55.000000
786	24.000000
787	43.000000
788	24.000000
789	20.000000
790	98.000000
791	5.000000
792	41.000000
793	47.000000
794	24.000000
795	3.000000
796	16.000000
797	57.000000
798	56.000000
799	56.000000
800	54.000000
801	73.000000
802	19.000000
803	48.000000
804	47.000000
805	17.000000
806	54.000000
807	20.000000
808	43.000000
809	24.000000
810	24.000000
811	8.000000
812	88.000000
813	21.000000
814	76.000000
815	65.000000
816	28.000000
817	54.000000
818	9.000000
819	62.000000
820	11.000000
821	24.000000
822	68.000000
823	96.000000
824	50.000000
825	5.000000
826	48.000000
827	57.000000
828	39.000000
829	63.000000
830	27.000000
831	21.000000
832	94.000000
833	21.000000
834	30.000000
835	65.000000
836	18.000000
837	48.000000
838	41.000000
839	6.000000
840	25.000000
841	66.000000
842	79.000000
843	73.000000
844	78.000000
845	64.000000
846	47.000000
847	84.000000
848	70.000000
849	70.000000
850	81.000000
851	51.000000
852	14.000000
853	92.000000
854	9.000000
855	80.000000
856	14.000000
857	3.000000
858	63.000000
859	42.000000
860	54.000000
861	4.000000
862	61.000000
863	55.000000
864	50.000000
865	73.000000
866	1.000000
867	22.000000
868	89.000000
869	27.000000
870	45.000000
871	6.000000
872	53.000000
873	56.000000
874	95.000000
875	46.000000
876	43.000000
877	30.000000
878	17.000000
879	42.000000
880	75.000000
881	26.000000
882	8.000000
883	42.000000
884	59.000000
885	30.000000
886	88.000000
887	61.000000
888	41.000000
889	90.000000
890	89.000000
891	91.000000
892	95.000000
893	80.000000
894	15.000000
895	90.000000
896	69.000000
897	60.000000
898	11.000000
899	57.000000
900	71.000000
901	59.000000
902	87.000000
903	21.000000
904	19.000000
905	62.000000
906	17.000000
907	21.000000
908	95.000000
909	75.000000
910	1.000000
911	24.000000
912	80.000000
913	75.000000
914	46.000000
915	80.000000
916	83.000000
917	3.000000
918	56.000000
919	27.000000
920	95.000000
921	95.000000
922	23.000000
923	93.000000
924	10.000000
925	48.000000
926	37.000000
927	40.000000
928	85.000000
929	38.000000
930	20.000000
931	4.000000
932	78.000000
933	23.000000
934	83.000000
935	6.000000
936	79.000000
937	39.000000
938	65.000000
939	76.000000
940	2.000000
941	7.000000
942	9.000000
943	12.000000
944	92.000000
945	38.000000
946	33.000000
947	74.000000
948	79.000000
949	15.000000
950	38.000000
951	57.000000
952	54.000000
953	58.000000
954	49.000000
955	78.000000
956	59.000000
957	21.000000
958	93.000000
959	98.000000
960	99.000000
961	3.000000
962	17.000000
963	54.000000
964	10.000000
965	71.000000
966	20.000000
967	24.000000
968	98.000000
969	93.000000
970	84.000000
971	40.000000
972	38.000000
973	48.000000
974	60.000000
975	32.000000
976	52.000000
977	6.000000
978	83.000000
979	29.000000
980	29.000000
981	54.000000
982	53.000000
983	64.000000
984	73.000000
985	21.000000
986	97.000000
987	77.000000
988	47.000000
989	24.000000
990	69.000000
991	82.000000
992	36.000000
993	35.000000
994	95.000000
995	96.000000
996	58.000000
997	2.000000
998	71.000000
999	55.000000
1000	58.000000
;

param: U :=
1	100.000000
2	100.000000
3	100.000000
4	100.000000
5	100.000000
6	100.000000
7	100.000000
8	100.000000
9	100.000000
10	100.000000
11	100.000000
12	100.000000
13	100.000000
14	100.000000
15	100.000000
16	100.000000
17	100.000000
18	100.000000
19	100.000000
20	100.000000
21	100.000000
22	100.000000
23	100.000000
24	100.000000
25	100.000000
26	100.000000
27	100.000000
28	100.000000
29	100.000000
30	100.000000
31	100.000000
32	100.000000
33	100.000000
34	100.000000
35	100.000000
36	100.000000
37	100.000000
38	100.000000
39	100.000000
40	100.000000
41	100.000000
42	100.000000
43	100.000000
44	100.000000
45	100.000000
46	100.000000
47	100.000000
48	100.000000
49	100.000000
50	100.000000
51	100.000000
52	100.000000
53	100.000000
54	100.000000
55	100.000000
56	100.000000
57	100.000000
58	100.000000
59	100.000000
60	100.000000
61	100.000000
62	100.000000
63	100.000000
64	100.000000
65	100.000000
66	100.000000
67	100.000000
68	100.000000
69	100.000000
70	100.000000
71	100.000000
72	100.000000
73	100.000000
74	100.000000
75	100.000000
76	100.000000
77	100.000000
78	100.000000
79	100.000000
80	100.000000
81	100.000000
82	100.000000
83	100.000000
84	100.000000
85	100.000000
86	100.000000
87	100.000000
88	100.000000
89	100.000000
90	100.000000
91	100.000000
92	100.000000
93	100.000000
94	100.000000
95	100.000000
96	100.000000
97	100.000000
98	100.000000
99	100.000000
100	100.000000
101	100.000000
102	100.000000
103	100.000000
104	100.000000
105	100.000000
106	100.000000
107	100.000000
108	100.000000
109	100.000000
110	100.000000
111	100.000000
112	100.000000
113	100.000000
114	100.000000
115	100.000000
116	100.000000
117	100.000000
118	100.000000
119	100.000000
120	100.000000
121	100.000000
122	100.000000
123	100.000000
124	100.000000
125	100.000000
126	100.000000
127	100.000000
128	100.000000
129	100.000000
130	100.000000
131	100.000000
132	100.000000
133	100.000000
134	100.000000
135	100.000000
136	100.000000
137	100.000000
138	100.000000
139	100.000000
140	100.000000
141	100.000000
142	100.000000
143	100.000000
144	100.000000
145	100.000000
146	100.000000
147	100.000000
148	100.000000
149	100.000000
150	100.000000
151	100.000000
152	100.000000
153	100.000000
154	100.000000
155	100.000000
156	100.000000
157	100.000000
158	100.000000
159	100.000000
160	100.000000
161	100.000000
162	100.000000
163	100.000000
164	100.000000
165	100.000000
166	100.000000
167	100.000000
168	100.000000
169	100.000000
170	100.000000
171	100.000000
172	100.000000
173	100.000000
174	100.000000
175	100.000000
176	100.000000
177	100.000000
178	100.000000
179	100.000000
180	100.000000
181	100.000000
182	100.000000
183	100.000000
184	100.000000
185	100.000000
186	100.000000
187	100.000000
188	100.000000
189	100.000000
190	100.000000
191	100.000000
192	100.000000
193	100.000000
194	100.000000
195	100.000000
196	100.000000
197	100.000000
198	100.000000
199	100.000000
200	100.000000
201	100.000000
202	100.000000
203	100.000000
204	100.000000
205	100.000000
206	100.000000
207	100.000000
208	100.000000
209	100.000000
210	100.000000
211	100.000000
212	100.000000
213	100.000000
214	100.000000
215	100.000000
216	100.000000
217	100.000000
218	100.000000
219	100.000000
220	100.000000
221	100.000000
222	100.000000
223	100.000000
224	100.000000
225	100.000000
226	100.000000
227	100.000000
228	100.000000
229	100.000000
230	100.000000
231	100.000000
232	100.000000
233	100.000000
234	100.000000
235	100.000000
236	100.000000
237	100.000000
238	100.000000
239	100.000000
240	100.000000
241	100.000000
242	100.000000
243	100.000000
244	100.000000
245	100.000000
246	100.000000
247	100.000000
248	100.000000
249	100.000000
250	100.000000
251	100.000000
252	100.000000
253	100.000000
254	100.000000
255	100.000000
256	100.000000
257	100.000000
258	100.000000
259	100.000000
260	100.000000
261	100.000000
262	100.000000
263	100.000000
264	100.000000
265	100.000000
266	100.000000
267	100.000000
268	100.000000
269	100.000000
270	100.000000
271	100.000000
272	100.000000
273	100.000000
274	100.000000
275	100.000000
276	100.000000
277	100.000000
278	100.000000
279	100.000000
280	100.000000
281	100.000000
282	100.000000
283	100.000000
284	100.000000
285	100.000000
286	100.000000
287	100.000000
288	100.000000
289	100.000000
290	100.000000
291	100.000000
292	100.000000
293	100.000000
294	100.000000
295	100.000000
296	100.000000
297	100.000000
298	100.000000
299	100.000000
300	100.000000
301	100.000000
302	100.000000
303	100.000000
304	100.000000
305	100.000000
306	100.000000
307	100.000000
308	100.000000
309	100.000000
310	100.000000
311	100.000000
312	100.000000
313	100.000000
314	100.000000
315	100.000000
316	100.000000
317	100.000000
318	100.000000
319	100.000000
320	100.000000
321	100.000000
322	100.000000
323	100.000000
324	100.000000
325	100.000000
326	100.000000
327	100.000000
328	100.000000
329	100.000000
330	100.000000
331	100.000000
332	100.000000
333	100.000000
334	100.000000
335	100.000000
336	100.000000
337	100.000000
338	100.000000
339	100.000000
340	100.000000
341	100.000000
342	100.000000
343	100.000000
344	100.000000
345	100.000000
346	100.000000
347	100.000000
348	100.000000
349	100.000000
350	100.000000
351	100.000000
352	100.000000
353	100.000000
354	100.000000
355	100.000000
356	100.000000
357	100.000000
358	100.000000
359	100.000000
360	100.000000
361	100.000000
362	100.000000
363	100.000000
364	100.000000
365	100.000000
366	100.000000
367	100.000000
368	100.000000
369	100.000000
370	100.000000
371	100.000000
372	100.000000
373	100.000000
374	100.000000
375	100.000000
376	100.000000
377	100.000000
378	100.000000
379	100.000000
380	100.000000
381	100.000000
382	100.000000
383	100.000000
384	100.000000
385	100.000000
386	100.000000
387	100.000000
388	100.000000
389	100.000000
390	100.000000
391	100.000000
392	100.000000
393	100.000000
394	100.000000
395	100.000000
396	100.000000
397	100.000000
398	100.000000
399	100.000000
400	100.000000
401	100.000000
402	100.000000
403	100.000000
404	100.000000
405	100.000000
406	100.000000
407	100.000000
408	100.000000
409	100.000000
410	100.000000
411	100.000000
412	100.000000
413	100.000000
414	100.000000
415	100.000000
416	100.000000
417	100.000000
418	100.000000
419	100.000000
420	100.000000
421	100.000000
422	100.000000
423	100.000000
424	100.000000
425	100.000000
426	100.000000
427	100.000000
428	100.000000
429	100.000000
430	100.000000
431	100.000000
432	100.000000
433	100.000000
434	100.000000
435	100.000000
436	100.000000
437	100.000000
438	100.000000
439	100.000000
440	100.000000
441	100.000000
442	100.000000
443	100.000000
444	100.000000
445	100.000000
446	100.000000
447	100.000000
448	100.000000
449	100.000000
450	100.000000
451	100.000000
452	100.000000
453	100.000000
454	100.000000
455	100.000000
456	100.000000
457	100.000000
458	100.000000
459	100.000000
460	100.000000
461	100.000000
462	100.000000
463	100.000000
464	100.000000
465	100.000000
466	100.000000
467	100.000000
468	100.000000
469	100.000000
470	100.000000
471	100.000000
472	100.000000
473	100.000000
474	100.000000
475	100.000000
476	100.000000
477	100.000000
478	100.000000
479	100.000000
480	100.000000
481	100.000000
482	100.000000
483	100.000000
484	100.000000
485	100.000000
486	100.000000
487	100.000000
488	100.000000
489	100.000000
490	100.000000
491	100.000000
492	100.000000
493	100.000000
494	100.000000
495	100.000000
496	100.000000
497	100.000000
498	100.000000
499	100.000000
500	100.000000
501	100.000000
502	100.000000
503	100.000000
504	100.000000
505	100.000000
506	100.000000
507	100.000000
508	100.000000
509	100.000000
510	100.000000
511	100.000000
512	100.000000
513	100.000000
514	100.000000
515	100.000000
516	100.000000
517	100.000000
518	100.000000
519	100.000000
520	100.000000
521	100.000000
522	100.000000
523	100.000000
524	100.000000
525	100.000000
526	100.000000
527	100.000000
528	100.000000
529	100.000000
530	100.000000
531	100.000000
532	100.000000
533	100.000000
534	100.000000
535	100.000000
536	100.000000
537	100.000000
538	100.000000
539	100.000000
540	100.000000
541	100.000000
542	100.000000
543	100.000000
544	100.000000
545	100.000000
546	100.000000
547	100.000000
548	100.000000
549	100.000000
550	100.000000
551	100.000000
552	100.000000
553	100.000000
554	100.000000
555	100.000000
556	100.000000
557	100.000000
558	100.000000
559	100.000000
560	100.000000
561	100.000000
562	100.000000
563	100.000000
564	100.000000
565	100.000000
566	100.000000
567	100.000000
568	100.000000
569	100.000000
570	100.000000
571	100.000000
572	100.000000
573	100.000000
574	100.000000
575	100.000000
576	100.000000
577	100.000000
578	100.000000
579	100.000000
580	100.000000
581	100.000000
582	100.000000
583	100.000000
584	100.000000
585	100.000000
586	100.000000
587	100.000000
588	100.000000
589	100.000000
590	100.000000
591	100.000000
592	100.000000
593	100.000000
594	100.000000
595	100.000000
596	100.000000
597	100.000000
598	100.000000
599	100.000000
600	100.000000
601	100.000000
602	100.000000
603	100.000000
604	100.000000
605	100.000000
606	100.000000
607	100.000000
608	100.000000
609	100.000000
610	100.000000
611	100.000000
612	100.000000
613	100.000000
614	100.000000
615	100.000000
616	100.000000
617	100.000000
618	100.000000
619	100.000000
620	100.000000
621	100.000000
622	100.000000
623	100.000000
624	100.000000
625	100.000000
626	100.000000
627	100.000000
628	100.000000
629	100.000000
630	100.000000
631	100.000000
632	100.000000
633	100.000000
634	100.000000
635	100.000000
636	100.000000
637	100.000000
638	100.000000
639	100.000000
640	100.000000
641	100.000000
642	100.000000
643	100.000000
644	100.000000
645	100.000000
646	100.000000
647	100.000000
648	100.000000
649	100.000000
650	100.000000
651	100.000000
652	100.000000
653	100.000000
654	100.000000
655	100.000000
656	100.000000
657	100.000000
658	100.000000
659	100.000000
660	100.000000
661	100.000000
662	100.000000
663	100.000000
664	100.000000
665	100.000000
666	100.000000
667	100.000000
668	100.000000
669	100.000000
670	100.000000
671	100.000000
672	100.000000
673	100.000000
674	100.000000
675	100.000000
676	100.000000
677	100.000000
678	100.000000
679	100.000000
680	100.000000
681	100.000000
682	100.000000
683	100.000000
684	100.000000
685	100.000000
686	100.000000
687	100.000000
688	100.000000
689	100.000000
690	100.000000
691	100.000000
692	100.000000
693	100.000000
694	100.000000
695	100.000000
696	100.000000
697	100.000000
698	100.000000
699	100.000000
700	100.000000
701	100.000000
702	100.000000
703	100.000000
704	100.000000
705	100.000000
706	100.000000
707	100.000000
708	100.000000
709	100.000000
710	100.000000
711	100.000000
712	100.000000
713	100.000000
714	100.000000
715	100.000000
716	100.000000
717	100.000000
718	100.000000
719	100.000000
720	100.000000
721	100.000000
722	100.000000
723	100.000000
724	100.000000
725	100.000000
726	100.000000
727	100.000000
728	100.000000
729	100.000000
730	100.000000
731	100.000000
732	100.000000
733	100.000000
734	100.000000
735	100.000000
736	100.000000
737	100.000000
738	100.000000
739	100.000000
740	100.000000
741	100.000000
742	100.000000
743	100.000000
744	100.000000
745	100.000000
746	100.000000
747	100.000000
748	100.000000
749	100.000000
750	100.000000
751	100.000000
752	100.000000
753	100.000000
754	100.000000
755	100.000000
756	100.000000
757	100.000000
758	100.000000
759	100.000000
760	100.000000
761	100.000000
762	100.000000
763	100.000000
764	100.000000
765	100.000000
766	100.000000
767	100.000000
768	100.000000
769	100.000000
770	100.000000
771	100.000000
772	100.000000
773	100.000000
774	100.000000
775	100.000000
776	100.000000
777	100.000000
778	100.000000
779	100.000000
780	100.000000
781	100.000000
782	100.000000
783	100.000000
784	100.000000
785	100.000000
786	100.000000
787	100.000000
788	100.000000
789	100.000000
790	100.000000
791	100.000000
792	100.000000
793	100.000000
794	100.000000
795	100.000000
796	100.000000
797	100.000000
798	100.000000
799	100.000000
800	100.000000
801	100.000000
802	100.000000
803	100.000000
804	100.000000
805	100.000000
806	100.000000
807	100.000000
808	100.000000
809	100.000000
810	100.000000
811	100.000000
812	100.000000
813	100.000000
814	100.000000
815	100.000000
816	100.000000
817	100.000000
818	100.000000
819	100.000000
820	100.000000
821	100.000000
822	100.000000
823	100.000000
824	100.000000
825	100.000000
826	100.000000
827	100.000000
828	100.000000
829	100.000000
830	100.000000
831	100.000000
832	100.000000
833	100.000000
834	100.000000
835	100.000000
836	100.000000
837	100.000000
838	100.000000
839	100.000000
840	100.000000
841	100.000000
842	100.000000
843	100.000000
844	100.000000
845	100.000000
846	100.000000
847	100.000000
848	100.000000
849	100.000000
850	100.000000
851	100.000000
852	100.000000
853	100.000000
854	100.000000
855	100.000000
856	100.000000
857	100.000000
858	100.000000
859	100.000000
860	100.000000
861	100.000000
862	100.000000
863	100.000000
864	100.000000
865	100.000000
866	100.000000
867	100.000000
868	100.000000
869	100.000000
870	100.000000
871	100.000000
872	100.000000
873	100.000000
874	100.000000
875	100.000000
876	100.000000
877	100.000000
878	100.000000
879	100.000000
880	100.000000
881	100.000000
882	100.000000
883	100.000000
884	100.000000
885	100.000000
886	100.000000
887	100.000000
888	100.000000
889	100.000000
890	100.000000
891	100.000000
892	100.000000
893	100.000000
894	100.000000
895	100.000000
896	100.000000
897	100.000000
898	100.000000
899	100.000000
900	100.000000
901	100.000000
902	100.000000
903	100.000000
904	100.000000
905	100.000000
906	100.000000
907	100.000000
908	100.000000
909	100.000000
910	100.000000
911	100.000000
912	100.000000
913	100.000000
914	100.000000
915	100.000000
916	100.000000
917	100.000000
918	100.000000
919	100.000000
920	100.000000
921	100.000000
922	100.000000
923	100.000000
924	100.000000
925	100.000000
926	100.000000
927	100.000000
928	100.000000
929	100.000000
930	100.000000
931	100.000000
932	100.000000
933	100.000000
934	100.000000
935	100.000000
936	100.000000
937	100.000000
938	100.000000
939	100.000000
940	100.000000
941	100.000000
942	100.000000
943	100.000000
944	100.000000
945	100.000000
946	100.000000
947	100.000000
948	100.000000
949	100.000000
950	100.000000
951	100.000000
952	100.000000
953	100.000000
954	100.000000
955	100.000000
956	100.000000
957	100.000000
958	100.000000
959	100.000000
960	100.000000
961	100.000000
962	100.000000
963	100.000000
964	100.000000
965	100.000000
966	100.000000
967	100.000000
968	100.000000
969	100.000000
970	100.000000
971	100.000000
972	100.000000
973	100.000000
974	100.000000
975	100.000000
976	100.000000
977	100.000000
978	100.000000
979	100.000000
980	100.000000
981	100.000000
982	100.000000
983	100.000000
984	100.000000
985	100.000000
986	100.000000
987	100.000000
988	100.000000
989	100.000000
990	100.000000
991	100.000000
992	100.000000
993	100.000000
994	100.000000
995	100.000000
996	100.000000
997	100.000000
998	100.000000
999	100.000000
1000	100.000000
;

