# seed = 1254829604

param N := 1000;

param M := 2;

param Umax := 100.000000;

param: C :=
1	1185254.000000
2	1331396.000000
;

param: a :=
1	0.172495
2	0.132191
3	0.160070
4	0.105266
5	0.199945
6	0.197465
7	0.191824
8	0.106520
9	0.149953
10	0.195876
11	0.120043
12	0.118646
13	0.150285
14	0.156869
15	0.148394
16	0.161689
17	0.129504
18	0.181957
19	0.169019
20	0.110483
21	0.132204
22	0.175251
23	0.155380
24	0.165576
25	0.199832
26	0.184165
27	0.133356
28	0.123469
29	0.136021
30	0.156985
31	0.146950
32	0.181488
33	0.140753
34	0.188862
35	0.129788
36	0.134944
37	0.194312
38	0.105699
39	0.197037
40	0.118485
41	0.122685
42	0.141499
43	0.170997
44	0.182436
45	0.177368
46	0.151648
47	0.173621
48	0.148238
49	0.121746
50	0.121692
51	0.142200
52	0.151316
53	0.176210
54	0.169243
55	0.192488
56	0.172217
57	0.174322
58	0.121148
59	0.164927
60	0.135026
61	0.100371
62	0.166823
63	0.187418
64	0.113210
65	0.183871
66	0.103995
67	0.119001
68	0.115754
69	0.172634
70	0.121759
71	0.177070
72	0.186002
73	0.157744
74	0.169899
75	0.197557
76	0.150974
77	0.150767
78	0.199331
79	0.104539
80	0.197529
81	0.188515
82	0.159401
83	0.145426
84	0.104946
85	0.112488
86	0.123290
87	0.149349
88	0.162240
89	0.141885
90	0.165116
91	0.121052
92	0.189678
93	0.182023
94	0.167495
95	0.146640
96	0.104225
97	0.105642
98	0.153662
99	0.141690
100	0.173410
101	0.196736
102	0.165660
103	0.118193
104	0.180866
105	0.112157
106	0.194178
107	0.177766
108	0.163175
109	0.198315
110	0.138814
111	0.119982
112	0.199611
113	0.126051
114	0.119978
115	0.121687
116	0.145379
117	0.139173
118	0.125891
119	0.178416
120	0.167942
121	0.137135
122	0.190931
123	0.160125
124	0.145960
125	0.152345
126	0.166475
127	0.142156
128	0.106133
129	0.132704
130	0.134368
131	0.109622
132	0.151319
133	0.101463
134	0.145865
135	0.197622
136	0.144908
137	0.133359
138	0.108951
139	0.188571
140	0.199049
141	0.185745
142	0.101395
143	0.158607
144	0.184448
145	0.144764
146	0.132364
147	0.102006
148	0.167293
149	0.111521
150	0.154194
151	0.173025
152	0.113749
153	0.164194
154	0.123695
155	0.176717
156	0.146037
157	0.170011
158	0.113665
159	0.179112
160	0.181492
161	0.105468
162	0.164810
163	0.187367
164	0.102238
165	0.129476
166	0.174288
167	0.161179
168	0.153880
169	0.140764
170	0.123857
171	0.158091
172	0.133259
173	0.180093
174	0.115479
175	0.147655
176	0.131093
177	0.162851
178	0.116328
179	0.160281
180	0.146565
181	0.140391
182	0.114518
183	0.117877
184	0.150507
185	0.118763
186	0.176703
187	0.175344
188	0.159878
189	0.147790
190	0.141301
191	0.112398
192	0.107198
193	0.132751
194	0.185233
195	0.158748
196	0.151002
197	0.151004
198	0.120247
199	0.150387
200	0.104477
201	0.107245
202	0.173589
203	0.137981
204	0.104340
205	0.180077
206	0.150624
207	0.113531
208	0.159050
209	0.158190
210	0.196778
211	0.196755
212	0.172217
213	0.134064
214	0.103981
215	0.158327
216	0.137982
217	0.193335
218	0.117945
219	0.134758
220	0.169868
221	0.124816
222	0.158012
223	0.152589
224	0.131253
225	0.171006
226	0.171384
227	0.175949
228	0.162982
229	0.105618
230	0.183073
231	0.120128
232	0.142917
233	0.161032
234	0.139107
235	0.117065
236	0.118963
237	0.174089
238	0.100992
239	0.135572
240	0.126613
241	0.117839
242	0.155954
243	0.199517
244	0.147359
245	0.144967
246	0.167959
247	0.158737
248	0.156689
249	0.169914
250	0.143710
251	0.129100
252	0.109385
253	0.159621
254	0.110679
255	0.114095
256	0.111657
257	0.168427
258	0.133429
259	0.159937
260	0.114656
261	0.198049
262	0.183028
263	0.146596
264	0.162866
265	0.111193
266	0.128908
267	0.134906
268	0.129037
269	0.178430
270	0.127749
271	0.155772
272	0.110283
273	0.112953
274	0.190075
275	0.147308
276	0.136086
277	0.164516
278	0.100760
279	0.116175
280	0.160373
281	0.154421
282	0.187800
283	0.145046
284	0.173332
285	0.172475
286	0.127702
287	0.116237
288	0.179309
289	0.113664
290	0.137755
291	0.122992
292	0.159250
293	0.185025
294	0.180203
295	0.142299
296	0.117992
297	0.144093
298	0.128356
299	0.100503
300	0.199957
301	0.177775
302	0.125611
303	0.110510
304	0.195648
305	0.132401
306	0.124724
307	0.135266
308	0.108196
309	0.104318
310	0.199963
311	0.162898
312	0.139497
313	0.149551
314	0.120442
315	0.117215
316	0.115555
317	0.147978
318	0.195272
319	0.132977
320	0.135456
321	0.121763
322	0.179770
323	0.180595
324	0.199054
325	0.197346
326	0.147009
327	0.184140
328	0.104793
329	0.161954
330	0.123380
331	0.184083
332	0.199887
333	0.113001
334	0.138454
335	0.115086
336	0.172342
337	0.168222
338	0.153984
339	0.136000
340	0.192679
341	0.142917
342	0.100938
343	0.124507
344	0.174592
345	0.161926
346	0.176645
347	0.162415
348	0.148729
349	0.148209
350	0.141192
351	0.176639
352	0.122932
353	0.193989
354	0.155042
355	0.138751
356	0.157513
357	0.116060
358	0.138482
359	0.128726
360	0.104750
361	0.175449
362	0.129066
363	0.104350
364	0.159210
365	0.162482
366	0.181787
367	0.150390
368	0.148207
369	0.100584
370	0.112020
371	0.155044
372	0.183177
373	0.149117
374	0.165731
375	0.155049
376	0.173827
377	0.141343
378	0.189974
379	0.106708
380	0.157389
381	0.117784
382	0.114918
383	0.115668
384	0.156126
385	0.192562
386	0.149873
387	0.175832
388	0.170812
389	0.146406
390	0.185863
391	0.103769
392	0.136025
393	0.164685
394	0.146401
395	0.148986
396	0.159566
397	0.140848
398	0.191502
399	0.175982
400	0.100720
401	0.181007
402	0.195063
403	0.158144
404	0.146802
405	0.145159
406	0.194124
407	0.132546
408	0.135037
409	0.186966
410	0.118807
411	0.140652
412	0.118672
413	0.163124
414	0.131977
415	0.112840
416	0.121586
417	0.150690
418	0.108502
419	0.166278
420	0.153185
421	0.185167
422	0.164761
423	0.147442
424	0.161040
425	0.157971
426	0.154559
427	0.111883
428	0.128943
429	0.179826
430	0.165119
431	0.109384
432	0.197426
433	0.115963
434	0.166155
435	0.127449
436	0.143047
437	0.164609
438	0.175444
439	0.197798
440	0.198118
441	0.118784
442	0.168354
443	0.179628
444	0.144065
445	0.110503
446	0.149507
447	0.185417
448	0.189029
449	0.167165
450	0.116508
451	0.117578
452	0.161645
453	0.124378
454	0.106472
455	0.191540
456	0.125635
457	0.117178
458	0.138481
459	0.190000
460	0.132314
461	0.170634
462	0.167567
463	0.169980
464	0.102660
465	0.127836
466	0.111722
467	0.128067
468	0.111715
469	0.168509
470	0.149586
471	0.152139
472	0.150591
473	0.118692
474	0.143546
475	0.172827
476	0.137674
477	0.148898
478	0.145355
479	0.146007
480	0.109357
481	0.113900
482	0.123863
483	0.183067
484	0.187339
485	0.127781
486	0.194842
487	0.160742
488	0.155877
489	0.191192
490	0.114548
491	0.130302
492	0.128558
493	0.167806
494	0.143994
495	0.154246
496	0.190361
497	0.148374
498	0.193959
499	0.127795
500	0.163387
501	0.161959
502	0.155865
503	0.157948
504	0.183965
505	0.184075
506	0.139600
507	0.180585
508	0.121137
509	0.146558
510	0.147791
511	0.190029
512	0.119260
513	0.108965
514	0.180893
515	0.188849
516	0.132170
517	0.128352
518	0.108921
519	0.136191
520	0.118765
521	0.173977
522	0.103750
523	0.130519
524	0.152777
525	0.185801
526	0.174192
527	0.128560
528	0.172244
529	0.198888
530	0.116863
531	0.132832
532	0.105688
533	0.195558
534	0.131626
535	0.151200
536	0.193452
537	0.129551
538	0.145101
539	0.149709
540	0.147348
541	0.131902
542	0.192304
543	0.106922
544	0.172284
545	0.149390
546	0.199066
547	0.111126
548	0.170482
549	0.134756
550	0.156588
551	0.149366
552	0.118697
553	0.144027
554	0.134727
555	0.188621
556	0.116850
557	0.144119
558	0.147072
559	0.131256
560	0.192118
561	0.136480
562	0.111503
563	0.123850
564	0.163119
565	0.157209
566	0.130543
567	0.186485
568	0.190455
569	0.142295
570	0.114307
571	0.192413
572	0.146070
573	0.153248
574	0.134451
575	0.108294
576	0.174164
577	0.160588
578	0.177002
579	0.159427
580	0.158117
581	0.152102
582	0.192523
583	0.189821
584	0.129011
585	0.160540
586	0.129690
587	0.115251
588	0.136716
589	0.108087
590	0.112062
591	0.162948
592	0.186756
593	0.116854
594	0.195755
595	0.188744
596	0.106746
597	0.111787
598	0.138238
599	0.160390
600	0.164114
601	0.120394
602	0.172013
603	0.114213
604	0.122113
605	0.199178
606	0.197965
607	0.177000
608	0.124057
609	0.110667
610	0.155426
611	0.144428
612	0.175282
613	0.164408
614	0.126042
615	0.149354
616	0.116296
617	0.119631
618	0.137622
619	0.164977
620	0.189127
621	0.192009
622	0.111471
623	0.199783
624	0.112486
625	0.181789
626	0.198678
627	0.174329
628	0.185984
629	0.178445
630	0.190224
631	0.137122
632	0.186154
633	0.116820
634	0.104773
635	0.137262
636	0.144831
637	0.157393
638	0.174330
639	0.147889
640	0.170472
641	0.143773
642	0.108411
643	0.183186
644	0.117945
645	0.152188
646	0.188286
647	0.197555
648	0.110488
649	0.168927
650	0.191554
651	0.187191
652	0.190106
653	0.116322
654	0.147267
655	0.132423
656	0.166479
657	0.180302
658	0.125458
659	0.129847
660	0.197054
661	0.149729
662	0.147939
663	0.103091
664	0.134897
665	0.104752
666	0.149249
667	0.165299
668	0.109529
669	0.104614
670	0.154391
671	0.122742
672	0.172107
673	0.171832
674	0.100815
675	0.156238
676	0.187116
677	0.186659
678	0.149509
679	0.157557
680	0.142615
681	0.147864
682	0.171896
683	0.185865
684	0.113477
685	0.112993
686	0.124989
687	0.171816
688	0.187560
689	0.125351
690	0.194436
691	0.161482
692	0.130248
693	0.120412
694	0.128837
695	0.183705
696	0.192289
697	0.172223
698	0.186146
699	0.134170
700	0.187159
701	0.180396
702	0.127852
703	0.149972
704	0.121083
705	0.141023
706	0.139002
707	0.123239
708	0.182003
709	0.151937
710	0.181169
711	0.105209
712	0.176069
713	0.193972
714	0.188063
715	0.144999
716	0.166841
717	0.178150
718	0.127773
719	0.175453
720	0.100040
721	0.102087
722	0.136931
723	0.161129
724	0.182749
725	0.136864
726	0.153564
727	0.192615
728	0.134281
729	0.184350
730	0.102191
731	0.165951
732	0.155754
733	0.114562
734	0.194178
735	0.124567
736	0.132632
737	0.168672
738	0.143083
739	0.112209
740	0.162451
741	0.168467
742	0.110056
743	0.172310
744	0.155353
745	0.120244
746	0.105537
747	0.154128
748	0.133482
749	0.138803
750	0.123221
751	0.110489
752	0.178701
753	0.173628
754	0.141634
755	0.182373
756	0.139451
757	0.165979
758	0.192315
759	0.153860
760	0.114477
761	0.130053
762	0.121995
763	0.198201
764	0.194317
765	0.139573
766	0.152480
767	0.104419
768	0.192494
769	0.143084
770	0.156495
771	0.107523
772	0.152436
773	0.136798
774	0.192497
775	0.139856
776	0.110519
777	0.185040
778	0.174323
779	0.144014
780	0.108116
781	0.144004
782	0.132409
783	0.168570
784	0.107842
785	0.161421
786	0.106547
787	0.129848
788	0.167256
789	0.171478
790	0.170952
791	0.196198
792	0.160813
793	0.140630
794	0.147158
795	0.166415
796	0.159334
797	0.196239
798	0.132697
799	0.165554
800	0.192628
801	0.128622
802	0.166259
803	0.131897
804	0.143078
805	0.144016
806	0.138387
807	0.117159
808	0.124269
809	0.152489
810	0.173666
811	0.155354
812	0.139655
813	0.189295
814	0.158971
815	0.164589
816	0.131547
817	0.143356
818	0.182846
819	0.167509
820	0.198906
821	0.121619
822	0.121008
823	0.150993
824	0.196753
825	0.183223
826	0.178112
827	0.188485
828	0.196936
829	0.176638
830	0.175859
831	0.158757
832	0.126566
833	0.152759
834	0.189309
835	0.117108
836	0.136416
837	0.194649
838	0.129676
839	0.145033
840	0.122393
841	0.151815
842	0.130124
843	0.126883
844	0.116976
845	0.195172
846	0.103647
847	0.120234
848	0.136030
849	0.127648
850	0.111608
851	0.117728
852	0.159310
853	0.120442
854	0.146031
855	0.107852
856	0.118226
857	0.147261
858	0.130240
859	0.122038
860	0.121620
861	0.188456
862	0.149190
863	0.145488
864	0.120987
865	0.171351
866	0.116005
867	0.197748
868	0.113360
869	0.179094
870	0.125036
871	0.114393
872	0.146032
873	0.120014
874	0.163581
875	0.197701
876	0.109425
877	0.167631
878	0.199874
879	0.197443
880	0.114179
881	0.178351
882	0.128548
883	0.187177
884	0.117881
885	0.142892
886	0.194468
887	0.141231
888	0.149555
889	0.163588
890	0.144161
891	0.106427
892	0.128666
893	0.178710
894	0.116011
895	0.198546
896	0.133722
897	0.139362
898	0.131562
899	0.151556
900	0.167942
901	0.197924
902	0.163943
903	0.127512
904	0.118684
905	0.167665
906	0.176573
907	0.165939
908	0.167738
909	0.134676
910	0.179909
911	0.177286
912	0.164224
913	0.186494
914	0.136947
915	0.131518
916	0.105631
917	0.198214
918	0.110619
919	0.124482
920	0.112618
921	0.125938
922	0.189024
923	0.198417
924	0.119235
925	0.117223
926	0.182530
927	0.160102
928	0.177264
929	0.171937
930	0.147849
931	0.190390
932	0.188447
933	0.160994
934	0.160241
935	0.152760
936	0.107065
937	0.192673
938	0.144056
939	0.139405
940	0.170090
941	0.115253
942	0.177579
943	0.137357
944	0.189025
945	0.120124
946	0.194127
947	0.192884
948	0.132587
949	0.116337
950	0.168625
951	0.152274
952	0.184425
953	0.108718
954	0.197588
955	0.155971
956	0.175665
957	0.106931
958	0.159816
959	0.184931
960	0.165413
961	0.114193
962	0.144949
963	0.176839
964	0.114882
965	0.161973
966	0.172269
967	0.134544
968	0.161568
969	0.165617
970	0.133348
971	0.114932
972	0.179938
973	0.147856
974	0.184600
975	0.166427
976	0.160016
977	0.181224
978	0.135914
979	0.128608
980	0.169971
981	0.151657
982	0.131968
983	0.153272
984	0.135115
985	0.135367
986	0.128089
987	0.176820
988	0.124290
989	0.146269
990	0.127715
991	0.135629
992	0.179075
993	0.199355
994	0.111196
995	0.137898
996	0.149137
997	0.190385
998	0.187850
999	0.129291
1000	0.135475
;

param: b :=
1	98.425907
2	61.629441
3	42.236400
4	82.672881
5	30.744821
6	46.245909
7	55.039565
8	20.473610
9	96.384029
10	85.700022
11	17.496931
12	40.956380
13	6.179980
14	32.325960
15	46.780540
16	19.963435
17	61.070150
18	95.484614
19	5.431795
20	4.428510
21	73.813317
22	58.917161
23	17.669111
24	92.348681
25	80.112166
26	26.335674
27	79.932098
28	56.643307
29	96.713553
30	62.611071
31	46.809205
32	84.041835
33	46.943891
34	89.790559
35	60.961010
36	49.250805
37	81.347636
38	29.616759
39	35.448810
40	97.601328
41	33.252773
42	85.466301
43	56.418116
44	19.732804
45	44.739616
46	86.001906
47	65.893086
48	98.621458
49	94.004413
50	5.394565
51	33.224339
52	43.725803
53	76.016445
54	47.166847
55	92.871419
56	31.326480
57	42.188607
58	23.474418
59	84.101013
60	86.996606
61	59.275006
62	36.766519
63	62.368358
64	28.972993
65	56.129130
66	20.783684
67	34.563102
68	36.816888
69	3.407872
70	64.787544
71	63.632094
72	2.030675
73	65.882522
74	20.343659
75	78.411586
76	6.548365
77	68.249889
78	48.888039
79	27.248710
80	45.223190
81	67.779653
82	79.230705
83	4.944643
84	94.698393
85	77.800374
86	71.668866
87	63.986716
88	38.162865
89	66.783377
90	85.490699
91	94.322880
92	35.793898
93	37.375041
94	53.933833
95	80.853996
96	9.041709
97	82.126367
98	31.872464
99	75.817326
100	84.437312
101	74.349534
102	43.035467
103	18.191462
104	57.054999
105	52.980455
106	42.840573
107	12.359158
108	47.686886
109	8.684825
110	65.417040
111	43.229710
112	40.826102
113	31.736579
114	34.124887
115	12.497621
116	38.928697
117	34.492871
118	68.471809
119	7.442977
120	67.202545
121	51.079835
122	15.814416
123	92.569747
124	99.246912
125	46.343112
126	74.465686
127	16.127943
128	26.970305
129	56.380813
130	43.481705
131	16.615398
132	64.179790
133	54.245455
134	62.534467
135	80.946585
136	4.926170
137	83.513664
138	42.429829
139	8.018478
140	93.737155
141	13.925672
142	45.824587
143	56.704707
144	53.370094
145	18.416748
146	52.578747
147	45.063515
148	26.328318
149	15.309768
150	99.197749
151	89.203542
152	73.332463
153	75.781678
154	14.295382
155	27.019883
156	37.289916
157	32.160377
158	31.220308
159	73.171665
160	80.521077
161	85.251994
162	37.812812
163	75.789028
164	71.964740
165	27.811477
166	91.745545
167	14.226147
168	49.029946
169	46.884925
170	72.110567
171	77.813783
172	86.492625
173	59.597928
174	19.506183
175	0.057512
176	2.109545
177	66.333257
178	44.731247
179	76.234501
180	85.236883
181	87.068362
182	97.393582
183	19.409741
184	62.466681
185	75.818371
186	68.075498
187	78.460016
188	34.450724
189	45.185342
190	70.265875
191	35.676742
192	23.943245
193	13.354957
194	87.185073
195	75.175975
196	10.468761
197	17.190730
198	19.823354
199	78.259909
200	76.091961
201	30.962329
202	17.925768
203	89.793838
204	21.287770
205	43.101826
206	55.742908
207	50.622224
208	65.774763
209	7.629603
210	2.439215
211	99.097604
212	92.436359
213	95.801731
214	52.033529
215	97.642996
216	49.463105
217	64.695892
218	3.808219
219	58.116389
220	25.174148
221	81.956564
222	92.108791
223	49.528446
224	38.115066
225	64.955121
226	22.754171
227	99.333419
228	96.231568
229	99.675870
230	61.616744
231	39.006853
232	11.795475
233	30.188854
234	52.354365
235	90.294294
236	2.090751
237	97.051952
238	73.775840
239	76.670630
240	60.326024
241	8.317165
242	35.919405
243	12.317571
244	9.606916
245	32.190069
246	29.784039
247	4.194993
248	49.987553
249	85.631842
250	27.168167
251	5.628758
252	98.976137
253	81.857426
254	45.663228
255	37.663193
256	58.338169
257	44.611191
258	33.787792
259	31.633724
260	60.142710
261	54.629434
262	27.115928
263	96.094981
264	4.652923
265	97.406932
266	64.615365
267	93.228434
268	83.488396
269	3.229218
270	28.534656
271	93.228285
272	92.979616
273	52.202270
274	1.769847
275	4.308339
276	82.309226
277	70.964590
278	38.211273
279	21.515026
280	87.636680
281	43.832770
282	52.139110
283	50.827793
284	3.377750
285	17.523368
286	40.558700
287	78.140284
288	21.859654
289	5.056473
290	25.292507
291	27.197690
292	84.149786
293	78.208675
294	45.250023
295	40.199679
296	39.052842
297	52.036502
298	47.507488
299	61.323190
300	66.716072
301	76.383793
302	6.083955
303	87.156618
304	59.838726
305	88.785242
306	20.045775
307	75.014020
308	94.328585
309	35.440225
310	87.131330
311	55.285798
312	85.082576
313	16.777009
314	88.261433
315	93.950200
316	41.726395
317	5.214888
318	51.673342
319	40.243915
320	10.754340
321	32.493819
322	85.949896
323	0.311773
324	95.763458
325	82.687240
326	82.763205
327	77.343040
328	58.246440
329	1.371763
330	94.490147
331	84.888085
332	57.792422
333	67.782002
334	48.329824
335	34.095825
336	49.358304
337	54.051706
338	94.996779
339	81.943337
340	65.169238
341	12.270314
342	85.737069
343	93.181674
344	0.279266
345	33.219139
346	1.025775
347	93.371463
348	34.759341
349	60.842208
350	32.559253
351	86.405947
352	4.449042
353	10.451032
354	53.198167
355	95.755161
356	32.843350
357	41.568742
358	1.990160
359	28.248402
360	32.043031
361	22.532175
362	83.338359
363	31.407524
364	86.560664
365	61.757107
366	27.709309
367	43.151809
368	54.799775
369	99.583717
370	49.630655
371	86.957433
372	85.899360
373	4.368413
374	31.346532
375	18.629469
376	68.624048
377	63.094213
378	68.939740
379	76.717102
380	69.192267
381	97.339933
382	17.774292
383	14.941931
384	85.698372
385	15.940324
386	77.237857
387	58.859888
388	96.617748
389	9.047923
390	91.450816
391	48.069134
392	43.657464
393	0.452130
394	52.365608
395	13.389029
396	20.007629
397	53.806390
398	93.496540
399	1.342359
400	65.976869
401	28.476582
402	95.367446
403	76.075457
404	73.228811
405	14.033251
406	64.448276
407	10.392693
408	73.956956
409	75.809075
410	32.978976
411	91.009209
412	46.004857
413	50.803867
414	70.575434
415	60.503925
416	16.906259
417	93.002721
418	54.424946
419	90.811435
420	84.038393
421	69.679878
422	70.803112
423	95.110362
424	9.709350
425	18.206607
426	34.643457
427	36.651325
428	94.724586
429	61.070683
430	57.022847
431	8.377995
432	92.151194
433	63.615294
434	6.070126
435	2.652191
436	26.823283
437	24.418567
438	89.192153
439	15.887499
440	44.240236
441	13.870529
442	42.600753
443	88.620280
444	40.680789
445	96.024990
446	13.161437
447	67.375174
448	23.489847
449	71.055443
450	93.283211
451	96.590400
452	23.576758
453	65.412457
454	26.860589
455	83.165743
456	44.169695
457	20.185203
458	66.358074
459	87.653466
460	36.015545
461	67.892436
462	85.611619
463	10.411507
464	35.308206
465	10.491554
466	71.916349
467	34.701763
468	30.816562
469	21.419157
470	79.573375
471	58.904700
472	50.098044
473	54.709628
474	46.568907
475	92.345742
476	56.874959
477	43.367158
478	10.045564
479	34.470053
480	38.421636
481	30.959722
482	71.000777
483	21.593982
484	75.270477
485	65.187377
486	28.535682
487	24.634977
488	39.209472
489	34.067162
490	84.128116
491	33.422745
492	50.662252
493	87.784801
494	41.311268
495	64.149225
496	2.293623
497	59.915812
498	45.428455
499	42.902316
500	57.821112
501	59.973194
502	78.699166
503	49.305864
504	93.264660
505	78.158393
506	7.717884
507	71.207543
508	31.377238
509	29.097533
510	98.752488
511	43.470466
512	40.892137
513	49.650792
514	3.519836
515	65.696162
516	18.253675
517	43.866481
518	74.885545
519	13.404896
520	38.432047
521	64.153807
522	9.914485
523	11.337551
524	60.559315
525	75.018847
526	98.168459
527	47.476599
528	55.575704
529	55.634328
530	59.283746
531	44.512296
532	85.428576
533	5.237381
534	5.429493
535	65.648656
536	17.962047
537	94.115589
538	8.369167
539	62.743061
540	87.738996
541	11.187078
542	11.532628
543	53.293145
544	73.209583
545	12.773285
546	87.022047
547	32.326026
548	23.578024
549	7.653217
550	73.972007
551	70.321629
552	51.570243
553	86.447896
554	72.704804
555	31.422830
556	45.822587
557	75.187262
558	12.625891
559	88.116667
560	50.302936
561	22.039239
562	34.419065
563	62.705697
564	7.997698
565	73.636082
566	23.723291
567	30.067100
568	76.380501
569	71.401589
570	40.841792
571	40.777437
572	63.160496
573	72.069511
574	22.883233
575	58.800902
576	80.273786
577	6.901716
578	63.516301
579	26.355451
580	80.692910
581	79.738368
582	68.101190
583	30.476624
584	71.442379
585	91.117049
586	39.828516
587	63.458386
588	63.773369
589	52.515173
590	26.589579
591	84.040931
592	63.543561
593	20.058437
594	44.581045
595	29.339135
596	64.944485
597	88.092098
598	47.939377
599	60.672221
600	94.503417
601	7.940199
602	86.930751
603	37.307486
604	24.936790
605	67.992276
606	36.097458
607	31.476905
608	94.106754
609	64.037177
610	32.946602
611	1.033978
612	71.820599
613	13.526256
614	51.698887
615	35.301262
616	61.714506
617	36.397237
618	3.454036
619	11.145055
620	5.399931
621	68.208664
622	73.866303
623	10.182810
624	2.009522
625	59.536525
626	24.423405
627	81.173717
628	51.134590
629	21.978631
630	93.163635
631	13.822238
632	95.691717
633	4.776669
634	14.290070
635	95.828605
636	79.355945
637	70.328295
638	90.806310
639	64.690910
640	18.692640
641	3.309204
642	47.068394
643	35.474437
644	82.726370
645	28.867340
646	48.690593
647	39.345777
648	37.870800
649	65.470370
650	37.474278
651	74.674468
652	70.765438
653	49.140480
654	44.856262
655	4.845816
656	75.403195
657	10.263370
658	17.727623
659	43.363089
660	82.798077
661	45.947660
662	8.818487
663	90.090264
664	1.112643
665	28.252599
666	20.259383
667	21.565342
668	36.800360
669	17.819966
670	81.665540
671	94.582432
672	43.507830
673	83.987316
674	61.092084
675	78.153350
676	47.307777
677	4.445719
678	67.089823
679	59.387651
680	95.281951
681	8.502484
682	28.622365
683	65.141838
684	67.094010
685	13.246370
686	25.373348
687	44.895879
688	90.686244
689	22.152276
690	53.599387
691	34.642622
692	0.508243
693	5.059478
694	94.112046
695	69.212107
696	12.452486
697	60.602860
698	25.006231
699	49.332696
700	5.443438
701	85.400383
702	25.236739
703	63.008737
704	4.863236
705	91.884339
706	91.490634
707	69.394725
708	69.607783
709	47.844800
710	57.980371
711	4.964574
712	27.326947
713	73.241622
714	54.561498
715	67.578275
716	49.570589
717	43.475030
718	61.797705
719	22.532875
720	49.235666
721	29.644117
722	69.206988
723	77.537140
724	7.379413
725	17.328923
726	21.945886
727	5.303765
728	62.001487
729	43.025647
730	18.046554
731	64.119152
732	77.987473
733	76.106235
734	85.077902
735	55.404474
736	65.683709
737	28.593839
738	1.676585
739	65.616680
740	92.894829
741	50.195565
742	11.099003
743	87.476919
744	72.451491
745	98.567062
746	43.969291
747	75.494992
748	83.538607
749	85.163366
750	96.492077
751	78.541790
752	5.148340
753	23.008518
754	26.903208
755	45.497728
756	95.415069
757	36.923379
758	26.097187
759	69.971959
760	83.165687
761	76.879364
762	94.423981
763	71.102184
764	22.769891
765	89.860476
766	72.035185
767	72.829438
768	61.771388
769	35.183934
770	95.182919
771	40.663075
772	49.088748
773	71.412734
774	72.712740
775	57.807337
776	34.347659
777	6.451152
778	58.519304
779	81.377563
780	1.205447
781	20.931994
782	99.402720
783	71.305069
784	18.994180
785	4.005426
786	66.462989
787	84.860762
788	35.992728
789	68.958442
790	84.102081
791	68.280282
792	47.696521
793	4.580428
794	76.357383
795	91.783822
796	30.929888
797	88.155676
798	5.150791
799	66.417636
800	86.126027
801	3.199489
802	33.659831
803	14.644285
804	70.663078
805	85.633560
806	21.107719
807	18.885830
808	81.633953
809	50.273911
810	9.340931
811	81.814782
812	56.609475
813	67.541584
814	74.655891
815	38.331960
816	52.938201
817	45.803826
818	98.065176
819	3.543431
820	92.238789
821	28.044946
822	96.472723
823	78.299762
824	6.390286
825	84.896608
826	98.117387
827	28.316782
828	25.906025
829	8.183912
830	6.117164
831	93.856745
832	61.051987
833	25.453978
834	39.312692
835	55.662592
836	32.116474
837	33.291401
838	29.617281
839	73.621084
840	30.409157
841	95.758225
842	92.918885
843	95.917413
844	93.165904
845	39.291715
846	9.605668
847	10.772988
848	15.454289
849	47.044341
850	45.367851
851	35.366551
852	9.024230
853	90.344937
854	40.485778
855	33.873880
856	32.100057
857	39.654389
858	85.488494
859	82.867178
860	46.824389
861	20.601787
862	14.374516
863	4.085032
864	83.388804
865	97.080304
866	38.914779
867	32.270057
868	33.863049
869	32.041278
870	76.035666
871	12.139840
872	59.079413
873	88.478012
874	5.640084
875	85.468179
876	17.510136
877	92.396165
878	61.821013
879	88.237520
880	96.187853
881	18.894169
882	12.010886
883	12.731305
884	57.488983
885	9.874553
886	98.100307
887	58.977063
888	57.809103
889	65.610324
890	63.879495
891	77.395081
892	14.844629
893	8.566042
894	66.452493
895	53.173175
896	58.348387
897	20.863807
898	54.213473
899	69.688375
900	22.013542
901	62.124862
902	42.142296
903	66.356306
904	29.320210
905	26.324557
906	65.722061
907	27.534685
908	94.654307
909	29.909316
910	30.802720
911	93.691059
912	43.846412
913	84.504101
914	45.656977
915	49.720303
916	99.431722
917	39.904915
918	94.333750
919	54.306425
920	62.420723
921	54.005287
922	9.532973
923	79.880467
924	28.185236
925	94.742096
926	27.242896
927	86.350637
928	76.311034
929	48.641413
930	3.228449
931	69.395660
932	23.224584
933	31.184842
934	41.992879
935	31.962845
936	38.466902
937	91.848187
938	49.350256
939	16.313988
940	69.633612
941	17.632356
942	63.176508
943	89.436490
944	41.449267
945	84.197344
946	41.832284
947	32.415326
948	32.084544
949	16.662327
950	61.845230
951	88.438998
952	59.483889
953	40.532987
954	65.642668
955	65.628298
956	42.880253
957	83.443531
958	82.191808
959	70.547697
960	91.581022
961	48.507909
962	51.468329
963	52.173248
964	36.289004
965	8.098312
966	97.760066
967	55.707729
968	85.993100
969	4.051130
970	46.581022
971	27.451992
972	55.866992
973	8.154201
974	48.228357
975	33.196551
976	83.183286
977	91.761316
978	39.008547
979	41.328120
980	66.297249
981	71.590283
982	91.164557
983	24.669004
984	65.299657
985	94.948764
986	26.111043
987	55.962296
988	75.861298
989	82.170692
990	41.139355
991	85.830077
992	63.817484
993	98.837749
994	26.509952
995	35.740753
996	9.587571
997	61.621764
998	71.889076
999	55.286271
1000	64.571796
;

param: c :=
1	96.458546
2	29.794090
3	30.480737
4	21.676137
5	23.447987
6	95.709320
7	75.520746
8	39.958213
9	75.693803
10	79.337728
11	47.334343
12	73.190180
13	78.540495
14	14.936407
15	65.024274
16	12.914361
17	55.012325
18	45.517818
19	16.020303
20	63.563521
21	48.036530
22	17.864366
23	61.014162
24	89.991949
25	52.927250
26	32.099919
27	25.568497
28	36.077299
29	62.477648
30	99.454318
31	53.816654
32	88.997453
33	11.702264
34	84.979637
35	27.837905
36	20.607553
37	43.036943
38	65.266495
39	90.148633
40	91.560501
41	83.502039
42	74.769400
43	1.211798
44	34.163570
45	49.877791
46	51.079870
47	22.719279
48	1.882145
49	17.145648
50	27.771299
51	97.837134
52	86.743189
53	52.827122
54	31.760841
55	64.178534
56	21.224089
57	20.406847
58	77.992481
59	1.886410
60	30.196834
61	50.993136
62	0.235507
63	78.943454
64	58.001517
65	20.965325
66	60.879375
67	46.845323
68	35.879112
69	87.231995
70	40.205727
71	12.119286
72	70.173669
73	70.785924
74	72.693637
75	39.741388
76	94.776542
77	49.941071
78	68.315928
79	61.651991
80	52.181677
81	29.412405
82	59.117289
83	38.660444
84	16.718666
85	91.451827
86	98.348238
87	9.670897
88	71.474003
89	97.285453
90	56.849108
91	36.552698
92	40.131871
93	75.252137
94	54.299366
95	42.074320
96	46.889697
97	85.199334
98	30.424319
99	57.273489
100	21.445171
101	4.260747
102	27.316872
103	86.235976
104	92.258645
105	26.666535
106	54.359644
107	44.899464
108	94.205059
109	78.427791
110	69.132483
111	29.688209
112	55.500865
113	68.808303
114	61.450607
115	33.301211
116	62.465304
117	13.231024
118	21.967201
119	54.178573
120	12.518125
121	93.883118
122	90.123258
123	64.818465
124	29.902825
125	88.082070
126	60.770306
127	54.938422
128	2.378081
129	72.936740
130	28.983321
131	57.751583
132	97.604477
133	59.301165
134	17.254683
135	15.171521
136	21.950431
137	85.812148
138	45.397938
139	8.764935
140	26.954429
141	22.926650
142	89.410258
143	3.229502
144	90.245020
145	67.943987
146	60.026228
147	82.808415
148	91.804759
149	6.378831
150	13.099017
151	47.460084
152	95.311723
153	77.714356
154	27.042939
155	86.307910
156	40.967731
157	70.932501
158	46.461354
159	80.777371
160	34.469927
161	23.040247
162	5.637804
163	29.109038
164	24.480488
165	54.113605
166	65.159105
167	85.532470
168	43.814938
169	30.596935
170	77.148929
171	48.621327
172	79.812880
173	9.476849
174	92.847589
175	25.909270
176	42.040717
177	28.260930
178	65.030356
179	2.747634
180	61.366509
181	44.588308
182	67.430338
183	71.969227
184	75.612881
185	34.842327
186	30.813162
187	94.556727
188	42.153721
189	10.419640
190	53.790437
191	61.621560
192	25.262461
193	40.472424
194	67.737948
195	59.678273
196	65.200768
197	63.059658
198	88.374566
199	71.189312
200	92.752535
201	78.654220
202	10.598576
203	39.908965
204	22.242708
205	45.056761
206	10.053184
207	58.919719
208	35.471729
209	94.358482
210	29.958522
211	38.255894
212	6.106885
213	86.435341
214	53.762144
215	29.311243
216	98.181140
217	67.581252
218	98.944387
219	81.880252
220	3.133913
221	62.270175
222	84.104939
223	24.745201
224	84.927766
225	20.283569
226	11.322114
227	28.340511
228	45.569006
229	1.953253
230	57.960773
231	56.769481
232	14.647561
233	85.646760
234	64.639890
235	99.117518
236	82.274552
237	9.098170
238	49.258949
239	58.204255
240	18.397014
241	35.296298
242	29.425868
243	9.895355
244	16.951805
245	1.916668
246	13.735144
247	29.353673
248	57.070578
249	0.533783
250	3.854114
251	55.976015
252	38.584259
253	89.527461
254	25.878426
255	17.409727
256	44.640696
257	24.628479
258	74.604148
259	38.765496
260	66.271391
261	65.555114
262	27.596024
263	87.238157
264	54.285430
265	8.299604
266	7.013718
267	59.779594
268	35.803364
269	7.251717
270	79.106365
271	63.411904
272	7.802645
273	81.387207
274	36.151419
275	61.632538
276	98.511483
277	57.572296
278	28.016055
279	7.710174
280	96.017271
281	17.823027
282	80.701867
283	38.296045
284	16.967425
285	33.454997
286	2.722084
287	80.916086
288	46.332524
289	58.998784
290	11.052397
291	44.164414
292	47.941893
293	86.009763
294	34.128130
295	10.317091
296	17.452209
297	20.972894
298	92.633653
299	87.688066
300	72.514509
301	33.451451
302	16.734541
303	87.164591
304	22.921776
305	97.459897
306	42.014209
307	30.514240
308	69.190192
309	24.548566
310	26.761590
311	64.198682
312	95.420807
313	57.335488
314	79.823026
315	48.632138
316	72.564402
317	19.896823
318	50.655657
319	49.961378
320	8.570842
321	94.336458
322	15.983754
323	33.481375
324	64.161638
325	26.700034
326	83.754194
327	30.535869
328	33.687829
329	10.892143
330	97.626825
331	26.887500
332	14.958675
333	90.715746
334	4.505351
335	70.478570
336	24.021663
337	21.788466
338	22.627106
339	46.420329
340	73.809755
341	71.406572
342	87.606483
343	9.757537
344	83.287877
345	51.165215
346	25.103935
347	10.480682
348	92.503665
349	52.900766
350	7.416804
351	62.997718
352	95.778257
353	48.275406
354	79.031627
355	50.375718
356	86.281447
357	43.729039
358	73.821681
359	60.477543
360	85.915874
361	75.343858
362	47.027011
363	89.837162
364	12.455428
365	49.068843
366	70.801168
367	34.022941
368	52.315272
369	1.554798
370	34.223525
371	44.419244
372	37.626223
373	96.753594
374	84.901911
375	26.163862
376	58.680978
377	80.056976
378	53.106382
379	27.286701
380	91.203563
381	5.867514
382	22.567963
383	88.918752
384	69.644030
385	90.015586
386	88.594352
387	16.868538
388	20.581750
389	85.158494
390	90.470777
391	16.623297
392	45.156011
393	43.593533
394	78.769788
395	54.793948
396	40.164887
397	23.583578
398	91.248702
399	18.568404
400	35.261121
401	46.348639
402	82.629056
403	99.210965
404	27.043155
405	11.228912
406	99.585999
407	72.415090
408	41.561233
409	85.260010
410	30.764965
411	85.063131
412	19.185318
413	85.783097
414	3.655070
415	64.050082
416	79.659674
417	53.765249
418	90.888009
419	23.487072
420	96.925786
421	18.080434
422	84.685771
423	16.157034
424	85.287994
425	28.208395
426	54.306510
427	61.163590
428	56.671313
429	34.255755
430	71.987092
431	27.157649
432	24.479723
433	80.287051
434	88.303334
435	80.769681
436	55.657698
437	85.608075
438	54.162207
439	4.539721
440	99.084650
441	69.718992
442	2.398293
443	82.053836
444	69.578820
445	56.492351
446	18.350211
447	13.453767
448	9.529257
449	36.121667
450	76.972679
451	87.535258
452	24.794805
453	39.543457
454	44.038307
455	89.343102
456	25.667315
457	26.847248
458	17.831845
459	11.765975
460	52.345866
461	35.182505
462	39.723492
463	8.404494
464	81.482421
465	86.237094
466	76.050685
467	16.161528
468	80.290009
469	34.461992
470	53.554951
471	10.556356
472	70.422964
473	48.868045
474	48.776142
475	19.426882
476	48.832911
477	46.848421
478	31.840875
479	91.397372
480	15.892543
481	54.603821
482	95.123301
483	5.596513
484	91.093614
485	25.518529
486	98.484215
487	17.628497
488	28.962903
489	33.499722
490	39.253081
491	68.495713
492	81.137156
493	86.031937
494	42.340387
495	26.378570
496	45.066113
497	41.357754
498	66.398150
499	60.255763
500	69.648014
501	94.927304
502	50.012668
503	68.229233
504	11.604481
505	11.263361
506	49.806554
507	73.418143
508	38.244702
509	81.614516
510	21.667624
511	27.274163
512	95.519555
513	21.347802
514	56.539966
515	3.767224
516	79.236007
517	21.119164
518	86.050649
519	93.602495
520	99.307381
521	23.266248
522	52.870616
523	7.618778
524	41.849036
525	78.404602
526	70.989603
527	37.627456
528	35.135381
529	49.899028
530	67.832121
531	73.130533
532	22.083991
533	6.404702
534	12.639021
535	86.178833
536	31.438859
537	21.185898
538	90.780593
539	90.284240
540	1.357649
541	20.148630
542	30.248652
543	66.931978
544	64.343389
545	3.138065
546	56.625679
547	58.195704
548	61.939643
549	0.613769
550	8.970953
551	49.809882
552	97.018164
553	84.320140
554	41.300203
555	81.088982
556	7.082848
557	37.075596
558	79.261527
559	74.396031
560	63.043965
561	78.392564
562	57.096422
563	35.427631
564	69.260914
565	40.204243
566	39.514799
567	79.180943
568	82.054877
569	57.672450
570	40.325272
571	56.858316
572	96.105809
573	86.814965
574	13.327108
575	41.836022
576	77.365572
577	4.619611
578	2.679302
579	21.170791
580	81.667139
581	55.999467
582	25.978465
583	89.491773
584	11.439047
585	70.905768
586	18.052091
587	91.011390
588	25.497170
589	64.138812
590	18.397802
591	49.396510
592	5.580565
593	38.358759
594	55.081928
595	59.790753
596	53.507715
597	72.486021
598	85.489545
599	72.805596
600	13.118242
601	45.094461
602	25.767611
603	0.166828
604	46.430549
605	29.427645
606	61.244371
607	63.233740
608	98.592232
609	56.934551
610	75.672687
611	8.541235
612	9.114739
613	14.380588
614	29.727167
615	65.560540
616	79.081653
617	64.604756
618	82.073592
619	53.506851
620	90.485962
621	65.335493
622	36.211953
623	2.232664
624	41.808693
625	59.891353
626	44.294320
627	11.486501
628	12.609885
629	51.869598
630	88.375639
631	47.259410
632	73.541782
633	66.029824
634	95.575303
635	58.464603
636	69.670217
637	25.211131
638	63.033301
639	26.031096
640	7.287101
641	31.904537
642	71.796837
643	50.603048
644	30.933259
645	95.288572
646	61.479213
647	18.046910
648	88.651846
649	51.426574
650	56.593603
651	47.319550
652	1.583844
653	5.683920
654	16.470962
655	92.611272
656	61.849741
657	72.564445
658	63.508644
659	18.453438
660	22.587810
661	23.563110
662	5.200526
663	42.153964
664	35.439386
665	71.517272
666	46.581382
667	79.731605
668	72.723813
669	36.678938
670	94.587556
671	8.323952
672	38.047598
673	36.909803
674	9.649464
675	93.641512
676	6.587260
677	31.720297
678	42.212558
679	69.765779
680	72.042882
681	46.974243
682	48.727337
683	14.772064
684	27.214225
685	14.037771
686	2.995143
687	86.140178
688	15.024184
689	34.311306
690	6.831785
691	22.535107
692	42.774436
693	42.435573
694	14.536003
695	52.551397
696	62.934088
697	68.745042
698	36.630778
699	63.309151
700	49.997051
701	18.517122
702	15.869646
703	84.960555
704	82.772901
705	83.116498
706	73.933823
707	78.585929
708	27.579031
709	23.402431
710	71.425144
711	7.578577
712	0.786933
713	85.720225
714	84.605364
715	0.279033
716	62.455928
717	18.477165
718	59.127422
719	85.042113
720	49.652782
721	32.455490
722	47.616195
723	50.948103
724	25.063589
725	58.472685
726	27.737736
727	36.235061
728	76.876801
729	38.925601
730	30.011010
731	77.251477
732	7.971229
733	86.507988
734	63.178162
735	10.000412
736	8.749005
737	57.057934
738	31.004817
739	61.274103
740	1.491818
741	19.353904
742	79.371499
743	2.335861
744	35.076540
745	89.122678
746	90.178919
747	19.793797
748	65.060989
749	89.820885
750	86.983071
751	81.417161
752	4.029593
753	87.671743
754	80.029377
755	24.919659
756	83.128677
757	32.254239
758	41.683465
759	17.985875
760	90.296790
761	35.358132
762	44.488661
763	57.781670
764	44.595308
765	89.085984
766	14.558120
767	43.420571
768	22.226162
769	37.996981
770	88.409174
771	21.043655
772	70.256799
773	64.694541
774	72.960779
775	44.879497
776	53.856380
777	76.101143
778	52.149082
779	96.926248
780	34.308879
781	73.735668
782	33.132210
783	4.781825
784	35.907589
785	44.951300
786	13.919599
787	68.471401
788	73.147422
789	93.563306
790	32.624044
791	48.098748
792	93.090623
793	73.413603
794	44.156754
795	45.703987
796	52.145823
797	6.069351
798	77.001279
799	84.463717
800	51.876449
801	98.215574
802	94.107675
803	13.773403
804	64.132969
805	62.868320
806	10.727309
807	61.091706
808	26.871642
809	14.683378
810	58.903083
811	15.053931
812	31.402476
813	65.759140
814	64.550174
815	43.306970
816	13.935661
817	72.551506
818	20.635388
819	15.989283
820	28.585720
821	16.413340
822	60.255792
823	32.726608
824	34.774901
825	24.182456
826	10.403235
827	89.618011
828	89.715254
829	39.149518
830	38.118221
831	8.401681
832	91.186014
833	96.066773
834	56.257958
835	4.687999
836	71.144399
837	36.607364
838	77.283090
839	92.040621
840	55.310866
841	65.096307
842	84.131930
843	0.744442
844	28.585849
845	87.648994
846	10.800726
847	84.014405
848	60.194824
849	12.639643
850	3.700158
851	78.918201
852	32.185333
853	78.755252
854	91.129973
855	7.691910
856	7.634038
857	7.660667
858	54.055681
859	45.943927
860	27.808873
861	86.924285
862	73.193690
863	75.955227
864	15.752251
865	28.681647
866	44.697890
867	72.266150
868	42.792924
869	94.772591
870	68.578555
871	48.158328
872	68.349787
873	35.163084
874	7.013639
875	24.234836
876	16.552832
877	70.438574
878	94.550249
879	41.028742
880	86.157905
881	88.030450
882	28.878093
883	82.410192
884	90.341502
885	13.949873
886	38.668766
887	38.187447
888	73.574247
889	15.640857
890	80.714708
891	86.185325
892	59.416363
893	54.447291
894	95.636631
895	10.496313
896	63.051137
897	70.246316
898	56.085370
899	30.114520
900	53.037956
901	64.771617
902	34.660289
903	77.442848
904	46.117015
905	89.987319
906	54.340988
907	91.425602
908	78.097240
909	88.005010
910	56.987365
911	31.896236
912	57.193133
913	0.991837
914	9.869456
915	77.964086
916	92.642154
917	19.148348
918	51.024955
919	97.402521
920	77.882877
921	27.185047
922	72.960179
923	12.056493
924	4.324285
925	50.304215
926	82.636762
927	3.735309
928	99.785342
929	37.858135
930	94.392466
931	68.230536
932	11.263782
933	69.988213
934	94.782429
935	40.858237
936	19.184706
937	60.035517
938	55.767242
939	51.618435
940	23.035980
941	61.622381
942	46.717491
943	56.482628
944	99.690428
945	13.083440
946	63.223987
947	24.336900
948	51.702876
949	18.284379
950	55.504458
951	90.835102
952	2.013736
953	9.061737
954	27.123435
955	61.609974
956	0.293473
957	99.634229
958	8.284769
959	70.374258
960	69.245544
961	6.500301
962	65.643864
963	66.081483
964	32.131388
965	68.666118
966	93.672251
967	38.804560
968	82.979223
969	83.408366
970	16.813458
971	77.846466
972	57.558975
973	53.089260
974	35.191857
975	79.491523
976	11.476232
977	76.114610
978	31.226306
979	20.772694
980	76.216663
981	67.073177
982	4.608909
983	59.755308
984	22.748403
985	0.100271
986	42.943109
987	2.864633
988	78.275432
989	43.974921
990	76.856487
991	2.429047
992	68.080711
993	24.085020
994	18.591957
995	37.579809
996	82.904841
997	45.880828
998	61.168156
999	92.744840
1000	84.015918
;

param: d :=
1	-76.710794
2	-87.016208
3	-99.719181
4	-69.110500
5	-90.552660
6	-17.455450
7	-11.717183
8	-63.685715
9	-19.566201
10	-82.448041
11	-56.508712
12	-85.644291
13	-74.194234
14	-3.172521
15	-75.912386
16	-58.973150
17	-23.161775
18	-44.853225
19	-52.440756
20	-74.580493
21	-2.771960
22	-11.834771
23	-89.607915
24	-88.906583
25	-84.147425
26	-52.271668
27	-18.607561
28	-58.666207
29	-2.964528
30	-53.023067
31	-0.122976
32	-86.412017
33	-33.678869
34	-75.060300
35	-7.734178
36	-65.602138
37	-51.871305
38	-5.303824
39	-91.261074
40	-96.535400
41	-49.477242
42	-37.893926
43	-85.965918
44	-52.297046
45	-32.483056
46	-56.791767
47	-42.877063
48	-76.992726
49	-77.041894
50	-44.143972
51	-7.921929
52	-97.604453
53	-1.071027
54	-28.874889
55	-90.365979
56	-0.011672
57	-27.841258
58	-92.108681
59	-82.246360
60	-33.213367
61	-35.450510
62	-11.953250
63	-92.175138
64	-8.797388
65	-14.242109
66	-65.807854
67	-30.005773
68	-84.010143
69	-48.422588
70	-20.239388
71	-1.964636
72	-53.118570
73	-95.410691
74	-94.222372
75	-15.210729
76	-8.820150
77	-37.114016
78	-30.495276
79	-24.675326
80	-29.777622
81	-71.743418
82	-45.822055
83	-4.632662
84	-26.738375
85	-25.859874
86	-24.528477
87	-21.238539
88	-78.642890
89	-19.454998
90	-18.165255
91	-87.495947
92	-11.974016
93	-8.305988
94	-61.030562
95	-56.074371
96	-38.925858
97	-57.805282
98	-6.205789
99	-83.058123
100	-72.290643
101	-61.189567
102	-87.450558
103	-96.607340
104	-88.709285
105	-30.569418
106	-84.376956
107	-17.972859
108	-9.508501
109	-15.449356
110	-68.927384
111	-53.351772
112	-46.029815
113	-29.049740
114	-85.817047
115	-99.885274
116	-85.488822
117	-31.138731
118	-18.607819
119	-52.775350
120	-70.607100
121	-29.564279
122	-46.603313
123	-26.644404
124	-32.073234
125	-93.476608
126	-21.006568
127	-63.961077
128	-3.743759
129	-2.477860
130	-35.729421
131	-2.295517
132	-87.910349
133	-43.598516
134	-51.757090
135	-29.441584
136	-26.108749
137	-8.889516
138	-93.444585
139	-52.127675
140	-83.696004
141	-99.083343
142	-76.654194
143	-55.580844
144	-70.154413
145	-46.470566
146	-40.681622
147	-75.067057
148	-43.297240
149	-85.249901
150	-55.560958
151	-59.031486
152	-26.224615
153	-52.997120
154	-84.500714
155	-16.904106
156	-40.864150
157	-82.528849
158	-91.022800
159	-43.173450
160	-91.465069
161	-8.224021
162	-94.222039
163	-41.700736
164	-51.300717
165	-89.746448
166	-91.241922
167	-15.780284
168	-40.481838
169	-30.127362
170	-51.662398
171	-87.795526
172	-1.581541
173	-34.374175
174	-40.706087
175	-21.747569
176	-91.757612
177	-88.528107
178	-3.858854
179	-30.242093
180	-60.587133
181	-33.699877
182	-43.440825
183	-53.861585
184	-84.462687
185	-78.489779
186	-61.930837
187	-80.067734
188	-72.692143
189	-80.241083
190	-83.085845
191	-52.759409
192	-61.989000
193	-72.692447
194	-72.613716
195	-30.832513
196	-95.207533
197	-87.374484
198	-54.490918
199	-9.140603
200	-27.785518
201	-33.076262
202	-61.210119
203	-98.958851
204	-7.285147
205	-48.733627
206	-56.623242
207	-7.814350
208	-30.351889
209	-1.901071
210	-80.979457
211	-58.187864
212	-17.729698
213	-7.016005
214	-60.546968
215	-47.314730
216	-32.059483
217	-68.408899
218	-75.947886
219	-78.807155
220	-76.370224
221	-45.873204
222	-43.806761
223	-79.830163
224	-69.802383
225	-47.113462
226	-25.482134
227	-61.780532
228	-52.912716
229	-69.636485
230	-31.999434
231	-59.588478
232	-45.760439
233	-10.627981
234	-15.324020
235	-80.982049
236	-23.076001
237	-69.141607
238	-84.360878
239	-78.780950
240	-8.747532
241	-83.043820
242	-61.771341
243	-91.384644
244	-3.382221
245	-96.828538
246	-13.643669
247	-5.966553
248	-13.885343
249	-20.190663
250	-39.338448
251	-68.983180
252	-76.879722
253	-11.025561
254	-32.250789
255	-85.371578
256	-84.488961
257	-75.597343
258	-27.987042
259	-50.535924
260	-59.465205
261	-84.540997
262	-72.331661
263	-28.775776
264	-62.529684
265	-50.041004
266	-4.820842
267	-99.539247
268	-43.366527
269	-34.331512
270	-17.965215
271	-35.928151
272	-82.703369
273	-27.267602
274	-74.121992
275	-45.440129
276	-84.807655
277	-72.071640
278	-91.437779
279	-2.437964
280	-3.475384
281	-83.946870
282	-13.688663
283	-97.381826
284	-98.651461
285	-19.814497
286	-76.280307
287	-65.940200
288	-39.989405
289	-48.039977
290	-45.277639
291	-43.552635
292	-38.028097
293	-34.058704
294	-73.464300
295	-98.702094
296	-70.955866
297	-11.742330
298	-23.702019
299	-13.487105
300	-65.915328
301	-11.907782
302	-56.936637
303	-68.517361
304	-11.717890
305	-79.910767
306	-2.761108
307	-31.282568
308	-75.069520
309	-8.517128
310	-77.115369
311	-39.641807
312	-18.488973
313	-19.934506
314	-10.368082
315	-58.236460
316	-57.683408
317	-87.823477
318	-9.307339
319	-9.687385
320	-84.721155
321	-29.605106
322	-47.666069
323	-99.508397
324	-50.289886
325	-52.692614
326	-44.419715
327	-21.523090
328	-79.223017
329	-4.564309
330	-12.457923
331	-89.217021
332	-16.358451
333	-56.463405
334	-27.858491
335	-74.022135
336	-30.031238
337	-4.890576
338	-31.057388
339	-73.284442
340	-2.815408
341	-86.604868
342	-75.040249
343	-53.704670
344	-2.780673
345	-91.653466
346	-49.545099
347	-66.178746
348	-63.664656
349	-42.032968
350	-75.520258
351	-72.196104
352	-51.963650
353	-95.530694
354	-52.454334
355	-8.348514
356	-35.069939
357	-20.942256
358	-65.740223
359	-22.998970
360	-16.218544
361	-74.174897
362	-84.652502
363	-51.920857
364	-66.968518
365	-77.040519
366	-32.297575
367	-74.266277
368	-4.766387
369	-9.579146
370	-75.524505
371	-95.887191
372	-46.021452
373	-16.860070
374	-81.954222
375	-43.396018
376	-91.949753
377	-14.237641
378	-72.399887
379	-96.538239
380	-57.709252
381	-56.052430
382	-26.401184
383	-4.275518
384	-90.767843
385	-80.150980
386	-58.923820
387	-18.300090
388	-6.619583
389	-64.674959
390	-44.493185
391	-6.215153
392	-75.380266
393	-18.446845
394	-33.017260
395	-65.855155
396	-49.962871
397	-42.528842
398	-63.342258
399	-80.424121
400	-20.509768
401	-64.198906
402	-64.772403
403	-18.272921
404	-61.949096
405	-36.272168
406	-70.614453
407	-21.105753
408	-82.334426
409	-13.823226
410	-54.150219
411	-48.119569
412	-81.741741
413	-64.461084
414	-26.461883
415	-1.900367
416	-47.648798
417	-64.247314
418	-72.312391
419	-47.938491
420	-43.159745
421	-50.783125
422	-55.579193
423	-98.792941
424	-48.071805
425	-18.541729
426	-48.515468
427	-70.036546
428	-86.371128
429	-4.017340
430	-49.593204
431	-62.407553
432	-48.267725
433	-22.872975
434	-77.173435
435	-38.295519
436	-84.965485
437	-8.233612
438	-0.075936
439	-21.915015
440	-13.578198
441	-0.446670
442	-75.988460
443	-34.763552
444	-1.772943
445	-84.957032
446	-51.408475
447	-44.863996
448	-8.572930
449	-50.781639
450	-13.912847
451	-25.930117
452	-20.004556
453	-62.168189
454	-83.998783
455	-72.338639
456	-97.392328
457	-95.287159
458	-36.724578
459	-70.456415
460	-23.647258
461	-40.023373
462	-6.766076
463	-3.172411
464	-79.508574
465	-60.398086
466	-35.931762
467	-36.750047
468	-48.561183
469	-23.086206
470	-68.931239
471	-61.624327
472	-73.357820
473	-65.146418
474	-76.163557
475	-92.711380
476	-8.771421
477	-40.545931
478	-84.222001
479	-5.124798
480	-41.866906
481	-66.672851
482	-27.303731
483	-70.084558
484	-80.819780
485	-80.821270
486	-89.265291
487	-84.653885
488	-48.999860
489	-3.211228
490	-94.358613
491	-44.179914
492	-72.957493
493	-14.565571
494	-27.043033
495	-12.254149
496	-70.385745
497	-83.129837
498	-24.903615
499	-86.172951
500	-94.272934
501	-11.662008
502	-99.068586
503	-0.694569
504	-49.636718
505	-55.668794
506	-90.751879
507	-24.488063
508	-28.850145
509	-85.212644
510	-40.604977
511	-98.707970
512	-30.933841
513	-17.617352
514	-80.861961
515	-29.536867
516	-46.162188
517	-44.374060
518	-95.559609
519	-42.461291
520	-24.694810
521	-22.255703
522	-17.014226
523	-48.361521
524	-61.172061
525	-20.596764
526	-26.500473
527	-48.174063
528	-74.884987
529	-93.493544
530	-41.288444
531	-88.763571
532	-23.322308
533	-66.814904
534	-33.239022
535	-98.900473
536	-38.716239
537	-97.318922
538	-32.814579
539	-43.886602
540	-40.013421
541	-81.919012
542	-76.257400
543	-71.891847
544	-36.935411
545	-60.325511
546	-99.576129
547	-68.725718
548	-99.269038
549	-98.311989
550	-79.068620
551	-47.495978
552	-24.677756
553	-97.777506
554	-3.333202
555	-10.765404
556	-74.178695
557	-6.070674
558	-55.910123
559	-84.424219
560	-66.581587
561	-82.431287
562	-81.413747
563	-39.074015
564	-57.619559
565	-68.394919
566	-6.412631
567	-35.122904
568	-52.448800
569	-22.277122
570	-16.431612
571	-67.382909
572	-14.415021
573	-67.571545
574	-83.494345
575	-34.033688
576	-85.511132
577	-82.553878
578	-26.892062
579	-53.757868
580	-28.555494
581	-6.062406
582	-30.111181
583	-5.559750
584	-68.310118
585	-18.288882
586	-88.643187
587	-28.749878
588	-37.305465
589	-2.421000
590	-76.499395
591	-66.146113
592	-95.192218
593	-92.135024
594	-78.748091
595	-47.117073
596	-74.856021
597	-38.816314
598	-56.181366
599	-1.251322
600	-80.803917
601	-19.815425
602	-74.479689
603	-13.301279
604	-92.397643
605	-28.016697
606	-88.916916
607	-77.905842
608	-50.175523
609	-89.166210
610	-98.143729
611	-26.144243
612	-63.473440
613	-72.357980
614	-75.365700
615	-93.711217
616	-8.030875
617	-71.828153
618	-53.263225
619	-20.642137
620	-81.145568
621	-42.430134
622	-9.447802
623	-35.612514
624	-5.440750
625	-64.703860
626	-10.835609
627	-60.335955
628	-77.804099
629	-19.322023
630	-67.967051
631	-2.986711
632	-69.551882
633	-71.693879
634	-82.616708
635	-10.868311
636	-66.793641
637	-95.347488
638	-52.128709
639	-86.080767
640	-33.952887
641	-97.762325
642	-21.918664
643	-91.603138
644	-19.022068
645	-21.781217
646	-4.427296
647	-70.540319
648	-17.715360
649	-80.470353
650	-77.513218
651	-17.520165
652	-48.414664
653	-65.631541
654	-64.080783
655	-16.150328
656	-76.927894
657	-72.378500
658	-72.958460
659	-64.469294
660	-86.475438
661	-57.660017
662	-90.211686
663	-24.345053
664	-1.594187
665	-76.794217
666	-28.163369
667	-11.138213
668	-85.270537
669	-53.231629
670	-10.169912
671	-5.740990
672	-81.311360
673	-48.436853
674	-26.461057
675	-7.082924
676	-18.296019
677	-5.017435
678	-12.443891
679	-5.533178
680	-47.735654
681	-58.494060
682	-21.516776
683	-82.414502
684	-44.310649
685	-17.241534
686	-2.968549
687	-81.209720
688	-63.712926
689	-59.877406
690	-78.350066
691	-24.480325
692	-66.756558
693	-93.447692
694	-56.138423
695	-81.983223
696	-0.879044
697	-5.242067
698	-71.079434
699	-23.393955
700	-98.305088
701	-67.052432
702	-9.214089
703	-81.282893
704	-42.286133
705	-95.668276
706	-11.001447
707	-58.244041
708	-2.127265
709	-63.102719
710	-36.057999
711	-11.674556
712	-49.997215
713	-27.441591
714	-84.358451
715	-31.598511
716	-61.733916
717	-14.271257
718	-71.439604
719	-38.826852
720	-15.354941
721	-97.633952
722	-0.613026
723	-20.394050
724	-58.124000
725	-78.093808
726	-96.783250
727	-74.929559
728	-18.103138
729	-64.702024
730	-72.744927
731	-75.576496
732	-16.508716
733	-49.202765
734	-28.945399
735	-36.507775
736	-37.356981
737	-54.076963
738	-48.945494
739	-1.282972
740	-74.371059
741	-21.533006
742	-81.194640
743	-70.631786
744	-13.641978
745	-18.481488
746	-92.971589
747	-26.517748
748	-87.146915
749	-58.861128
750	-41.702619
751	-0.388253
752	-31.119830
753	-6.578378
754	-93.305283
755	-27.805772
756	-73.565690
757	-52.604064
758	-3.655866
759	-58.468042
760	-5.493978
761	-45.027258
762	-94.876591
763	-69.544651
764	-63.999740
765	-42.441460
766	-57.223645
767	-60.223343
768	-63.017176
769	-99.133876
770	-98.909590
771	-3.390818
772	-33.005790
773	-19.781423
774	-85.277116
775	-22.147443
776	-1.072046
777	-93.916785
778	-55.420443
779	-91.291274
780	-18.923582
781	-11.116060
782	-13.734491
783	-55.328578
784	-40.008759
785	-41.652649
786	-59.143681
787	-96.416402
788	-99.611838
789	-23.740079
790	-93.140820
791	-58.850918
792	-25.267502
793	-90.898570
794	-79.694274
795	-40.021702
796	-8.042105
797	-55.662108
798	-74.212394
799	-61.032278
800	-63.215502
801	-25.674019
802	-81.594860
803	-62.033906
804	-79.920560
805	-71.520025
806	-9.736164
807	-84.625364
808	-81.622832
809	-33.737230
810	-62.201476
811	-81.777912
812	-49.617478
813	-49.613602
814	-14.157408
815	-20.727354
816	-9.549942
817	-41.590037
818	-85.751261
819	-66.732162
820	-36.544322
821	-35.074252
822	-65.056269
823	-76.455977
824	-82.612091
825	-0.788117
826	-93.301996
827	-95.102045
828	-42.808605
829	-90.635357
830	-89.365855
831	-17.060298
832	-63.030638
833	-57.622910
834	-20.975443
835	-43.742769
836	-25.465845
837	-96.948846
838	-79.137995
839	-58.900146
840	-21.349488
841	-43.497048
842	-98.732059
843	-36.510087
844	-5.741365
845	-12.786886
846	-41.041965
847	-14.669253
848	-79.838209
849	-71.607694
850	-59.805941
851	-94.622938
852	-29.889504
853	-95.544083
854	-93.773984
855	-79.508154
856	-78.073678
857	-73.821276
858	-37.574335
859	-99.206803
860	-87.250416
861	-3.851648
862	-43.175491
863	-46.851528
864	-24.957642
865	-82.704832
866	-56.186385
867	-15.327422
868	-13.446527
869	-44.951012
870	-59.211401
871	-56.925329
872	-9.270282
873	-7.719699
874	-93.625583
875	-7.526212
876	-21.996859
877	-84.210816
878	-31.776630
879	-67.393640
880	-78.807029
881	-97.413701
882	-54.899551
883	-42.384599
884	-87.568723
885	-16.079025
886	-19.374400
887	-70.738514
888	-21.566503
889	-54.001533
890	-65.497152
891	-79.623066
892	-32.664995
893	-83.102911
894	-10.415100
895	-85.812960
896	-85.563254
897	-74.452765
898	-9.021266
899	-93.997111
900	-36.421321
901	-91.579741
902	-73.005603
903	-2.242161
904	-25.231041
905	-2.219987
906	-70.389260
907	-69.288952
908	-97.602208
909	-87.880869
910	-73.974434
911	-32.726372
912	-81.435330
913	-22.080526
914	-84.955979
915	-80.476829
916	-37.381394
917	-69.889932
918	-32.187447
919	-74.526058
920	-77.512874
921	-96.098268
922	-18.333366
923	-82.434184
924	-29.740009
925	-85.374774
926	-39.587009
927	-12.713447
928	-49.776055
929	-16.006587
930	-47.827045
931	-59.305530
932	-28.916664
933	-35.270887
934	-39.974076
935	-9.381768
936	-98.542068
937	-39.096319
938	-44.679816
939	-90.606970
940	-35.127741
941	-43.888958
942	-3.236655
943	-2.607136
944	-55.207473
945	-28.257546
946	-82.837478
947	-45.494095
948	-20.695021
949	-27.180055
950	-31.685022
951	-34.642652
952	-52.350537
953	-66.944821
954	-50.709019
955	-25.744297
956	-68.830377
957	-2.233668
958	-38.170583
959	-6.007083
960	-7.463415
961	-24.196835
962	-54.757982
963	-23.526676
964	-76.832868
965	-67.653083
966	-58.485462
967	-58.955444
968	-72.787965
969	-68.301341
970	-34.520667
971	-16.402002
972	-26.390054
973	-13.339814
974	-32.420624
975	-50.164660
976	-23.170564
977	-40.929148
978	-6.527506
979	-18.302904
980	-94.836692
981	-68.851421
982	-56.555381
983	-70.613862
984	-33.659072
985	-43.860408
986	-95.694760
987	-56.107089
988	-71.100835
989	-93.975267
990	-49.536820
991	-64.271092
992	-77.981985
993	-97.780305
994	-10.528672
995	-18.127206
996	-74.006874
997	-7.185830
998	-44.068791
999	-46.624100
1000	-45.932543
;

param: weight :=
1	31.000000
2	10.000000
3	20.000000
4	41.000000
5	71.000000
6	77.000000
7	78.000000
8	34.000000
9	96.000000
10	17.000000
11	27.000000
12	24.000000
13	94.000000
14	68.000000
15	27.000000
16	38.000000
17	5.000000
18	10.000000
19	31.000000
20	2.000000
21	97.000000
22	99.000000
23	94.000000
24	48.000000
25	28.000000
26	52.000000
27	77.000000
28	45.000000
29	8.000000
30	73.000000
31	63.000000
32	32.000000
33	29.000000
34	31.000000
35	58.000000
36	96.000000
37	81.000000
38	43.000000
39	2.000000
40	23.000000
41	26.000000
42	20.000000
43	5.000000
44	15.000000
45	53.000000
46	89.000000
47	17.000000
48	61.000000
49	8.000000
50	53.000000
51	1.000000
52	87.000000
53	33.000000
54	70.000000
55	16.000000
56	87.000000
57	34.000000
58	26.000000
59	83.000000
60	58.000000
61	69.000000
62	37.000000
63	35.000000
64	37.000000
65	74.000000
66	87.000000
67	99.000000
68	25.000000
69	12.000000
70	56.000000
71	49.000000
72	36.000000
73	36.000000
74	36.000000
75	30.000000
76	86.000000
77	66.000000
78	95.000000
79	32.000000
80	51.000000
81	53.000000
82	70.000000
83	68.000000
84	64.000000
85	53.000000
86	42.000000
87	92.000000
88	92.000000
89	62.000000
90	59.000000
91	68.000000
92	12.000000
93	16.000000
94	75.000000
95	61.000000
96	90.000000
97	94.000000
98	20.000000
99	67.000000
100	24.000000
101	19.000000
102	5.000000
103	60.000000
104	51.000000
105	70.000000
106	70.000000
107	51.000000
108	60.000000
109	12.000000
110	76.000000
111	13.000000
112	56.000000
113	14.000000
114	25.000000
115	97.000000
116	70.000000
117	81.000000
118	23.000000
119	78.000000
120	81.000000
121	51.000000
122	31.000000
123	61.000000
124	80.000000
125	93.000000
126	4.000000
127	86.000000
128	80.000000
129	30.000000
130	12.000000
131	23.000000
132	43.000000
133	90.000000
134	59.000000
135	78.000000
136	69.000000
137	81.000000
138	54.000000
139	64.000000
140	42.000000
141	84.000000
142	20.000000
143	48.000000
144	60.000000
145	66.000000
146	69.000000
147	46.000000
148	50.000000
149	60.000000
150	29.000000
151	43.000000
152	33.000000
153	1.000000
154	71.000000
155	42.000000
156	81.000000
157	73.000000
158	5.000000
159	20.000000
160	96.000000
161	68.000000
162	96.000000
163	93.000000
164	81.000000
165	84.000000
166	1.000000
167	6.000000
168	55.000000
169	6.000000
170	21.000000
171	88.000000
172	95.000000
173	44.000000
174	79.000000
175	70.000000
176	50.000000
177	78.000000
178	43.000000
179	42.000000
180	45.000000
181	65.000000
182	6.000000
183	31.000000
184	59.000000
185	46.000000
186	8.000000
187	45.000000
188	91.000000
189	91.000000
190	85.000000
191	57.000000
192	62.000000
193	33.000000
194	15.000000
195	94.000000
196	28.000000
197	64.000000
198	58.000000
199	6.000000
200	4.000000
201	1.000000
202	23.000000
203	3.000000
204	67.000000
205	34.000000
206	28.000000
207	18.000000
208	5.000000
209	9.000000
210	95.000000
211	50.000000
212	36.000000
213	88.000000
214	22.000000
215	95.000000
216	68.000000
217	7.000000
218	86.000000
219	51.000000
220	64.000000
221	35.000000
222	60.000000
223	81.000000
224	62.000000
225	86.000000
226	46.000000
227	53.000000
228	52.000000
229	20.000000
230	91.000000
231	91.000000
232	86.000000
233	68.000000
234	99.000000
235	21.000000
236	70.000000
237	38.000000
238	28.000000
239	66.000000
240	45.000000
241	28.000000
242	13.000000
243	43.000000
244	25.000000
245	53.000000
246	21.000000
247	21.000000
248	88.000000
249	94.000000
250	24.000000
251	9.000000
252	85.000000
253	76.000000
254	32.000000
255	18.000000
256	19.000000
257	75.000000
258	57.000000
259	21.000000
260	28.000000
261	69.000000
262	43.000000
263	21.000000
264	76.000000
265	47.000000
266	6.000000
267	9.000000
268	12.000000
269	74.000000
270	66.000000
271	43.000000
272	88.000000
273	53.000000
274	58.000000
275	70.000000
276	64.000000
277	35.000000
278	55.000000
279	94.000000
280	14.000000
281	98.000000
282	67.000000
283	78.000000
284	12.000000
285	15.000000
286	37.000000
287	94.000000
288	9.000000
289	8.000000
290	27.000000
291	8.000000
292	8.000000
293	13.000000
294	6.000000
295	92.000000
296	93.000000
297	9.000000
298	10.000000
299	27.000000
300	93.000000
301	77.000000
302	35.000000
303	75.000000
304	36.000000
305	75.000000
306	54.000000
307	63.000000
308	38.000000
309	67.000000
310	75.000000
311	75.000000
312	82.000000
313	85.000000
314	14.000000
315	85.000000
316	64.000000
317	65.000000
318	33.000000
319	21.000000
320	1.000000
321	74.000000
322	28.000000
323	13.000000
324	86.000000
325	73.000000
326	98.000000
327	48.000000
328	11.000000
329	2.000000
330	44.000000
331	32.000000
332	14.000000
333	46.000000
334	69.000000
335	30.000000
336	37.000000
337	65.000000
338	78.000000
339	26.000000
340	37.000000
341	38.000000
342	56.000000
343	88.000000
344	69.000000
345	60.000000
346	98.000000
347	7.000000
348	60.000000
349	8.000000
350	30.000000
351	94.000000
352	55.000000
353	44.000000
354	89.000000
355	54.000000
356	57.000000
357	69.000000
358	50.000000
359	33.000000
360	79.000000
361	15.000000
362	48.000000
363	11.000000
364	21.000000
365	39.000000
366	12.000000
367	69.000000
368	70.000000
369	48.000000
370	82.000000
371	10.000000
372	54.000000
373	30.000000
374	27.000000
375	9.000000
376	93.000000
377	67.000000
378	23.000000
379	60.000000
380	87.000000
381	54.000000
382	26.000000
383	1.000000
384	14.000000
385	20.000000
386	20.000000
387	3.000000
388	70.000000
389	5.000000
390	1.000000
391	68.000000
392	84.000000
393	82.000000
394	46.000000
395	49.000000
396	75.000000
397	48.000000
398	18.000000
399	83.000000
400	33.000000
401	62.000000
402	45.000000
403	34.000000
404	10.000000
405	34.000000
406	44.000000
407	46.000000
408	10.000000
409	57.000000
410	71.000000
411	55.000000
412	75.000000
413	30.000000
414	88.000000
415	47.000000
416	63.000000
417	45.000000
418	72.000000
419	27.000000
420	58.000000
421	68.000000
422	23.000000
423	31.000000
424	38.000000
425	70.000000
426	91.000000
427	86.000000
428	39.000000
429	62.000000
430	9.000000
431	89.000000
432	44.000000
433	93.000000
434	20.000000
435	98.000000
436	77.000000
437	62.000000
438	41.000000
439	93.000000
440	67.000000
441	75.000000
442	58.000000
443	80.000000
444	41.000000
445	74.000000
446	99.000000
447	67.000000
448	48.000000
449	36.000000
450	91.000000
451	12.000000
452	72.000000
453	21.000000
454	19.000000
455	33.000000
456	30.000000
457	94.000000
458	46.000000
459	26.000000
460	52.000000
461	95.000000
462	88.000000
463	15.000000
464	98.000000
465	40.000000
466	48.000000
467	94.000000
468	24.000000
469	19.000000
470	1.000000
471	98.000000
472	15.000000
473	18.000000
474	98.000000
475	69.000000
476	88.000000
477	81.000000
478	37.000000
479	69.000000
480	62.000000
481	38.000000
482	62.000000
483	81.000000
484	91.000000
485	60.000000
486	86.000000
487	58.000000
488	12.000000
489	64.000000
490	4.000000
491	53.000000
492	61.000000
493	4.000000
494	92.000000
495	61.000000
496	8.000000
497	16.000000
498	72.000000
499	29.000000
500	31.000000
501	48.000000
502	9.000000
503	66.000000
504	68.000000
505	92.000000
506	14.000000
507	59.000000
508	32.000000
509	29.000000
510	49.000000
511	87.000000
512	50.000000
513	25.000000
514	74.000000
515	80.000000
516	77.000000
517	45.000000
518	44.000000
519	95.000000
520	57.000000
521	35.000000
522	64.000000
523	67.000000
524	65.000000
525	33.000000
526	73.000000
527	25.000000
528	39.000000
529	8.000000
530	98.000000
531	24.000000
532	59.000000
533	57.000000
534	31.000000
535	72.000000
536	76.000000
537	6.000000
538	85.000000
539	95.000000
540	54.000000
541	13.000000
542	73.000000
543	56.000000
544	40.000000
545	69.000000
546	47.000000
547	50.000000
548	47.000000
549	36.000000
550	37.000000
551	10.000000
552	52.000000
553	18.000000
554	73.000000
555	33.000000
556	67.000000
557	28.000000
558	88.000000
559	90.000000
560	47.000000
561	12.000000
562	60.000000
563	57.000000
564	52.000000
565	89.000000
566	57.000000
567	48.000000
568	95.000000
569	33.000000
570	83.000000
571	72.000000
572	57.000000
573	37.000000
574	70.000000
575	37.000000
576	64.000000
577	40.000000
578	49.000000
579	59.000000
580	97.000000
581	46.000000
582	82.000000
583	48.000000
584	45.000000
585	37.000000
586	12.000000
587	57.000000
588	34.000000
589	47.000000
590	58.000000
591	66.000000
592	75.000000
593	91.000000
594	8.000000
595	27.000000
596	88.000000
597	22.000000
598	53.000000
599	68.000000
600	16.000000
601	61.000000
602	12.000000
603	98.000000
604	69.000000
605	67.000000
606	55.000000
607	12.000000
608	20.000000
609	51.000000
610	41.000000
611	73.000000
612	83.000000
613	36.000000
614	2.000000
615	46.000000
616	63.000000
617	11.000000
618	40.000000
619	39.000000
620	30.000000
621	74.000000
622	66.000000
623	38.000000
624	49.000000
625	39.000000
626	43.000000
627	39.000000
628	42.000000
629	86.000000
630	87.000000
631	49.000000
632	85.000000
633	44.000000
634	37.000000
635	76.000000
636	12.000000
637	67.000000
638	22.000000
639	93.000000
640	36.000000
641	92.000000
642	80.000000
643	40.000000
644	31.000000
645	43.000000
646	15.000000
647	42.000000
648	16.000000
649	74.000000
650	19.000000
651	53.000000
652	66.000000
653	78.000000
654	27.000000
655	25.000000
656	97.000000
657	92.000000
658	69.000000
659	77.000000
660	19.000000
661	30.000000
662	32.000000
663	18.000000
664	28.000000
665	64.000000
666	34.000000
667	64.000000
668	47.000000
669	93.000000
670	80.000000
671	18.000000
672	16.000000
673	73.000000
674	76.000000
675	25.000000
676	37.000000
677	98.000000
678	85.000000
679	11.000000
680	69.000000
681	2.000000
682	11.000000
683	60.000000
684	55.000000
685	8.000000
686	77.000000
687	86.000000
688	69.000000
689	40.000000
690	10.000000
691	18.000000
692	97.000000
693	24.000000
694	31.000000
695	10.000000
696	34.000000
697	36.000000
698	58.000000
699	56.000000
700	49.000000
701	4.000000
702	25.000000
703	58.000000
704	34.000000
705	68.000000
706	93.000000
707	3.000000
708	60.000000
709	66.000000
710	16.000000
711	10.000000
712	17.000000
713	15.000000
714	52.000000
715	5.000000
716	14.000000
717	32.000000
718	12.000000
719	95.000000
720	65.000000
721	98.000000
722	8.000000
723	63.000000
724	36.000000
725	78.000000
726	7.000000
727	8.000000
728	61.000000
729	23.000000
730	60.000000
731	86.000000
732	81.000000
733	2.000000
734	67.000000
735	90.000000
736	93.000000
737	53.000000
738	85.000000
739	17.000000
740	64.000000
741	14.000000
742	74.000000
743	34.000000
744	24.000000
745	97.000000
746	69.000000
747	54.000000
748	3.000000
749	15.000000
750	83.000000
751	60.000000
752	13.000000
753	96.000000
754	40.000000
755	86.000000
756	54.000000
757	37.000000
758	95.000000
759	63.000000
760	89.000000
761	49.000000
762	21.000000
763	19.000000
764	19.000000
765	32.000000
766	66.000000
767	28.000000
768	67.000000
769	65.000000
770	31.000000
771	98.000000
772	91.000000
773	12.000000
774	10.000000
775	59.000000
776	36.000000
777	4.000000
778	26.000000
779	61.000000
780	16.000000
781	98.000000
782	98.000000
783	77.000000
784	63.000000
785	13.000000
786	48.000000
787	74.000000
788	23.000000
789	14.000000
790	44.000000
791	27.000000
792	88.000000
793	9.000000
794	76.000000
795	68.000000
796	38.000000
797	30.000000
798	80.000000
799	75.000000
800	7.000000
801	63.000000
802	26.000000
803	59.000000
804	96.000000
805	25.000000
806	58.000000
807	93.000000
808	1.000000
809	88.000000
810	30.000000
811	11.000000
812	47.000000
813	83.000000
814	93.000000
815	5.000000
816	90.000000
817	64.000000
818	48.000000
819	54.000000
820	78.000000
821	8.000000
822	87.000000
823	37.000000
824	21.000000
825	18.000000
826	61.000000
827	93.000000
828	61.000000
829	32.000000
830	24.000000
831	93.000000
832	68.000000
833	31.000000
834	96.000000
835	65.000000
836	43.000000
837	17.000000
838	66.000000
839	16.000000
840	10.000000
841	52.000000
842	67.000000
843	98.000000
844	14.000000
845	80.000000
846	88.000000
847	67.000000
848	17.000000
849	11.000000
850	40.000000
851	23.000000
852	68.000000
853	75.000000
854	61.000000
855	62.000000
856	72.000000
857	45.000000
858	56.000000
859	87.000000
860	53.000000
861	41.000000
862	36.000000
863	30.000000
864	46.000000
865	97.000000
866	52.000000
867	29.000000
868	90.000000
869	85.000000
870	51.000000
871	30.000000
872	3.000000
873	73.000000
874	92.000000
875	41.000000
876	58.000000
877	36.000000
878	53.000000
879	80.000000
880	3.000000
881	12.000000
882	90.000000
883	29.000000
884	26.000000
885	43.000000
886	20.000000
887	61.000000
888	3.000000
889	23.000000
890	76.000000
891	61.000000
892	95.000000
893	38.000000
894	45.000000
895	99.000000
896	92.000000
897	41.000000
898	22.000000
899	86.000000
900	12.000000
901	76.000000
902	57.000000
903	91.000000
904	21.000000
905	33.000000
906	30.000000
907	36.000000
908	22.000000
909	28.000000
910	6.000000
911	91.000000
912	73.000000
913	16.000000
914	48.000000
915	62.000000
916	26.000000
917	8.000000
918	13.000000
919	32.000000
920	77.000000
921	73.000000
922	72.000000
923	10.000000
924	96.000000
925	21.000000
926	50.000000
927	90.000000
928	58.000000
929	66.000000
930	73.000000
931	84.000000
932	83.000000
933	19.000000
934	92.000000
935	16.000000
936	90.000000
937	33.000000
938	21.000000
939	81.000000
940	30.000000
941	9.000000
942	64.000000
943	50.000000
944	96.000000
945	93.000000
946	7.000000
947	88.000000
948	29.000000
949	14.000000
950	7.000000
951	60.000000
952	76.000000
953	95.000000
954	45.000000
955	39.000000
956	12.000000
957	49.000000
958	30.000000
959	4.000000
960	41.000000
961	23.000000
962	82.000000
963	50.000000
964	98.000000
965	3.000000
966	90.000000
967	32.000000
968	31.000000
969	80.000000
970	70.000000
971	60.000000
972	97.000000
973	49.000000
974	75.000000
975	65.000000
976	49.000000
977	75.000000
978	13.000000
979	28.000000
980	34.000000
981	22.000000
982	68.000000
983	83.000000
984	59.000000
985	76.000000
986	31.000000
987	87.000000
988	20.000000
989	12.000000
990	8.000000
991	42.000000
992	68.000000
993	43.000000
994	55.000000
995	42.000000
996	60.000000
997	97.000000
998	93.000000
999	57.000000
1000	54.000000
;

param: U :=
1	100.000000
2	100.000000
3	100.000000
4	100.000000
5	100.000000
6	100.000000
7	100.000000
8	100.000000
9	100.000000
10	100.000000
11	100.000000
12	100.000000
13	100.000000
14	100.000000
15	100.000000
16	100.000000
17	100.000000
18	100.000000
19	100.000000
20	100.000000
21	100.000000
22	100.000000
23	100.000000
24	100.000000
25	100.000000
26	100.000000
27	100.000000
28	100.000000
29	100.000000
30	100.000000
31	100.000000
32	100.000000
33	100.000000
34	100.000000
35	100.000000
36	100.000000
37	100.000000
38	100.000000
39	100.000000
40	100.000000
41	100.000000
42	100.000000
43	100.000000
44	100.000000
45	100.000000
46	100.000000
47	100.000000
48	100.000000
49	100.000000
50	100.000000
51	100.000000
52	100.000000
53	100.000000
54	100.000000
55	100.000000
56	100.000000
57	100.000000
58	100.000000
59	100.000000
60	100.000000
61	100.000000
62	100.000000
63	100.000000
64	100.000000
65	100.000000
66	100.000000
67	100.000000
68	100.000000
69	100.000000
70	100.000000
71	100.000000
72	100.000000
73	100.000000
74	100.000000
75	100.000000
76	100.000000
77	100.000000
78	100.000000
79	100.000000
80	100.000000
81	100.000000
82	100.000000
83	100.000000
84	100.000000
85	100.000000
86	100.000000
87	100.000000
88	100.000000
89	100.000000
90	100.000000
91	100.000000
92	100.000000
93	100.000000
94	100.000000
95	100.000000
96	100.000000
97	100.000000
98	100.000000
99	100.000000
100	100.000000
101	100.000000
102	100.000000
103	100.000000
104	100.000000
105	100.000000
106	100.000000
107	100.000000
108	100.000000
109	100.000000
110	100.000000
111	100.000000
112	100.000000
113	100.000000
114	100.000000
115	100.000000
116	100.000000
117	100.000000
118	100.000000
119	100.000000
120	100.000000
121	100.000000
122	100.000000
123	100.000000
124	100.000000
125	100.000000
126	100.000000
127	100.000000
128	100.000000
129	100.000000
130	100.000000
131	100.000000
132	100.000000
133	100.000000
134	100.000000
135	100.000000
136	100.000000
137	100.000000
138	100.000000
139	100.000000
140	100.000000
141	100.000000
142	100.000000
143	100.000000
144	100.000000
145	100.000000
146	100.000000
147	100.000000
148	100.000000
149	100.000000
150	100.000000
151	100.000000
152	100.000000
153	100.000000
154	100.000000
155	100.000000
156	100.000000
157	100.000000
158	100.000000
159	100.000000
160	100.000000
161	100.000000
162	100.000000
163	100.000000
164	100.000000
165	100.000000
166	100.000000
167	100.000000
168	100.000000
169	100.000000
170	100.000000
171	100.000000
172	100.000000
173	100.000000
174	100.000000
175	100.000000
176	100.000000
177	100.000000
178	100.000000
179	100.000000
180	100.000000
181	100.000000
182	100.000000
183	100.000000
184	100.000000
185	100.000000
186	100.000000
187	100.000000
188	100.000000
189	100.000000
190	100.000000
191	100.000000
192	100.000000
193	100.000000
194	100.000000
195	100.000000
196	100.000000
197	100.000000
198	100.000000
199	100.000000
200	100.000000
201	100.000000
202	100.000000
203	100.000000
204	100.000000
205	100.000000
206	100.000000
207	100.000000
208	100.000000
209	100.000000
210	100.000000
211	100.000000
212	100.000000
213	100.000000
214	100.000000
215	100.000000
216	100.000000
217	100.000000
218	100.000000
219	100.000000
220	100.000000
221	100.000000
222	100.000000
223	100.000000
224	100.000000
225	100.000000
226	100.000000
227	100.000000
228	100.000000
229	100.000000
230	100.000000
231	100.000000
232	100.000000
233	100.000000
234	100.000000
235	100.000000
236	100.000000
237	100.000000
238	100.000000
239	100.000000
240	100.000000
241	100.000000
242	100.000000
243	100.000000
244	100.000000
245	100.000000
246	100.000000
247	100.000000
248	100.000000
249	100.000000
250	100.000000
251	100.000000
252	100.000000
253	100.000000
254	100.000000
255	100.000000
256	100.000000
257	100.000000
258	100.000000
259	100.000000
260	100.000000
261	100.000000
262	100.000000
263	100.000000
264	100.000000
265	100.000000
266	100.000000
267	100.000000
268	100.000000
269	100.000000
270	100.000000
271	100.000000
272	100.000000
273	100.000000
274	100.000000
275	100.000000
276	100.000000
277	100.000000
278	100.000000
279	100.000000
280	100.000000
281	100.000000
282	100.000000
283	100.000000
284	100.000000
285	100.000000
286	100.000000
287	100.000000
288	100.000000
289	100.000000
290	100.000000
291	100.000000
292	100.000000
293	100.000000
294	100.000000
295	100.000000
296	100.000000
297	100.000000
298	100.000000
299	100.000000
300	100.000000
301	100.000000
302	100.000000
303	100.000000
304	100.000000
305	100.000000
306	100.000000
307	100.000000
308	100.000000
309	100.000000
310	100.000000
311	100.000000
312	100.000000
313	100.000000
314	100.000000
315	100.000000
316	100.000000
317	100.000000
318	100.000000
319	100.000000
320	100.000000
321	100.000000
322	100.000000
323	100.000000
324	100.000000
325	100.000000
326	100.000000
327	100.000000
328	100.000000
329	100.000000
330	100.000000
331	100.000000
332	100.000000
333	100.000000
334	100.000000
335	100.000000
336	100.000000
337	100.000000
338	100.000000
339	100.000000
340	100.000000
341	100.000000
342	100.000000
343	100.000000
344	100.000000
345	100.000000
346	100.000000
347	100.000000
348	100.000000
349	100.000000
350	100.000000
351	100.000000
352	100.000000
353	100.000000
354	100.000000
355	100.000000
356	100.000000
357	100.000000
358	100.000000
359	100.000000
360	100.000000
361	100.000000
362	100.000000
363	100.000000
364	100.000000
365	100.000000
366	100.000000
367	100.000000
368	100.000000
369	100.000000
370	100.000000
371	100.000000
372	100.000000
373	100.000000
374	100.000000
375	100.000000
376	100.000000
377	100.000000
378	100.000000
379	100.000000
380	100.000000
381	100.000000
382	100.000000
383	100.000000
384	100.000000
385	100.000000
386	100.000000
387	100.000000
388	100.000000
389	100.000000
390	100.000000
391	100.000000
392	100.000000
393	100.000000
394	100.000000
395	100.000000
396	100.000000
397	100.000000
398	100.000000
399	100.000000
400	100.000000
401	100.000000
402	100.000000
403	100.000000
404	100.000000
405	100.000000
406	100.000000
407	100.000000
408	100.000000
409	100.000000
410	100.000000
411	100.000000
412	100.000000
413	100.000000
414	100.000000
415	100.000000
416	100.000000
417	100.000000
418	100.000000
419	100.000000
420	100.000000
421	100.000000
422	100.000000
423	100.000000
424	100.000000
425	100.000000
426	100.000000
427	100.000000
428	100.000000
429	100.000000
430	100.000000
431	100.000000
432	100.000000
433	100.000000
434	100.000000
435	100.000000
436	100.000000
437	100.000000
438	100.000000
439	100.000000
440	100.000000
441	100.000000
442	100.000000
443	100.000000
444	100.000000
445	100.000000
446	100.000000
447	100.000000
448	100.000000
449	100.000000
450	100.000000
451	100.000000
452	100.000000
453	100.000000
454	100.000000
455	100.000000
456	100.000000
457	100.000000
458	100.000000
459	100.000000
460	100.000000
461	100.000000
462	100.000000
463	100.000000
464	100.000000
465	100.000000
466	100.000000
467	100.000000
468	100.000000
469	100.000000
470	100.000000
471	100.000000
472	100.000000
473	100.000000
474	100.000000
475	100.000000
476	100.000000
477	100.000000
478	100.000000
479	100.000000
480	100.000000
481	100.000000
482	100.000000
483	100.000000
484	100.000000
485	100.000000
486	100.000000
487	100.000000
488	100.000000
489	100.000000
490	100.000000
491	100.000000
492	100.000000
493	100.000000
494	100.000000
495	100.000000
496	100.000000
497	100.000000
498	100.000000
499	100.000000
500	100.000000
501	100.000000
502	100.000000
503	100.000000
504	100.000000
505	100.000000
506	100.000000
507	100.000000
508	100.000000
509	100.000000
510	100.000000
511	100.000000
512	100.000000
513	100.000000
514	100.000000
515	100.000000
516	100.000000
517	100.000000
518	100.000000
519	100.000000
520	100.000000
521	100.000000
522	100.000000
523	100.000000
524	100.000000
525	100.000000
526	100.000000
527	100.000000
528	100.000000
529	100.000000
530	100.000000
531	100.000000
532	100.000000
533	100.000000
534	100.000000
535	100.000000
536	100.000000
537	100.000000
538	100.000000
539	100.000000
540	100.000000
541	100.000000
542	100.000000
543	100.000000
544	100.000000
545	100.000000
546	100.000000
547	100.000000
548	100.000000
549	100.000000
550	100.000000
551	100.000000
552	100.000000
553	100.000000
554	100.000000
555	100.000000
556	100.000000
557	100.000000
558	100.000000
559	100.000000
560	100.000000
561	100.000000
562	100.000000
563	100.000000
564	100.000000
565	100.000000
566	100.000000
567	100.000000
568	100.000000
569	100.000000
570	100.000000
571	100.000000
572	100.000000
573	100.000000
574	100.000000
575	100.000000
576	100.000000
577	100.000000
578	100.000000
579	100.000000
580	100.000000
581	100.000000
582	100.000000
583	100.000000
584	100.000000
585	100.000000
586	100.000000
587	100.000000
588	100.000000
589	100.000000
590	100.000000
591	100.000000
592	100.000000
593	100.000000
594	100.000000
595	100.000000
596	100.000000
597	100.000000
598	100.000000
599	100.000000
600	100.000000
601	100.000000
602	100.000000
603	100.000000
604	100.000000
605	100.000000
606	100.000000
607	100.000000
608	100.000000
609	100.000000
610	100.000000
611	100.000000
612	100.000000
613	100.000000
614	100.000000
615	100.000000
616	100.000000
617	100.000000
618	100.000000
619	100.000000
620	100.000000
621	100.000000
622	100.000000
623	100.000000
624	100.000000
625	100.000000
626	100.000000
627	100.000000
628	100.000000
629	100.000000
630	100.000000
631	100.000000
632	100.000000
633	100.000000
634	100.000000
635	100.000000
636	100.000000
637	100.000000
638	100.000000
639	100.000000
640	100.000000
641	100.000000
642	100.000000
643	100.000000
644	100.000000
645	100.000000
646	100.000000
647	100.000000
648	100.000000
649	100.000000
650	100.000000
651	100.000000
652	100.000000
653	100.000000
654	100.000000
655	100.000000
656	100.000000
657	100.000000
658	100.000000
659	100.000000
660	100.000000
661	100.000000
662	100.000000
663	100.000000
664	100.000000
665	100.000000
666	100.000000
667	100.000000
668	100.000000
669	100.000000
670	100.000000
671	100.000000
672	100.000000
673	100.000000
674	100.000000
675	100.000000
676	100.000000
677	100.000000
678	100.000000
679	100.000000
680	100.000000
681	100.000000
682	100.000000
683	100.000000
684	100.000000
685	100.000000
686	100.000000
687	100.000000
688	100.000000
689	100.000000
690	100.000000
691	100.000000
692	100.000000
693	100.000000
694	100.000000
695	100.000000
696	100.000000
697	100.000000
698	100.000000
699	100.000000
700	100.000000
701	100.000000
702	100.000000
703	100.000000
704	100.000000
705	100.000000
706	100.000000
707	100.000000
708	100.000000
709	100.000000
710	100.000000
711	100.000000
712	100.000000
713	100.000000
714	100.000000
715	100.000000
716	100.000000
717	100.000000
718	100.000000
719	100.000000
720	100.000000
721	100.000000
722	100.000000
723	100.000000
724	100.000000
725	100.000000
726	100.000000
727	100.000000
728	100.000000
729	100.000000
730	100.000000
731	100.000000
732	100.000000
733	100.000000
734	100.000000
735	100.000000
736	100.000000
737	100.000000
738	100.000000
739	100.000000
740	100.000000
741	100.000000
742	100.000000
743	100.000000
744	100.000000
745	100.000000
746	100.000000
747	100.000000
748	100.000000
749	100.000000
750	100.000000
751	100.000000
752	100.000000
753	100.000000
754	100.000000
755	100.000000
756	100.000000
757	100.000000
758	100.000000
759	100.000000
760	100.000000
761	100.000000
762	100.000000
763	100.000000
764	100.000000
765	100.000000
766	100.000000
767	100.000000
768	100.000000
769	100.000000
770	100.000000
771	100.000000
772	100.000000
773	100.000000
774	100.000000
775	100.000000
776	100.000000
777	100.000000
778	100.000000
779	100.000000
780	100.000000
781	100.000000
782	100.000000
783	100.000000
784	100.000000
785	100.000000
786	100.000000
787	100.000000
788	100.000000
789	100.000000
790	100.000000
791	100.000000
792	100.000000
793	100.000000
794	100.000000
795	100.000000
796	100.000000
797	100.000000
798	100.000000
799	100.000000
800	100.000000
801	100.000000
802	100.000000
803	100.000000
804	100.000000
805	100.000000
806	100.000000
807	100.000000
808	100.000000
809	100.000000
810	100.000000
811	100.000000
812	100.000000
813	100.000000
814	100.000000
815	100.000000
816	100.000000
817	100.000000
818	100.000000
819	100.000000
820	100.000000
821	100.000000
822	100.000000
823	100.000000
824	100.000000
825	100.000000
826	100.000000
827	100.000000
828	100.000000
829	100.000000
830	100.000000
831	100.000000
832	100.000000
833	100.000000
834	100.000000
835	100.000000
836	100.000000
837	100.000000
838	100.000000
839	100.000000
840	100.000000
841	100.000000
842	100.000000
843	100.000000
844	100.000000
845	100.000000
846	100.000000
847	100.000000
848	100.000000
849	100.000000
850	100.000000
851	100.000000
852	100.000000
853	100.000000
854	100.000000
855	100.000000
856	100.000000
857	100.000000
858	100.000000
859	100.000000
860	100.000000
861	100.000000
862	100.000000
863	100.000000
864	100.000000
865	100.000000
866	100.000000
867	100.000000
868	100.000000
869	100.000000
870	100.000000
871	100.000000
872	100.000000
873	100.000000
874	100.000000
875	100.000000
876	100.000000
877	100.000000
878	100.000000
879	100.000000
880	100.000000
881	100.000000
882	100.000000
883	100.000000
884	100.000000
885	100.000000
886	100.000000
887	100.000000
888	100.000000
889	100.000000
890	100.000000
891	100.000000
892	100.000000
893	100.000000
894	100.000000
895	100.000000
896	100.000000
897	100.000000
898	100.000000
899	100.000000
900	100.000000
901	100.000000
902	100.000000
903	100.000000
904	100.000000
905	100.000000
906	100.000000
907	100.000000
908	100.000000
909	100.000000
910	100.000000
911	100.000000
912	100.000000
913	100.000000
914	100.000000
915	100.000000
916	100.000000
917	100.000000
918	100.000000
919	100.000000
920	100.000000
921	100.000000
922	100.000000
923	100.000000
924	100.000000
925	100.000000
926	100.000000
927	100.000000
928	100.000000
929	100.000000
930	100.000000
931	100.000000
932	100.000000
933	100.000000
934	100.000000
935	100.000000
936	100.000000
937	100.000000
938	100.000000
939	100.000000
940	100.000000
941	100.000000
942	100.000000
943	100.000000
944	100.000000
945	100.000000
946	100.000000
947	100.000000
948	100.000000
949	100.000000
950	100.000000
951	100.000000
952	100.000000
953	100.000000
954	100.000000
955	100.000000
956	100.000000
957	100.000000
958	100.000000
959	100.000000
960	100.000000
961	100.000000
962	100.000000
963	100.000000
964	100.000000
965	100.000000
966	100.000000
967	100.000000
968	100.000000
969	100.000000
970	100.000000
971	100.000000
972	100.000000
973	100.000000
974	100.000000
975	100.000000
976	100.000000
977	100.000000
978	100.000000
979	100.000000
980	100.000000
981	100.000000
982	100.000000
983	100.000000
984	100.000000
985	100.000000
986	100.000000
987	100.000000
988	100.000000
989	100.000000
990	100.000000
991	100.000000
992	100.000000
993	100.000000
994	100.000000
995	100.000000
996	100.000000
997	100.000000
998	100.000000
999	100.000000
1000	100.000000
;

