# seed = 1254829604

param N := 500;

param M := 5;

param Umax := 100.000000;

param: C :=
1	230359.749678
2	253669.451647
3	254230.971964
4	197114.693554
5	292264.635667
;

param: a :=
1	0.165519
2	0.197620
3	0.131563
4	0.121546
5	0.196427
6	0.138177
7	0.174223
8	0.133928
9	0.143749
10	0.198588
11	0.185522
12	0.134660
13	0.196081
14	0.169609
15	0.161207
16	0.172832
17	0.187855
18	0.109769
19	0.193546
20	0.111644
21	0.104191
22	0.146124
23	0.197129
24	0.147665
25	0.192099
26	0.107277
27	0.184596
28	0.115946
29	0.184977
30	0.163066
31	0.194608
32	0.156555
33	0.179404
34	0.183508
35	0.131699
36	0.141204
37	0.184897
38	0.181747
39	0.184555
40	0.134399
41	0.157082
42	0.112502
43	0.142882
44	0.132223
45	0.189368
46	0.109844
47	0.145371
48	0.107710
49	0.111044
50	0.125910
51	0.142501
52	0.199127
53	0.190869
54	0.174262
55	0.136155
56	0.135930
57	0.197876
58	0.197143
59	0.113602
60	0.105340
61	0.153106
62	0.134739
63	0.172219
64	0.124666
65	0.103259
66	0.143978
67	0.105186
68	0.195630
69	0.170906
70	0.152817
71	0.176837
72	0.119326
73	0.108313
74	0.105139
75	0.151177
76	0.136928
77	0.192841
78	0.176925
79	0.148714
80	0.126449
81	0.122550
82	0.171438
83	0.145543
84	0.182245
85	0.106538
86	0.107887
87	0.187437
88	0.192542
89	0.102417
90	0.122435
91	0.110224
92	0.110315
93	0.122108
94	0.134625
95	0.129357
96	0.115793
97	0.101912
98	0.179410
99	0.101974
100	0.161579
101	0.105477
102	0.164023
103	0.139867
104	0.143871
105	0.130297
106	0.198633
107	0.163797
108	0.177817
109	0.181904
110	0.142186
111	0.100649
112	0.133679
113	0.173004
114	0.166742
115	0.155022
116	0.167963
117	0.103503
118	0.104878
119	0.156915
120	0.193298
121	0.181419
122	0.110371
123	0.189656
124	0.146586
125	0.130906
126	0.108422
127	0.180665
128	0.174419
129	0.134744
130	0.152010
131	0.108668
132	0.157726
133	0.137051
134	0.197741
135	0.156780
136	0.187725
137	0.103023
138	0.135153
139	0.150992
140	0.176883
141	0.134691
142	0.114067
143	0.154509
144	0.189661
145	0.184552
146	0.170554
147	0.101293
148	0.156370
149	0.187513
150	0.143656
151	0.197979
152	0.172199
153	0.161203
154	0.113862
155	0.195581
156	0.146505
157	0.108155
158	0.117284
159	0.163589
160	0.110355
161	0.157159
162	0.179136
163	0.164266
164	0.116628
165	0.178644
166	0.113480
167	0.191611
168	0.111351
169	0.166949
170	0.179058
171	0.195985
172	0.102727
173	0.138121
174	0.103686
175	0.146122
176	0.100759
177	0.192124
178	0.135922
179	0.104451
180	0.151323
181	0.126936
182	0.155601
183	0.149421
184	0.171856
185	0.143716
186	0.115218
187	0.159046
188	0.139099
189	0.170974
190	0.161261
191	0.176173
192	0.109671
193	0.115596
194	0.151207
195	0.199534
196	0.136842
197	0.178840
198	0.116029
199	0.105149
200	0.189372
201	0.168563
202	0.112042
203	0.196070
204	0.171760
205	0.158284
206	0.100321
207	0.154300
208	0.194936
209	0.163269
210	0.113163
211	0.106756
212	0.174749
213	0.107043
214	0.100599
215	0.178316
216	0.105786
217	0.190963
218	0.194596
219	0.180269
220	0.107184
221	0.165747
222	0.175786
223	0.174250
224	0.144054
225	0.155556
226	0.181977
227	0.185239
228	0.161896
229	0.155672
230	0.124137
231	0.195499
232	0.145854
233	0.149877
234	0.130187
235	0.122743
236	0.188891
237	0.129140
238	0.175504
239	0.171203
240	0.147876
241	0.147530
242	0.107254
243	0.157020
244	0.176522
245	0.182823
246	0.162239
247	0.189257
248	0.126877
249	0.138942
250	0.151500
251	0.196681
252	0.143316
253	0.180781
254	0.119776
255	0.169929
256	0.155823
257	0.179075
258	0.126786
259	0.112319
260	0.197614
261	0.189215
262	0.101410
263	0.150612
264	0.101614
265	0.143554
266	0.111191
267	0.150984
268	0.110408
269	0.111889
270	0.124611
271	0.145272
272	0.129088
273	0.137705
274	0.104325
275	0.167578
276	0.125627
277	0.134082
278	0.197660
279	0.134821
280	0.173385
281	0.189722
282	0.112572
283	0.177648
284	0.125000
285	0.148202
286	0.124398
287	0.176553
288	0.132094
289	0.127930
290	0.122147
291	0.106245
292	0.116250
293	0.131495
294	0.127460
295	0.163491
296	0.123756
297	0.103299
298	0.166219
299	0.187381
300	0.179204
301	0.108773
302	0.109603
303	0.136481
304	0.196483
305	0.111672
306	0.192628
307	0.196316
308	0.159229
309	0.152931
310	0.195645
311	0.146115
312	0.161975
313	0.162597
314	0.130767
315	0.116569
316	0.189347
317	0.102236
318	0.129708
319	0.115156
320	0.121622
321	0.160983
322	0.139892
323	0.198942
324	0.169785
325	0.188410
326	0.123959
327	0.123155
328	0.182663
329	0.141826
330	0.121180
331	0.105120
332	0.175302
333	0.180943
334	0.166308
335	0.187024
336	0.100643
337	0.116993
338	0.131289
339	0.105264
340	0.162211
341	0.144965
342	0.192051
343	0.165203
344	0.136374
345	0.184294
346	0.142934
347	0.183581
348	0.132705
349	0.100678
350	0.143957
351	0.136789
352	0.169849
353	0.116377
354	0.175225
355	0.117795
356	0.194327
357	0.184443
358	0.182207
359	0.175605
360	0.193419
361	0.148797
362	0.160241
363	0.177482
364	0.185318
365	0.198008
366	0.157426
367	0.140110
368	0.171073
369	0.104333
370	0.168794
371	0.131729
372	0.153915
373	0.117981
374	0.128047
375	0.192042
376	0.145049
377	0.119238
378	0.109636
379	0.123528
380	0.190039
381	0.198859
382	0.122216
383	0.164069
384	0.199127
385	0.163205
386	0.119946
387	0.151328
388	0.158051
389	0.121694
390	0.134206
391	0.119995
392	0.183767
393	0.160664
394	0.191502
395	0.136807
396	0.169274
397	0.153034
398	0.163970
399	0.140053
400	0.132844
401	0.126338
402	0.137761
403	0.141825
404	0.190663
405	0.149813
406	0.157036
407	0.193487
408	0.117306
409	0.144730
410	0.170990
411	0.136321
412	0.197170
413	0.106490
414	0.117262
415	0.152539
416	0.165350
417	0.114173
418	0.107882
419	0.190186
420	0.189152
421	0.161070
422	0.120142
423	0.190563
424	0.130086
425	0.168357
426	0.199231
427	0.136603
428	0.129846
429	0.195303
430	0.148232
431	0.154914
432	0.123005
433	0.173540
434	0.198248
435	0.197393
436	0.125398
437	0.182229
438	0.173827
439	0.113432
440	0.124998
441	0.161750
442	0.117504
443	0.150294
444	0.169802
445	0.160936
446	0.139672
447	0.193550
448	0.187067
449	0.183295
450	0.182399
451	0.196824
452	0.160536
453	0.132213
454	0.194497
455	0.145890
456	0.187372
457	0.159216
458	0.199168
459	0.199698
460	0.124950
461	0.143800
462	0.143572
463	0.189400
464	0.138318
465	0.140582
466	0.143702
467	0.134688
468	0.177012
469	0.173390
470	0.162060
471	0.144853
472	0.125219
473	0.107224
474	0.132659
475	0.186320
476	0.100220
477	0.130872
478	0.193079
479	0.130062
480	0.113702
481	0.196655
482	0.157131
483	0.116137
484	0.154231
485	0.132085
486	0.163539
487	0.155210
488	0.191410
489	0.147081
490	0.194926
491	0.162441
492	0.112349
493	0.167433
494	0.152813
495	0.112376
496	0.145754
497	0.103079
498	0.182118
499	0.152666
500	0.114263
;

param: b :=
1	43.316794
2	70.917565
3	39.913685
4	33.510844
5	28.883440
6	88.216536
7	4.767854
8	42.560597
9	46.503222
10	16.762834
11	13.185856
12	71.060870
13	50.820406
14	23.960676
15	38.808050
16	22.594990
17	79.291887
18	88.465250
19	51.295777
20	78.232622
21	11.173017
22	62.427291
23	84.765475
24	59.437458
25	24.448515
26	19.627011
27	76.756889
28	42.818790
29	70.849749
30	68.131853
31	82.201278
32	67.832715
33	52.455103
34	76.115104
35	97.264456
36	19.259866
37	15.767674
38	64.934151
39	70.961907
40	85.218912
41	58.066450
42	18.972027
43	83.261326
44	16.192577
45	60.934647
46	9.015646
47	74.172622
48	52.643374
49	84.112480
50	99.166906
51	71.853382
52	31.057918
53	92.361995
54	92.029340
55	56.218621
56	96.334011
57	13.181636
58	33.483278
59	43.497944
60	10.184081
61	26.641977
62	6.408324
63	54.944432
64	20.034047
65	3.721194
66	81.435250
67	16.930336
68	51.502380
69	61.249340
70	85.842040
71	78.859839
72	36.975745
73	74.340446
74	2.507296
75	69.861622
76	67.509152
77	17.939877
78	91.850414
79	21.627967
80	71.582764
81	20.231452
82	12.264531
83	81.158989
84	44.438399
85	78.871980
86	68.331914
87	61.448725
88	99.275543
89	40.518212
90	55.968708
91	74.506642
92	97.492019
93	14.650751
94	72.267903
95	86.092344
96	20.544605
97	78.486208
98	77.226121
99	86.239765
100	34.439268
101	32.699630
102	29.030177
103	81.720271
104	82.296316
105	11.428607
106	10.966253
107	42.343809
108	32.026542
109	69.037846
110	1.553701
111	98.341265
112	31.949703
113	43.157606
114	97.829672
115	33.258035
116	90.763652
117	22.832394
118	59.618298
119	36.576786
120	34.818168
121	91.507747
122	45.421017
123	6.368867
124	51.683085
125	91.599406
126	6.340730
127	44.259976
128	10.466629
129	94.923846
130	71.766799
131	74.841719
132	68.922828
133	32.884844
134	45.804372
135	99.624111
136	28.490927
137	89.805281
138	58.798946
139	66.429714
140	24.757148
141	77.110012
142	68.412071
143	13.661403
144	36.930848
145	59.882287
146	5.338392
147	88.864931
148	4.620977
149	92.961382
150	16.528473
151	1.740892
152	1.271939
153	85.146665
154	20.351778
155	39.340029
156	68.157971
157	76.153655
158	65.653805
159	14.021022
160	21.761847
161	86.258815
162	55.428541
163	70.027183
164	68.637976
165	88.360880
166	23.653645
167	68.992904
168	83.675539
169	54.536521
170	93.333598
171	86.837626
172	44.941523
173	12.359306
174	50.061326
175	3.979596
176	40.755201
177	71.272203
178	1.316921
179	97.832531
180	33.905718
181	98.019616
182	22.562658
183	21.743630
184	21.130413
185	23.983063
186	29.464790
187	28.757673
188	89.563288
189	88.992676
190	11.953000
191	26.627886
192	70.066210
193	56.825444
194	34.077097
195	95.305841
196	1.720911
197	8.346183
198	43.979062
199	65.859830
200	57.002117
201	69.256317
202	68.046318
203	38.237848
204	23.359607
205	10.169608
206	46.239973
207	63.799442
208	42.981601
209	2.443031
210	43.594478
211	87.971870
212	46.559830
213	2.015760
214	87.196949
215	26.919044
216	32.096068
217	45.674925
218	24.497147
219	92.718570
220	86.463962
221	61.436948
222	67.546352
223	9.097783
224	18.602081
225	62.797226
226	36.968155
227	19.900583
228	38.058441
229	48.612299
230	51.866801
231	63.035206
232	74.471870
233	66.219061
234	93.298573
235	35.066153
236	12.169788
237	75.610444
238	72.185733
239	55.168193
240	49.915740
241	37.167721
242	52.694420
243	31.140342
244	15.208447
245	90.302940
246	50.083357
247	89.638346
248	60.887331
249	21.268047
250	23.881238
251	63.981667
252	34.588197
253	92.520991
254	9.334841
255	64.854109
256	15.456583
257	28.685464
258	55.675584
259	23.840144
260	98.430476
261	74.583997
262	39.889786
263	16.579083
264	37.994306
265	49.556661
266	92.628111
267	16.039016
268	41.590031
269	15.016741
270	14.083458
271	52.779105
272	61.356709
273	6.713564
274	19.979983
275	56.209167
276	87.862073
277	35.118570
278	64.048109
279	75.785484
280	43.365241
281	29.447323
282	14.750767
283	29.416564
284	25.174206
285	6.462002
286	48.079041
287	19.458123
288	33.019506
289	90.301607
290	92.644953
291	98.773349
292	69.684054
293	81.670953
294	2.984255
295	78.722808
296	43.407968
297	72.991432
298	90.296600
299	19.259948
300	33.719057
301	77.832357
302	38.468362
303	51.914573
304	95.452504
305	71.825777
306	67.961507
307	94.535590
308	69.153674
309	38.211240
310	27.620045
311	23.574779
312	41.220823
313	70.094983
314	81.960664
315	31.414789
316	81.898217
317	98.358425
318	48.102021
319	72.599152
320	67.442095
321	36.990256
322	72.232020
323	32.300319
324	46.026191
325	73.112513
326	2.008144
327	62.233234
328	40.388362
329	86.747112
330	34.445405
331	76.119116
332	57.706180
333	75.686803
334	23.025688
335	25.484952
336	10.955985
337	54.853705
338	57.810130
339	70.745958
340	92.762014
341	65.806000
342	43.184734
343	33.634621
344	71.276487
345	87.944823
346	32.534073
347	22.032933
348	77.538079
349	64.446015
350	84.824280
351	2.203928
352	11.548494
353	60.590488
354	26.204609
355	83.663018
356	89.566501
357	6.825261
358	9.741767
359	3.644866
360	61.479509
361	34.830005
362	33.017102
363	61.622178
364	69.368951
365	47.911569
366	38.768401
367	29.572311
368	28.477907
369	18.561060
370	99.530087
371	78.059643
372	49.436145
373	89.670208
374	79.686296
375	33.659700
376	28.115454
377	51.870424
378	92.900913
379	89.793753
380	11.358719
381	68.465767
382	83.234460
383	88.856149
384	59.931739
385	15.971914
386	85.374769
387	96.898481
388	47.889272
389	78.022642
390	76.067770
391	18.154090
392	61.480107
393	45.738039
394	48.978947
395	31.513766
396	77.376713
397	77.519253
398	21.284495
399	23.498915
400	87.973255
401	88.951137
402	36.566500
403	75.317077
404	56.275362
405	11.249594
406	44.089450
407	46.780128
408	60.555123
409	68.629616
410	7.002642
411	54.921703
412	35.966772
413	86.351347
414	8.980790
415	12.631648
416	81.684258
417	18.880449
418	0.791308
419	24.629295
420	10.637591
421	11.391429
422	30.835413
423	70.289149
424	40.159272
425	54.050468
426	37.516194
427	85.586408
428	47.915915
429	24.179124
430	57.664634
431	91.291457
432	37.073094
433	17.671427
434	11.146648
435	75.457557
436	19.946339
437	76.928077
438	80.813194
439	24.539716
440	58.855201
441	15.752544
442	56.090278
443	60.432928
444	58.292872
445	35.076924
446	65.487682
447	18.408951
448	25.521163
449	44.773408
450	8.130020
451	42.389366
452	70.327777
453	8.626056
454	18.879645
455	82.983191
456	92.446982
457	71.727239
458	84.604318
459	79.748133
460	39.590002
461	13.005049
462	89.304856
463	32.229150
464	4.858214
465	10.726584
466	73.838575
467	17.943444
468	0.520627
469	81.911923
470	47.643635
471	43.543164
472	20.696205
473	55.316843
474	38.194211
475	15.230580
476	54.142650
477	37.532580
478	25.490625
479	66.572510
480	75.504236
481	12.807996
482	9.492547
483	60.203088
484	9.863119
485	19.516116
486	47.223621
487	26.143707
488	44.917435
489	66.581164
490	41.017473
491	12.976003
492	61.764357
493	5.424090
494	45.363233
495	44.803841
496	41.753290
497	1.423222
498	65.415232
499	43.272034
500	22.875464
;

param: c :=
1	70.717817
2	81.012942
3	51.466900
4	18.170893
5	47.362458
6	41.937977
7	93.951953
8	25.449465
9	62.799711
10	20.938261
11	65.950783
12	45.445838
13	15.077238
14	38.321354
15	85.404564
16	50.787230
17	52.539638
18	83.236860
19	15.883526
20	65.289403
21	12.099274
22	57.775097
23	35.489420
24	27.036080
25	65.948013
26	11.304620
27	80.765666
28	28.779489
29	24.495166
30	79.955724
31	23.482639
32	9.811016
33	17.155747
34	91.969012
35	20.685723
36	85.862751
37	91.563221
38	44.156363
39	85.248512
40	7.246342
41	94.770802
42	33.520187
43	55.899415
44	56.574991
45	78.712726
46	47.864527
47	93.449843
48	70.912687
49	34.269151
50	34.750408
51	36.480980
52	55.485941
53	22.320846
54	85.147044
55	17.372170
56	22.329370
57	50.672375
58	65.453507
59	72.836394
60	19.846462
61	11.576895
62	93.400008
63	90.270368
64	22.784392
65	16.160601
66	49.827852
67	98.564334
68	93.816982
69	63.515541
70	4.174764
71	79.682698
72	36.390274
73	17.730266
74	42.605847
75	52.786975
76	16.879744
77	21.970037
78	47.913644
79	35.345181
80	31.012228
81	40.400292
82	2.433101
83	71.306864
84	45.533350
85	79.381702
86	16.898583
87	57.617862
88	49.050094
89	68.752273
90	52.469949
91	64.999095
92	84.721821
93	97.839606
94	41.763840
95	7.761026
96	15.784996
97	63.019806
98	65.583612
99	19.090370
100	38.233761
101	4.206875
102	51.353633
103	75.778909
104	25.857598
105	32.667616
106	45.681974
107	47.008390
108	84.611588
109	93.554973
110	54.220764
111	22.436422
112	58.695104
113	11.160746
114	43.187527
115	96.038568
116	92.494935
117	57.148966
118	88.098327
119	82.137005
120	54.418711
121	19.429949
122	30.848602
123	90.437192
124	91.926335
125	51.832792
126	94.493584
127	34.333994
128	67.138995
129	19.701612
130	93.412199
131	98.050347
132	94.225189
133	76.023347
134	43.446919
135	45.995762
136	96.571894
137	47.268631
138	19.229106
139	43.903138
140	83.619515
141	89.261578
142	82.082215
143	39.354427
144	73.533532
145	32.738841
146	11.655259
147	2.778751
148	37.964195
149	28.920948
150	31.669987
151	85.300571
152	35.534249
153	44.310368
154	80.321946
155	51.765415
156	82.736270
157	87.087929
158	8.143548
159	34.654410
160	98.354539
161	12.928563
162	78.919224
163	9.756737
164	29.136112
165	35.477032
166	18.022082
167	0.589784
168	33.345432
169	15.575351
170	74.528687
171	6.466373
172	23.789537
173	25.768759
174	0.574023
175	94.868107
176	74.018446
177	35.786596
178	47.675455
179	34.424916
180	86.604148
181	74.916396
182	0.472359
183	69.122366
184	21.650863
185	78.674969
186	88.108848
187	79.381830
188	73.124172
189	40.926608
190	95.331013
191	55.467817
192	34.234065
193	0.645821
194	80.350775
195	62.641119
196	47.355544
197	11.260210
198	33.260812
199	98.584302
200	94.915036
201	76.639464
202	11.437588
203	8.565233
204	16.525025
205	39.482988
206	72.966507
207	85.218854
208	63.050359
209	40.617000
210	33.132759
211	58.784733
212	91.080027
213	5.595235
214	75.936954
215	96.013098
216	42.348165
217	49.755925
218	38.473659
219	74.228536
220	72.176936
221	77.032641
222	12.466121
223	52.140287
224	83.342953
225	96.996657
226	35.125875
227	81.525947
228	49.207037
229	65.290717
230	91.220482
231	97.191802
232	29.787627
233	48.526033
234	66.549615
235	16.272993
236	94.745640
237	82.684469
238	42.577540
239	19.384384
240	79.869339
241	64.375648
242	37.370773
243	8.416740
244	29.658093
245	75.668208
246	59.947703
247	1.676251
248	6.135793
249	94.027799
250	76.181000
251	33.284129
252	16.272823
253	66.334855
254	7.041167
255	94.850897
256	36.094176
257	60.596501
258	35.622883
259	51.460369
260	15.632589
261	89.196606
262	53.997003
263	0.579699
264	84.614160
265	4.893240
266	26.641385
267	71.867479
268	39.995139
269	95.672832
270	64.219385
271	0.877388
272	40.421122
273	4.219302
274	88.484083
275	99.401626
276	82.761698
277	49.866746
278	46.640999
279	26.491356
280	5.337550
281	43.894201
282	80.560061
283	39.715427
284	28.424485
285	39.040570
286	88.867829
287	39.395856
288	23.332951
289	57.770210
290	42.990262
291	70.747672
292	21.546023
293	18.877864
294	35.137525
295	5.939767
296	39.012997
297	92.752388
298	87.961404
299	77.085643
300	93.134613
301	63.234865
302	42.501706
303	78.205879
304	16.257512
305	2.477845
306	11.803843
307	60.135051
308	47.716492
309	69.684152
310	62.896878
311	83.890454
312	80.294131
313	21.519229
314	98.799422
315	21.902399
316	90.171651
317	17.375573
318	88.171867
319	91.976086
320	77.291690
321	77.340734
322	5.141627
323	22.834095
324	66.529121
325	28.627670
326	77.229343
327	59.419655
328	17.350501
329	2.752672
330	49.091296
331	65.514924
332	58.513570
333	21.189799
334	16.571187
335	97.577490
336	24.590623
337	74.783993
338	46.307369
339	86.028447
340	34.134269
341	1.905747
342	66.538197
343	47.772330
344	73.952709
345	31.825434
346	7.160572
347	77.122532
348	7.759805
349	27.814287
350	75.709569
351	55.449992
352	5.060801
353	10.649712
354	23.615681
355	89.893565
356	16.938058
357	9.680003
358	86.988235
359	47.341375
360	23.349340
361	28.127115
362	70.006140
363	9.878580
364	11.257162
365	60.281350
366	95.645803
367	90.633064
368	1.279869
369	67.279036
370	75.092230
371	19.748211
372	62.177468
373	59.783877
374	86.385129
375	39.326200
376	47.401554
377	86.226690
378	93.316633
379	32.131428
380	78.093640
381	74.344932
382	55.902244
383	55.246595
384	20.743469
385	21.538717
386	10.642709
387	30.264315
388	18.317922
389	6.363374
390	88.250363
391	84.483399
392	98.864977
393	56.418290
394	19.300184
395	40.954938
396	84.522222
397	50.480204
398	80.533405
399	61.432633
400	63.405703
401	29.306694
402	9.498633
403	71.609677
404	34.118679
405	42.609668
406	95.694353
407	85.184316
408	50.639565
409	58.155569
410	17.209928
411	89.448616
412	10.257058
413	3.189028
414	69.700446
415	4.415275
416	35.973957
417	41.714391
418	33.777570
419	80.006722
420	25.284638
421	91.170897
422	3.770193
423	32.275631
424	74.702053
425	82.927624
426	58.063556
427	7.760114
428	81.907392
429	74.321233
430	96.615669
431	75.579100
432	77.171800
433	47.175612
434	93.361044
435	68.942014
436	60.700396
437	34.171826
438	51.842793
439	79.553243
440	16.986963
441	14.467741
442	7.413245
443	55.032434
444	99.054251
445	33.831819
446	54.539734
447	99.599642
448	5.191095
449	64.157992
450	87.531720
451	64.851870
452	48.366357
453	45.395826
454	42.164879
455	58.132847
456	29.441097
457	16.289647
458	72.710659
459	8.306511
460	30.440875
461	22.260932
462	15.499965
463	35.935510
464	40.901381
465	32.141026
466	95.409945
467	53.958730
468	9.181461
469	5.762883
470	92.460030
471	69.399269
472	66.270088
473	12.782781
474	12.786088
475	12.617812
476	72.199458
477	0.647141
478	35.222734
479	1.436626
480	65.949220
481	32.575663
482	59.033349
483	39.704783
484	85.965126
485	35.784370
486	37.865203
487	86.519791
488	44.909174
489	34.451468
490	93.228749
491	49.987635
492	93.721157
493	17.396662
494	38.127474
495	62.388235
496	72.607476
497	35.620388
498	61.412558
499	21.053126
500	42.588010
;

param: d :=
1	-50.235954
2	-19.674571
3	-59.075805
4	-79.695491
5	-55.956554
6	-60.751485
7	-55.059648
8	-85.059333
9	-4.783653
10	-83.241207
11	-67.115897
12	-23.402129
13	-9.967049
14	-4.941397
15	-75.992910
16	-6.229758
17	-46.194644
18	-44.785221
19	-91.376517
20	-50.034362
21	-10.404690
22	-3.089099
23	-50.331483
24	-69.097729
25	-92.017273
26	-27.433857
27	-3.304881
28	-26.279130
29	-79.533558
30	-9.897923
31	-39.444026
32	-32.140742
33	-39.830669
34	-87.712566
35	-43.806130
36	-78.840287
37	-91.620486
38	-8.441758
39	-98.289032
40	-73.632253
41	-22.231962
42	-1.635549
43	-65.554649
44	-23.620574
45	-25.383088
46	-82.909694
47	-59.858325
48	-58.769650
49	-33.056157
50	-17.515018
51	-78.786047
52	-53.008878
53	-15.680823
54	-54.825807
55	-29.575980
56	-29.319591
57	-65.643317
58	-47.371389
59	-64.077424
60	-9.512892
61	-29.521678
62	-42.931271
63	-77.108623
64	-9.880536
65	-23.904814
66	-36.175816
67	-83.236979
68	-10.969661
69	-38.823917
70	-24.398953
71	-7.001978
72	-30.845680
73	-93.123035
74	-1.044093
75	-85.307503
76	-58.897544
77	-27.476054
78	-86.684664
79	-33.556161
80	-30.945504
81	-24.663162
82	-11.682259
83	-32.486662
84	-69.841593
85	-58.116735
86	-61.101138
87	-72.162454
88	-5.025088
89	-26.276055
90	-32.031442
91	-10.394615
92	-72.786502
93	-20.273908
94	-16.324737
95	-1.890603
96	-31.737476
97	-33.088794
98	-35.868465
99	-0.185901
100	-96.657493
101	-86.762398
102	-20.191840
103	-97.113398
104	-90.545886
105	-50.612414
106	-63.132766
107	-31.996621
108	-70.828950
109	-42.316801
110	-31.955952
111	-66.683770
112	-20.638899
113	-79.987746
114	-48.646254
115	-51.422798
116	-77.816220
117	-74.060829
118	-36.427079
119	-31.923990
120	-63.514483
121	-22.541999
122	-97.133883
123	-53.194732
124	-65.315858
125	-86.957260
126	-37.159457
127	-99.904554
128	-94.732456
129	-74.819016
130	-56.064015
131	-39.499003
132	-47.780653
133	-28.614571
134	-35.119681
135	-23.518723
136	-18.862924
137	-98.926817
138	-70.621721
139	-72.984176
140	-79.669653
141	-19.312806
142	-89.361432
143	-98.222242
144	-91.110190
145	-71.545036
146	-45.826501
147	-9.445696
148	-61.547745
149	-73.132232
150	-82.810934
151	-69.282046
152	-16.146060
153	-36.018261
154	-48.173313
155	-75.497562
156	-21.825459
157	-6.544876
158	-47.181966
159	-92.100646
160	-9.322676
161	-91.076013
162	-38.127370
163	-48.645810
164	-75.228105
165	-86.701734
166	-88.165668
167	-95.460821
168	-9.729740
169	-23.294748
170	-91.806231
171	-68.538270
172	-79.251310
173	-61.289710
174	-62.968918
175	-38.302457
176	-24.712495
177	-1.409687
178	-40.287975
179	-69.779932
180	-48.102576
181	-78.196159
182	-70.380310
183	-14.792075
184	-80.468246
185	-21.858611
186	-98.178061
187	-66.037956
188	-60.428653
189	-59.903298
190	-17.088587
191	-45.151581
192	-2.220204
193	-5.021891
194	-75.668494
195	-59.539639
196	-67.827268
197	-65.691886
198	-49.736449
199	-94.205218
200	-30.277436
201	-68.795401
202	-40.602449
203	-92.669879
204	-94.979353
205	-43.131816
206	-4.764037
207	-69.060406
208	-93.626881
209	-28.165357
210	-70.312013
211	-53.761096
212	-52.284370
213	-7.738583
214	-36.350365
215	-81.066895
216	-61.080991
217	-50.251977
218	-14.323994
219	-14.135314
220	-16.879157
221	-38.239898
222	-81.865507
223	-75.993898
224	-17.472225
225	-70.215734
226	-45.846420
227	-37.727887
228	-25.637878
229	-92.187315
230	-92.520524
231	-7.504774
232	-19.020410
233	-68.597428
234	-20.606245
235	-11.966735
236	-19.888125
237	-73.667982
238	-94.708432
239	-80.270977
240	-85.574827
241	-36.196974
242	-97.999874
243	-60.295494
244	-80.900050
245	-97.792201
246	-57.891687
247	-46.367155
248	-35.751990
249	-52.641172
250	-18.841749
251	-27.650777
252	-96.736206
253	-17.542396
254	-74.087979
255	-36.043576
256	-67.995551
257	-87.640507
258	-56.941210
259	-21.345752
260	-95.344628
261	-15.933664
262	-62.496281
263	-88.791661
264	-62.762732
265	-4.986094
266	-73.176423
267	-59.819512
268	-35.595097
269	-87.530927
270	-90.774432
271	-49.834280
272	-44.270318
273	-90.427917
274	-55.680207
275	-36.749335
276	-10.153910
277	-65.040188
278	-61.919120
279	-60.959413
280	-38.130509
281	-10.875938
282	-4.665860
283	-72.485552
284	-28.359283
285	-25.306367
286	-70.264313
287	-79.552935
288	-87.346095
289	-32.354764
290	-49.428928
291	-54.714083
292	-94.881910
293	-29.109589
294	-49.207000
295	-78.738619
296	-33.253916
297	-25.953660
298	-12.234607
299	-93.740991
300	-85.658814
301	-85.287460
302	-51.384094
303	-70.766866
304	-15.555368
305	-11.242155
306	-14.237183
307	-40.449235
308	-98.269505
309	-68.863183
310	-88.097423
311	-51.407381
312	-26.220917
313	-77.268125
314	-21.516149
315	-13.746847
316	-47.756350
317	-13.873219
318	-89.997672
319	-63.325264
320	-79.578745
321	-17.114753
322	-69.936009
323	-83.682006
324	-42.042994
325	-19.613690
326	-98.749614
327	-99.503978
328	-12.195309
329	-35.339734
330	-12.291107
331	-66.252516
332	-47.468485
333	-59.637376
334	-16.341219
335	-10.223787
336	-50.266109
337	-17.492042
338	-10.197011
339	-73.546266
340	-21.217541
341	-57.457862
342	-83.358413
343	-60.012933
344	-17.319111
345	-29.677199
346	-22.931715
347	-14.512886
348	-0.757059
349	-51.549240
350	-82.090425
351	-31.385521
352	-22.990879
353	-6.500135
354	-17.015412
355	-54.390365
356	-29.963784
357	-60.106782
358	-12.732467
359	-13.745274
360	-82.965342
361	-61.309545
362	-22.821049
363	-12.837781
364	-27.693445
365	-54.650576
366	-19.224579
367	-31.762986
368	-58.921156
369	-85.788233
370	-19.948407
371	-7.989936
372	-50.439692
373	-91.386408
374	-70.673487
375	-40.678977
376	-79.858290
377	-61.013593
378	-28.186775
379	-16.687924
380	-23.576220
381	-61.815020
382	-30.382047
383	-49.704018
384	-7.556285
385	-4.663882
386	-1.960298
387	-74.327127
388	-86.046650
389	-23.059313
390	-45.050600
391	-58.465955
392	-5.589902
393	-9.072159
394	-90.180327
395	-56.829218
396	-42.476075
397	-62.482893
398	-37.164610
399	-3.528496
400	-47.856271
401	-32.707062
402	-77.716631
403	-7.695050
404	-28.803620
405	-88.754095
406	-79.557872
407	-77.206024
408	-73.195131
409	-83.660333
410	-94.891570
411	-21.069652
412	-7.135934
413	-8.325446
414	-32.098342
415	-89.305494
416	-17.440231
417	-96.378405
418	-81.860943
419	-6.624503
420	-41.147509
421	-34.514428
422	-43.883830
423	-67.722727
424	-36.136002
425	-51.635851
426	-75.483890
427	-72.226298
428	-66.383758
429	-72.421795
430	-77.065970
431	-62.158378
432	-18.931378
433	-18.699401
434	-19.845016
435	-28.285638
436	-77.985921
437	-42.191872
438	-49.000769
439	-39.392391
440	-81.640584
441	-69.308133
442	-21.796100
443	-15.534560
444	-78.355073
445	-59.510690
446	-43.340902
447	-91.982340
448	-5.520206
449	-61.672114
450	-18.546701
451	-69.344357
452	-84.923862
453	-68.186903
454	-0.312261
455	-89.952066
456	-25.096584
457	-75.932086
458	-52.465321
459	-54.906641
460	-32.884894
461	-98.066839
462	-26.986894
463	-94.310108
464	-88.970950
465	-51.111652
466	-25.856869
467	-43.051382
468	-7.488323
469	-90.674757
470	-97.038673
471	-23.006051
472	-79.370843
473	-38.817501
474	-58.159153
475	-7.917297
476	-7.320343
477	-99.728587
478	-40.651259
479	-57.155150
480	-73.511825
481	-90.727080
482	-70.669055
483	-83.215534
484	-10.545954
485	-66.478466
486	-70.511402
487	-12.214051
488	-49.556162
489	-13.213839
490	-19.108905
491	-1.775021
492	-49.786196
493	-46.047257
494	-2.277537
495	-53.172679
496	-61.017387
497	-46.933370
498	-24.160918
499	-29.937825
500	-47.609361
;

param: weight :=
1	40.576014
2	19.116982
3	36.430307
4	64.937550
5	69.022020
6	51.128808
7	54.986581
8	23.657165
9	87.553143
10	37.696669
11	57.657009
12	11.206291
13	95.803150
14	39.512329
15	34.684153
16	39.960244
17	13.054230
18	65.412489
19	41.915440
20	73.558313
21	35.828306
22	56.635558
23	39.185122
24	15.505714
25	33.741279
26	69.896722
27	66.688676
28	40.332395
29	21.313084
30	99.043782
31	90.282165
32	40.994869
33	49.658720
34	50.337614
35	18.553589
36	10.268324
37	76.560412
38	33.465475
39	31.819926
40	97.531282
41	15.117717
42	40.730423
43	91.724431
44	8.673311
45	63.019159
46	36.029559
47	52.421253
48	51.497747
49	19.372252
50	75.790869
51	47.005592
52	48.666742
53	33.178633
54	33.927094
55	23.930839
56	79.030803
57	35.051633
58	80.669655
59	28.538950
60	55.804692
61	97.095337
62	77.317845
63	89.408103
64	72.936031
65	40.247333
66	72.203134
67	87.534572
68	9.485398
69	84.299310
70	76.201889
71	55.405474
72	1.791930
73	91.192433
74	91.622259
75	31.727327
76	43.679097
77	11.828520
78	61.394687
79	29.219883
80	70.833284
81	35.574710
82	53.833317
83	54.146106
84	58.176198
85	45.862661
86	38.012545
87	37.417708
88	87.717351
89	8.951234
90	86.265844
91	17.226009
92	37.026972
93	43.063414
94	67.570387
95	60.218126
96	88.628032
97	68.410677
98	5.395222
99	66.306199
100	18.933385
101	31.500937
102	97.319774
103	49.145162
104	46.963572
105	12.130279
106	15.165672
107	56.025597
108	12.716355
109	72.205204
110	11.897736
111	48.251563
112	69.128768
113	12.049375
114	27.730715
115	91.031822
116	59.219624
117	56.587138
118	39.589605
119	57.023149
120	86.310194
121	40.684100
122	67.928750
123	32.984957
124	16.103446
125	60.078662
126	43.397984
127	22.500797
128	14.199418
129	42.311823
130	7.386432
131	88.005615
132	32.445737
133	33.650487
134	51.561197
135	25.557044
136	72.702642
137	50.803215
138	11.908111
139	38.436992
140	89.741092
141	54.055376
142	50.053655
143	15.587240
144	66.646035
145	87.029130
146	26.412052
147	69.856603
148	16.106949
149	94.791748
150	26.164101
151	30.893898
152	55.890984
153	75.943959
154	59.215993
155	66.545719
156	85.493567
157	7.802893
158	50.012667
159	78.222733
160	73.852649
161	11.653640
162	34.267051
163	63.847484
164	22.241450
165	96.297632
166	15.187660
167	78.137722
168	46.092687
169	6.831804
170	18.924438
171	1.134533
172	57.208096
173	17.729500
174	40.928270
175	80.878000
176	49.459480
177	3.706593
178	22.844954
179	37.177393
180	71.227432
181	60.119987
182	97.871662
183	21.130603
184	81.034013
185	54.661099
186	81.548592
187	51.055898
188	19.991148
189	74.458594
190	32.169906
191	5.721583
192	72.169267
193	90.879613
194	73.911959
195	36.048518
196	84.786000
197	63.562656
198	42.341269
199	61.229560
200	81.520286
201	10.619511
202	1.216860
203	72.820503
204	73.886926
205	16.804746
206	16.802911
207	95.054000
208	3.355360
209	10.675421
210	49.128974
211	45.391653
212	42.377835
213	33.625799
214	93.634367
215	98.766150
216	62.166215
217	91.994691
218	72.490649
219	85.130187
220	50.612461
221	80.566353
222	7.400708
223	59.257348
224	5.235306
225	49.175294
226	20.888108
227	81.844078
228	56.631004
229	72.892217
230	35.050630
231	92.891277
232	29.339195
233	29.206262
234	67.984088
235	43.450050
236	20.452771
237	68.424613
238	53.633670
239	86.705058
240	30.016400
241	25.948976
242	33.478233
243	57.897636
244	21.295015
245	10.931643
246	64.863445
247	53.906959
248	63.258583
249	61.362827
250	43.551377
251	66.527571
252	76.929544
253	46.692298
254	73.847022
255	13.090808
256	96.648686
257	2.024339
258	59.349984
259	7.234771
260	25.099072
261	39.155016
262	72.175293
263	29.649190
264	81.242565
265	28.928800
266	97.310648
267	1.104299
268	79.302812
269	26.962828
270	51.807519
271	48.315081
272	88.298483
273	47.425112
274	84.541037
275	68.991458
276	97.116765
277	85.431448
278	20.580014
279	85.503992
280	87.808184
281	92.771008
282	5.550888
283	64.732613
284	63.622535
285	46.047562
286	10.849047
287	9.496363
288	29.070110
289	18.637895
290	64.642814
291	73.732312
292	99.425544
293	3.096838
294	16.481778
295	46.904363
296	94.039249
297	19.094576
298	95.460543
299	90.248855
300	84.666936
301	99.102801
302	6.162302
303	26.701303
304	83.385718
305	78.303938
306	82.479666
307	10.155648
308	18.591883
309	67.769930
310	12.944030
311	13.209298
312	27.713803
313	30.349290
314	83.854247
315	62.926090
316	93.862786
317	47.481534
318	22.662292
319	95.377716
320	46.466686
321	24.010975
322	25.230913
323	19.242829
324	56.468233
325	10.689376
326	23.205105
327	45.667296
328	70.747830
329	4.034454
330	92.478387
331	56.940372
332	59.367000
333	76.420997
334	11.722075
335	90.243765
336	98.678228
337	88.715177
338	11.238228
339	11.997496
340	76.656588
341	56.026390
342	92.989439
343	16.981153
344	61.468681
345	15.254572
346	12.203367
347	64.929320
348	94.237870
349	5.388751
350	67.830117
351	72.801461
352	88.730611
353	46.616826
354	26.193075
355	32.792640
356	8.401315
357	75.685343
358	86.883378
359	97.173284
360	45.019456
361	80.635243
362	4.022785
363	2.500241
364	57.070119
365	34.824631
366	56.245029
367	68.580139
368	6.600290
369	6.666047
370	72.118276
371	24.174976
372	30.909450
373	58.328150
374	21.557489
375	48.392752
376	9.085377
377	44.441683
378	43.036608
379	98.423271
380	41.278380
381	28.508922
382	4.342409
383	28.564131
384	32.427515
385	99.291150
386	62.180563
387	35.732627
388	18.332152
389	29.035437
390	68.826370
391	14.355306
392	59.924611
393	71.696803
394	63.302974
395	9.369908
396	33.002852
397	19.862765
398	16.537648
399	15.282489
400	97.814999
401	32.800701
402	94.149520
403	13.705841
404	19.919645
405	8.643886
406	96.270847
407	14.932335
408	83.010107
409	61.325220
410	78.417032
411	66.505932
412	56.844811
413	10.053870
414	36.427802
415	29.681602
416	86.924762
417	97.832690
418	93.718821
419	17.140810
420	78.753857
421	22.865076
422	14.261230
423	74.171637
424	58.715346
425	47.951706
426	96.404998
427	51.561260
428	4.991764
429	56.891833
430	22.313346
431	40.259050
432	61.973312
433	45.990678
434	45.315261
435	4.005405
436	43.451565
437	15.622002
438	62.262998
439	6.781912
440	39.620082
441	87.592237
442	78.323313
443	19.058646
444	10.199182
445	95.727688
446	84.008627
447	49.609810
448	4.687813
449	29.946460
450	30.477197
451	83.049889
452	27.717006
453	17.477278
454	14.225844
455	22.097967
456	74.161278
457	3.359053
458	99.683651
459	12.445617
460	39.884964
461	23.822453
462	64.566189
463	56.734093
464	52.868964
465	56.261743
466	41.544145
467	20.677839
468	73.798396
469	87.725797
470	59.085959
471	92.507197
472	94.890943
473	13.142807
474	31.398830
475	25.310265
476	57.532937
477	15.381263
478	46.658584
479	28.477459
480	18.171632
481	5.841792
482	3.150482
483	60.869756
484	69.519741
485	62.737357
486	73.974677
487	36.062461
488	74.505896
489	83.531973
490	31.166804
491	47.032561
492	91.340426
493	93.277939
494	95.849000
495	32.274102
496	23.417941
497	99.651719
498	16.472746
499	97.252530
500	21.391948
;

param: U :=
1	100.000000
2	100.000000
3	100.000000
4	100.000000
5	100.000000
6	100.000000
7	100.000000
8	100.000000
9	100.000000
10	100.000000
11	100.000000
12	100.000000
13	100.000000
14	100.000000
15	100.000000
16	100.000000
17	100.000000
18	100.000000
19	100.000000
20	100.000000
21	100.000000
22	100.000000
23	100.000000
24	100.000000
25	100.000000
26	100.000000
27	100.000000
28	100.000000
29	100.000000
30	100.000000
31	100.000000
32	100.000000
33	100.000000
34	100.000000
35	100.000000
36	100.000000
37	100.000000
38	100.000000
39	100.000000
40	100.000000
41	100.000000
42	100.000000
43	100.000000
44	100.000000
45	100.000000
46	100.000000
47	100.000000
48	100.000000
49	100.000000
50	100.000000
51	100.000000
52	100.000000
53	100.000000
54	100.000000
55	100.000000
56	100.000000
57	100.000000
58	100.000000
59	100.000000
60	100.000000
61	100.000000
62	100.000000
63	100.000000
64	100.000000
65	100.000000
66	100.000000
67	100.000000
68	100.000000
69	100.000000
70	100.000000
71	100.000000
72	100.000000
73	100.000000
74	100.000000
75	100.000000
76	100.000000
77	100.000000
78	100.000000
79	100.000000
80	100.000000
81	100.000000
82	100.000000
83	100.000000
84	100.000000
85	100.000000
86	100.000000
87	100.000000
88	100.000000
89	100.000000
90	100.000000
91	100.000000
92	100.000000
93	100.000000
94	100.000000
95	100.000000
96	100.000000
97	100.000000
98	100.000000
99	100.000000
100	100.000000
101	100.000000
102	100.000000
103	100.000000
104	100.000000
105	100.000000
106	100.000000
107	100.000000
108	100.000000
109	100.000000
110	100.000000
111	100.000000
112	100.000000
113	100.000000
114	100.000000
115	100.000000
116	100.000000
117	100.000000
118	100.000000
119	100.000000
120	100.000000
121	100.000000
122	100.000000
123	100.000000
124	100.000000
125	100.000000
126	100.000000
127	100.000000
128	100.000000
129	100.000000
130	100.000000
131	100.000000
132	100.000000
133	100.000000
134	100.000000
135	100.000000
136	100.000000
137	100.000000
138	100.000000
139	100.000000
140	100.000000
141	100.000000
142	100.000000
143	100.000000
144	100.000000
145	100.000000
146	100.000000
147	100.000000
148	100.000000
149	100.000000
150	100.000000
151	100.000000
152	100.000000
153	100.000000
154	100.000000
155	100.000000
156	100.000000
157	100.000000
158	100.000000
159	100.000000
160	100.000000
161	100.000000
162	100.000000
163	100.000000
164	100.000000
165	100.000000
166	100.000000
167	100.000000
168	100.000000
169	100.000000
170	100.000000
171	100.000000
172	100.000000
173	100.000000
174	100.000000
175	100.000000
176	100.000000
177	100.000000
178	100.000000
179	100.000000
180	100.000000
181	100.000000
182	100.000000
183	100.000000
184	100.000000
185	100.000000
186	100.000000
187	100.000000
188	100.000000
189	100.000000
190	100.000000
191	100.000000
192	100.000000
193	100.000000
194	100.000000
195	100.000000
196	100.000000
197	100.000000
198	100.000000
199	100.000000
200	100.000000
201	100.000000
202	100.000000
203	100.000000
204	100.000000
205	100.000000
206	100.000000
207	100.000000
208	100.000000
209	100.000000
210	100.000000
211	100.000000
212	100.000000
213	100.000000
214	100.000000
215	100.000000
216	100.000000
217	100.000000
218	100.000000
219	100.000000
220	100.000000
221	100.000000
222	100.000000
223	100.000000
224	100.000000
225	100.000000
226	100.000000
227	100.000000
228	100.000000
229	100.000000
230	100.000000
231	100.000000
232	100.000000
233	100.000000
234	100.000000
235	100.000000
236	100.000000
237	100.000000
238	100.000000
239	100.000000
240	100.000000
241	100.000000
242	100.000000
243	100.000000
244	100.000000
245	100.000000
246	100.000000
247	100.000000
248	100.000000
249	100.000000
250	100.000000
251	100.000000
252	100.000000
253	100.000000
254	100.000000
255	100.000000
256	100.000000
257	100.000000
258	100.000000
259	100.000000
260	100.000000
261	100.000000
262	100.000000
263	100.000000
264	100.000000
265	100.000000
266	100.000000
267	100.000000
268	100.000000
269	100.000000
270	100.000000
271	100.000000
272	100.000000
273	100.000000
274	100.000000
275	100.000000
276	100.000000
277	100.000000
278	100.000000
279	100.000000
280	100.000000
281	100.000000
282	100.000000
283	100.000000
284	100.000000
285	100.000000
286	100.000000
287	100.000000
288	100.000000
289	100.000000
290	100.000000
291	100.000000
292	100.000000
293	100.000000
294	100.000000
295	100.000000
296	100.000000
297	100.000000
298	100.000000
299	100.000000
300	100.000000
301	100.000000
302	100.000000
303	100.000000
304	100.000000
305	100.000000
306	100.000000
307	100.000000
308	100.000000
309	100.000000
310	100.000000
311	100.000000
312	100.000000
313	100.000000
314	100.000000
315	100.000000
316	100.000000
317	100.000000
318	100.000000
319	100.000000
320	100.000000
321	100.000000
322	100.000000
323	100.000000
324	100.000000
325	100.000000
326	100.000000
327	100.000000
328	100.000000
329	100.000000
330	100.000000
331	100.000000
332	100.000000
333	100.000000
334	100.000000
335	100.000000
336	100.000000
337	100.000000
338	100.000000
339	100.000000
340	100.000000
341	100.000000
342	100.000000
343	100.000000
344	100.000000
345	100.000000
346	100.000000
347	100.000000
348	100.000000
349	100.000000
350	100.000000
351	100.000000
352	100.000000
353	100.000000
354	100.000000
355	100.000000
356	100.000000
357	100.000000
358	100.000000
359	100.000000
360	100.000000
361	100.000000
362	100.000000
363	100.000000
364	100.000000
365	100.000000
366	100.000000
367	100.000000
368	100.000000
369	100.000000
370	100.000000
371	100.000000
372	100.000000
373	100.000000
374	100.000000
375	100.000000
376	100.000000
377	100.000000
378	100.000000
379	100.000000
380	100.000000
381	100.000000
382	100.000000
383	100.000000
384	100.000000
385	100.000000
386	100.000000
387	100.000000
388	100.000000
389	100.000000
390	100.000000
391	100.000000
392	100.000000
393	100.000000
394	100.000000
395	100.000000
396	100.000000
397	100.000000
398	100.000000
399	100.000000
400	100.000000
401	100.000000
402	100.000000
403	100.000000
404	100.000000
405	100.000000
406	100.000000
407	100.000000
408	100.000000
409	100.000000
410	100.000000
411	100.000000
412	100.000000
413	100.000000
414	100.000000
415	100.000000
416	100.000000
417	100.000000
418	100.000000
419	100.000000
420	100.000000
421	100.000000
422	100.000000
423	100.000000
424	100.000000
425	100.000000
426	100.000000
427	100.000000
428	100.000000
429	100.000000
430	100.000000
431	100.000000
432	100.000000
433	100.000000
434	100.000000
435	100.000000
436	100.000000
437	100.000000
438	100.000000
439	100.000000
440	100.000000
441	100.000000
442	100.000000
443	100.000000
444	100.000000
445	100.000000
446	100.000000
447	100.000000
448	100.000000
449	100.000000
450	100.000000
451	100.000000
452	100.000000
453	100.000000
454	100.000000
455	100.000000
456	100.000000
457	100.000000
458	100.000000
459	100.000000
460	100.000000
461	100.000000
462	100.000000
463	100.000000
464	100.000000
465	100.000000
466	100.000000
467	100.000000
468	100.000000
469	100.000000
470	100.000000
471	100.000000
472	100.000000
473	100.000000
474	100.000000
475	100.000000
476	100.000000
477	100.000000
478	100.000000
479	100.000000
480	100.000000
481	100.000000
482	100.000000
483	100.000000
484	100.000000
485	100.000000
486	100.000000
487	100.000000
488	100.000000
489	100.000000
490	100.000000
491	100.000000
492	100.000000
493	100.000000
494	100.000000
495	100.000000
496	100.000000
497	100.000000
498	100.000000
499	100.000000
500	100.000000
;

