# seed = 1254829604

param N := 500;

param M := 5;

param Umax := 100.000000;

param: C :=
1	202366.329364
2	238757.100400
3	256179.029993
4	202002.543016
5	350293.836960
;

param: a :=
1	0.139761
2	0.197134
3	0.101805
4	0.152410
5	0.139324
6	0.109302
7	0.172436
8	0.155662
9	0.184743
10	0.106177
11	0.149168
12	0.101986
13	0.178486
14	0.178613
15	0.110432
16	0.183723
17	0.131954
18	0.166175
19	0.186419
20	0.150519
21	0.120403
22	0.177604
23	0.194612
24	0.104625
25	0.175149
26	0.139578
27	0.193047
28	0.139202
29	0.182343
30	0.167427
31	0.178256
32	0.177328
33	0.192902
34	0.179967
35	0.182992
36	0.101298
37	0.124112
38	0.168310
39	0.146127
40	0.160728
41	0.135005
42	0.106848
43	0.114808
44	0.111257
45	0.192658
46	0.131298
47	0.125452
48	0.143209
49	0.178985
50	0.166669
51	0.109317
52	0.186306
53	0.111199
54	0.135443
55	0.152430
56	0.176434
57	0.126227
58	0.142108
59	0.118709
60	0.167358
61	0.181577
62	0.169103
63	0.140179
64	0.103230
65	0.111736
66	0.189706
67	0.175289
68	0.134790
69	0.148069
70	0.198069
71	0.106953
72	0.192773
73	0.100390
74	0.178178
75	0.125992
76	0.167894
77	0.165975
78	0.100470
79	0.194402
80	0.185270
81	0.143036
82	0.134957
83	0.191882
84	0.128472
85	0.164136
86	0.148609
87	0.167804
88	0.146675
89	0.145366
90	0.191171
91	0.175792
92	0.141309
93	0.107305
94	0.174197
95	0.158345
96	0.111826
97	0.133094
98	0.110169
99	0.168618
100	0.126732
101	0.178137
102	0.173387
103	0.167083
104	0.116613
105	0.123580
106	0.180445
107	0.198581
108	0.114939
109	0.130729
110	0.125386
111	0.186469
112	0.199920
113	0.111903
114	0.171263
115	0.188231
116	0.186149
117	0.156582
118	0.100867
119	0.167397
120	0.194454
121	0.126249
122	0.153151
123	0.103850
124	0.196648
125	0.109861
126	0.126049
127	0.101773
128	0.156382
129	0.198212
130	0.119060
131	0.106702
132	0.196571
133	0.114020
134	0.135277
135	0.187808
136	0.138763
137	0.190022
138	0.130989
139	0.117455
140	0.112472
141	0.108388
142	0.171369
143	0.146730
144	0.147613
145	0.175595
146	0.160008
147	0.197421
148	0.133578
149	0.196628
150	0.171772
151	0.116626
152	0.148214
153	0.165262
154	0.162457
155	0.188814
156	0.176659
157	0.109708
158	0.127426
159	0.116214
160	0.136097
161	0.140684
162	0.118338
163	0.135601
164	0.121130
165	0.143226
166	0.186847
167	0.153244
168	0.157805
169	0.104551
170	0.110926
171	0.185413
172	0.199657
173	0.178911
174	0.169797
175	0.105177
176	0.121539
177	0.158210
178	0.173356
179	0.116416
180	0.119340
181	0.128709
182	0.104781
183	0.148069
184	0.128728
185	0.156571
186	0.198216
187	0.136453
188	0.188865
189	0.176883
190	0.167620
191	0.132086
192	0.143291
193	0.165515
194	0.102317
195	0.170589
196	0.193411
197	0.117223
198	0.144790
199	0.102730
200	0.120494
201	0.127617
202	0.184145
203	0.111196
204	0.134012
205	0.156514
206	0.167900
207	0.180786
208	0.170137
209	0.146395
210	0.104046
211	0.169408
212	0.158815
213	0.193868
214	0.195064
215	0.112201
216	0.157102
217	0.195319
218	0.151457
219	0.132507
220	0.170208
221	0.139101
222	0.171890
223	0.194737
224	0.137164
225	0.144876
226	0.191952
227	0.168428
228	0.174146
229	0.117758
230	0.107201
231	0.125610
232	0.193728
233	0.166766
234	0.192072
235	0.129330
236	0.167695
237	0.134582
238	0.170498
239	0.125641
240	0.191758
241	0.179106
242	0.144200
243	0.133225
244	0.139500
245	0.180817
246	0.131748
247	0.185170
248	0.181577
249	0.117213
250	0.111587
251	0.170402
252	0.182023
253	0.146354
254	0.119412
255	0.166034
256	0.165241
257	0.194931
258	0.196482
259	0.150141
260	0.148653
261	0.143338
262	0.158876
263	0.130487
264	0.188320
265	0.135720
266	0.173999
267	0.103780
268	0.143738
269	0.187391
270	0.198457
271	0.170344
272	0.158803
273	0.164520
274	0.190253
275	0.111583
276	0.116463
277	0.100557
278	0.167636
279	0.119752
280	0.130684
281	0.120514
282	0.178375
283	0.162904
284	0.100899
285	0.194585
286	0.189719
287	0.116164
288	0.100851
289	0.171083
290	0.160962
291	0.102205
292	0.117676
293	0.146184
294	0.183855
295	0.178688
296	0.100684
297	0.117765
298	0.160205
299	0.104038
300	0.174353
301	0.193841
302	0.149072
303	0.131410
304	0.172801
305	0.116528
306	0.174938
307	0.128731
308	0.182294
309	0.115194
310	0.182667
311	0.171054
312	0.119907
313	0.115450
314	0.177850
315	0.109818
316	0.178559
317	0.107547
318	0.121958
319	0.109367
320	0.121819
321	0.171643
322	0.176793
323	0.101920
324	0.165890
325	0.197921
326	0.167647
327	0.102660
328	0.173873
329	0.178860
330	0.128401
331	0.167614
332	0.148989
333	0.176172
334	0.195471
335	0.119058
336	0.171663
337	0.194162
338	0.179396
339	0.130261
340	0.167602
341	0.112285
342	0.172969
343	0.124802
344	0.124122
345	0.166573
346	0.112458
347	0.131339
348	0.107419
349	0.154156
350	0.176362
351	0.150228
352	0.197711
353	0.124032
354	0.175862
355	0.185141
356	0.183058
357	0.134898
358	0.102476
359	0.170361
360	0.159009
361	0.188132
362	0.188066
363	0.115511
364	0.130734
365	0.146584
366	0.167110
367	0.133511
368	0.161495
369	0.102458
370	0.178590
371	0.119032
372	0.120215
373	0.179521
374	0.120043
375	0.152219
376	0.131122
377	0.198459
378	0.109425
379	0.169247
380	0.121245
381	0.190865
382	0.131977
383	0.173002
384	0.165667
385	0.101207
386	0.102871
387	0.195172
388	0.103425
389	0.115286
390	0.117709
391	0.174567
392	0.177986
393	0.118034
394	0.158762
395	0.144465
396	0.146753
397	0.130636
398	0.172559
399	0.195441
400	0.198887
401	0.158445
402	0.184712
403	0.129975
404	0.144568
405	0.147867
406	0.135162
407	0.146705
408	0.163088
409	0.170578
410	0.192691
411	0.197007
412	0.161491
413	0.158440
414	0.138046
415	0.184242
416	0.124965
417	0.116647
418	0.182205
419	0.189237
420	0.172915
421	0.107554
422	0.106922
423	0.135566
424	0.135450
425	0.156376
426	0.183256
427	0.118617
428	0.172796
429	0.118410
430	0.131902
431	0.160542
432	0.100291
433	0.163070
434	0.144567
435	0.172550
436	0.152751
437	0.149031
438	0.160646
439	0.134831
440	0.114146
441	0.132670
442	0.146723
443	0.197897
444	0.157575
445	0.131376
446	0.100720
447	0.179526
448	0.181503
449	0.110029
450	0.147529
451	0.147132
452	0.179610
453	0.182061
454	0.149648
455	0.146303
456	0.135434
457	0.170923
458	0.159444
459	0.147488
460	0.185015
461	0.109166
462	0.106414
463	0.154465
464	0.185065
465	0.103647
466	0.134543
467	0.123493
468	0.109266
469	0.118189
470	0.145011
471	0.192959
472	0.113624
473	0.135041
474	0.109398
475	0.120736
476	0.185073
477	0.126388
478	0.143550
479	0.104084
480	0.122002
481	0.112612
482	0.189150
483	0.130344
484	0.184833
485	0.138859
486	0.169598
487	0.187675
488	0.123472
489	0.117467
490	0.112854
491	0.177956
492	0.171215
493	0.123574
494	0.143473
495	0.140404
496	0.196301
497	0.189515
498	0.122462
499	0.143341
500	0.102154
;

param: b :=
1	86.814686
2	69.381728
3	48.406765
4	15.720558
5	73.555924
6	35.746546
7	16.687610
8	27.128285
9	90.025152
10	27.284224
11	41.204413
12	62.190932
13	37.071499
14	21.867046
15	55.545203
16	81.254327
17	32.221987
18	81.745631
19	22.244014
20	20.836778
21	55.145206
22	4.238025
23	67.262014
24	85.127140
25	38.346842
26	9.121126
27	70.297742
28	17.835122
29	45.291788
30	6.482568
31	71.344278
32	68.962244
33	71.782398
34	41.082702
35	57.361639
36	70.824003
37	28.923887
38	98.196300
39	0.279309
40	15.248968
41	73.568125
42	73.356172
43	96.660934
44	21.481029
45	84.653869
46	2.099627
47	9.545411
48	79.928889
49	5.805897
50	43.189717
51	75.051839
52	69.752795
53	46.941925
54	20.652611
55	69.387850
56	68.237882
57	66.208370
58	78.903520
59	71.830331
60	7.991188
61	19.740157
62	75.467152
63	39.841263
64	7.971158
65	96.355675
66	26.430126
67	41.209869
68	12.174749
69	64.516620
70	49.866785
71	21.147631
72	37.092186
73	44.957273
74	48.659978
75	41.958319
76	89.691203
77	13.198493
78	82.616034
79	7.508876
80	10.514666
81	11.465861
82	48.443705
83	39.392981
84	12.601959
85	20.549711
86	46.647365
87	61.684111
88	49.123004
89	31.336207
90	41.725431
91	67.159267
92	51.630537
93	72.514467
94	97.566662
95	10.240775
96	11.450068
97	43.687616
98	62.826352
99	92.657979
100	74.777476
101	20.880492
102	58.319953
103	71.700690
104	58.884439
105	83.570696
106	90.363102
107	99.698843
108	21.860445
109	34.631932
110	17.245566
111	5.010318
112	3.809880
113	57.430134
114	0.621266
115	6.505819
116	45.785517
117	14.850485
118	72.271239
119	71.775619
120	63.730305
121	10.449562
122	15.200878
123	34.117764
124	36.943202
125	6.069363
126	92.865400
127	10.377699
128	0.937599
129	36.867145
130	53.292493
131	7.660090
132	1.341743
133	60.610786
134	95.935589
135	88.119066
136	19.458299
137	55.350426
138	84.627186
139	43.946193
140	48.579568
141	9.614676
142	12.970182
143	59.447242
144	2.636754
145	97.052297
146	92.142921
147	47.831181
148	95.395952
149	9.779035
150	61.209842
151	79.498401
152	53.143334
153	4.570045
154	22.404151
155	94.093350
156	84.855380
157	77.348496
158	95.781742
159	43.999588
160	19.088218
161	48.904221
162	12.575604
163	96.945920
164	31.283910
165	60.970345
166	86.823921
167	82.760902
168	82.228613
169	40.249113
170	76.327598
171	94.446489
172	26.281278
173	89.590597
174	32.534443
175	5.600567
176	82.515556
177	82.342477
178	39.921464
179	84.263562
180	37.332412
181	60.227352
182	27.679742
183	0.116569
184	49.607623
185	93.202665
186	41.770220
187	18.453027
188	85.216054
189	51.266502
190	12.563710
191	4.494436
192	69.526646
193	77.814697
194	11.428217
195	31.474402
196	65.448157
197	2.622762
198	43.067175
199	79.000049
200	82.770240
201	34.548528
202	86.920134
203	29.242075
204	73.852088
205	80.201617
206	39.252001
207	8.508972
208	33.767301
209	79.156889
210	40.487014
211	32.645963
212	3.644925
213	83.026036
214	1.765178
215	30.398074
216	91.275584
217	8.580284
218	52.294252
219	35.981462
220	20.616270
221	48.824650
222	45.086235
223	44.568354
224	46.247085
225	17.640498
226	52.644198
227	0.428442
228	75.334980
229	96.212542
230	47.761086
231	42.418252
232	41.903802
233	25.965059
234	79.004567
235	43.329275
236	5.683349
237	30.554703
238	78.846170
239	14.762902
240	21.372815
241	25.833380
242	23.494410
243	80.469549
244	49.367422
245	87.552113
246	34.923767
247	9.480351
248	19.642850
249	44.801663
250	15.707376
251	36.837713
252	14.277935
253	5.418254
254	85.191800
255	25.398824
256	23.620747
257	8.681424
258	42.124715
259	57.763127
260	23.685397
261	15.191319
262	50.148695
263	71.120200
264	43.448678
265	43.950061
266	52.164317
267	63.906662
268	19.925867
269	25.070815
270	72.820162
271	7.523256
272	56.963217
273	34.491861
274	24.770988
275	76.607426
276	77.274311
277	2.292220
278	69.938893
279	95.355029
280	51.443279
281	57.734911
282	81.401759
283	12.859158
284	87.141001
285	62.870744
286	60.411751
287	11.391832
288	11.805696
289	77.582574
290	87.624854
291	49.481345
292	5.254042
293	9.343663
294	11.334853
295	12.670677
296	76.617990
297	87.117042
298	29.055326
299	46.009335
300	95.417228
301	7.622279
302	98.119722
303	53.858097
304	72.610813
305	84.746128
306	22.460467
307	36.606061
308	27.477870
309	13.600703
310	58.144911
311	93.488264
312	64.436351
313	40.363449
314	56.761149
315	25.206270
316	9.914027
317	48.230477
318	51.053298
319	1.463376
320	31.025113
321	77.884746
322	2.753982
323	53.035060
324	4.239862
325	77.422974
326	22.789471
327	71.980481
328	45.696930
329	90.838661
330	72.912108
331	61.555948
332	26.977132
333	13.272265
334	18.785131
335	73.260260
336	91.678342
337	16.638212
338	61.541732
339	40.883308
340	25.026983
341	14.532617
342	82.490532
343	20.325174
344	21.067515
345	57.328404
346	19.601427
347	29.323737
348	96.995097
349	1.709519
350	26.430835
351	37.354737
352	89.348380
353	40.961756
354	61.060016
355	52.659589
356	4.986086
357	97.734658
358	43.436267
359	35.463838
360	81.933905
361	6.132640
362	10.867461
363	4.363154
364	31.109022
365	65.067782
366	99.613526
367	5.406633
368	54.673460
369	16.748890
370	89.300537
371	18.697549
372	64.145807
373	6.799503
374	67.753556
375	66.583794
376	59.310980
377	26.644544
378	67.749127
379	47.861456
380	76.116265
381	1.544775
382	7.728421
383	44.886297
384	32.549177
385	22.740190
386	70.289031
387	15.610321
388	33.975142
389	18.004070
390	22.938979
391	79.086163
392	26.189875
393	28.088715
394	42.618344
395	73.992604
396	87.463689
397	94.998108
398	7.795080
399	89.013117
400	20.747975
401	7.414899
402	10.822738
403	69.551695
404	46.963662
405	84.516207
406	15.554462
407	64.431945
408	84.863645
409	57.696530
410	41.397631
411	47.713786
412	39.125196
413	75.446961
414	7.446889
415	47.947789
416	70.263851
417	1.036876
418	93.127299
419	20.580234
420	36.826653
421	17.619305
422	25.383489
423	9.743629
424	35.596205
425	68.812196
426	26.607533
427	63.195510
428	87.682517
429	73.818392
430	84.310454
431	22.785136
432	62.115490
433	23.327437
434	13.471020
435	51.974146
436	94.974376
437	76.098469
438	82.019340
439	26.801365
440	60.349996
441	78.466740
442	10.962212
443	80.898194
444	42.711262
445	9.478891
446	55.579868
447	14.337036
448	72.136478
449	15.912750
450	70.220672
451	23.550802
452	81.095189
453	44.748596
454	3.527473
455	43.187633
456	78.734151
457	23.255069
458	4.880959
459	62.070020
460	74.234587
461	73.616784
462	82.056274
463	3.391603
464	8.368988
465	17.278584
466	3.513524
467	31.330830
468	80.488157
469	47.287540
470	84.688910
471	82.200960
472	77.949321
473	53.216979
474	48.750694
475	87.596105
476	82.094668
477	82.613204
478	11.770614
479	82.803569
480	44.926710
481	50.516966
482	86.545542
483	87.446976
484	16.743704
485	92.885641
486	55.572575
487	53.249170
488	78.754786
489	23.511702
490	61.112920
491	49.077321
492	94.864848
493	32.230949
494	82.916626
495	2.207396
496	80.518340
497	87.707178
498	3.531028
499	84.255974
500	75.564807
;

param: c :=
1	57.558616
2	32.558114
3	90.131625
4	95.704224
5	3.721349
6	62.650410
7	87.718876
8	92.189637
9	64.645301
10	99.331321
11	47.806045
12	77.582293
13	55.804769
14	94.193963
15	0.111999
16	57.703940
17	24.339491
18	47.302174
19	83.453065
20	10.316419
21	47.184296
22	11.477333
23	19.514094
24	28.767751
25	51.128685
26	1.407721
27	8.979038
28	95.051032
29	20.405089
30	49.370829
31	96.756920
32	39.067787
33	89.154463
34	29.848630
35	37.053867
36	65.701439
37	38.363242
38	27.270316
39	48.714282
40	43.242669
41	47.629107
42	47.788922
43	52.948444
44	15.725672
45	29.138028
46	35.184335
47	66.244172
48	54.960198
49	49.139240
50	80.458053
51	66.370418
52	18.523302
53	53.838870
54	99.951725
55	17.456521
56	44.510766
57	25.684004
58	74.415964
59	47.335566
60	69.926462
61	67.782131
62	89.547309
63	98.567119
64	11.342517
65	40.432470
66	76.895155
67	13.480409
68	15.710627
69	65.629960
70	38.351256
71	23.868714
72	6.649481
73	37.934838
74	0.203590
75	37.513744
76	38.461601
77	20.250308
78	97.676544
79	97.241143
80	70.038996
81	46.361926
82	92.779311
83	67.887296
84	11.852368
85	27.229978
86	63.400729
87	43.586800
88	90.677679
89	61.934327
90	56.070462
91	88.423339
92	75.184014
93	31.962640
94	35.803733
95	68.357088
96	65.219983
97	81.632364
98	98.339694
99	40.050949
100	41.116393
101	49.892544
102	52.609966
103	69.903622
104	56.043991
105	36.895443
106	58.929035
107	73.779006
108	4.513158
109	32.168213
110	42.231797
111	15.768735
112	59.004843
113	25.070291
114	27.763927
115	2.802068
116	24.384171
117	32.225679
118	42.025069
119	88.550701
120	58.079248
121	46.012779
122	76.634743
123	58.432586
124	78.739948
125	68.591084
126	62.266477
127	25.533073
128	54.630029
129	12.590918
130	9.886129
131	98.034701
132	98.936706
133	95.847756
134	9.334600
135	65.819776
136	98.056276
137	24.917964
138	31.984847
139	4.075321
140	79.435072
141	26.605570
142	29.471647
143	16.969441
144	32.130743
145	76.508924
146	58.934526
147	23.564519
148	35.008841
149	24.268823
150	84.063274
151	37.859531
152	51.311921
153	40.417994
154	23.992597
155	95.232699
156	68.900488
157	68.256903
158	23.626758
159	7.500802
160	55.230022
161	10.647063
162	46.842602
163	50.646593
164	40.294915
165	54.021322
166	36.690128
167	95.818186
168	31.252893
169	66.412730
170	75.391029
171	82.054718
172	31.996885
173	51.119396
174	35.710113
175	77.431565
176	37.125746
177	28.182862
178	48.057839
179	65.858816
180	91.527041
181	43.982556
182	14.332561
183	6.951933
184	80.302869
185	39.223896
186	98.070805
187	57.048001
188	52.273827
189	27.239073
190	77.125921
191	82.552707
192	68.694560
193	77.723208
194	43.466101
195	65.892287
196	27.873327
197	17.865940
198	43.459560
199	62.243775
200	12.991476
201	68.835761
202	97.824363
203	60.079403
204	72.085326
205	66.336977
206	43.424803
207	37.760452
208	88.938653
209	75.028083
210	82.070785
211	98.160507
212	90.656144
213	93.045608
214	66.415261
215	48.883089
216	77.359784
217	0.053107
218	47.969899
219	37.560162
220	69.375160
221	35.017124
222	27.329584
223	92.839090
224	90.341788
225	24.341940
226	63.808910
227	38.092230
228	33.499126
229	69.153014
230	37.249462
231	50.535548
232	77.498527
233	3.659327
234	4.745124
235	76.692923
236	1.687384
237	45.643939
238	22.410385
239	62.348327
240	98.625806
241	90.273434
242	29.999528
243	58.993875
244	44.433700
245	12.127120
246	38.225526
247	57.260742
248	88.773870
249	45.999514
250	73.038239
251	65.170333
252	14.926775
253	54.132450
254	0.504222
255	41.569911
256	17.313118
257	16.479205
258	5.488937
259	67.791538
260	46.569807
261	57.270002
262	50.845767
263	97.109087
264	73.346586
265	12.620793
266	71.908944
267	16.512768
268	98.963324
269	67.234929
270	15.485957
271	10.579248
272	63.198981
273	41.438486
274	15.467852
275	44.425360
276	33.927663
277	56.600954
278	42.219854
279	35.142493
280	1.159216
281	17.267145
282	13.826732
283	15.642575
284	93.934148
285	13.330628
286	75.504187
287	64.298991
288	57.732711
289	36.967161
290	84.228958
291	93.614663
292	39.620369
293	7.523946
294	54.580408
295	3.595570
296	87.021172
297	80.995899
298	7.906269
299	31.578746
300	67.827628
301	49.675514
302	99.895842
303	70.149249
304	94.293178
305	18.445033
306	91.725685
307	59.016612
308	32.161979
309	17.428972
310	98.617811
311	23.598784
312	64.055739
313	43.807849
314	46.247356
315	52.552158
316	68.694616
317	80.362293
318	2.165371
319	3.049673
320	32.691211
321	66.243467
322	15.045975
323	28.161426
324	35.234415
325	91.716542
326	61.623094
327	68.740732
328	98.929288
329	44.219778
330	77.360820
331	18.390898
332	85.315731
333	99.295428
334	27.872953
335	98.542449
336	53.194031
337	16.869599
338	2.945873
339	85.425971
340	4.580889
341	92.687266
342	69.488407
343	48.152970
344	94.419758
345	26.662413
346	11.911636
347	29.608990
348	22.641395
349	43.483491
350	64.448691
351	10.826824
352	8.955598
353	35.711177
354	61.982762
355	39.676996
356	81.399547
357	13.122098
358	63.973247
359	94.021136
360	50.164815
361	33.096929
362	39.743296
363	56.108982
364	93.524211
365	78.004727
366	53.073551
367	26.737728
368	44.083383
369	28.501803
370	76.490666
371	49.075415
372	58.915802
373	86.826781
374	28.080782
375	85.740679
376	14.451019
377	50.122488
378	87.826632
379	47.837241
380	21.873630
381	6.826146
382	41.576987
383	41.985953
384	60.169489
385	48.751198
386	54.930017
387	21.159150
388	99.944839
389	25.289084
390	73.677661
391	99.172578
392	98.419662
393	66.545097
394	64.062371
395	5.624559
396	54.203784
397	44.428788
398	44.506585
399	68.800141
400	70.824647
401	53.446934
402	64.632831
403	26.251550
404	7.155526
405	6.955858
406	67.250641
407	85.919102
408	39.324378
409	93.330863
410	79.064435
411	14.988683
412	79.935341
413	9.543950
414	60.462511
415	92.864493
416	86.174791
417	17.824472
418	44.125107
419	97.316249
420	72.385768
421	62.144412
422	65.455698
423	30.450066
424	34.506879
425	18.317131
426	4.419912
427	77.604464
428	88.997223
429	90.522509
430	62.805452
431	32.697733
432	3.085086
433	80.952778
434	91.770899
435	25.541421
436	85.145078
437	84.168480
438	17.073437
439	10.057680
440	80.947094
441	45.887876
442	36.513404
443	2.616800
444	44.645883
445	33.243746
446	85.612371
447	39.963570
448	83.510791
449	84.902250
450	40.689241
451	54.347749
452	20.564476
453	77.099139
454	42.299052
455	37.456226
456	26.054229
457	94.459630
458	84.725627
459	14.852050
460	87.622369
461	50.580731
462	83.556293
463	81.434789
464	33.543396
465	50.447722
466	16.100040
467	4.443984
468	60.009174
469	16.348276
470	4.581279
471	71.758349
472	4.213385
473	31.445137
474	7.779005
475	88.860653
476	71.908698
477	42.849738
478	3.969229
479	94.711435
480	71.038832
481	1.930026
482	69.695588
483	58.812969
484	97.364402
485	47.310256
486	73.341024
487	35.870828
488	41.267310
489	27.260274
490	13.449510
491	42.800665
492	38.220188
493	88.751243
494	0.590706
495	99.595663
496	39.600359
497	39.814124
498	7.838479
499	80.317980
500	26.617478
;

param: d :=
1	-93.879701
2	-10.889749
3	-6.414389
4	-53.034104
5	-99.368665
6	-23.073774
7	-70.005820
8	-11.780199
9	-25.125487
10	-98.119249
11	-47.110745
12	-35.364065
13	-33.794642
14	-29.197685
15	-24.922200
16	-16.945918
17	-20.239894
18	-56.242469
19	-57.775899
20	-55.287294
21	-79.484736
22	-64.692047
23	-81.048098
24	-48.072490
25	-41.397617
26	-50.105523
27	-59.768890
28	-49.320623
29	-98.142768
30	-3.805040
31	-70.615814
32	-21.264416
33	-98.119342
34	-24.981499
35	-96.603206
36	-49.331614
37	-79.131563
38	-92.622310
39	-64.718501
40	-9.423580
41	-27.941385
42	-27.450583
43	-46.828873
44	-61.473167
45	-58.628163
46	-25.459336
47	-26.919089
48	-9.001988
49	-68.066800
50	-17.605717
51	-61.545200
52	-78.509879
53	-22.556479
54	-9.596906
55	-98.430730
56	-43.108402
57	-7.402266
58	-39.369018
59	-27.451708
60	-32.689874
61	-0.966393
62	-86.386053
63	-34.136522
64	-22.353747
65	-40.928276
66	-40.367217
67	-56.928432
68	-75.662854
69	-53.363503
70	-90.588527
71	-52.614135
72	-30.332164
73	-86.129858
74	-6.111058
75	-8.377753
76	-93.754902
77	-10.156647
78	-92.880857
79	-67.663648
80	-14.526426
81	-19.450137
82	-26.581658
83	-87.867704
84	-73.851802
85	-38.622619
86	-81.352008
87	-85.833737
88	-60.545781
89	-86.746223
90	-96.976971
91	-96.978459
92	-95.289869
93	-49.108247
94	-35.125707
95	-79.720593
96	-32.103947
97	-78.483050
98	-14.646974
99	-99.419138
100	-37.464588
101	-53.505638
102	-61.392921
103	-51.284574
104	-85.047527
105	-36.368577
106	-78.438431
107	-51.526651
108	-32.451130
109	-99.367214
110	-18.570156
111	-76.635295
112	-41.150671
113	-14.317637
114	-24.223345
115	-79.600336
116	-71.618777
117	-27.649055
118	-40.127737
119	-7.533191
120	-77.781889
121	-70.948548
122	-22.464445
123	-63.924218
124	-61.327155
125	-1.588784
126	-15.871686
127	-52.213785
128	-66.982958
129	-43.355283
130	-2.200425
131	-24.707322
132	-41.162651
133	-60.446710
134	-10.093064
135	-99.601328
136	-51.351167
137	-11.943686
138	-70.074024
139	-86.697339
140	-78.193078
141	-25.792522
142	-30.574371
143	-28.352516
144	-20.402608
145	-20.329401
146	-60.556521
147	-75.973401
148	-36.950486
149	-86.402703
150	-96.096878
151	-6.865072
152	-92.850985
153	-11.173716
154	-2.534506
155	-86.916999
156	-39.277508
157	-52.432747
158	-21.262176
159	-43.368435
160	-39.909957
161	-64.083614
162	-12.761802
163	-96.141993
164	-55.243226
165	-49.273525
166	-57.922784
167	-36.109096
168	-95.351991
169	-44.802418
170	-48.779183
171	-60.565916
172	-63.653244
173	-25.270964
174	-98.950423
175	-28.410347
176	-3.070286
177	-59.735164
178	-94.647288
179	-32.464272
180	-44.949571
181	-93.858943
182	-58.093549
183	-23.748204
184	-23.213667
185	-77.570096
186	-10.256465
187	-19.564650
188	-96.802432
189	-16.164784
190	-52.076652
191	-28.689848
192	-58.638097
193	-77.436790
194	-45.408881
195	-2.172322
196	-29.463493
197	-0.223924
198	-86.515160
199	-19.547053
200	-36.040077
201	-6.490452
202	-87.981294
203	-70.938192
204	-22.528123
205	-81.241821
206	-19.108289
207	-50.378077
208	-32.038979
209	-93.525303
210	-23.868440
211	-64.255310
212	-97.760126
213	-68.371480
214	-15.997219
215	-12.770650
216	-60.827429
217	-6.520819
218	-57.886606
219	-74.447858
220	-63.376618
221	-12.015551
222	-50.750320
223	-5.210165
224	-14.866037
225	-17.563923
226	-38.672918
227	-96.554915
228	-98.524186
229	-89.402978
230	-2.457662
231	-50.048120
232	-42.462902
233	-95.141663
234	-74.428656
235	-1.517201
236	-95.055238
237	-14.882019
238	-52.003205
239	-70.699403
240	-3.496404
241	-44.200890
242	-54.112885
243	-21.130846
244	-38.089157
245	-56.834705
246	-69.625836
247	-24.556882
248	-88.423552
249	-23.793082
250	-43.979255
251	-17.470423
252	-79.751431
253	-96.385120
254	-91.814219
255	-87.966298
256	-61.721033
257	-39.898329
258	-88.591011
259	-95.726514
260	-50.842868
261	-15.092033
262	-23.811138
263	-53.033536
264	-6.190975
265	-96.488592
266	-79.431393
267	-38.949877
268	-5.416443
269	-15.499926
270	-28.196614
271	-17.035583
272	-69.288261
273	-18.966801
274	-10.783560
275	-21.182489
276	-68.051404
277	-88.863902
278	-69.165401
279	-38.809836
280	-53.847670
281	-35.060880
282	-87.697692
283	-80.494617
284	-56.880934
285	-70.272727
286	-9.121928
287	-66.568950
288	-85.321856
289	-13.274358
290	-45.103435
291	-84.464815
292	-6.820242
293	-89.516560
294	-58.412390
295	-84.344427
296	-15.087515
297	-88.620245
298	-0.175114
299	-88.437671
300	-71.066133
301	-2.563805
302	-63.906995
303	-87.593704
304	-19.292255
305	-51.892992
306	-57.234563
307	-21.593963
308	-17.809694
309	-14.656565
310	-23.039998
311	-10.501457
312	-88.367074
313	-25.533315
314	-89.987916
315	-72.752797
316	-22.823032
317	-68.853943
318	-13.986696
319	-46.824992
320	-31.933485
321	-75.805175
322	-54.512212
323	-17.717703
324	-31.944184
325	-99.029688
326	-99.662185
327	-31.096242
328	-11.081344
329	-92.978337
330	-36.364691
331	-40.669472
332	-89.388026
333	-55.087550
334	-5.599977
335	-36.722552
336	-50.975774
337	-87.447148
338	-35.288410
339	-70.443751
340	-4.525054
341	-89.172874
342	-73.836781
343	-58.328344
344	-72.932416
345	-48.000566
346	-82.960940
347	-75.974091
348	-23.092539
349	-97.690876
350	-29.218726
351	-23.109791
352	-90.376887
353	-46.359039
354	-1.496565
355	-71.375431
356	-52.493137
357	-54.275210
358	-88.568134
359	-93.928136
360	-79.008438
361	-72.190711
362	-30.534812
363	-71.367246
364	-5.292904
365	-59.395274
366	-82.725659
367	-33.392181
368	-98.761767
369	-41.433312
370	-27.886042
371	-2.963718
372	-26.711388
373	-93.741382
374	-35.873913
375	-19.278767
376	-92.387011
377	-52.465934
378	-31.659434
379	-43.926439
380	-50.674655
381	-23.393902
382	-53.572354
383	-76.875586
384	-46.506590
385	-50.955532
386	-75.255098
387	-98.001486
388	-54.997855
389	-42.727799
390	-22.121064
391	-76.681398
392	-67.083654
393	-60.806813
394	-41.293645
395	-30.245757
396	-79.569296
397	-70.191250
398	-29.020920
399	-38.013541
400	-37.050259
401	-35.930305
402	-61.084477
403	-25.595757
404	-10.925155
405	-83.332908
406	-94.013191
407	-99.848095
408	-72.278926
409	-3.170629
410	-0.153165
411	-96.036966
412	-71.258010
413	-55.641355
414	-22.630031
415	-22.427458
416	-95.970300
417	-68.364050
418	-37.859309
419	-1.218937
420	-66.622374
421	-99.581776
422	-6.903638
423	-46.609145
424	-20.424917
425	-46.307583
426	-44.358221
427	-19.239054
428	-61.747991
429	-51.139522
430	-33.591032
431	-21.140521
432	-95.289097
433	-59.325291
434	-66.436266
435	-36.927712
436	-84.443880
437	-18.271651
438	-36.268881
439	-84.216516
440	-94.083039
441	-41.788456
442	-68.132422
443	-17.934771
444	-25.351814
445	-58.566194
446	-18.333086
447	-74.586022
448	-81.983998
449	-87.354076
450	-7.825324
451	-19.624631
452	-34.777505
453	-77.975124
454	-66.841490
455	-68.794642
456	-23.876554
457	-74.729165
458	-19.991286
459	-75.413131
460	-72.686324
461	-53.377931
462	-67.531483
463	-51.075249
464	-30.209146
465	-81.501100
466	-77.835014
467	-25.926131
468	-7.177581
469	-0.376317
470	-21.445890
471	-56.593297
472	-70.276158
473	-60.515431
474	-30.592789
475	-62.916046
476	-10.345777
477	-1.853188
478	-52.237016
479	-64.471327
480	-70.218713
481	-98.527402
482	-38.941488
483	-26.805895
484	-11.197895
485	-66.429708
486	-59.362775
487	-10.395028
488	-6.832664
489	-23.719957
490	-89.781536
491	-74.733546
492	-55.443997
493	-40.555122
494	-15.259679
495	-32.335722
496	-90.249020
497	-67.683951
498	-39.318076
499	-67.908204
500	-97.255394
;

param: weight :=
1	68.263384
2	92.627719
3	42.115913
4	50.338219
5	54.637685
6	1.895148
7	23.579830
8	17.076151
9	83.774655
10	74.507620
11	42.417390
12	39.725987
13	67.395022
14	10.985979
15	31.115519
16	83.303727
17	85.260130
18	46.917751
19	88.564879
20	91.722702
21	30.920776
22	87.419186
23	47.551899
24	29.595824
25	80.765233
26	54.295494
27	90.904876
28	53.611644
29	64.601253
30	58.825977
31	30.647194
32	19.668153
33	12.893373
34	91.844458
35	59.626682
36	67.348774
37	58.724992
38	77.162565
39	3.138367
40	90.364794
41	77.195270
42	24.784312
43	18.354078
44	29.570132
45	20.736014
46	92.749286
47	81.787986
48	52.953523
49	59.387254
50	81.899384
51	17.259439
52	44.850524
53	20.822607
54	12.534117
55	2.307839
56	51.125844
57	5.616538
58	1.389705
59	49.781113
60	98.410339
61	22.096333
62	33.035162
63	33.114607
64	68.916118
65	69.214928
66	93.802850
67	40.841041
68	26.530810
69	31.076297
70	28.237908
71	80.417161
72	96.757720
73	88.148553
74	73.267152
75	88.708867
76	99.111650
77	60.978514
78	52.761031
79	22.165228
80	5.359572
81	4.057227
82	55.141915
83	29.943971
84	20.523891
85	53.357202
86	32.799730
87	42.811634
88	23.315933
89	44.033818
90	68.194892
91	29.251282
92	70.575743
93	86.813922
94	37.650672
95	24.259606
96	15.328366
97	47.242066
98	67.861118
99	44.114235
100	40.255252
101	41.748299
102	26.953846
103	93.285463
104	44.795090
105	84.310043
106	53.369529
107	46.731273
108	60.862848
109	83.513885
110	32.876059
111	68.955324
112	26.117734
113	6.844448
114	68.488435
115	8.067219
116	27.943207
117	38.833038
118	31.809362
119	57.883402
120	40.111890
121	31.540734
122	44.146281
123	7.404022
124	96.847310
125	98.550810
126	15.932676
127	40.034859
128	78.688422
129	73.213498
130	92.045684
131	7.010593
132	85.615357
133	9.313031
134	29.663104
135	45.316145
136	18.085295
137	31.336673
138	44.029890
139	83.664488
140	39.101639
141	10.913214
142	62.002824
143	48.028521
144	33.237103
145	11.251409
146	14.810345
147	22.818273
148	65.173365
149	81.612254
150	41.399161
151	59.577310
152	92.660945
153	29.310678
154	85.599128
155	8.613740
156	88.870917
157	70.778590
158	3.901450
159	33.497613
160	17.388175
161	62.367349
162	73.565115
163	45.068041
164	10.921516
165	18.425891
166	47.444825
167	19.490516
168	69.772142
169	44.666049
170	21.873529
171	45.721234
172	68.674908
173	53.946685
174	37.810627
175	61.190167
176	34.399009
177	22.558795
178	76.505537
179	59.402672
180	38.998169
181	32.498835
182	25.363362
183	40.977591
184	55.410731
185	61.131008
186	96.852443
187	25.348144
188	27.851279
189	28.243116
190	89.456542
191	27.655096
192	59.677478
193	58.667546
194	15.479527
195	16.156522
196	14.237790
197	74.193585
198	84.584787
199	2.547626
200	37.987745
201	33.052444
202	57.882074
203	29.727970
204	87.463559
205	61.048018
206	4.179805
207	2.998334
208	46.328147
209	9.136510
210	18.779301
211	51.890101
212	84.691270
213	33.321479
214	70.028938
215	37.504043
216	67.733072
217	44.881724
218	54.988785
219	67.933882
220	5.572860
221	36.693460
222	84.416218
223	38.667060
224	88.476874
225	43.760714
226	89.374904
227	88.528762
228	25.338813
229	91.092354
230	33.566099
231	25.605786
232	4.198576
233	30.116043
234	80.675577
235	54.387034
236	4.193430
237	80.701517
238	37.019435
239	20.425026
240	47.474717
241	25.073017
242	29.154781
243	65.931655
244	97.390576
245	17.684183
246	32.113089
247	65.626666
248	65.874666
249	24.434109
250	77.842037
251	80.202979
252	45.205579
253	81.052758
254	96.800566
255	2.589685
256	79.845077
257	91.298891
258	62.749551
259	61.764226
260	32.552466
261	27.952771
262	88.543386
263	31.909652
264	55.309090
265	48.741312
266	2.308235
267	49.326483
268	96.153582
269	72.316907
270	66.962895
271	11.924317
272	77.756506
273	95.586565
274	20.160999
275	61.496425
276	49.586920
277	85.404071
278	1.644126
279	76.624346
280	41.253121
281	37.186897
282	14.216852
283	24.755303
284	18.795843
285	24.820298
286	7.498440
287	76.567643
288	24.866924
289	97.117077
290	31.436480
291	79.416532
292	96.170793
293	43.346966
294	26.752867
295	99.402355
296	32.199409
297	3.625705
298	23.012733
299	56.927848
300	37.634789
301	24.045073
302	83.201885
303	65.585474
304	72.711341
305	96.345373
306	51.880390
307	34.701834
308	63.935166
309	26.746928
310	39.464130
311	42.179319
312	8.129770
313	19.581791
314	39.561941
315	11.444208
316	87.005289
317	38.351729
318	63.059362
319	76.170761
320	41.626825
321	6.080629
322	80.131640
323	84.339306
324	90.350634
325	31.292002
326	90.947427
327	96.213553
328	91.272870
329	73.389748
330	41.558244
331	62.900997
332	28.041798
333	82.354263
334	8.626750
335	80.479104
336	55.760514
337	76.209053
338	72.432168
339	85.937800
340	20.232736
341	78.031964
342	32.199611
343	33.549246
344	85.921314
345	87.015807
346	15.925610
347	40.749354
348	23.926734
349	43.947364
350	53.963435
351	89.460629
352	7.323566
353	65.337788
354	38.587803
355	55.419025
356	76.009687
357	74.878618
358	53.528786
359	89.213751
360	80.632967
361	35.409638
362	58.790580
363	50.587065
364	43.115480
365	71.428250
366	21.399037
367	33.883763
368	24.897262
369	45.927827
370	84.167556
371	59.709253
372	81.605947
373	73.673249
374	69.301871
375	25.898977
376	32.110689
377	24.444017
378	41.627361
379	54.578873
380	40.839929
381	82.443347
382	16.187995
383	92.496159
384	1.880845
385	79.025614
386	20.418231
387	92.294255
388	80.598760
389	41.717199
390	76.668065
391	28.849325
392	51.425429
393	30.786357
394	87.744284
395	31.952157
396	65.689199
397	19.133543
398	41.304312
399	28.924240
400	79.659787
401	77.397450
402	31.940908
403	99.366841
404	18.763314
405	47.037639
406	78.719161
407	29.216624
408	24.541376
409	32.779765
410	31.167752
411	64.737070
412	45.660885
413	75.842877
414	35.816283
415	45.329388
416	70.409579
417	5.949912
418	22.650596
419	65.289491
420	15.054656
421	95.239929
422	30.119057
423	41.965784
424	97.759527
425	67.917326
426	60.385307
427	63.977596
428	80.971091
429	27.937155
430	64.246682
431	76.712778
432	18.579696
433	5.047498
434	52.205799
435	1.826278
436	61.769511
437	55.408368
438	86.862941
439	67.801313
440	93.974593
441	42.123638
442	27.253148
443	63.000277
444	7.377958
445	26.009752
446	61.881861
447	72.823094
448	4.964016
449	97.998199
450	45.420169
451	65.334762
452	63.134482
453	70.460948
454	22.328040
455	56.275221
456	71.199739
457	4.594134
458	70.402419
459	84.253947
460	8.319167
461	5.773921
462	58.597923
463	29.375813
464	88.493925
465	42.446798
466	31.518928
467	78.173371
468	13.827107
469	96.250168
470	54.934967
471	1.692862
472	1.113164
473	28.017940
474	42.157382
475	87.347590
476	61.042290
477	26.759708
478	42.079511
479	23.065256
480	15.190582
481	87.724911
482	76.437767
483	85.737850
484	64.861621
485	29.130171
486	85.500324
487	55.174550
488	40.415165
489	96.738748
490	50.415874
491	82.821137
492	36.147052
493	22.617561
494	76.323122
495	78.702565
496	90.829435
497	13.843895
498	48.606161
499	44.263844
500	60.702077
;

param: U :=
1	100.000000
2	100.000000
3	100.000000
4	100.000000
5	100.000000
6	100.000000
7	100.000000
8	100.000000
9	100.000000
10	100.000000
11	100.000000
12	100.000000
13	100.000000
14	100.000000
15	100.000000
16	100.000000
17	100.000000
18	100.000000
19	100.000000
20	100.000000
21	100.000000
22	100.000000
23	100.000000
24	100.000000
25	100.000000
26	100.000000
27	100.000000
28	100.000000
29	100.000000
30	100.000000
31	100.000000
32	100.000000
33	100.000000
34	100.000000
35	100.000000
36	100.000000
37	100.000000
38	100.000000
39	100.000000
40	100.000000
41	100.000000
42	100.000000
43	100.000000
44	100.000000
45	100.000000
46	100.000000
47	100.000000
48	100.000000
49	100.000000
50	100.000000
51	100.000000
52	100.000000
53	100.000000
54	100.000000
55	100.000000
56	100.000000
57	100.000000
58	100.000000
59	100.000000
60	100.000000
61	100.000000
62	100.000000
63	100.000000
64	100.000000
65	100.000000
66	100.000000
67	100.000000
68	100.000000
69	100.000000
70	100.000000
71	100.000000
72	100.000000
73	100.000000
74	100.000000
75	100.000000
76	100.000000
77	100.000000
78	100.000000
79	100.000000
80	100.000000
81	100.000000
82	100.000000
83	100.000000
84	100.000000
85	100.000000
86	100.000000
87	100.000000
88	100.000000
89	100.000000
90	100.000000
91	100.000000
92	100.000000
93	100.000000
94	100.000000
95	100.000000
96	100.000000
97	100.000000
98	100.000000
99	100.000000
100	100.000000
101	100.000000
102	100.000000
103	100.000000
104	100.000000
105	100.000000
106	100.000000
107	100.000000
108	100.000000
109	100.000000
110	100.000000
111	100.000000
112	100.000000
113	100.000000
114	100.000000
115	100.000000
116	100.000000
117	100.000000
118	100.000000
119	100.000000
120	100.000000
121	100.000000
122	100.000000
123	100.000000
124	100.000000
125	100.000000
126	100.000000
127	100.000000
128	100.000000
129	100.000000
130	100.000000
131	100.000000
132	100.000000
133	100.000000
134	100.000000
135	100.000000
136	100.000000
137	100.000000
138	100.000000
139	100.000000
140	100.000000
141	100.000000
142	100.000000
143	100.000000
144	100.000000
145	100.000000
146	100.000000
147	100.000000
148	100.000000
149	100.000000
150	100.000000
151	100.000000
152	100.000000
153	100.000000
154	100.000000
155	100.000000
156	100.000000
157	100.000000
158	100.000000
159	100.000000
160	100.000000
161	100.000000
162	100.000000
163	100.000000
164	100.000000
165	100.000000
166	100.000000
167	100.000000
168	100.000000
169	100.000000
170	100.000000
171	100.000000
172	100.000000
173	100.000000
174	100.000000
175	100.000000
176	100.000000
177	100.000000
178	100.000000
179	100.000000
180	100.000000
181	100.000000
182	100.000000
183	100.000000
184	100.000000
185	100.000000
186	100.000000
187	100.000000
188	100.000000
189	100.000000
190	100.000000
191	100.000000
192	100.000000
193	100.000000
194	100.000000
195	100.000000
196	100.000000
197	100.000000
198	100.000000
199	100.000000
200	100.000000
201	100.000000
202	100.000000
203	100.000000
204	100.000000
205	100.000000
206	100.000000
207	100.000000
208	100.000000
209	100.000000
210	100.000000
211	100.000000
212	100.000000
213	100.000000
214	100.000000
215	100.000000
216	100.000000
217	100.000000
218	100.000000
219	100.000000
220	100.000000
221	100.000000
222	100.000000
223	100.000000
224	100.000000
225	100.000000
226	100.000000
227	100.000000
228	100.000000
229	100.000000
230	100.000000
231	100.000000
232	100.000000
233	100.000000
234	100.000000
235	100.000000
236	100.000000
237	100.000000
238	100.000000
239	100.000000
240	100.000000
241	100.000000
242	100.000000
243	100.000000
244	100.000000
245	100.000000
246	100.000000
247	100.000000
248	100.000000
249	100.000000
250	100.000000
251	100.000000
252	100.000000
253	100.000000
254	100.000000
255	100.000000
256	100.000000
257	100.000000
258	100.000000
259	100.000000
260	100.000000
261	100.000000
262	100.000000
263	100.000000
264	100.000000
265	100.000000
266	100.000000
267	100.000000
268	100.000000
269	100.000000
270	100.000000
271	100.000000
272	100.000000
273	100.000000
274	100.000000
275	100.000000
276	100.000000
277	100.000000
278	100.000000
279	100.000000
280	100.000000
281	100.000000
282	100.000000
283	100.000000
284	100.000000
285	100.000000
286	100.000000
287	100.000000
288	100.000000
289	100.000000
290	100.000000
291	100.000000
292	100.000000
293	100.000000
294	100.000000
295	100.000000
296	100.000000
297	100.000000
298	100.000000
299	100.000000
300	100.000000
301	100.000000
302	100.000000
303	100.000000
304	100.000000
305	100.000000
306	100.000000
307	100.000000
308	100.000000
309	100.000000
310	100.000000
311	100.000000
312	100.000000
313	100.000000
314	100.000000
315	100.000000
316	100.000000
317	100.000000
318	100.000000
319	100.000000
320	100.000000
321	100.000000
322	100.000000
323	100.000000
324	100.000000
325	100.000000
326	100.000000
327	100.000000
328	100.000000
329	100.000000
330	100.000000
331	100.000000
332	100.000000
333	100.000000
334	100.000000
335	100.000000
336	100.000000
337	100.000000
338	100.000000
339	100.000000
340	100.000000
341	100.000000
342	100.000000
343	100.000000
344	100.000000
345	100.000000
346	100.000000
347	100.000000
348	100.000000
349	100.000000
350	100.000000
351	100.000000
352	100.000000
353	100.000000
354	100.000000
355	100.000000
356	100.000000
357	100.000000
358	100.000000
359	100.000000
360	100.000000
361	100.000000
362	100.000000
363	100.000000
364	100.000000
365	100.000000
366	100.000000
367	100.000000
368	100.000000
369	100.000000
370	100.000000
371	100.000000
372	100.000000
373	100.000000
374	100.000000
375	100.000000
376	100.000000
377	100.000000
378	100.000000
379	100.000000
380	100.000000
381	100.000000
382	100.000000
383	100.000000
384	100.000000
385	100.000000
386	100.000000
387	100.000000
388	100.000000
389	100.000000
390	100.000000
391	100.000000
392	100.000000
393	100.000000
394	100.000000
395	100.000000
396	100.000000
397	100.000000
398	100.000000
399	100.000000
400	100.000000
401	100.000000
402	100.000000
403	100.000000
404	100.000000
405	100.000000
406	100.000000
407	100.000000
408	100.000000
409	100.000000
410	100.000000
411	100.000000
412	100.000000
413	100.000000
414	100.000000
415	100.000000
416	100.000000
417	100.000000
418	100.000000
419	100.000000
420	100.000000
421	100.000000
422	100.000000
423	100.000000
424	100.000000
425	100.000000
426	100.000000
427	100.000000
428	100.000000
429	100.000000
430	100.000000
431	100.000000
432	100.000000
433	100.000000
434	100.000000
435	100.000000
436	100.000000
437	100.000000
438	100.000000
439	100.000000
440	100.000000
441	100.000000
442	100.000000
443	100.000000
444	100.000000
445	100.000000
446	100.000000
447	100.000000
448	100.000000
449	100.000000
450	100.000000
451	100.000000
452	100.000000
453	100.000000
454	100.000000
455	100.000000
456	100.000000
457	100.000000
458	100.000000
459	100.000000
460	100.000000
461	100.000000
462	100.000000
463	100.000000
464	100.000000
465	100.000000
466	100.000000
467	100.000000
468	100.000000
469	100.000000
470	100.000000
471	100.000000
472	100.000000
473	100.000000
474	100.000000
475	100.000000
476	100.000000
477	100.000000
478	100.000000
479	100.000000
480	100.000000
481	100.000000
482	100.000000
483	100.000000
484	100.000000
485	100.000000
486	100.000000
487	100.000000
488	100.000000
489	100.000000
490	100.000000
491	100.000000
492	100.000000
493	100.000000
494	100.000000
495	100.000000
496	100.000000
497	100.000000
498	100.000000
499	100.000000
500	100.000000
;

