# seed = 1254829604

param N := 200;

param M := 10;

param Umax := 100.000000;

param: C :=
1	296147.880286
2	103136.516206
3	15946.341438
4	52829.733732
5	9962.278371
6	3849.039606
7	2187.885280
8	1217.235828
9	624.185579
10	1279.948947
;

param: a :=
1	0.129642
2	0.124164
3	0.159608
4	0.138062
5	0.110248
6	0.121279
7	0.179163
8	0.140528
9	0.169563
10	0.105492
11	0.146220
12	0.199102
13	0.159971
14	0.161888
15	0.173355
16	0.109064
17	0.197741
18	0.150793
19	0.187984
20	0.124310
21	0.185353
22	0.120025
23	0.168281
24	0.124548
25	0.182181
26	0.132658
27	0.149271
28	0.124245
29	0.173527
30	0.111655
31	0.194499
32	0.165828
33	0.168274
34	0.144159
35	0.150371
36	0.141151
37	0.155814
38	0.198715
39	0.117465
40	0.100871
41	0.166803
42	0.152119
43	0.110103
44	0.105026
45	0.122216
46	0.118406
47	0.122213
48	0.176169
49	0.108969
50	0.149860
51	0.144572
52	0.106778
53	0.185319
54	0.138898
55	0.102986
56	0.198860
57	0.141530
58	0.112632
59	0.137993
60	0.160014
61	0.131724
62	0.171826
63	0.190070
64	0.117156
65	0.157527
66	0.130198
67	0.142762
68	0.128340
69	0.181834
70	0.127007
71	0.142725
72	0.124382
73	0.166829
74	0.162438
75	0.102348
76	0.181098
77	0.175795
78	0.147230
79	0.121877
80	0.120484
81	0.172938
82	0.187811
83	0.174037
84	0.177368
85	0.127595
86	0.147319
87	0.197806
88	0.183283
89	0.130128
90	0.153830
91	0.149631
92	0.158080
93	0.166052
94	0.140984
95	0.103321
96	0.110178
97	0.108662
98	0.153209
99	0.123267
100	0.169925
101	0.126894
102	0.121550
103	0.180064
104	0.192766
105	0.117697
106	0.178719
107	0.195119
108	0.159725
109	0.111308
110	0.168052
111	0.146573
112	0.164413
113	0.193976
114	0.148675
115	0.125122
116	0.120512
117	0.116367
118	0.151676
119	0.130255
120	0.144154
121	0.174008
122	0.179803
123	0.168108
124	0.175487
125	0.124686
126	0.199688
127	0.180313
128	0.179727
129	0.125499
130	0.184427
131	0.148572
132	0.181102
133	0.150173
134	0.197115
135	0.174447
136	0.107046
137	0.180763
138	0.115130
139	0.108069
140	0.199145
141	0.132685
142	0.167712
143	0.157930
144	0.104753
145	0.125710
146	0.109570
147	0.151187
148	0.110037
149	0.159905
150	0.123816
151	0.119492
152	0.198023
153	0.127894
154	0.198876
155	0.168002
156	0.192415
157	0.121852
158	0.195943
159	0.117450
160	0.193401
161	0.170027
162	0.159927
163	0.133589
164	0.179732
165	0.156420
166	0.127219
167	0.168407
168	0.144195
169	0.154557
170	0.185372
171	0.191000
172	0.173150
173	0.102185
174	0.135159
175	0.119572
176	0.116818
177	0.116173
178	0.179715
179	0.117950
180	0.183865
181	0.135433
182	0.186019
183	0.106605
184	0.102415
185	0.131512
186	0.184108
187	0.160372
188	0.170549
189	0.141307
190	0.188781
191	0.195551
192	0.113158
193	0.125592
194	0.126845
195	0.124844
196	0.167784
197	0.172674
198	0.194713
199	0.110271
200	0.194882
;

param: b :=
1	7.819468
2	32.241888
3	59.879523
4	50.058966
5	8.941892
6	60.799786
7	90.667672
8	64.675405
9	73.673392
10	29.725622
11	55.195696
12	62.649922
13	97.353647
14	66.380582
15	11.236469
16	9.539712
17	60.287043
18	70.900188
19	12.673052
20	64.214865
21	0.205333
22	48.535791
23	50.392071
24	28.757151
25	76.840045
26	92.935558
27	22.916817
28	86.421440
29	6.318896
30	20.964680
31	86.926784
32	21.289375
33	58.481117
34	12.510764
35	28.611381
36	51.490559
37	48.690781
38	8.302681
39	15.477675
40	43.395132
41	62.541086
42	64.821667
43	53.925360
44	51.981450
45	81.103030
46	99.080817
47	1.463356
48	1.422636
49	40.139229
50	81.698647
51	76.777705
52	77.640186
53	52.725246
54	35.279288
55	37.822451
56	6.305273
57	88.818238
58	74.747649
59	72.019321
60	90.654842
61	66.451743
62	36.038689
63	9.549705
64	40.347749
65	80.841571
66	75.525561
67	28.331352
68	71.918818
69	47.613321
70	68.093662
71	36.800720
72	71.989754
73	90.397393
74	0.612599
75	45.821410
76	78.843037
77	39.498762
78	91.960929
79	41.897080
80	81.243520
81	85.240630
82	59.804384
83	28.459063
84	16.184662
85	52.526253
86	78.073124
87	35.038332
88	76.669137
89	73.239106
90	3.573384
91	69.423938
92	30.099563
93	8.460935
94	95.542411
95	44.660891
96	14.943508
97	18.186815
98	53.490426
99	24.347637
100	91.489610
101	47.234449
102	5.055944
103	4.650738
104	59.469074
105	47.100433
106	60.228952
107	37.762351
108	67.351699
109	63.079666
110	95.873230
111	39.301037
112	67.403850
113	48.627828
114	5.077105
115	97.679990
116	61.166264
117	95.893931
118	47.586637
119	35.485346
120	94.964042
121	31.057655
122	45.693142
123	92.829706
124	41.855098
125	57.724457
126	18.562920
127	59.610863
128	39.131435
129	33.172942
130	91.893867
131	32.702759
132	67.109615
133	60.392305
134	85.456374
135	53.098717
136	67.298443
137	20.825529
138	38.952684
139	90.978540
140	17.507587
141	32.444615
142	23.426158
143	9.874354
144	81.078454
145	68.178984
146	4.279291
147	24.419289
148	17.104433
149	50.581217
150	81.163071
151	56.203669
152	41.923845
153	55.289066
154	32.652902
155	23.006176
156	47.907461
157	9.514179
158	29.327314
159	89.453693
160	74.402789
161	83.188677
162	38.327048
163	62.358642
164	64.136630
165	80.973542
166	38.539260
167	41.968050
168	88.843897
169	32.972633
170	72.152726
171	64.781266
172	33.368864
173	72.460538
174	83.295303
175	15.922807
176	96.652216
177	73.120909
178	5.973437
179	30.359277
180	0.386697
181	93.658681
182	67.902625
183	82.688207
184	56.115154
185	33.004396
186	97.864258
187	72.295515
188	24.066094
189	78.746057
190	66.866880
191	41.777103
192	94.306888
193	72.149392
194	61.750440
195	59.434217
196	86.894438
197	74.595757
198	0.758646
199	73.945136
200	40.580403
;

param: c :=
1	61.348701
2	73.537764
3	22.101046
4	39.456410
5	95.150967
6	19.088687
7	65.881567
8	79.786244
9	30.693369
10	5.003055
11	74.057248
12	1.909084
13	14.343306
14	2.540829
15	54.119570
16	32.625699
17	9.683486
18	64.308262
19	86.444406
20	4.906383
21	17.125240
22	13.793089
23	22.889548
24	93.090563
25	94.132071
26	43.382112
27	19.991550
28	10.924740
29	89.464525
30	13.040412
31	86.660875
32	48.488070
33	81.770447
34	11.298680
35	56.867675
36	45.992854
37	43.162806
38	58.611659
39	75.994031
40	16.254276
41	27.090648
42	53.867304
43	67.703797
44	4.702599
45	14.662513
46	23.733898
47	73.791854
48	89.955753
49	53.459672
50	45.386810
51	26.439416
52	74.068067
53	13.763843
54	3.451697
55	5.454420
56	96.193663
57	37.645168
58	25.692584
59	57.984975
60	66.409298
61	57.330975
62	29.202698
63	69.103517
64	52.266821
65	99.067555
66	23.253326
67	5.443037
68	1.548950
69	49.488178
70	15.676399
71	91.783732
72	27.837806
73	96.927969
74	62.409036
75	5.769079
76	64.852818
77	94.917928
78	53.280705
79	29.993865
80	14.781817
81	91.052109
82	15.919354
83	96.077275
84	87.998704
85	33.149722
86	52.575062
87	46.206874
88	73.549370
89	57.792284
90	58.378258
91	86.748568
92	5.086102
93	27.238652
94	73.987944
95	67.984062
96	74.439433
97	26.196209
98	31.067000
99	72.606534
100	32.149269
101	50.683509
102	23.291406
103	91.798675
104	53.551479
105	42.112001
106	89.096015
107	51.376685
108	37.696582
109	67.991427
110	28.808627
111	66.806776
112	89.833600
113	16.034328
114	61.781668
115	51.172761
116	96.660337
117	22.071261
118	51.982772
119	49.723660
120	85.914973
121	79.015581
122	85.337703
123	90.908014
124	23.589799
125	18.849955
126	98.977575
127	55.555873
128	30.484834
129	8.424167
130	65.207229
131	77.088031
132	25.674971
133	12.323274
134	58.852487
135	83.694331
136	61.399514
137	8.018330
138	55.356936
139	79.424128
140	82.163976
141	98.206104
142	82.614172
143	16.505379
144	6.678159
145	12.862346
146	6.079191
147	94.721573
148	64.225143
149	56.090053
150	97.607745
151	9.451692
152	65.617070
153	58.077057
154	21.786181
155	75.885593
156	80.579619
157	34.604816
158	83.791921
159	88.718868
160	44.722196
161	60.510149
162	55.188071
163	37.863856
164	22.989975
165	15.149989
166	30.903078
167	36.914733
168	26.207262
169	91.708854
170	65.303298
171	16.650121
172	48.459170
173	47.278392
174	90.221635
175	15.651350
176	80.496328
177	69.794970
178	12.639356
179	82.487462
180	52.754540
181	77.675372
182	1.591598
183	23.144850
184	21.484671
185	14.648481
186	98.619184
187	65.609774
188	91.282747
189	73.269601
190	11.261485
191	14.925974
192	53.640418
193	3.464660
194	34.262606
195	12.637252
196	90.752635
197	38.937047
198	79.101815
199	84.685682
200	26.896860
;

param: d :=
1	-43.123315
2	-93.861559
3	-18.729303
4	-64.610266
5	-14.086397
6	-38.974288
7	-59.488223
8	-85.934403
9	-8.336392
10	-55.051921
11	-58.628704
12	-81.809429
13	-74.147251
14	-58.326093
15	-95.951957
16	-85.933286
17	-28.201696
18	-47.298131
19	-97.672798
20	-73.149341
21	-60.527868
22	-47.348985
23	-22.035634
24	-11.143851
25	-31.374272
26	-62.435745
27	-33.603877
28	-61.961984
29	-3.583207
30	-95.254538
31	-11.368497
32	-90.789766
33	-11.734163
34	-44.915864
35	-60.164340
36	-45.808651
37	-57.525441
38	-52.796612
39	-0.764264
40	-87.830049
41	-76.329270
42	-1.888324
43	-46.733869
44	-36.362260
45	-1.790455
46	-65.339699
47	-50.696186
48	-69.964097
49	-23.327434
50	-45.437809
51	-40.765839
52	-69.487920
53	-40.889311
54	-71.146318
55	-43.554318
56	-55.753410
57	-32.030534
58	-13.299514
59	-48.243087
60	-36.534267
61	-62.821091
62	-31.980345
63	-72.284670
64	-57.151500
65	-84.488475
66	-3.393137
67	-99.907174
68	-42.456841
69	-49.062254
70	-20.725830
71	-58.207811
72	-52.364457
73	-27.727862
74	-36.012820
75	-48.164313
76	-3.225871
77	-32.421288
78	-24.932020
79	-81.194710
80	-17.106880
81	-21.293346
82	-47.335917
83	-31.045511
84	-69.351069
85	-42.410960
86	-37.899243
87	-11.142128
88	-0.797455
89	-73.794842
90	-58.171237
91	-17.219378
92	-89.344827
93	-87.740779
94	-85.466992
95	-38.886551
96	-31.444085
97	-4.589684
98	-41.704710
99	-49.494028
100	-56.086716
101	-5.121713
102	-4.011010
103	-93.740114
104	-76.166887
105	-9.696389
106	-89.131873
107	-54.197859
108	-16.984010
109	-96.892883
110	-78.396040
111	-11.315009
112	-46.490805
113	-54.647478
114	-13.628452
115	-6.886216
116	-50.679060
117	-16.826544
118	-58.490490
119	-53.710924
120	-94.064702
121	-74.819171
122	-23.536974
123	-9.820811
124	-72.530292
125	-25.590709
126	-14.397204
127	-40.671253
128	-34.934985
129	-83.593069
130	-91.982872
131	-32.578208
132	-19.920861
133	-94.270938
134	-72.400200
135	-17.128886
136	-27.746308
137	-42.148880
138	-59.194649
139	-79.607379
140	-42.002333
141	-83.620304
142	-70.888734
143	-34.051926
144	-39.890363
145	-94.865889
146	-8.266076
147	-50.607318
148	-7.348526
149	-23.589629
150	-69.506313
151	-67.646103
152	-95.897512
153	-77.384400
154	-36.898816
155	-75.908067
156	-9.977371
157	-68.695982
158	-38.440335
159	-24.473253
160	-84.813203
161	-54.087836
162	-59.493684
163	-31.805965
164	-36.476147
165	-54.861356
166	-28.058522
167	-71.082800
168	-0.616586
169	-7.579206
170	-91.638511
171	-93.850418
172	-95.946513
173	-60.900040
174	-38.634132
175	-88.719299
176	-17.878684
177	-67.176973
178	-71.825950
179	-34.771909
180	-25.913166
181	-48.915393
182	-33.484699
183	-23.599726
184	-84.945302
185	-86.000942
186	-63.137742
187	-61.952880
188	-27.859246
189	-35.548462
190	-89.734493
191	-89.800830
192	-88.222356
193	-8.798716
194	-81.872471
195	-1.886398
196	-20.954932
197	-12.399814
198	-51.646374
199	-86.264379
200	-70.855199
;

param: weight :=
1	74.899804
2	89.878554
3	75.050317
4	41.805102
5	25.794190
6	58.481477
7	48.068913
8	71.105707
9	55.394648
10	65.464203
11	41.698205
12	24.438878
13	38.486769
14	80.641717
15	3.871075
16	54.942913
17	2.641756
18	89.199852
19	39.140543
20	6.829884
21	5.210843
22	62.976480
23	22.968471
24	81.644430
25	79.375575
26	20.588354
27	62.765059
28	39.681730
29	84.440429
30	10.722621
31	55.996987
32	59.265094
33	25.628468
34	51.043292
35	25.777892
36	56.673661
37	37.949061
38	18.337785
39	4.706077
40	98.494475
41	3.352978
42	19.822886
43	96.435920
44	99.192990
45	80.535378
46	12.138261
47	25.882745
48	99.538969
49	93.471307
50	45.883023
51	75.237378
52	13.177482
53	3.008770
54	65.662039
55	15.350067
56	61.258789
57	48.571875
58	6.207132
59	31.818710
60	20.313439
61	23.668450
62	80.482426
63	77.743980
64	27.777752
65	33.272499
66	39.601381
67	65.855158
68	40.539088
69	75.575364
70	11.832740
71	52.789123
72	68.910650
73	90.585317
74	58.574201
75	96.791565
76	58.536036
77	81.478042
78	40.200507
79	15.027526
80	45.778393
81	37.705554
82	57.012728
83	96.077398
84	91.340116
85	71.618227
86	61.356582
87	14.607536
88	30.039889
89	42.771660
90	34.880092
91	27.742849
92	92.278317
93	97.345619
94	94.797506
95	71.157388
96	57.204548
97	1.957763
98	64.504143
99	37.240789
100	6.962392
101	9.264419
102	73.875741
103	1.060443
104	18.586720
105	97.630341
106	5.100814
107	33.314232
108	63.707282
109	69.646157
110	20.509280
111	30.308602
112	78.489257
113	94.485670
114	88.212164
115	1.779236
116	82.942522
117	84.733133
118	2.084874
119	81.029489
120	81.522235
121	24.929725
122	95.063942
123	76.243131
124	83.530962
125	4.973398
126	25.253236
127	84.943775
128	16.438516
129	24.118610
130	20.169939
131	8.040930
132	53.185287
133	20.523841
134	51.016175
135	69.810591
136	75.562415
137	88.364848
138	19.841505
139	96.740526
140	45.656313
141	16.162572
142	95.723051
143	68.048220
144	22.664968
145	88.685889
146	62.654188
147	41.390995
148	46.753542
149	17.363998
150	41.859981
151	61.724401
152	34.321191
153	5.634930
154	26.051332
155	99.422382
156	78.617136
157	42.449395
158	34.095504
159	12.948601
160	38.128933
161	8.207804
162	29.066180
163	93.726034
164	26.439333
165	56.935286
166	54.188796
167	88.001412
168	30.056710
169	2.155001
170	36.319813
171	10.820711
172	6.257239
173	2.363960
174	82.851930
175	9.260165
176	5.963568
177	79.477787
178	10.926655
179	69.764644
180	62.135039
181	5.889989
182	50.523702
183	16.356122
184	84.446312
185	98.250162
186	72.231581
187	24.146321
188	90.675580
189	55.594868
190	82.102362
191	56.218399
192	31.857454
193	11.094547
194	34.552282
195	24.646898
196	97.188345
197	84.946978
198	13.410927
199	65.494956
200	59.120853
;

param: U :=
1	100.000000
2	100.000000
3	100.000000
4	100.000000
5	100.000000
6	100.000000
7	100.000000
8	100.000000
9	100.000000
10	100.000000
11	100.000000
12	100.000000
13	100.000000
14	100.000000
15	100.000000
16	100.000000
17	100.000000
18	100.000000
19	100.000000
20	100.000000
21	100.000000
22	100.000000
23	100.000000
24	100.000000
25	100.000000
26	100.000000
27	100.000000
28	100.000000
29	100.000000
30	100.000000
31	100.000000
32	100.000000
33	100.000000
34	100.000000
35	100.000000
36	100.000000
37	100.000000
38	100.000000
39	100.000000
40	100.000000
41	100.000000
42	100.000000
43	100.000000
44	100.000000
45	100.000000
46	100.000000
47	100.000000
48	100.000000
49	100.000000
50	100.000000
51	100.000000
52	100.000000
53	100.000000
54	100.000000
55	100.000000
56	100.000000
57	100.000000
58	100.000000
59	100.000000
60	100.000000
61	100.000000
62	100.000000
63	100.000000
64	100.000000
65	100.000000
66	100.000000
67	100.000000
68	100.000000
69	100.000000
70	100.000000
71	100.000000
72	100.000000
73	100.000000
74	100.000000
75	100.000000
76	100.000000
77	100.000000
78	100.000000
79	100.000000
80	100.000000
81	100.000000
82	100.000000
83	100.000000
84	100.000000
85	100.000000
86	100.000000
87	100.000000
88	100.000000
89	100.000000
90	100.000000
91	100.000000
92	100.000000
93	100.000000
94	100.000000
95	100.000000
96	100.000000
97	100.000000
98	100.000000
99	100.000000
100	100.000000
101	100.000000
102	100.000000
103	100.000000
104	100.000000
105	100.000000
106	100.000000
107	100.000000
108	100.000000
109	100.000000
110	100.000000
111	100.000000
112	100.000000
113	100.000000
114	100.000000
115	100.000000
116	100.000000
117	100.000000
118	100.000000
119	100.000000
120	100.000000
121	100.000000
122	100.000000
123	100.000000
124	100.000000
125	100.000000
126	100.000000
127	100.000000
128	100.000000
129	100.000000
130	100.000000
131	100.000000
132	100.000000
133	100.000000
134	100.000000
135	100.000000
136	100.000000
137	100.000000
138	100.000000
139	100.000000
140	100.000000
141	100.000000
142	100.000000
143	100.000000
144	100.000000
145	100.000000
146	100.000000
147	100.000000
148	100.000000
149	100.000000
150	100.000000
151	100.000000
152	100.000000
153	100.000000
154	100.000000
155	100.000000
156	100.000000
157	100.000000
158	100.000000
159	100.000000
160	100.000000
161	100.000000
162	100.000000
163	100.000000
164	100.000000
165	100.000000
166	100.000000
167	100.000000
168	100.000000
169	100.000000
170	100.000000
171	100.000000
172	100.000000
173	100.000000
174	100.000000
175	100.000000
176	100.000000
177	100.000000
178	100.000000
179	100.000000
180	100.000000
181	100.000000
182	100.000000
183	100.000000
184	100.000000
185	100.000000
186	100.000000
187	100.000000
188	100.000000
189	100.000000
190	100.000000
191	100.000000
192	100.000000
193	100.000000
194	100.000000
195	100.000000
196	100.000000
197	100.000000
198	100.000000
199	100.000000
200	100.000000
;

