# seed = 1254829604

param N := 200;

param M := 10;

param Umax := 100.000000;

param: C :=
1	505148.000000
2	27650.000000
3	3337.000000
4	6436.000000
5	4473.000000
6	1531.000000
7	16.000000
8	12.000000
9	35.000000
10	62.000000
;

param: a :=
1	0.183483
2	0.106507
3	0.126124
4	0.134981
5	0.150691
6	0.153669
7	0.191919
8	0.144971
9	0.194722
10	0.121454
11	0.101768
12	0.165594
13	0.169214
14	0.116287
15	0.194883
16	0.127733
17	0.110498
18	0.176044
19	0.183220
20	0.181384
21	0.188239
22	0.149938
23	0.167870
24	0.162833
25	0.159761
26	0.151336
27	0.126555
28	0.159034
29	0.199776
30	0.132991
31	0.119301
32	0.113523
33	0.145226
34	0.143300
35	0.130968
36	0.130437
37	0.110012
38	0.186647
39	0.128592
40	0.105125
41	0.129399
42	0.145737
43	0.190513
44	0.147300
45	0.179696
46	0.144759
47	0.134494
48	0.170658
49	0.119984
50	0.196458
51	0.137843
52	0.187686
53	0.170498
54	0.176505
55	0.151673
56	0.136116
57	0.164261
58	0.158997
59	0.108161
60	0.174936
61	0.197771
62	0.109904
63	0.129114
64	0.112793
65	0.112939
66	0.107556
67	0.166559
68	0.155995
69	0.163641
70	0.165975
71	0.101674
72	0.197811
73	0.151084
74	0.118824
75	0.127427
76	0.156326
77	0.145755
78	0.156491
79	0.173136
80	0.187588
81	0.188345
82	0.123307
83	0.142286
84	0.148842
85	0.117638
86	0.131835
87	0.144760
88	0.156974
89	0.114187
90	0.198228
91	0.125793
92	0.121849
93	0.134263
94	0.155809
95	0.174974
96	0.143500
97	0.178512
98	0.120864
99	0.187635
100	0.175196
101	0.143024
102	0.139291
103	0.139015
104	0.140573
105	0.159921
106	0.142078
107	0.114121
108	0.156524
109	0.131193
110	0.176275
111	0.143510
112	0.160580
113	0.175164
114	0.111308
115	0.176482
116	0.170498
117	0.101976
118	0.102223
119	0.155411
120	0.189665
121	0.158887
122	0.193710
123	0.175302
124	0.163187
125	0.162299
126	0.137207
127	0.140283
128	0.171547
129	0.104995
130	0.106348
131	0.134363
132	0.141009
133	0.105458
134	0.153847
135	0.151546
136	0.199622
137	0.136836
138	0.108902
139	0.113996
140	0.174490
141	0.170203
142	0.151717
143	0.124541
144	0.115293
145	0.152253
146	0.172823
147	0.125008
148	0.184409
149	0.124169
150	0.123186
151	0.141289
152	0.129502
153	0.150612
154	0.131719
155	0.176316
156	0.157661
157	0.166238
158	0.193795
159	0.199765
160	0.143784
161	0.175245
162	0.113568
163	0.182303
164	0.175450
165	0.146115
166	0.155882
167	0.132490
168	0.183453
169	0.129310
170	0.145514
171	0.138435
172	0.175591
173	0.146728
174	0.118611
175	0.121176
176	0.127765
177	0.115236
178	0.104330
179	0.183759
180	0.179813
181	0.178424
182	0.164652
183	0.142765
184	0.160036
185	0.150506
186	0.174372
187	0.129546
188	0.121687
189	0.199112
190	0.128751
191	0.100947
192	0.193334
193	0.193913
194	0.147231
195	0.139774
196	0.162288
197	0.198856
198	0.168550
199	0.122337
200	0.142564
;

param: b :=
1	6.684203
2	10.595033
3	68.195669
4	75.990428
5	85.799145
6	34.728631
7	46.550314
8	29.267901
9	13.780813
10	17.125551
11	56.214069
12	15.713640
13	63.327383
14	5.105983
15	12.559160
16	64.059112
17	26.680122
18	60.560251
19	30.234763
20	24.837810
21	91.623260
22	22.515123
23	72.265366
24	69.710712
25	50.491717
26	36.441741
27	35.050853
28	31.726554
29	25.191831
30	36.716316
31	20.544373
32	31.603408
33	23.958981
34	29.065050
35	95.423720
36	29.717727
37	38.306396
38	78.014198
39	43.916199
40	85.358518
41	73.567423
42	71.414674
43	61.772341
44	88.205308
45	26.069680
46	84.197394
47	17.170662
48	56.660994
49	61.183395
50	96.010779
51	80.431496
52	13.414189
53	75.666893
54	41.520943
55	26.051583
56	18.325282
57	24.906201
58	71.504731
59	73.196282
60	3.022286
61	69.860484
62	7.262348
63	44.937503
64	87.603352
65	27.929344
66	76.219345
67	90.907207
68	11.605084
69	95.162370
70	95.666149
71	79.174772
72	72.727967
73	21.838971
74	71.346253
75	51.781051
76	30.621588
77	69.372258
78	86.929176
79	64.253164
80	48.731524
81	50.160232
82	77.227774
83	99.381713
84	74.808925
85	29.249839
86	69.274031
87	71.131292
88	56.718918
89	44.687862
90	77.327733
91	91.295649
92	9.858788
93	74.496900
94	33.404468
95	39.257472
96	82.929401
97	7.107743
98	63.052543
99	97.382888
100	7.220514
101	14.797786
102	67.019305
103	62.874508
104	7.762008
105	23.198212
106	2.402776
107	92.320375
108	24.960400
109	77.967885
110	27.208780
111	3.327180
112	53.852600
113	56.530184
114	88.711699
115	25.359925
116	24.954565
117	86.635197
118	48.526179
119	10.323260
120	62.187931
121	33.306834
122	35.016829
123	34.890244
124	49.212458
125	70.860281
126	99.429534
127	27.316653
128	15.707303
129	53.789073
130	32.959672
131	40.009933
132	66.265448
133	65.220038
134	66.566282
135	85.694868
136	41.405987
137	83.976713
138	97.115011
139	63.563724
140	29.855104
141	28.960497
142	68.667680
143	76.980403
144	92.570286
145	8.590181
146	14.015571
147	68.174880
148	72.975234
149	14.374173
150	41.720102
151	5.640231
152	28.351056
153	68.963354
154	55.410814
155	61.776310
156	89.601818
157	89.562644
158	40.644377
159	3.588130
160	25.981396
161	83.296988
162	92.522999
163	9.728900
164	24.727272
165	48.657782
166	43.462421
167	61.127978
168	71.423023
169	5.071464
170	35.119919
171	53.144508
172	75.608970
173	76.983487
174	63.921959
175	36.434146
176	91.333280
177	26.931211
178	23.497527
179	47.343160
180	24.990127
181	7.250179
182	97.950508
183	11.111504
184	98.602470
185	66.062229
186	75.292885
187	44.529885
188	62.746237
189	8.854554
190	72.526609
191	61.772787
192	21.879693
193	20.311388
194	84.217007
195	59.008928
196	38.257874
197	64.964548
198	13.081093
199	95.009258
200	2.083900
;

param: c :=
1	30.841953
2	42.685966
3	87.422228
4	84.069434
5	60.277395
6	5.815043
7	90.921329
8	1.550200
9	47.722516
10	97.179582
11	84.468235
12	84.976644
13	25.331353
14	15.356030
15	6.543646
16	11.829379
17	25.796334
18	4.438897
19	95.296224
20	95.475846
21	55.233690
22	98.287764
23	74.107627
24	27.792322
25	60.966467
26	83.880816
27	24.805385
28	52.348300
29	65.758818
30	88.568907
31	54.479813
32	12.043501
33	13.466437
34	37.474571
35	11.578683
36	6.023469
37	11.045310
38	50.176883
39	99.376814
40	43.012260
41	76.430153
42	0.011990
43	28.726856
44	4.277917
45	30.812079
46	53.487102
47	0.364217
48	29.563132
49	70.194109
50	50.946941
51	19.557672
52	43.701453
53	18.356401
54	43.251575
55	73.374807
56	70.772810
57	99.492523
58	6.975288
59	88.344983
60	85.579690
61	35.141860
62	10.053219
63	19.231929
64	0.260708
65	63.497670
66	57.469057
67	64.266968
68	69.315464
69	37.219288
70	11.372492
71	43.363810
72	56.677897
73	56.771281
74	35.145249
75	32.556746
76	30.320320
77	76.032334
78	7.271775
79	64.047784
80	50.950766
81	88.652435
82	45.428142
83	14.298409
84	75.429485
85	52.230872
86	7.888492
87	42.167461
88	69.260955
89	9.727558
90	37.814825
91	62.691564
92	42.255763
93	63.776230
94	64.628130
95	80.494486
96	45.070722
97	47.882402
98	94.989934
99	67.286467
100	7.217808
101	71.548352
102	82.428721
103	55.442259
104	67.131062
105	68.264793
106	81.829829
107	57.024371
108	82.858599
109	72.196970
110	72.627769
111	85.970332
112	32.937052
113	95.468916
114	67.159644
115	5.631996
116	39.204080
117	71.688295
118	52.262263
119	47.465840
120	31.222967
121	81.714665
122	6.940475
123	64.777550
124	71.362955
125	94.695341
126	83.927933
127	89.561096
128	26.852555
129	83.511592
130	49.991418
131	19.269430
132	49.203917
133	62.011677
134	2.924680
135	98.842837
136	88.426999
137	59.127244
138	79.300999
139	87.272414
140	25.149281
141	96.249930
142	5.424104
143	2.257607
144	30.200992
145	14.239554
146	14.452985
147	20.390537
148	5.888442
149	90.099892
150	90.613118
151	44.904441
152	59.181582
153	94.497770
154	63.196565
155	59.617746
156	29.923354
157	48.628913
158	73.442203
159	53.563038
160	30.001104
161	25.364679
162	39.314752
163	30.359339
164	61.515331
165	81.291909
166	68.902042
167	33.740344
168	88.513400
169	24.643208
170	60.731084
171	32.670389
172	96.284982
173	22.620251
174	6.261601
175	91.761453
176	31.223497
177	51.507281
178	22.266953
179	44.974090
180	91.733801
181	68.548324
182	44.402576
183	13.378067
184	82.515524
185	46.560453
186	97.431832
187	68.617334
188	12.665636
189	69.733141
190	1.729653
191	20.891840
192	32.545889
193	32.515673
194	81.151960
195	59.160766
196	44.026096
197	11.297322
198	34.351639
199	24.157859
200	41.756643
;

param: d :=
1	-55.595147
2	-49.741054
3	-92.591659
4	-18.456461
5	-5.966055
6	-36.932601
7	-77.239254
8	-12.343151
9	-17.855332
10	-94.476846
11	-37.954865
12	-28.591410
13	-39.864900
14	-82.163280
15	-57.394608
16	-75.087618
17	-5.033296
18	-38.979007
19	-91.448711
20	-3.259616
21	-5.217676
22	-38.233103
23	-6.333636
24	-32.728220
25	-44.942613
26	-53.187824
27	-18.210964
28	-42.678198
29	-26.116567
30	-39.216790
31	-19.732922
32	-2.596365
33	-29.968988
34	-4.352085
35	-3.273161
36	-80.994215
37	-35.508621
38	-1.309428
39	-57.941096
40	-57.400599
41	-59.022204
42	-48.239225
43	-98.441763
44	-2.522786
45	-20.927437
46	-12.228450
47	-89.076312
48	-29.329531
49	-51.289552
50	-99.264254
51	-31.345101
52	-58.826641
53	-29.137536
54	-93.932009
55	-78.132547
56	-12.936620
57	-16.181525
58	-97.301965
59	-73.482573
60	-81.812861
61	-28.854092
62	-19.323299
63	-71.393230
64	-80.231683
65	-98.716220
66	-6.863894
67	-98.298807
68	-33.951877
69	-17.126880
70	-33.764026
71	-34.828450
72	-44.720363
73	-84.648651
74	-11.860140
75	-35.353678
76	-32.301622
77	-10.881404
78	-86.831217
79	-70.092872
80	-77.266802
81	-79.098112
82	-46.373073
83	-81.681962
84	-43.886008
85	-18.313918
86	-17.213850
87	-66.587688
88	-97.597843
89	-71.514484
90	-26.342649
91	-21.976596
92	-70.262976
93	-23.569547
94	-74.929634
95	-15.298466
96	-18.684789
97	-58.795989
98	-36.880104
99	-48.588897
100	-60.176190
101	-76.481081
102	-15.637938
103	-13.102125
104	-64.436660
105	-72.792904
106	-50.704058
107	-14.330940
108	-61.047588
109	-13.364625
110	-56.593449
111	-88.225534
112	-57.590524
113	-67.811992
114	-5.833190
115	-51.320924
116	-56.874476
117	-12.053468
118	-64.840377
119	-49.120279
120	-43.175272
121	-35.480927
122	-67.085955
123	-53.010113
124	-84.550523
125	-90.235550
126	-31.570424
127	-78.002662
128	-21.512518
129	-30.227541
130	-22.288677
131	-70.941161
132	-75.062635
133	-4.980725
134	-19.300041
135	-64.942380
136	-50.386785
137	-43.894422
138	-41.894455
139	-23.992300
140	-22.585530
141	-30.954117
142	-59.855745
143	-16.331341
144	-5.405842
145	-60.474219
146	-2.028166
147	-78.742023
148	-10.167242
149	-73.573057
150	-46.613136
151	-44.471497
152	-56.044693
153	-28.997840
154	-62.393026
155	-33.584054
156	-51.726305
157	-88.857945
158	-47.023493
159	-5.737136
160	-93.019066
161	-65.137578
162	-56.508714
163	-69.067653
164	-51.107312
165	-0.321948
166	-14.116698
167	-42.144909
168	-77.231970
169	-40.330567
170	-92.970507
171	-80.273228
172	-55.506924
173	-19.531319
174	-92.875949
175	-54.180883
176	-11.503652
177	-52.093507
178	-99.385177
179	-93.620524
180	-13.925730
181	-29.814757
182	-4.124600
183	-5.727371
184	-17.696997
185	-4.519783
186	-33.893905
187	-1.905665
188	-33.910795
189	-87.509441
190	-88.733339
191	-52.492601
192	-9.234622
193	-37.469623
194	-40.103563
195	-90.493263
196	-35.982398
197	-80.252452
198	-98.903785
199	-45.146900
200	-76.284458
;

param: weight :=
1	54.000000
2	93.000000
3	73.000000
4	5.000000
5	81.000000
6	84.000000
7	91.000000
8	79.000000
9	21.000000
10	98.000000
11	50.000000
12	78.000000
13	86.000000
14	92.000000
15	94.000000
16	69.000000
17	88.000000
18	32.000000
19	90.000000
20	43.000000
21	34.000000
22	47.000000
23	67.000000
24	31.000000
25	59.000000
26	33.000000
27	30.000000
28	93.000000
29	19.000000
30	4.000000
31	75.000000
32	78.000000
33	6.000000
34	86.000000
35	69.000000
36	90.000000
37	19.000000
38	75.000000
39	14.000000
40	81.000000
41	70.000000
42	90.000000
43	27.000000
44	87.000000
45	68.000000
46	27.000000
47	58.000000
48	9.000000
49	63.000000
50	93.000000
51	59.000000
52	2.000000
53	86.000000
54	13.000000
55	75.000000
56	19.000000
57	93.000000
58	13.000000
59	44.000000
60	9.000000
61	91.000000
62	94.000000
63	29.000000
64	90.000000
65	54.000000
66	94.000000
67	62.000000
68	92.000000
69	24.000000
70	16.000000
71	80.000000
72	66.000000
73	24.000000
74	38.000000
75	35.000000
76	96.000000
77	35.000000
78	42.000000
79	79.000000
80	37.000000
81	15.000000
82	45.000000
83	88.000000
84	88.000000
85	59.000000
86	92.000000
87	92.000000
88	11.000000
89	63.000000
90	34.000000
91	73.000000
92	92.000000
93	8.000000
94	36.000000
95	68.000000
96	57.000000
97	85.000000
98	92.000000
99	74.000000
100	32.000000
101	99.000000
102	48.000000
103	5.000000
104	71.000000
105	74.000000
106	42.000000
107	16.000000
108	10.000000
109	65.000000
110	63.000000
111	31.000000
112	4.000000
113	42.000000
114	28.000000
115	12.000000
116	68.000000
117	98.000000
118	91.000000
119	43.000000
120	56.000000
121	82.000000
122	78.000000
123	23.000000
124	84.000000
125	22.000000
126	56.000000
127	91.000000
128	49.000000
129	1.000000
130	48.000000
131	50.000000
132	35.000000
133	87.000000
134	45.000000
135	55.000000
136	19.000000
137	13.000000
138	22.000000
139	58.000000
140	11.000000
141	64.000000
142	19.000000
143	33.000000
144	51.000000
145	84.000000
146	91.000000
147	37.000000
148	13.000000
149	98.000000
150	36.000000
151	45.000000
152	27.000000
153	90.000000
154	45.000000
155	88.000000
156	43.000000
157	45.000000
158	84.000000
159	74.000000
160	63.000000
161	50.000000
162	41.000000
163	21.000000
164	77.000000
165	43.000000
166	50.000000
167	96.000000
168	15.000000
169	36.000000
170	84.000000
171	53.000000
172	61.000000
173	35.000000
174	86.000000
175	96.000000
176	98.000000
177	47.000000
178	68.000000
179	28.000000
180	32.000000
181	53.000000
182	86.000000
183	59.000000
184	99.000000
185	72.000000
186	61.000000
187	15.000000
188	59.000000
189	4.000000
190	55.000000
191	57.000000
192	88.000000
193	19.000000
194	50.000000
195	71.000000
196	50.000000
197	13.000000
198	4.000000
199	57.000000
200	62.000000
;

param: U :=
1	100.000000
2	100.000000
3	100.000000
4	100.000000
5	100.000000
6	100.000000
7	100.000000
8	100.000000
9	100.000000
10	100.000000
11	100.000000
12	100.000000
13	100.000000
14	100.000000
15	100.000000
16	100.000000
17	100.000000
18	100.000000
19	100.000000
20	100.000000
21	100.000000
22	100.000000
23	100.000000
24	100.000000
25	100.000000
26	100.000000
27	100.000000
28	100.000000
29	100.000000
30	100.000000
31	100.000000
32	100.000000
33	100.000000
34	100.000000
35	100.000000
36	100.000000
37	100.000000
38	100.000000
39	100.000000
40	100.000000
41	100.000000
42	100.000000
43	100.000000
44	100.000000
45	100.000000
46	100.000000
47	100.000000
48	100.000000
49	100.000000
50	100.000000
51	100.000000
52	100.000000
53	100.000000
54	100.000000
55	100.000000
56	100.000000
57	100.000000
58	100.000000
59	100.000000
60	100.000000
61	100.000000
62	100.000000
63	100.000000
64	100.000000
65	100.000000
66	100.000000
67	100.000000
68	100.000000
69	100.000000
70	100.000000
71	100.000000
72	100.000000
73	100.000000
74	100.000000
75	100.000000
76	100.000000
77	100.000000
78	100.000000
79	100.000000
80	100.000000
81	100.000000
82	100.000000
83	100.000000
84	100.000000
85	100.000000
86	100.000000
87	100.000000
88	100.000000
89	100.000000
90	100.000000
91	100.000000
92	100.000000
93	100.000000
94	100.000000
95	100.000000
96	100.000000
97	100.000000
98	100.000000
99	100.000000
100	100.000000
101	100.000000
102	100.000000
103	100.000000
104	100.000000
105	100.000000
106	100.000000
107	100.000000
108	100.000000
109	100.000000
110	100.000000
111	100.000000
112	100.000000
113	100.000000
114	100.000000
115	100.000000
116	100.000000
117	100.000000
118	100.000000
119	100.000000
120	100.000000
121	100.000000
122	100.000000
123	100.000000
124	100.000000
125	100.000000
126	100.000000
127	100.000000
128	100.000000
129	100.000000
130	100.000000
131	100.000000
132	100.000000
133	100.000000
134	100.000000
135	100.000000
136	100.000000
137	100.000000
138	100.000000
139	100.000000
140	100.000000
141	100.000000
142	100.000000
143	100.000000
144	100.000000
145	100.000000
146	100.000000
147	100.000000
148	100.000000
149	100.000000
150	100.000000
151	100.000000
152	100.000000
153	100.000000
154	100.000000
155	100.000000
156	100.000000
157	100.000000
158	100.000000
159	100.000000
160	100.000000
161	100.000000
162	100.000000
163	100.000000
164	100.000000
165	100.000000
166	100.000000
167	100.000000
168	100.000000
169	100.000000
170	100.000000
171	100.000000
172	100.000000
173	100.000000
174	100.000000
175	100.000000
176	100.000000
177	100.000000
178	100.000000
179	100.000000
180	100.000000
181	100.000000
182	100.000000
183	100.000000
184	100.000000
185	100.000000
186	100.000000
187	100.000000
188	100.000000
189	100.000000
190	100.000000
191	100.000000
192	100.000000
193	100.000000
194	100.000000
195	100.000000
196	100.000000
197	100.000000
198	100.000000
199	100.000000
200	100.000000
;

