# seed = 1254829604

param N := 500;

param M := 2;

param Umax := 100.000000;

param: C :=
1	1212419.000000
2	48681.000000
;

param: a :=
1	0.156001
2	0.187312
3	0.141138
4	0.184308
5	0.108648
6	0.149066
7	0.103755
8	0.158858
9	0.123399
10	0.146231
11	0.160619
12	0.193760
13	0.138016
14	0.139266
15	0.105562
16	0.103408
17	0.134422
18	0.189645
19	0.106743
20	0.133996
21	0.155935
22	0.185400
23	0.176853
24	0.188435
25	0.161578
26	0.120223
27	0.101496
28	0.119823
29	0.146248
30	0.197538
31	0.171451
32	0.178142
33	0.162718
34	0.193382
35	0.196928
36	0.154746
37	0.115866
38	0.196263
39	0.171976
40	0.137455
41	0.155199
42	0.130747
43	0.103547
44	0.124203
45	0.140054
46	0.104013
47	0.154403
48	0.146393
49	0.143382
50	0.194213
51	0.179439
52	0.180214
53	0.167161
54	0.152349
55	0.194402
56	0.178437
57	0.110494
58	0.167232
59	0.115518
60	0.129826
61	0.132538
62	0.165620
63	0.151041
64	0.184633
65	0.112540
66	0.119932
67	0.178710
68	0.149548
69	0.171067
70	0.131259
71	0.178367
72	0.127017
73	0.173840
74	0.144264
75	0.172875
76	0.116837
77	0.126775
78	0.146277
79	0.154727
80	0.198795
81	0.157429
82	0.110819
83	0.199680
84	0.100612
85	0.132129
86	0.194667
87	0.174000
88	0.100973
89	0.133231
90	0.177489
91	0.160581
92	0.142462
93	0.197731
94	0.172102
95	0.151192
96	0.113535
97	0.161251
98	0.177992
99	0.139323
100	0.114631
101	0.102774
102	0.144358
103	0.185051
104	0.147197
105	0.107190
106	0.136543
107	0.121158
108	0.163078
109	0.164364
110	0.103930
111	0.177088
112	0.154389
113	0.123855
114	0.173351
115	0.182578
116	0.196628
117	0.125819
118	0.112181
119	0.165757
120	0.136781
121	0.124332
122	0.114911
123	0.111786
124	0.190643
125	0.188050
126	0.143155
127	0.199719
128	0.146097
129	0.125945
130	0.142692
131	0.180564
132	0.110721
133	0.111205
134	0.103049
135	0.131071
136	0.107813
137	0.122534
138	0.105938
139	0.189484
140	0.139100
141	0.196381
142	0.111542
143	0.162302
144	0.162118
145	0.151170
146	0.130595
147	0.121411
148	0.127844
149	0.163746
150	0.157546
151	0.105824
152	0.146089
153	0.123807
154	0.152494
155	0.101494
156	0.162587
157	0.124969
158	0.144790
159	0.190783
160	0.188412
161	0.145736
162	0.152545
163	0.194330
164	0.199000
165	0.110882
166	0.168386
167	0.123197
168	0.182942
169	0.115942
170	0.100251
171	0.117644
172	0.161238
173	0.108264
174	0.150558
175	0.102069
176	0.145796
177	0.155864
178	0.179149
179	0.103789
180	0.141787
181	0.192724
182	0.142114
183	0.199479
184	0.133731
185	0.180118
186	0.138036
187	0.168051
188	0.124369
189	0.175427
190	0.148726
191	0.105922
192	0.108763
193	0.110799
194	0.154052
195	0.158592
196	0.140924
197	0.168231
198	0.126010
199	0.143656
200	0.168244
201	0.102100
202	0.108695
203	0.166070
204	0.144594
205	0.144221
206	0.152181
207	0.178930
208	0.134263
209	0.146449
210	0.167349
211	0.136447
212	0.180423
213	0.171790
214	0.107334
215	0.152280
216	0.153572
217	0.100582
218	0.178183
219	0.121085
220	0.172772
221	0.157176
222	0.195920
223	0.179678
224	0.118071
225	0.154994
226	0.188134
227	0.101089
228	0.148483
229	0.167884
230	0.127255
231	0.106029
232	0.165764
233	0.174781
234	0.198650
235	0.195403
236	0.159807
237	0.180606
238	0.185578
239	0.164890
240	0.161319
241	0.169247
242	0.134005
243	0.155032
244	0.170220
245	0.173189
246	0.109105
247	0.141492
248	0.157381
249	0.132559
250	0.135632
251	0.133200
252	0.165285
253	0.104091
254	0.104639
255	0.160843
256	0.121146
257	0.106671
258	0.106038
259	0.181156
260	0.108441
261	0.140649
262	0.173178
263	0.156581
264	0.187163
265	0.131608
266	0.102625
267	0.175946
268	0.158633
269	0.197179
270	0.140079
271	0.133043
272	0.108021
273	0.174330
274	0.104446
275	0.123862
276	0.123586
277	0.135263
278	0.123791
279	0.159311
280	0.187660
281	0.124238
282	0.100638
283	0.172652
284	0.111476
285	0.121701
286	0.124104
287	0.151407
288	0.185983
289	0.169263
290	0.112068
291	0.176642
292	0.163848
293	0.132051
294	0.174933
295	0.111233
296	0.156834
297	0.181257
298	0.156025
299	0.119194
300	0.154711
301	0.186270
302	0.173220
303	0.179241
304	0.127978
305	0.103192
306	0.143479
307	0.122202
308	0.168178
309	0.182789
310	0.153896
311	0.132164
312	0.142892
313	0.144051
314	0.153563
315	0.131475
316	0.102844
317	0.131505
318	0.168325
319	0.167041
320	0.126236
321	0.141536
322	0.125447
323	0.116942
324	0.148623
325	0.172367
326	0.190055
327	0.108481
328	0.142180
329	0.167977
330	0.112438
331	0.123227
332	0.132570
333	0.178673
334	0.160422
335	0.130189
336	0.177476
337	0.186900
338	0.176414
339	0.112065
340	0.174945
341	0.134578
342	0.186222
343	0.130973
344	0.182145
345	0.137136
346	0.137886
347	0.147424
348	0.194314
349	0.166483
350	0.180077
351	0.157486
352	0.179071
353	0.165930
354	0.136747
355	0.195924
356	0.164729
357	0.169943
358	0.190470
359	0.183767
360	0.170393
361	0.104128
362	0.123144
363	0.182964
364	0.193877
365	0.128633
366	0.195158
367	0.173926
368	0.147115
369	0.115861
370	0.151424
371	0.189233
372	0.138661
373	0.132777
374	0.116635
375	0.106153
376	0.120311
377	0.103209
378	0.153864
379	0.136575
380	0.132623
381	0.133403
382	0.156541
383	0.199576
384	0.147049
385	0.102637
386	0.128705
387	0.177829
388	0.166456
389	0.187742
390	0.160346
391	0.104050
392	0.109989
393	0.159787
394	0.197553
395	0.175716
396	0.118580
397	0.166667
398	0.164555
399	0.129470
400	0.121619
401	0.147191
402	0.145181
403	0.140586
404	0.193115
405	0.145096
406	0.168446
407	0.148542
408	0.134979
409	0.151163
410	0.144355
411	0.193305
412	0.197491
413	0.134470
414	0.171066
415	0.113155
416	0.114934
417	0.121161
418	0.138236
419	0.190146
420	0.139070
421	0.145829
422	0.105338
423	0.136608
424	0.146814
425	0.196151
426	0.175856
427	0.171452
428	0.123942
429	0.144228
430	0.133419
431	0.119780
432	0.176218
433	0.154703
434	0.168792
435	0.153286
436	0.102549
437	0.192446
438	0.149678
439	0.115707
440	0.181960
441	0.187258
442	0.174112
443	0.112977
444	0.133372
445	0.188499
446	0.148035
447	0.170803
448	0.185892
449	0.135303
450	0.193740
451	0.138234
452	0.126531
453	0.151374
454	0.151305
455	0.197921
456	0.141870
457	0.170537
458	0.180568
459	0.197156
460	0.101436
461	0.100318
462	0.149975
463	0.135961
464	0.155539
465	0.104108
466	0.148955
467	0.100394
468	0.193340
469	0.109569
470	0.118661
471	0.157944
472	0.160303
473	0.120492
474	0.117285
475	0.145520
476	0.155495
477	0.190859
478	0.130167
479	0.175884
480	0.129648
481	0.193069
482	0.148389
483	0.177085
484	0.111638
485	0.155506
486	0.128301
487	0.119356
488	0.101882
489	0.151690
490	0.112754
491	0.139576
492	0.189620
493	0.188498
494	0.182388
495	0.183884
496	0.187442
497	0.147983
498	0.125578
499	0.120169
500	0.102429
;

param: b :=
1	68.257310
2	75.103072
3	95.250884
4	7.236731
5	22.592850
6	13.424052
7	73.567469
8	61.103947
9	41.622706
10	63.214842
11	53.689223
12	82.476081
13	74.769061
14	41.749879
15	3.424264
16	42.939915
17	90.814770
18	39.651977
19	89.059789
20	19.619034
21	49.222512
22	43.200313
23	65.368406
24	8.168422
25	1.879461
26	81.008235
27	89.859686
28	89.964019
29	85.547680
30	98.894089
31	10.027936
32	39.946041
33	81.489633
34	56.432557
35	12.482766
36	80.744611
37	38.437117
38	89.917982
39	97.029415
40	29.088455
41	10.401086
42	60.619821
43	68.448809
44	39.032882
45	94.285489
46	28.911149
47	49.282655
48	92.956362
49	24.291610
50	33.627131
51	4.409352
52	53.825609
53	93.697162
54	66.338933
55	11.506408
56	2.602478
57	63.969629
58	40.929196
59	59.169004
60	65.058628
61	73.090903
62	22.349653
63	30.672367
64	89.639689
65	67.758401
66	16.286921
67	97.923983
68	89.020699
69	84.671811
70	26.549811
71	76.116965
72	39.116363
73	51.254777
74	91.454895
75	79.517426
76	44.005594
77	91.923547
78	0.341141
79	98.981385
80	1.416886
81	35.345653
82	84.024269
83	85.578678
84	29.655611
85	5.562751
86	55.064674
87	84.439489
88	74.203936
89	92.750105
90	23.347572
91	68.861656
92	9.025989
93	80.595409
94	51.585655
95	40.984470
96	47.266880
97	79.901157
98	83.460069
99	55.919229
100	31.900361
101	84.006608
102	53.714994
103	92.676935
104	15.904065
105	89.805621
106	92.471752
107	97.434080
108	46.153321
109	49.180333
110	64.496220
111	28.255225
112	43.642454
113	57.050395
114	96.225701
115	29.043434
116	56.764426
117	76.712366
118	84.992127
119	34.603244
120	74.845141
121	24.358283
122	30.495069
123	51.569401
124	30.051943
125	83.854826
126	2.766483
127	31.463549
128	83.198857
129	91.840093
130	23.419953
131	97.906857
132	99.122638
133	70.634782
134	26.207618
135	24.819792
136	34.281690
137	28.139550
138	58.627770
139	83.801709
140	30.250815
141	92.292183
142	2.295488
143	15.091998
144	10.285312
145	34.832128
146	90.448192
147	17.096374
148	86.897532
149	8.309684
150	3.874807
151	30.341512
152	3.103070
153	59.784591
154	95.612790
155	30.114324
156	53.587064
157	91.354251
158	55.112543
159	40.734443
160	84.191566
161	11.943109
162	58.253670
163	53.259855
164	2.220773
165	56.747897
166	52.565318
167	18.238627
168	56.416897
169	38.843955
170	50.079941
171	28.529704
172	45.912217
173	57.072747
174	66.163836
175	38.659009
176	40.288634
177	61.935668
178	89.894575
179	32.661272
180	90.999569
181	61.217600
182	88.041739
183	37.797392
184	65.093878
185	22.893953
186	2.748325
187	12.806479
188	62.541094
189	65.392037
190	3.427959
191	85.192494
192	66.110897
193	31.149236
194	58.281974
195	72.572762
196	89.589562
197	63.276871
198	22.420949
199	85.710556
200	96.707705
201	40.952539
202	32.610318
203	22.623527
204	71.935567
205	45.712991
206	29.133459
207	32.186850
208	54.050994
209	71.738537
210	44.284066
211	70.272941
212	21.186750
213	44.429287
214	58.500323
215	10.266470
216	50.695843
217	79.619171
218	73.058236
219	10.268937
220	11.879212
221	68.887599
222	46.655732
223	50.742791
224	4.880751
225	8.967312
226	10.753166
227	38.316612
228	82.972596
229	31.091322
230	55.401682
231	98.685433
232	47.792301
233	92.244622
234	19.512782
235	44.589588
236	6.534544
237	28.506606
238	98.621410
239	7.778532
240	30.789706
241	18.991564
242	31.071992
243	51.932809
244	89.520738
245	71.066850
246	16.529436
247	76.673151
248	27.582491
249	17.218215
250	84.835081
251	92.232794
252	72.602163
253	40.773594
254	20.580586
255	16.208631
256	47.317403
257	65.028518
258	34.034898
259	74.101147
260	42.496409
261	31.217004
262	61.780586
263	95.507267
264	21.212611
265	69.446773
266	14.139315
267	1.155821
268	91.478578
269	5.432761
270	42.979874
271	69.979112
272	0.993118
273	33.767779
274	48.693517
275	5.195891
276	39.763855
277	98.449815
278	44.002280
279	87.938484
280	26.412724
281	55.069145
282	50.802669
283	39.893712
284	44.557575
285	68.597918
286	44.952638
287	75.034984
288	91.669509
289	53.152536
290	95.398550
291	53.645879
292	46.849838
293	32.232345
294	49.262059
295	97.250711
296	59.495227
297	51.951934
298	18.388872
299	43.966389
300	66.808801
301	80.878019
302	26.018479
303	31.048224
304	80.351329
305	68.720852
306	89.350202
307	86.257426
308	87.468229
309	35.218713
310	64.047973
311	61.066435
312	11.876450
313	92.498906
314	52.101255
315	17.813551
316	53.679091
317	74.904102
318	56.692657
319	97.431788
320	18.726020
321	51.926884
322	87.677507
323	74.883475
324	57.886861
325	70.842329
326	18.092001
327	65.047304
328	5.492117
329	64.510749
330	21.921741
331	30.181576
332	21.982014
333	95.781968
334	11.324224
335	65.957401
336	66.380781
337	12.662478
338	16.035180
339	95.216895
340	83.027783
341	86.453580
342	35.458196
343	34.299942
344	61.764274
345	60.781910
346	11.199232
347	48.148961
348	80.611929
349	32.063696
350	86.184115
351	51.013560
352	68.896425
353	92.910088
354	14.161096
355	44.819067
356	38.311776
357	1.392945
358	44.696498
359	54.867854
360	51.130622
361	34.228327
362	16.173386
363	28.128547
364	76.636976
365	78.944458
366	82.118880
367	88.162504
368	71.355381
369	60.854574
370	71.211050
371	18.508392
372	4.832302
373	57.044643
374	34.544366
375	88.276024
376	15.246195
377	33.201344
378	87.202522
379	98.994482
380	30.239068
381	15.386758
382	27.002737
383	96.570862
384	77.069782
385	31.332063
386	62.625754
387	83.075793
388	25.300470
389	60.487020
390	38.964055
391	95.298009
392	75.036665
393	62.993098
394	13.489116
395	2.066293
396	51.294213
397	83.392005
398	41.709386
399	12.268408
400	34.808869
401	54.388274
402	0.657478
403	44.792910
404	44.394027
405	27.345191
406	56.581354
407	88.427843
408	44.922345
409	72.196309
410	7.669739
411	7.672892
412	70.895243
413	45.442776
414	59.091892
415	93.391629
416	25.351110
417	4.669324
418	51.542075
419	71.922811
420	61.771771
421	42.331734
422	23.661825
423	42.115278
424	70.444844
425	14.973775
426	29.105828
427	76.812575
428	74.182782
429	9.229434
430	30.736727
431	77.278419
432	75.455987
433	15.121934
434	79.259138
435	22.222009
436	23.957429
437	34.211882
438	39.202361
439	0.801007
440	67.750996
441	93.395681
442	50.916756
443	3.439922
444	45.017694
445	58.347989
446	68.453025
447	70.669527
448	12.882341
449	6.760650
450	68.235527
451	87.865525
452	78.185886
453	22.392276
454	39.224335
455	56.562145
456	18.977364
457	27.221880
458	66.292297
459	74.752896
460	80.728378
461	73.402110
462	81.956235
463	80.172723
464	22.738490
465	88.254203
466	45.817600
467	16.582069
468	8.918701
469	46.917332
470	63.273651
471	8.994800
472	27.769939
473	59.103315
474	8.533273
475	65.479152
476	62.908423
477	25.265408
478	93.787952
479	49.852766
480	53.786097
481	2.133556
482	14.971318
483	75.736000
484	84.041948
485	19.372391
486	96.754477
487	94.949508
488	42.920519
489	88.256670
490	70.886035
491	71.268656
492	31.132352
493	18.634710
494	45.881546
495	3.474970
496	0.171507
497	53.192240
498	71.349164
499	49.205874
500	30.518872
;

param: c :=
1	70.036682
2	41.626061
3	55.507967
4	98.810627
5	72.790710
6	77.253298
7	44.875197
8	40.759203
9	91.147482
10	26.787600
11	11.469118
12	61.398464
13	73.609829
14	9.665035
15	83.856979
16	45.546173
17	41.670563
18	6.700884
19	85.434755
20	13.701214
21	3.068462
22	88.871543
23	64.210530
24	50.911943
25	48.271649
26	1.851568
27	73.891626
28	72.852465
29	86.278391
30	12.239548
31	95.909766
32	38.048563
33	63.729925
34	76.017879
35	50.675033
36	21.835610
37	39.222846
38	98.106215
39	51.401483
40	90.071274
41	7.805761
42	74.351951
43	66.042646
44	70.142473
45	70.374035
46	59.080322
47	52.785457
48	15.776136
49	13.988065
50	6.094200
51	50.221655
52	24.776307
53	97.192291
54	48.862603
55	11.375291
56	54.557851
57	71.366860
58	67.608094
59	73.920202
60	45.454072
61	44.689779
62	84.083304
63	70.850092
64	32.317235
65	40.817019
66	45.527051
67	68.066870
68	64.186680
69	39.871415
70	96.719172
71	46.548883
72	78.864363
73	2.426575
74	63.675677
75	9.757706
76	47.984471
77	83.699249
78	50.224115
79	24.140273
80	32.343479
81	89.384594
82	92.097387
83	89.504176
84	59.243654
85	53.778051
86	64.132920
87	52.881254
88	35.650839
89	18.586339
90	5.784636
91	79.746367
92	80.195753
93	20.475593
94	18.184028
95	37.406194
96	87.067686
97	52.861042
98	3.286500
99	70.650799
100	58.117493
101	80.637833
102	1.051516
103	52.936006
104	17.134672
105	30.011168
106	81.504179
107	9.293278
108	91.328849
109	70.255889
110	2.996342
111	4.784857
112	98.567837
113	35.737032
114	4.999091
115	9.535465
116	10.839358
117	6.084813
118	27.454270
119	77.935376
120	63.976731
121	68.568311
122	33.956642
123	6.831520
124	67.164980
125	75.403924
126	60.194221
127	68.905003
128	95.825945
129	60.519064
130	39.763080
131	25.372384
132	66.658676
133	37.717872
134	22.121047
135	98.101572
136	81.016364
137	42.045443
138	83.229872
139	0.178237
140	90.119726
141	53.945301
142	18.163646
143	78.010827
144	21.626074
145	66.683334
146	92.285010
147	43.961849
148	13.874640
149	94.547605
150	22.942671
151	84.054867
152	72.137470
153	40.914612
154	22.037943
155	49.929926
156	75.745876
157	63.100559
158	66.964951
159	53.271206
160	4.116217
161	80.674295
162	61.571329
163	35.137877
164	17.395880
165	59.882523
166	72.637265
167	74.957986
168	72.158681
169	37.967992
170	98.495664
171	72.792546
172	45.248722
173	36.653011
174	17.361176
175	49.521370
176	39.819134
177	86.465546
178	85.374151
179	80.842832
180	82.046692
181	52.375281
182	41.543539
183	94.269332
184	56.348297
185	22.152823
186	54.335068
187	23.114212
188	43.093696
189	82.272094
190	16.430844
191	45.427330
192	48.902033
193	98.999748
194	14.116950
195	89.586668
196	45.697414
197	79.856169
198	57.462985
199	16.668081
200	77.905387
201	66.425868
202	71.405847
203	53.241665
204	58.702596
205	32.558033
206	85.076697
207	52.446885
208	56.483853
209	31.067257
210	89.599795
211	92.053795
212	60.295923
213	83.460434
214	43.835952
215	35.907876
216	54.240849
217	47.020283
218	69.811226
219	82.987006
220	93.006413
221	85.963505
222	2.930380
223	69.446802
224	16.436475
225	53.628356
226	25.391768
227	96.248681
228	78.055973
229	83.876523
230	62.670078
231	52.251497
232	47.419800
233	67.249772
234	62.269525
235	2.017703
236	37.321676
237	48.911215
238	35.956761
239	82.021851
240	98.320878
241	52.085279
242	4.805890
243	82.055707
244	83.411576
245	30.296919
246	33.996250
247	59.109306
248	79.010105
249	50.842248
250	10.681842
251	62.078860
252	63.972885
253	56.701206
254	61.933303
255	99.985344
256	15.658625
257	58.594186
258	1.127829
259	74.090146
260	57.881667
261	42.354464
262	90.219397
263	58.637393
264	98.291660
265	65.324279
266	49.800273
267	15.730581
268	3.570546
269	75.822478
270	41.820348
271	0.717537
272	89.816785
273	62.655965
274	43.546927
275	2.978250
276	3.992580
277	48.113867
278	97.810691
279	35.591732
280	26.692944
281	39.625085
282	94.517615
283	14.658819
284	19.876872
285	46.104182
286	16.977441
287	31.228790
288	53.054334
289	36.193591
290	18.476350
291	73.283551
292	55.891074
293	72.681373
294	14.933574
295	82.914761
296	76.571419
297	45.086161
298	21.548000
299	31.446928
300	56.507957
301	92.046885
302	87.800290
303	53.280299
304	3.977700
305	36.233389
306	27.405416
307	39.872788
308	81.460848
309	68.307626
310	39.896774
311	82.295286
312	85.055847
313	98.121121
314	94.215611
315	43.298109
316	17.931035
317	72.619679
318	55.177716
319	19.488879
320	33.456447
321	71.563909
322	5.388613
323	5.321938
324	45.376887
325	8.699821
326	54.730880
327	90.470756
328	37.558764
329	23.753598
330	11.959147
331	96.564990
332	40.129317
333	10.540779
334	81.319232
335	23.403865
336	61.177680
337	54.377073
338	66.571493
339	99.117878
340	75.685065
341	46.965984
342	6.777314
343	37.555971
344	33.800452
345	73.524875
346	66.415440
347	53.917037
348	41.589201
349	62.311474
350	79.177854
351	95.682968
352	98.467031
353	30.616166
354	67.912024
355	47.315675
356	35.041848
357	3.202535
358	1.300079
359	83.092651
360	88.876475
361	74.286062
362	30.775133
363	61.473440
364	38.450919
365	20.442195
366	44.458530
367	54.651977
368	55.780020
369	57.669571
370	23.658191
371	45.332681
372	12.353405
373	77.028855
374	76.611611
375	73.289405
376	36.821029
377	23.629497
378	47.708373
379	27.366284
380	20.967879
381	90.930601
382	94.455158
383	4.172894
384	32.315316
385	42.281690
386	75.174711
387	87.246636
388	16.770647
389	15.232941
390	60.762562
391	65.053456
392	87.927003
393	7.785541
394	57.053457
395	34.886892
396	32.945437
397	39.253274
398	4.760130
399	89.866294
400	72.791041
401	51.199259
402	96.630964
403	63.391717
404	18.222583
405	9.143962
406	99.409478
407	89.642365
408	71.163127
409	67.841333
410	96.429839
411	32.890244
412	99.216319
413	0.560015
414	90.106824
415	62.898281
416	15.615925
417	95.601116
418	78.013922
419	93.885183
420	55.127479
421	97.392191
422	48.679424
423	39.695080
424	47.708575
425	79.820057
426	67.451654
427	0.614048
428	9.202131
429	37.252362
430	11.883041
431	70.538183
432	96.420412
433	83.251684
434	58.149122
435	61.110358
436	36.881704
437	82.363284
438	9.268211
439	97.994014
440	35.376920
441	67.967128
442	7.891677
443	99.560233
444	5.626578
445	91.916980
446	25.057990
447	1.958182
448	69.954485
449	27.316072
450	47.118169
451	69.224184
452	42.811221
453	32.267096
454	74.044853
455	39.769092
456	59.660741
457	6.209756
458	35.558890
459	40.273741
460	67.309134
461	58.549832
462	17.616550
463	98.165852
464	86.226140
465	20.870559
466	98.406136
467	94.700817
468	38.624972
469	98.727211
470	11.826359
471	42.625599
472	99.193747
473	60.616500
474	26.965670
475	66.407157
476	36.487599
477	76.790418
478	31.849929
479	11.600759
480	73.579310
481	75.175458
482	9.289348
483	7.558112
484	3.008546
485	63.255026
486	9.659349
487	55.501432
488	69.397117
489	3.533524
490	26.174002
491	33.746455
492	35.129882
493	27.962233
494	56.086341
495	45.309921
496	33.608937
497	87.202829
498	87.155881
499	89.262929
500	39.086610
;

param: d :=
1	-7.911337
2	-65.207349
3	-22.071837
4	-74.338573
5	-5.714811
6	-82.433721
7	-26.207973
8	-99.515606
9	-21.092933
10	-54.958574
11	-66.589967
12	-28.986284
13	-17.108453
14	-19.974836
15	-3.290884
16	-69.804553
17	-54.108441
18	-48.956562
19	-19.646927
20	-56.339121
21	-60.207534
22	-69.054035
23	-81.476553
24	-4.863783
25	-52.987608
26	-66.075802
27	-95.435773
28	-91.305203
29	-89.541244
30	-51.549701
31	-80.276943
32	-20.006132
33	-63.390697
34	-33.765459
35	-16.793746
36	-33.014292
37	-88.224318
38	-65.688262
39	-64.293622
40	-86.526778
41	-94.126339
42	-47.417107
43	-57.230292
44	-77.690965
45	-8.544194
46	-5.915973
47	-37.790921
48	-79.255251
49	-90.575689
50	-35.644971
51	-50.187144
52	-60.706155
53	-80.053865
54	-31.875257
55	-91.610078
56	-15.469191
57	-39.284327
58	-7.991674
59	-87.289979
60	-21.310954
61	-56.086956
62	-79.821651
63	-77.592329
64	-47.759329
65	-13.539522
66	-34.613770
67	-76.599799
68	-66.369000
69	-58.082766
70	-36.423310
71	-80.815795
72	-27.455644
73	-58.092800
74	-91.549717
75	-87.253860
76	-86.443640
77	-26.676164
78	-74.858945
79	-42.846717
80	-37.529072
81	-32.812919
82	-41.196275
83	-16.621080
84	-49.163957
85	-43.730577
86	-72.989885
87	-36.615318
88	-6.929566
89	-77.264356
90	-63.267494
91	-85.640646
92	-93.404679
93	-49.387391
94	-92.246998
95	-30.221972
96	-80.680145
97	-59.002332
98	-41.812126
99	-40.201803
100	-67.185081
101	-59.820224
102	-68.574367
103	-62.088056
104	-49.516983
105	-22.159139
106	-5.339502
107	-98.204626
108	-35.870569
109	-82.700296
110	-78.934837
111	-92.900551
112	-64.107146
113	-66.852214
114	-35.320264
115	-47.166066
116	-0.375916
117	-69.396548
118	-89.251264
119	-98.505746
120	-58.219763
121	-66.132673
122	-74.249194
123	-82.128956
124	-81.902396
125	-34.014663
126	-92.868314
127	-31.712592
128	-19.946138
129	-67.223382
130	-90.143104
131	-44.032316
132	-29.084315
133	-19.889601
134	-1.125307
135	-8.410227
136	-52.424210
137	-52.093694
138	-27.403687
139	-72.797933
140	-38.778527
141	-5.517221
142	-7.441924
143	-95.652325
144	-54.652068
145	-48.652234
146	-79.284832
147	-24.644180
148	-53.992548
149	-58.243254
150	-20.828017
151	-27.492371
152	-61.625928
153	-32.231015
154	-33.631595
155	-3.958845
156	-14.470044
157	-90.976518
158	-83.072693
159	-68.302199
160	-89.550441
161	-4.333615
162	-71.708760
163	-42.569065
164	-34.035292
165	-35.846299
166	-27.497832
167	-96.128468
168	-55.486421
169	-48.919816
170	-82.352791
171	-22.473734
172	-66.124490
173	-16.778415
174	-77.283297
175	-59.962695
176	-55.708075
177	-71.343670
178	-75.602327
179	-59.558454
180	-40.851713
181	-57.754522
182	-18.066392
183	-14.055072
184	-80.894582
185	-39.038786
186	-79.917628
187	-79.573380
188	-34.087344
189	-30.303307
190	-94.925887
191	-71.924783
192	-36.902103
193	-66.087143
194	-2.854599
195	-59.136254
196	-42.645524
197	-86.341880
198	-25.088090
199	-57.344000
200	-17.639113
201	-8.313315
202	-45.607264
203	-54.074310
204	-97.943262
205	-39.110478
206	-69.913167
207	-54.644329
208	-94.330984
209	-0.309687
210	-73.948501
211	-30.994695
212	-34.500516
213	-75.762847
214	-36.182177
215	-16.653061
216	-56.828101
217	-7.364551
218	-61.521332
219	-95.454757
220	-83.392083
221	-6.916372
222	-49.838863
223	-73.301995
224	-12.117497
225	-62.018799
226	-18.859140
227	-12.947692
228	-48.586401
229	-62.669595
230	-56.308762
231	-40.342146
232	-8.844181
233	-28.970437
234	-23.294015
235	-20.720218
236	-77.522891
237	-67.142643
238	-67.002350
239	-67.860306
240	-76.411694
241	-28.735038
242	-28.673052
243	-96.057112
244	-93.823071
245	-44.789345
246	-92.574108
247	-6.422781
248	-37.813457
249	-85.385087
250	-80.956011
251	-36.502852
252	-0.718346
253	-36.800066
254	-16.350576
255	-88.315010
256	-68.171711
257	-31.250505
258	-29.989480
259	-62.142910
260	-29.625739
261	-59.365861
262	-11.163367
263	-84.825024
264	-11.709111
265	-94.301642
266	-39.492974
267	-81.699430
268	-51.148028
269	-44.183186
270	-61.629100
271	-1.632242
272	-42.178327
273	-9.939057
274	-91.983530
275	-0.315385
276	-34.593665
277	-64.019120
278	-86.391878
279	-78.033201
280	-68.792992
281	-72.783318
282	-95.369631
283	-79.233762
284	-90.712917
285	-42.707443
286	-49.203448
287	-8.968280
288	-19.499834
289	-16.077842
290	-68.054945
291	-77.253771
292	-19.174290
293	-36.720491
294	-72.012627
295	-52.572956
296	-24.690114
297	-45.459397
298	-88.084329
299	-8.124237
300	-30.355434
301	-30.815057
302	-50.208828
303	-75.673268
304	-50.473538
305	-65.360790
306	-0.012756
307	-85.751525
308	-44.021859
309	-63.930489
310	-42.125847
311	-31.602837
312	-29.702684
313	-16.076596
314	-64.975662
315	-0.217362
316	-57.259672
317	-86.199244
318	-46.618828
319	-34.837469
320	-79.548128
321	-15.166047
322	-56.621995
323	-10.438463
324	-96.199081
325	-8.144260
326	-76.488540
327	-19.954853
328	-52.431108
329	-26.701462
330	-42.185284
331	-68.072999
332	-12.699270
333	-30.856054
334	-2.019199
335	-46.057047
336	-10.564702
337	-16.534670
338	-83.456294
339	-77.394253
340	-43.735775
341	-42.017955
342	-52.600398
343	-14.650115
344	-51.283057
345	-63.745761
346	-86.429220
347	-5.609993
348	-98.909116
349	-95.961335
350	-86.122802
351	-68.989291
352	-54.513935
353	-80.152474
354	-21.663627
355	-41.764970
356	-56.092890
357	-34.374127
358	-11.062635
359	-85.616550
360	-61.695229
361	-48.555870
362	-41.814358
363	-13.833358
364	-4.822827
365	-88.273867
366	-15.965951
367	-51.788414
368	-22.109534
369	-22.666044
370	-10.125090
371	-90.325273
372	-16.880881
373	-12.570968
374	-27.584491
375	-36.177796
376	-56.031188
377	-51.458067
378	-33.782573
379	-86.396421
380	-90.765876
381	-93.307884
382	-6.638390
383	-76.794240
384	-5.242661
385	-69.996760
386	-50.326917
387	-31.240111
388	-39.089243
389	-8.084910
390	-7.338948
391	-53.668539
392	-14.836190
393	-52.966483
394	-85.675903
395	-9.051523
396	-20.657766
397	-68.279713
398	-47.518473
399	-62.744582
400	-21.327262
401	-17.922194
402	-21.873921
403	-20.160497
404	-2.124686
405	-65.037927
406	-58.763071
407	-0.258297
408	-68.389920
409	-85.445444
410	-37.422887
411	-97.550645
412	-3.099668
413	-75.887224
414	-57.771210
415	-19.003420
416	-88.636068
417	-45.948779
418	-62.547599
419	-9.293892
420	-70.823513
421	-91.272268
422	-79.045699
423	-67.791237
424	-75.172319
425	-9.963835
426	-69.016877
427	-31.155594
428	-27.378214
429	-16.077032
430	-18.872563
431	-0.399657
432	-56.330281
433	-44.683225
434	-22.005878
435	-9.461433
436	-85.568405
437	-37.015705
438	-53.901720
439	-1.040995
440	-59.890524
441	-51.631798
442	-89.006191
443	-4.660174
444	-57.359332
445	-13.507329
446	-16.588317
447	-61.229764
448	-6.215893
449	-65.136931
450	-0.633133
451	-69.848876
452	-48.410832
453	-46.668096
454	-78.740691
455	-74.762925
456	-11.012263
457	-60.238880
458	-76.620826
459	-70.576446
460	-24.518893
461	-59.913332
462	-90.364213
463	-57.829463
464	-8.902255
465	-55.618653
466	-83.735508
467	-41.056346
468	-89.043449
469	-92.265204
470	-95.112805
471	-21.185419
472	-41.290508
473	-84.806729
474	-44.089792
475	-55.752631
476	-32.678614
477	-66.515405
478	-70.639688
479	-63.499139
480	-43.386602
481	-40.523709
482	-15.122995
483	-46.124616
484	-56.511970
485	-32.893251
486	-98.119627
487	-5.468887
488	-88.828295
489	-40.752067
490	-84.237335
491	-97.168711
492	-0.720945
493	-56.000811
494	-48.214851
495	-12.582612
496	-86.384023
497	-18.270542
498	-39.291884
499	-51.869161
500	-41.484908
;

param: weight :=
1	14.000000
2	82.000000
3	55.000000
4	34.000000
5	82.000000
6	76.000000
7	65.000000
8	95.000000
9	20.000000
10	88.000000
11	48.000000
12	1.000000
13	49.000000
14	42.000000
15	82.000000
16	88.000000
17	24.000000
18	11.000000
19	72.000000
20	99.000000
21	46.000000
22	73.000000
23	12.000000
24	59.000000
25	82.000000
26	25.000000
27	30.000000
28	21.000000
29	5.000000
30	94.000000
31	57.000000
32	74.000000
33	86.000000
34	65.000000
35	23.000000
36	29.000000
37	58.000000
38	70.000000
39	34.000000
40	95.000000
41	93.000000
42	28.000000
43	80.000000
44	73.000000
45	30.000000
46	42.000000
47	55.000000
48	46.000000
49	67.000000
50	56.000000
51	95.000000
52	48.000000
53	56.000000
54	87.000000
55	21.000000
56	67.000000
57	14.000000
58	80.000000
59	79.000000
60	33.000000
61	81.000000
62	7.000000
63	91.000000
64	81.000000
65	80.000000
66	95.000000
67	42.000000
68	10.000000
69	8.000000
70	79.000000
71	62.000000
72	5.000000
73	74.000000
74	25.000000
75	22.000000
76	8.000000
77	11.000000
78	73.000000
79	41.000000
80	10.000000
81	48.000000
82	97.000000
83	59.000000
84	55.000000
85	63.000000
86	18.000000
87	52.000000
88	33.000000
89	76.000000
90	74.000000
91	25.000000
92	36.000000
93	44.000000
94	45.000000
95	64.000000
96	84.000000
97	94.000000
98	90.000000
99	7.000000
100	40.000000
101	54.000000
102	73.000000
103	34.000000
104	74.000000
105	50.000000
106	26.000000
107	38.000000
108	77.000000
109	87.000000
110	15.000000
111	7.000000
112	38.000000
113	59.000000
114	60.000000
115	46.000000
116	78.000000
117	83.000000
118	21.000000
119	68.000000
120	40.000000
121	77.000000
122	30.000000
123	82.000000
124	41.000000
125	85.000000
126	45.000000
127	65.000000
128	9.000000
129	10.000000
130	42.000000
131	64.000000
132	7.000000
133	39.000000
134	7.000000
135	58.000000
136	44.000000
137	84.000000
138	30.000000
139	64.000000
140	29.000000
141	84.000000
142	50.000000
143	63.000000
144	83.000000
145	62.000000
146	52.000000
147	12.000000
148	79.000000
149	13.000000
150	49.000000
151	81.000000
152	24.000000
153	35.000000
154	42.000000
155	72.000000
156	33.000000
157	64.000000
158	93.000000
159	9.000000
160	51.000000
161	8.000000
162	44.000000
163	62.000000
164	19.000000
165	88.000000
166	63.000000
167	14.000000
168	84.000000
169	96.000000
170	16.000000
171	92.000000
172	19.000000
173	61.000000
174	11.000000
175	89.000000
176	58.000000
177	40.000000
178	24.000000
179	16.000000
180	14.000000
181	2.000000
182	33.000000
183	66.000000
184	89.000000
185	63.000000
186	62.000000
187	55.000000
188	45.000000
189	51.000000
190	23.000000
191	46.000000
192	86.000000
193	52.000000
194	24.000000
195	42.000000
196	94.000000
197	91.000000
198	85.000000
199	20.000000
200	93.000000
201	81.000000
202	90.000000
203	36.000000
204	47.000000
205	88.000000
206	12.000000
207	24.000000
208	9.000000
209	18.000000
210	46.000000
211	31.000000
212	51.000000
213	89.000000
214	64.000000
215	10.000000
216	76.000000
217	49.000000
218	39.000000
219	35.000000
220	75.000000
221	52.000000
222	89.000000
223	43.000000
224	43.000000
225	14.000000
226	28.000000
227	32.000000
228	33.000000
229	58.000000
230	43.000000
231	37.000000
232	29.000000
233	79.000000
234	71.000000
235	82.000000
236	50.000000
237	88.000000
238	89.000000
239	79.000000
240	8.000000
241	98.000000
242	54.000000
243	84.000000
244	23.000000
245	4.000000
246	40.000000
247	48.000000
248	98.000000
249	21.000000
250	91.000000
251	47.000000
252	80.000000
253	35.000000
254	82.000000
255	31.000000
256	66.000000
257	29.000000
258	33.000000
259	37.000000
260	26.000000
261	43.000000
262	93.000000
263	64.000000
264	91.000000
265	8.000000
266	84.000000
267	42.000000
268	80.000000
269	21.000000
270	31.000000
271	75.000000
272	61.000000
273	52.000000
274	97.000000
275	61.000000
276	78.000000
277	96.000000
278	2.000000
279	78.000000
280	35.000000
281	55.000000
282	17.000000
283	76.000000
284	58.000000
285	90.000000
286	76.000000
287	3.000000
288	96.000000
289	74.000000
290	5.000000
291	11.000000
292	97.000000
293	24.000000
294	30.000000
295	81.000000
296	91.000000
297	74.000000
298	99.000000
299	8.000000
300	94.000000
301	29.000000
302	2.000000
303	85.000000
304	92.000000
305	60.000000
306	59.000000
307	55.000000
308	37.000000
309	59.000000
310	14.000000
311	95.000000
312	12.000000
313	7.000000
314	8.000000
315	54.000000
316	12.000000
317	43.000000
318	27.000000
319	81.000000
320	54.000000
321	52.000000
322	31.000000
323	88.000000
324	12.000000
325	36.000000
326	39.000000
327	50.000000
328	49.000000
329	54.000000
330	26.000000
331	22.000000
332	46.000000
333	76.000000
334	59.000000
335	39.000000
336	24.000000
337	45.000000
338	4.000000
339	64.000000
340	81.000000
341	40.000000
342	25.000000
343	18.000000
344	78.000000
345	83.000000
346	67.000000
347	7.000000
348	28.000000
349	18.000000
350	35.000000
351	87.000000
352	82.000000
353	87.000000
354	16.000000
355	49.000000
356	52.000000
357	33.000000
358	90.000000
359	74.000000
360	30.000000
361	92.000000
362	60.000000
363	93.000000
364	65.000000
365	93.000000
366	21.000000
367	40.000000
368	30.000000
369	47.000000
370	66.000000
371	30.000000
372	88.000000
373	6.000000
374	13.000000
375	65.000000
376	6.000000
377	43.000000
378	70.000000
379	86.000000
380	3.000000
381	79.000000
382	71.000000
383	45.000000
384	43.000000
385	45.000000
386	72.000000
387	89.000000
388	19.000000
389	83.000000
390	34.000000
391	26.000000
392	25.000000
393	32.000000
394	74.000000
395	94.000000
396	44.000000
397	30.000000
398	27.000000
399	59.000000
400	49.000000
401	45.000000
402	80.000000
403	76.000000
404	96.000000
405	64.000000
406	35.000000
407	70.000000
408	23.000000
409	52.000000
410	6.000000
411	43.000000
412	13.000000
413	45.000000
414	90.000000
415	8.000000
416	88.000000
417	8.000000
418	48.000000
419	96.000000
420	4.000000
421	24.000000
422	35.000000
423	96.000000
424	8.000000
425	6.000000
426	58.000000
427	85.000000
428	95.000000
429	42.000000
430	56.000000
431	67.000000
432	7.000000
433	84.000000
434	52.000000
435	7.000000
436	6.000000
437	34.000000
438	83.000000
439	56.000000
440	46.000000
441	84.000000
442	65.000000
443	66.000000
444	91.000000
445	57.000000
446	9.000000
447	19.000000
448	24.000000
449	3.000000
450	11.000000
451	74.000000
452	61.000000
453	61.000000
454	33.000000
455	91.000000
456	19.000000
457	57.000000
458	18.000000
459	28.000000
460	2.000000
461	98.000000
462	71.000000
463	20.000000
464	46.000000
465	18.000000
466	22.000000
467	57.000000
468	19.000000
469	89.000000
470	54.000000
471	53.000000
472	44.000000
473	18.000000
474	20.000000
475	73.000000
476	68.000000
477	5.000000
478	52.000000
479	65.000000
480	10.000000
481	46.000000
482	82.000000
483	10.000000
484	14.000000
485	56.000000
486	53.000000
487	54.000000
488	28.000000
489	42.000000
490	15.000000
491	38.000000
492	33.000000
493	14.000000
494	57.000000
495	63.000000
496	16.000000
497	56.000000
498	70.000000
499	93.000000
500	82.000000
;

param: U :=
1	100.000000
2	100.000000
3	100.000000
4	100.000000
5	100.000000
6	100.000000
7	100.000000
8	100.000000
9	100.000000
10	100.000000
11	100.000000
12	100.000000
13	100.000000
14	100.000000
15	100.000000
16	100.000000
17	100.000000
18	100.000000
19	100.000000
20	100.000000
21	100.000000
22	100.000000
23	100.000000
24	100.000000
25	100.000000
26	100.000000
27	100.000000
28	100.000000
29	100.000000
30	100.000000
31	100.000000
32	100.000000
33	100.000000
34	100.000000
35	100.000000
36	100.000000
37	100.000000
38	100.000000
39	100.000000
40	100.000000
41	100.000000
42	100.000000
43	100.000000
44	100.000000
45	100.000000
46	100.000000
47	100.000000
48	100.000000
49	100.000000
50	100.000000
51	100.000000
52	100.000000
53	100.000000
54	100.000000
55	100.000000
56	100.000000
57	100.000000
58	100.000000
59	100.000000
60	100.000000
61	100.000000
62	100.000000
63	100.000000
64	100.000000
65	100.000000
66	100.000000
67	100.000000
68	100.000000
69	100.000000
70	100.000000
71	100.000000
72	100.000000
73	100.000000
74	100.000000
75	100.000000
76	100.000000
77	100.000000
78	100.000000
79	100.000000
80	100.000000
81	100.000000
82	100.000000
83	100.000000
84	100.000000
85	100.000000
86	100.000000
87	100.000000
88	100.000000
89	100.000000
90	100.000000
91	100.000000
92	100.000000
93	100.000000
94	100.000000
95	100.000000
96	100.000000
97	100.000000
98	100.000000
99	100.000000
100	100.000000
101	100.000000
102	100.000000
103	100.000000
104	100.000000
105	100.000000
106	100.000000
107	100.000000
108	100.000000
109	100.000000
110	100.000000
111	100.000000
112	100.000000
113	100.000000
114	100.000000
115	100.000000
116	100.000000
117	100.000000
118	100.000000
119	100.000000
120	100.000000
121	100.000000
122	100.000000
123	100.000000
124	100.000000
125	100.000000
126	100.000000
127	100.000000
128	100.000000
129	100.000000
130	100.000000
131	100.000000
132	100.000000
133	100.000000
134	100.000000
135	100.000000
136	100.000000
137	100.000000
138	100.000000
139	100.000000
140	100.000000
141	100.000000
142	100.000000
143	100.000000
144	100.000000
145	100.000000
146	100.000000
147	100.000000
148	100.000000
149	100.000000
150	100.000000
151	100.000000
152	100.000000
153	100.000000
154	100.000000
155	100.000000
156	100.000000
157	100.000000
158	100.000000
159	100.000000
160	100.000000
161	100.000000
162	100.000000
163	100.000000
164	100.000000
165	100.000000
166	100.000000
167	100.000000
168	100.000000
169	100.000000
170	100.000000
171	100.000000
172	100.000000
173	100.000000
174	100.000000
175	100.000000
176	100.000000
177	100.000000
178	100.000000
179	100.000000
180	100.000000
181	100.000000
182	100.000000
183	100.000000
184	100.000000
185	100.000000
186	100.000000
187	100.000000
188	100.000000
189	100.000000
190	100.000000
191	100.000000
192	100.000000
193	100.000000
194	100.000000
195	100.000000
196	100.000000
197	100.000000
198	100.000000
199	100.000000
200	100.000000
201	100.000000
202	100.000000
203	100.000000
204	100.000000
205	100.000000
206	100.000000
207	100.000000
208	100.000000
209	100.000000
210	100.000000
211	100.000000
212	100.000000
213	100.000000
214	100.000000
215	100.000000
216	100.000000
217	100.000000
218	100.000000
219	100.000000
220	100.000000
221	100.000000
222	100.000000
223	100.000000
224	100.000000
225	100.000000
226	100.000000
227	100.000000
228	100.000000
229	100.000000
230	100.000000
231	100.000000
232	100.000000
233	100.000000
234	100.000000
235	100.000000
236	100.000000
237	100.000000
238	100.000000
239	100.000000
240	100.000000
241	100.000000
242	100.000000
243	100.000000
244	100.000000
245	100.000000
246	100.000000
247	100.000000
248	100.000000
249	100.000000
250	100.000000
251	100.000000
252	100.000000
253	100.000000
254	100.000000
255	100.000000
256	100.000000
257	100.000000
258	100.000000
259	100.000000
260	100.000000
261	100.000000
262	100.000000
263	100.000000
264	100.000000
265	100.000000
266	100.000000
267	100.000000
268	100.000000
269	100.000000
270	100.000000
271	100.000000
272	100.000000
273	100.000000
274	100.000000
275	100.000000
276	100.000000
277	100.000000
278	100.000000
279	100.000000
280	100.000000
281	100.000000
282	100.000000
283	100.000000
284	100.000000
285	100.000000
286	100.000000
287	100.000000
288	100.000000
289	100.000000
290	100.000000
291	100.000000
292	100.000000
293	100.000000
294	100.000000
295	100.000000
296	100.000000
297	100.000000
298	100.000000
299	100.000000
300	100.000000
301	100.000000
302	100.000000
303	100.000000
304	100.000000
305	100.000000
306	100.000000
307	100.000000
308	100.000000
309	100.000000
310	100.000000
311	100.000000
312	100.000000
313	100.000000
314	100.000000
315	100.000000
316	100.000000
317	100.000000
318	100.000000
319	100.000000
320	100.000000
321	100.000000
322	100.000000
323	100.000000
324	100.000000
325	100.000000
326	100.000000
327	100.000000
328	100.000000
329	100.000000
330	100.000000
331	100.000000
332	100.000000
333	100.000000
334	100.000000
335	100.000000
336	100.000000
337	100.000000
338	100.000000
339	100.000000
340	100.000000
341	100.000000
342	100.000000
343	100.000000
344	100.000000
345	100.000000
346	100.000000
347	100.000000
348	100.000000
349	100.000000
350	100.000000
351	100.000000
352	100.000000
353	100.000000
354	100.000000
355	100.000000
356	100.000000
357	100.000000
358	100.000000
359	100.000000
360	100.000000
361	100.000000
362	100.000000
363	100.000000
364	100.000000
365	100.000000
366	100.000000
367	100.000000
368	100.000000
369	100.000000
370	100.000000
371	100.000000
372	100.000000
373	100.000000
374	100.000000
375	100.000000
376	100.000000
377	100.000000
378	100.000000
379	100.000000
380	100.000000
381	100.000000
382	100.000000
383	100.000000
384	100.000000
385	100.000000
386	100.000000
387	100.000000
388	100.000000
389	100.000000
390	100.000000
391	100.000000
392	100.000000
393	100.000000
394	100.000000
395	100.000000
396	100.000000
397	100.000000
398	100.000000
399	100.000000
400	100.000000
401	100.000000
402	100.000000
403	100.000000
404	100.000000
405	100.000000
406	100.000000
407	100.000000
408	100.000000
409	100.000000
410	100.000000
411	100.000000
412	100.000000
413	100.000000
414	100.000000
415	100.000000
416	100.000000
417	100.000000
418	100.000000
419	100.000000
420	100.000000
421	100.000000
422	100.000000
423	100.000000
424	100.000000
425	100.000000
426	100.000000
427	100.000000
428	100.000000
429	100.000000
430	100.000000
431	100.000000
432	100.000000
433	100.000000
434	100.000000
435	100.000000
436	100.000000
437	100.000000
438	100.000000
439	100.000000
440	100.000000
441	100.000000
442	100.000000
443	100.000000
444	100.000000
445	100.000000
446	100.000000
447	100.000000
448	100.000000
449	100.000000
450	100.000000
451	100.000000
452	100.000000
453	100.000000
454	100.000000
455	100.000000
456	100.000000
457	100.000000
458	100.000000
459	100.000000
460	100.000000
461	100.000000
462	100.000000
463	100.000000
464	100.000000
465	100.000000
466	100.000000
467	100.000000
468	100.000000
469	100.000000
470	100.000000
471	100.000000
472	100.000000
473	100.000000
474	100.000000
475	100.000000
476	100.000000
477	100.000000
478	100.000000
479	100.000000
480	100.000000
481	100.000000
482	100.000000
483	100.000000
484	100.000000
485	100.000000
486	100.000000
487	100.000000
488	100.000000
489	100.000000
490	100.000000
491	100.000000
492	100.000000
493	100.000000
494	100.000000
495	100.000000
496	100.000000
497	100.000000
498	100.000000
499	100.000000
500	100.000000
;

